Position	IP	CondAna_Present	CondAna_IP	CondAna_Control	CondAna_Fold	CondAna_Expectd	CondAna_Q_-lg10	CondAna_P_-lg10	CondAna_P_poiss	CondAna_IPvsEMP	CondAna_Noise	CondEth_Present	CondEth_IP	CondEth_Control	CondEth_Fold	CondEth_Expectd	CondEth_Q_-lg10	CondEth_P_-lg10	CondEth_P_poiss	CondEth_IPvsEMP	CondEth_Noise	CondGlu_Present	CondGlu_IP	CondGlu_Control	CondGlu_Fold	CondGlu_Expectd	CondGlu_Q_-lg10	CondGlu_P_-lg10	CondGlu_P_poiss	CondGlu_IPvsEMP	CondGlu_Noise	CondNit_Present	CondNit_IP	CondNit_Control	CondNit_Fold	CondNit_Expectd	CondNit_Q_-lg10	CondNit_P_-lg10	CondNit_P_poiss	CondNit_IPvsEMP	CondNit_Noise	KmerGroup	MotifId	KG_score	Strand
1:34678	  130.0	0	    0.0	NaN	NaN	    2.8	  -0.02	NaN	  -0.00	  -4.00	   0.00	1	   44.0	NaN	NaN	    5.5	  23.02	NaN	  24.35	  -0.95	   0.00	1	   85.0	NaN	NaN	    3.8	  79.04	NaN	  80.59	  -0.84	   0.00	0	    1.0	NaN	NaN	    2.7	  -0.05	NaN	   0.03	  -4.00	   0.00	AAAATG_10/4	0	1.55	+
1:173252	   22.2	0	    1.3	NaN	NaN	    2.8	  -0.03	NaN	   0.11	  -0.55	   0.00	0	    7.0	NaN	NaN	    3.0	   0.81	NaN	   1.45	  -0.43	   0.00	1	   11.9	NaN	NaN	    3.6	   2.46	NaN	   3.47	  -0.72	   0.00	0	    2.0	NaN	NaN	    2.3	  -0.02	NaN	   0.17	  -0.49	   0.00	AAANAANG_11/1	0	2.18	+
1:173361	   58.8	0	    0.7	NaN	NaN	    2.8	  -0.05	NaN	   0.03	  -4.00	   0.00	1	   32.0	NaN	NaN	    3.0	  21.03	NaN	  22.34	  -0.98	   0.00	1	   26.1	NaN	NaN	    3.6	  13.42	NaN	  14.61	  -1.11	   0.00	0	    0.0	NaN	NaN	    2.3	  -0.05	NaN	   0.04	  -4.00	   0.00	CAGCGT_3/0	0	1.35	+
1:205698	   30.4	0	    8.2	NaN	NaN	    3.0	   0.96	NaN	   2.39	  -0.71	   0.00	0	    4.0	NaN	NaN	    3.6	   0.14	NaN	   0.32	  -0.53	   0.00	1	   12.7	NaN	NaN	    4.2	   2.39	NaN	   3.38	  -0.90	   0.00	0	    5.6	NaN	NaN	    3.0	   0.33	NaN	   1.06	  -1.24	   0.00	TGAAATG_12/5	0	1.61	+
10:248918	   54.3	0	    6.5	NaN	NaN	    3.1	   0.46	NaN	   1.43	  -0.59	   0.00	1	   22.8	NaN	NaN	    4.9	   7.45	NaN	   8.54	  -0.79	   0.00	1	   24.0	NaN	NaN	    3.8	  10.26	NaN	  11.40	  -0.67	   0.00	0	    1.0	NaN	NaN	    3.7	  -0.03	NaN	   0.01	  -4.00	   0.00	AAAATGG_15/6	0	1.77	+
10:386679	   24.6	0	    1.4	NaN	NaN	    3.5	  -0.03	NaN	   0.06	  -1.47	   0.00	1	   16.8	NaN	NaN	    3.6	   5.58	NaN	   6.60	  -0.73	   0.00	0	    6.4	NaN	NaN	    6.1	   0.18	NaN	   0.39	  -0.73	   0.00	0	    0.0	NaN	NaN	    3.8	  -0.03	NaN	   0.01	  -0.62	   0.00	TGAATGG_14/1	0	2.60	+
10:604097	  106.6	0	    0.8	NaN	NaN	    3.6	  -0.04	NaN	   0.01	  -0.67	   0.00	1	   37.1	NaN	NaN	    7.9	  12.67	NaN	  13.87	  -0.86	   0.00	1	   67.7	NaN	NaN	    5.4	  47.75	NaN	  49.18	  -0.84	   0.00	0	    1.0	NaN	NaN	    2.9	  -0.04	NaN	   0.10	  -0.81	   0.00	AAAAGAG_15/8	0	1.53	+
10:604152	  247.4	0	    4.2	NaN	NaN	    3.6	   0.12	NaN	   0.53	  -0.70	   0.00	1	   82.9	NaN	NaN	    7.6	  53.29	NaN	  54.80	  -0.81	   0.00	1	  156.3	NaN	NaN	    5.4	 164.34	NaN	 166.01	  -0.83	   0.00	0	    4.0	NaN	NaN	    2.9	   0.11	NaN	   0.47	  -0.34	   0.00	TGAATGG_14/1	0	2.60	+
10:700350	   29.0	0	    3.0	NaN	NaN	    3.1	   0.02	NaN	   0.23	  -0.95	   0.00	1	   15.0	NaN	NaN	    4.1	   3.60	NaN	   4.56	  -0.69	   0.00	0	   11.0	NaN	NaN	    3.8	   1.83	NaN	   2.75	  -0.50	   0.00	0	    0.0	NaN	NaN	    4.0	  -0.01	NaN	  -0.00	  -4.00	   0.00	AAGAATGGT_21/0	0	4.17	+
11:27466	   44.0	0	    2.0	NaN	NaN	    3.1	  -0.03	NaN	   0.09	  -0.82	   0.00	1	   23.0	NaN	NaN	    3.8	   9.44	NaN	  10.60	  -0.72	   0.00	1	   15.0	NaN	NaN	    5.1	   2.58	NaN	   3.60	  -0.84	   0.00	0	    4.0	NaN	NaN	    2.9	   0.09	NaN	   0.49	  -0.45	   0.00	GAATGG_12/0	0	2.58	+
11:45123	   22.0	0	    1.0	NaN	NaN	    3.3	  -0.04	NaN	   0.02	  -4.00	   0.00	0	    6.0	NaN	NaN	    3.3	   0.46	NaN	   0.93	  -0.37	   0.00	1	   12.0	NaN	NaN	    4.0	   2.10	NaN	   3.07	  -0.35	   0.00	0	    3.0	NaN	NaN	    3.1	  -0.00	NaN	   0.22	  -0.76	   0.00	AAAATG_10/4	0	1.55	+
11:368310	   20.6	0	    5.0	NaN	NaN	    4.6	   0.04	NaN	   0.31	  -0.58	   0.00	0	    1.4	NaN	NaN	    3.3	   0.02	NaN	   0.07	  -0.53	   0.00	1	   11.2	NaN	NaN	    4.0	   2.11	NaN	   3.07	  -0.98	   0.00	0	    3.1	NaN	NaN	    3.5	   0.03	NaN	   0.33	  -1.45	   0.00	AAAAGAG_15/8	0	1.53	+
11:557630	   31.0	0	    0.0	NaN	NaN	    3.1	  -0.01	NaN	  -0.00	  -4.00	   0.00	1	   18.0	NaN	NaN	    3.3	   6.76	NaN	   7.82	  -0.82	   0.00	0	   10.0	NaN	NaN	    4.0	   1.33	NaN	   2.12	  -0.61	   0.00	0	    3.0	NaN	NaN	    2.8	   0.02	NaN	   0.28	  -0.86	   0.00	TGAATGG_14/1	0	2.60	+
11:636354	  291.4	0	    0.0	NaN	NaN	    3.6	  -0.04	NaN	   0.01	  -0.94	   0.00	1	  129.2	NaN	NaN	    3.3	 151.60	NaN	 153.76	  -0.86	   0.00	1	  154.5	NaN	NaN	    4.4	 173.53	NaN	 175.32	  -0.73	   0.00	0	    7.7	NaN	NaN	    2.8	   0.78	NaN	   2.11	  -0.69	   0.00	TGAATGG_14/1	0	2.60	+
11:636391	  306.2	1	   25.9	NaN	NaN	    3.6	  10.88	NaN	  13.52	  -0.91	   0.00	1	   85.4	NaN	NaN	    3.3	  85.44	NaN	  87.17	  -0.87	   0.00	1	  194.8	NaN	NaN	    4.4	 237.14	NaN	 239.17	  -0.73	   0.00	0	    0.0	NaN	NaN	    2.8	  -0.04	NaN	   0.03	  -0.91	   0.00	AAAAAAAGA_15/6	0	1.77	+
12:93430	   92.6	0	    3.2	NaN	NaN	    3.1	   0.08	NaN	   0.42	  -1.02	   0.00	1	   32.7	NaN	NaN	    3.2	  20.35	NaN	  21.62	  -0.59	   0.00	1	   56.7	NaN	NaN	    4.9	  37.94	NaN	  39.32	  -0.73	   0.00	0	    0.0	NaN	NaN	    3.6	  -0.03	NaN	   0.01	  -4.00	   0.00	AAAAAAAGA_15/6	0	1.77	+
12:427474	   57.9	0	    1.6	NaN	NaN	    3.1	  -0.03	NaN	   0.09	  -0.70	   0.00	1	   16.2	NaN	NaN	    3.3	   6.07	NaN	   7.10	  -0.69	   0.00	1	   40.1	NaN	NaN	    3.9	  25.80	NaN	  27.13	  -0.78	   0.00	0	    0.0	NaN	NaN	    2.7	  -0.04	NaN	   0.03	  -2.22	   0.00	AAAAGA_13/6	0	1.58	+
12:427522	   83.6	0	    0.0	NaN	NaN	    3.1	  -0.05	NaN	   0.02	  -4.00	   0.00	1	   35.2	NaN	NaN	    3.3	  23.02	NaN	  24.37	  -0.87	   0.00	1	   47.6	NaN	NaN	    3.9	  33.23	NaN	  34.59	  -0.89	   0.00	0	    0.8	NaN	NaN	    2.7	  -0.04	NaN	   0.03	  -2.45	   0.00	TGAATGG_14/1	0	2.60	+
12:683077	   35.0	0	    0.0	NaN	NaN	    3.1	  -0.01	NaN	  -0.00	  -4.00	   0.00	1	   20.0	NaN	NaN	    3.6	   7.55	NaN	   8.65	  -0.81	   0.00	0	   13.0	NaN	NaN	    5.2	   1.67	NaN	   2.56	  -0.45	   0.00	0	    2.0	NaN	NaN	    3.7	  -0.05	NaN	   0.05	  -0.62	   0.00	AAAAAATG_18/5	0	2.25	+
12:707076	  157.0	0	    0.0	NaN	NaN	    3.7	  -0.04	NaN	   0.01	  -0.63	   0.00	1	   60.0	NaN	NaN	    4.1	  45.63	NaN	  47.08	  -0.70	   0.00	1	   94.5	NaN	NaN	    5.5	  78.69	NaN	  80.21	  -0.73	   0.00	0	    2.5	NaN	NaN	    2.7	   0.02	NaN	   0.29	  -2.33	   0.00	AAAAGA_13/6	0	1.58	+
12:707199	  215.0	0	   12.0	NaN	NaN	    3.7	   1.52	NaN	   3.38	  -0.52	   0.00	1	   91.0	NaN	NaN	    4.4	  83.51	NaN	  85.19	  -0.76	   0.00	1	  109.5	NaN	NaN	    5.6	  96.57	NaN	  98.16	  -0.79	   0.00	0	    2.5	NaN	NaN	    2.7	   0.02	NaN	   0.29	  -0.56	   0.00	TAATGT_4/0	0	1.47	+
12:834778	  196.1	0	    3.5	NaN	NaN	    3.1	   0.08	NaN	   0.42	  -1.55	   0.00	1	   84.0	NaN	NaN	    4.0	  76.39	NaN	  78.02	  -0.73	   0.00	1	  107.6	NaN	NaN	    4.6	 102.48	NaN	 104.11	  -0.71	   0.00	0	    1.0	NaN	NaN	    2.8	  -0.03	NaN	   0.11	  -2.67	   0.00	--------	-1	0.00	*
13:181021	   90.5	0	    0.9	NaN	NaN	    3.8	  -0.03	NaN	   0.01	  -4.00	   0.00	1	   47.2	NaN	NaN	    6.4	  23.70	NaN	  25.08	  -0.72	   0.00	1	   41.3	NaN	NaN	    4.2	  25.52	NaN	  26.83	  -0.83	   0.00	0	    1.1	NaN	NaN	    3.6	  -0.04	NaN	   0.06	  -0.03	   0.00	AAANAANG_11/1	0	2.18	+
13:181218	   23.5	0	    1.1	NaN	NaN	    3.8	  -0.03	NaN	   0.05	  -1.99	   0.00	0	    6.8	NaN	NaN	    6.1	   0.16	NaN	   0.38	  -0.21	   0.00	1	   12.7	NaN	NaN	    4.3	   2.32	NaN	   3.31	  -0.51	   0.00	0	    2.9	NaN	NaN	    3.4	  -0.02	NaN	   0.18	  -0.81	   0.00	AAAAGAG_15/8	0	1.53	+
13:243414	   56.0	0	    0.0	NaN	NaN	    3.2	  -0.04	NaN	   0.02	  -4.00	   0.00	1	   22.1	NaN	NaN	    4.8	   7.65	NaN	   8.77	  -0.60	   0.00	1	   26.9	NaN	NaN	    5.3	   9.53	NaN	  10.64	  -0.56	   0.00	0	    7.0	NaN	NaN	    3.3	   0.43	NaN	   1.31	  -0.32	   0.00	AATGCT_7/2	0	1.51	+
13:900910	   25.8	0	    3.0	NaN	NaN	    3.2	   0.02	NaN	   0.21	  -0.27	   0.00	1	   13.0	NaN	NaN	    3.2	   3.49	NaN	   4.45	  -0.39	   0.00	0	    6.9	NaN	NaN	    3.7	   0.61	NaN	   1.08	  -0.96	   0.00	0	    2.9	NaN	NaN	    2.8	   0.02	NaN	   0.27	  -0.32	   0.00	AAAATG_10/4	0	1.55	+
14:395684	  406.8	1	   17.6	NaN	NaN	    5.2	   2.73	NaN	   5.06	  -0.73	   0.00	1	  162.5	NaN	NaN	    4.7	 182.04	NaN	 184.38	  -0.78	   0.00	1	  218.5	NaN	NaN	    3.9	 289.81	NaN	 292.14	  -0.76	   0.00	0	    8.2	NaN	NaN	    3.1	   0.69	NaN	   2.32	  -0.55	   0.00	ATGATA_3/0	0	1.35	+
14:395692	  340.6	0	   15.2	NaN	NaN	    5.2	   1.96	NaN	   3.99	  -0.80	   0.00	1	  103.2	NaN	NaN	    4.7	  96.67	NaN	  98.52	  -0.75	   0.00	1	  222.2	NaN	NaN	    3.9	 296.54	NaN	 299.17	  -0.73	   0.00	0	    0.0	NaN	NaN	    3.1	  -0.04	NaN	   0.02	  -0.41	   0.00	CCCAATGG_16/2	0	2.63	+
15:83231	  441.8	0	    5.0	NaN	NaN	    4.0	   0.18	NaN	   0.67	  -0.88	   0.00	1	  194.4	NaN	NaN	    4.3	 239.49	NaN	 242.12	  -0.73	   0.00	1	  242.3	NaN	NaN	    6.6	 276.88	NaN	 279.03	  -0.74	   0.00	0	    0.0	NaN	NaN	    3.0	  -0.04	NaN	   0.02	  -0.38	   0.00	CCGAATGGG_21/3	0	3.09	+
15:83279	  301.1	0	    2.3	NaN	NaN	    4.1	  -0.03	NaN	   0.11	  -0.84	   0.00	1	  115.7	NaN	NaN	    4.3	 117.10	NaN	 119.13	  -0.71	   0.00	1	  176.5	NaN	NaN	    6.8	 176.65	NaN	 178.51	  -0.75	   0.00	0	    6.5	NaN	NaN	    3.1	   0.50	NaN	   1.42	  -0.48	   0.00	AAATGG_10/4	0	1.55	+
15:268728	   29.8	0	    6.0	NaN	NaN	    4.3	   0.21	NaN	   0.85	  -0.77	   0.00	1	   10.7	NaN	NaN	    3.4	   2.23	NaN	   3.14	  -0.90	   0.00	1	   11.2	NaN	NaN	    3.9	   2.18	NaN	   3.16	  -0.76	   0.00	0	    2.0	NaN	NaN	    2.9	  -0.03	NaN	   0.11	  -2.08	   0.00	AAAAGA_13/6	0	1.58	+
15:504542	  301.3	0	   10.6	NaN	NaN	    4.1	   1.00	NaN	   2.46	  -0.80	   0.00	1	  118.6	NaN	NaN	    4.9	 114.77	NaN	 116.70	  -0.77	   0.00	1	  170.9	NaN	NaN	    5.5	 182.47	NaN	 184.40	  -0.76	   0.00	0	    1.2	NaN	NaN	    3.5	  -0.05	NaN	   0.06	  -1.20	   0.00	--------	-1	0.00	*
15:514379	   80.0	0	    3.0	NaN	NaN	    3.5	  -0.00	NaN	   0.17	  -1.23	   0.51	1	   34.0	NaN	NaN	    3.4	  20.53	NaN	  21.82	  -0.73	   0.51	1	   40.0	NaN	NaN	    4.8	  21.51	NaN	  22.76	  -0.56	   0.51	0	    3.0	NaN	NaN	    2.8	   0.02	NaN	   0.28	  -0.96	   0.51	AAATGG_10/4	0	1.55	+
15:764493	   25.0	0	    1.0	NaN	NaN	    3.1	  -0.04	NaN	   0.02	  -4.00	   0.00	1	   15.0	NaN	NaN	    3.4	   4.58	NaN	   5.59	  -0.80	   0.00	0	    9.0	NaN	NaN	    3.9	   1.07	NaN	   1.75	  -0.72	   0.00	0	    0.0	NaN	NaN	    2.8	  -0.01	NaN	  -0.00	  -4.00	   0.00	TGAAATGG_19/9	0	1.77	+
16:884	   22.0	0	    1.0	NaN	NaN	    3.1	  -0.05	NaN	   0.02	  -4.00	   0.00	1	   11.1	NaN	NaN	    3.1	   3.04	NaN	   3.97	  -0.70	   0.00	0	    2.9	NaN	NaN	    3.7	   0.06	NaN	   0.15	  -0.70	   0.00	0	    7.0	NaN	NaN	    2.8	   0.57	NaN	   1.62	  -0.68	   0.00	AAANAANG_11/1	0	2.18	+
16:439809	   82.0	0	    0.0	NaN	NaN	    3.1	  -0.01	NaN	  -0.00	  -4.00	   0.00	1	   38.0	NaN	NaN	    6.3	  15.78	NaN	  17.02	  -0.72	   0.00	1	   43.0	NaN	NaN	    5.9	  21.09	NaN	  22.32	  -0.69	   0.00	0	    1.0	NaN	NaN	    3.7	  -0.03	NaN	   0.01	  -4.00	   0.00	CCGAATGG_18/1	0	3.22	+
16:494811	   40.0	0	    1.0	NaN	NaN	    3.3	  -0.04	NaN	   0.02	  -4.00	   0.00	1	   19.0	NaN	NaN	    3.4	   7.28	NaN	   8.35	  -0.62	   0.00	1	   17.0	NaN	NaN	    4.0	   4.95	NaN	   6.00	  -0.59	   0.00	0	    3.0	NaN	NaN	    3.1	  -0.00	NaN	   0.23	  -0.42	   0.00	AAAATGG_15/6	0	1.77	+
16:584127	   25.0	0	    0.0	NaN	NaN	    3.8	  -0.01	NaN	  -0.00	  -4.00	   0.00	1	   14.0	NaN	NaN	    4.2	   2.94	NaN	   3.86	  -0.62	   0.00	0	   10.0	NaN	NaN	    4.5	   1.07	NaN	   1.76	  -0.91	   0.00	0	    1.0	NaN	NaN	    4.2	  -0.03	NaN	   0.01	  -4.00	   0.00	AAAAGAG_15/8	0	1.53	+
16:649543	   26.7	0	    1.0	NaN	NaN	    3.2	  -0.04	NaN	   0.02	  -4.00	   0.00	1	   17.0	NaN	NaN	    4.3	   4.56	NaN	   5.55	  -0.54	   0.00	0	    7.7	NaN	NaN	    3.9	   0.80	NaN	   1.34	  -0.71	   0.00	0	    1.0	NaN	NaN	    4.1	  -0.03	NaN	   0.01	  -4.00	   0.00	CAATGG_10/1	0	2.05	+
2:194019	   45.5	0	    0.0	NaN	NaN	    3.1	  -0.01	NaN	  -0.00	  -4.00	   0.00	1	   22.5	NaN	NaN	    3.4	  10.39	NaN	  11.56	  -0.64	   0.00	1	   22.9	NaN	NaN	    4.6	   7.90	NaN	   9.00	  -0.76	   0.00	0	    0.0	NaN	NaN	    3.1	  -0.03	NaN	   0.02	  -4.00	   0.00	AATGCG_3/0	0	1.35	+
2:328274	  174.0	0	    3.0	NaN	NaN	    3.7	  -0.01	NaN	   0.15	  -0.52	   0.00	1	  100.0	NaN	NaN	    4.6	  91.87	NaN	  93.66	  -0.73	   0.00	1	   71.0	NaN	NaN	    4.8	  54.31	NaN	  55.76	  -0.70	   0.00	0	    0.0	NaN	NaN	    3.0	  -0.01	NaN	  -0.00	  -4.00	   0.00	--------	-1	0.00	*
2:608472	   58.0	0	    0.0	NaN	NaN	    3.6	  -0.01	NaN	  -0.00	  -4.00	   0.00	1	   15.0	NaN	NaN	    3.8	   3.98	NaN	   4.96	  -0.77	   0.00	1	   41.0	NaN	NaN	    4.7	  22.59	NaN	  23.86	  -0.74	   0.00	0	    2.0	NaN	NaN	    3.5	  -0.05	NaN	   0.06	  -1.52	   0.00	AAAAAAAGA_15/6	0	1.77	+
3:127887	   27.0	0	    1.0	NaN	NaN	    4.3	  -0.03	NaN	   0.01	  -4.00	   0.00	1	   16.0	NaN	NaN	    4.4	   3.90	NaN	   4.87	  -0.60	   0.00	0	   10.0	NaN	NaN	    4.6	   1.08	NaN	   1.73	  -0.62	   0.00	0	    0.0	NaN	NaN	    4.6	  -0.01	NaN	  -0.00	  -4.00	   0.00	AAAAGAG_15/8	0	1.53	+
3:128341	  159.6	0	    2.4	NaN	NaN	    4.6	  -0.03	NaN	   0.07	  -0.32	   0.00	1	   82.0	NaN	NaN	    4.5	  70.76	NaN	  72.35	  -0.78	   0.00	1	   75.1	NaN	NaN	    4.6	  61.61	NaN	  63.09	  -0.90	   0.00	0	    0.0	NaN	NaN	    4.3	  -0.03	NaN	   0.01	  -4.00	   0.00	--------	-1	0.00	*
3:128536	   64.4	0	    1.6	NaN	NaN	    5.1	  -0.04	NaN	   0.02	  -1.05	   0.00	1	   51.0	NaN	NaN	    4.4	  34.08	NaN	  35.51	  -0.76	   0.00	0	   10.9	NaN	NaN	    4.6	   1.33	NaN	   2.13	  -0.12	   0.00	0	    1.0	NaN	NaN	    4.0	  -0.03	NaN	   0.01	  -4.00	   0.00	TGAATGG_14/1	0	2.60	+
3:138848	   24.3	0	    1.4	NaN	NaN	    3.5	  -0.03	NaN	   0.07	  -0.21	   0.00	0	    5.8	NaN	NaN	    3.6	   0.37	NaN	   0.79	  -0.78	   0.00	1	   15.0	NaN	NaN	    3.9	   4.43	NaN	   5.47	  -0.64	   0.00	0	    2.0	NaN	NaN	    2.4	  -0.03	NaN	   0.16	  -0.88	   0.00	AAAAGA_13/6	0	1.58	+
3:185975	   38.5	0	    2.0	NaN	NaN	    3.8	  -0.03	NaN	   0.05	  -0.85	   0.00	1	   11.6	NaN	NaN	    3.0	   3.20	NaN	   4.14	  -0.81	   0.00	1	   23.9	NaN	NaN	    3.3	  11.44	NaN	  12.61	  -0.71	   0.00	0	    1.0	NaN	NaN	    2.4	  -0.05	NaN	   0.04	  -4.00	   0.00	AAAAGAG_15/8	0	1.53	+
4:221720	   59.9	0	    4.5	NaN	NaN	    3.1	   0.18	NaN	   0.71	  -0.72	   0.00	1	   28.4	NaN	NaN	    3.1	  16.74	NaN	  17.99	  -0.92	   0.00	1	   25.9	NaN	NaN	    4.8	   9.78	NaN	  10.91	  -0.91	   0.00	0	    1.1	NaN	NaN	    2.7	  -0.03	NaN	   0.12	  -0.28	   0.00	AAATGG_10/4	0	1.55	+
4:800614	   96.9	0	    3.0	NaN	NaN	    3.6	  -0.01	NaN	   0.16	  -1.38	   0.00	1	   47.9	NaN	NaN	    6.4	  23.72	NaN	  25.12	  -0.63	   0.00	1	   44.0	NaN	NaN	    4.9	  24.83	NaN	  26.12	  -0.64	   0.00	0	    2.0	NaN	NaN	    3.4	  -0.05	NaN	   0.07	  -0.48	   0.00	--------	-1	0.00	*
5:86673	   19.2	0	    1.0	NaN	NaN	    3.1	  -0.04	NaN	   0.02	  -4.00	   0.00	1	   12.8	NaN	NaN	    4.0	   2.69	NaN	   3.60	  -0.45	   0.00	0	    4.0	NaN	NaN	    3.9	   0.11	NaN	   0.26	  -0.40	   0.00	0	    1.5	NaN	NaN	    4.0	  -0.05	NaN	   0.04	  -1.31	   0.00	CCCAATG_11/1	0	2.18	+
5:287797	  263.0	0	   12.0	NaN	NaN	    3.5	   1.63	NaN	   3.56	  -0.66	   0.00	1	   80.0	NaN	NaN	    4.4	  67.52	NaN	  69.07	  -0.85	   0.00	1	  166.0	NaN	NaN	    5.7	 173.28	NaN	 175.01	  -0.72	   0.00	0	    5.0	NaN	NaN	    3.2	   0.18	NaN	   0.66	  -0.82	   0.00	TGAATGG_14/1	0	2.60	+
6:17110	   40.2	0	    0.0	NaN	NaN	    4.1	  -0.04	NaN	   0.01	  -0.93	   0.00	1	   17.9	NaN	NaN	    3.2	   6.95	NaN	   8.02	  -0.71	   0.00	1	   19.9	NaN	NaN	    4.0	   6.98	NaN	   8.05	  -0.61	   0.00	0	    2.4	NaN	NaN	    3.4	  -0.01	NaN	   0.19	  -0.74	   0.00	GTTTAT_3/0	0	1.35	+
6:17285	   58.2	0	    4.0	NaN	NaN	    3.8	   0.03	NaN	   0.28	  -1.07	   0.00	1	   21.8	NaN	NaN	    3.7	   9.03	NaN	  10.17	  -0.92	   0.00	1	   32.4	NaN	NaN	    4.0	  17.71	NaN	  18.92	  -0.91	   0.00	0	    0.0	NaN	NaN	    3.1	  -0.04	NaN	   0.02	  -0.17	   0.00	AGAATG_2/0	0	1.23	+
6:91132	   64.8	0	    2.8	NaN	NaN	    3.7	  -0.01	NaN	   0.15	  -0.47	   0.00	1	   28.0	NaN	NaN	    3.1	  15.70	NaN	  16.91	  -0.78	   0.00	1	   34.0	NaN	NaN	    3.7	  20.41	NaN	  21.63	  -0.74	   0.00	0	    0.0	NaN	NaN	    2.8	  -0.04	NaN	   0.03	  -4.00	   0.00	AAAAGAG_15/8	0	1.53	+
7:633105	   37.5	0	    3.0	NaN	NaN	    3.0	   0.00	NaN	   0.24	  -0.34	   0.00	1	   18.8	NaN	NaN	    3.8	   6.54	NaN	   7.59	  -0.76	   0.00	0	   12.8	NaN	NaN	    4.9	   1.82	NaN	   2.76	  -0.94	   0.00	0	    2.9	NaN	NaN	    4.0	  -0.04	NaN	   0.12	  -0.97	   0.00	AAAAGA_13/6	0	1.58	+
7:648804	   45.4	0	    0.0	NaN	NaN	    3.0	  -0.00	NaN	  -0.00	  -4.00	   0.00	1	   30.0	NaN	NaN	    4.9	  12.55	NaN	  13.73	  -0.71	   0.00	1	   14.8	NaN	NaN	    4.0	   3.72	NaN	   4.75	  -0.83	   0.00	0	    0.6	NaN	NaN	    2.6	  -0.05	NaN	   0.03	  -4.00	   0.00	AAAATGGT_16/6	0	1.87	+
7:883573	   43.3	0	    2.2	NaN	NaN	    3.3	   0.01	NaN	   0.20	  -1.57	   0.00	0	   11.5	NaN	NaN	    4.2	   1.93	NaN	   2.83	  -0.64	   0.00	1	   25.6	NaN	NaN	    4.2	  10.92	NaN	  12.07	  -0.58	   0.00	0	    4.0	NaN	NaN	    3.0	   0.10	NaN	   0.45	  -0.69	   0.00	TGAAATGCT_22/9	0	2.05	+
7:1089325	   40.0	0	    4.0	NaN	NaN	    3.0	   0.09	NaN	   0.45	  -0.29	   0.00	1	   20.0	NaN	NaN	    3.0	   8.96	NaN	  10.09	  -0.86	   0.00	1	   16.0	NaN	NaN	    3.4	   5.08	NaN	   6.14	  -0.71	   0.00	0	    0.0	NaN	NaN	    2.6	  -0.05	NaN	   0.03	  -2.48	   0.00	CGAATGGG_21/3	0	3.09	+
8:294046	   73.3	0	    0.0	NaN	NaN	    2.9	  -0.05	NaN	   0.02	  -0.75	   0.00	1	   16.1	NaN	NaN	    4.6	   4.15	NaN	   5.14	  -0.91	   0.00	1	   57.3	NaN	NaN	    4.5	  41.26	NaN	  42.66	  -0.70	   0.00	0	    0.0	NaN	NaN	    3.5	  -0.01	NaN	  -0.00	  -4.00	   0.00	AAAAAAAGA_15/6	0	1.77	+
8:294069	   88.7	0	    3.0	NaN	NaN	    2.9	   0.00	NaN	   0.25	  -0.40	   0.00	1	   63.9	NaN	NaN	    4.6	  47.11	NaN	  48.60	  -0.90	   0.00	1	   21.7	NaN	NaN	    4.5	   7.53	NaN	   8.62	  -0.72	   0.00	0	    0.0	NaN	NaN	    3.5	  -0.01	NaN	  -0.00	  -4.00	   0.00	--------	-1	0.00	*
