Position	IP	CondAna_Present	CondAna_IP	CondAna_Control	CondAna_Fold	CondAna_Expectd	CondAna_Q_-lg10	CondAna_P_-lg10	CondAna_P_poiss	CondAna_IPvsEMP	CondAna_Noise	CondEth_Present	CondEth_IP	CondEth_Control	CondEth_Fold	CondEth_Expectd	CondEth_Q_-lg10	CondEth_P_-lg10	CondEth_P_poiss	CondEth_IPvsEMP	CondEth_Noise	CondGlu_Present	CondGlu_IP	CondGlu_Control	CondGlu_Fold	CondGlu_Expectd	CondGlu_Q_-lg10	CondGlu_P_-lg10	CondGlu_P_poiss	CondGlu_IPvsEMP	CondGlu_Noise	CondNit_Present	CondNit_IP	CondNit_Control	CondNit_Fold	CondNit_Expectd	CondNit_Q_-lg10	CondNit_P_-lg10	CondNit_P_poiss	CondNit_IPvsEMP	CondNit_Noise	KmerGroup	MotifId	KG_score	Strand
1:57872	  111.4	0	   18.1	NaN	NaN	   23.1	  -0.05	NaN	   0.08	  -1.08	   0.00	1	   57.9	NaN	NaN	   29.8	   4.92	NaN	   5.52	  -0.69	   0.00	0	   31.1	NaN	NaN	   30.7	   0.10	NaN	   0.37	  -0.62	   0.00	0	    4.4	NaN	NaN	    7.8	  -0.14	NaN	   0.05	  -0.63	   0.00	GTGGAAAAAA_20/6	0	2.07	+
1:60271	 1876.0	1	  265.0	NaN	NaN	   23.7	 173.10	NaN	 174.54	  -0.81	   0.10	1	  994.0	NaN	NaN	   32.6	 999.00	NaN	 999.00	  -0.66	   0.10	1	  601.0	NaN	NaN	   31.7	 999.00	NaN	 999.00	  -0.74	   0.10	0	   16.0	NaN	NaN	    9.1	   0.32	NaN	   1.63	  -0.58	   0.10	GCCGGAAAAATT_52/9	0	4.65	+
10:10537	  174.2	0	   24.5	NaN	NaN	   22.0	   0.09	NaN	   0.54	  -1.14	   0.00	1	  100.2	NaN	NaN	   24.5	  29.56	NaN	  30.34	  -0.95	   0.00	1	   47.8	NaN	NaN	   28.7	   2.52	NaN	   3.21	  -1.13	   0.00	0	    1.7	NaN	NaN	    7.8	  -0.06	NaN	   0.00	  -0.33	   0.00	TCGGAGAAAT_27/1	0	4.06	+
10:11719	  135.0	0	   30.0	NaN	NaN	   22.0	   0.56	NaN	   1.23	  -0.84	   0.00	1	   78.0	NaN	NaN	   24.5	  16.62	NaN	  17.36	  -0.77	   0.00	0	   26.0	NaN	NaN	   28.7	   0.01	NaN	   0.14	  -0.62	   0.00	0	    1.0	NaN	NaN	    7.8	  -0.04	NaN	   0.00	  -4.00	   0.00	CGGAGAAAC_41/2	0	5.73	+
10:14947	  172.0	0	   37.0	NaN	NaN	   23.0	   1.58	NaN	   2.37	  -0.91	   0.00	1	   91.0	NaN	NaN	   24.5	  23.61	NaN	  24.38	  -0.98	   0.00	0	   43.0	NaN	NaN	   28.7	   1.51	NaN	   2.12	  -0.73	   0.00	0	    1.0	NaN	NaN	    7.8	  -0.04	NaN	   0.00	  -4.00	   0.00	GAAAAACT_19/1	0	2.99	+
10:15211	 2707.3	1	  463.1	NaN	NaN	   23.6	 999.00	NaN	 999.00	  -0.78	   0.00	1	 1663.5	NaN	NaN	   24.5	 999.00	NaN	 999.00	  -0.60	   0.00	1	  572.5	NaN	NaN	   28.7	 999.00	NaN	 999.00	  -0.72	   0.00	0	    8.2	NaN	NaN	    7.8	  -0.13	NaN	   0.42	  -0.78	   0.00	ACGGAGAAAAGA_32/0	0	5.31	+
10:15475	  419.7	1	   86.9	NaN	NaN	   24.4	  21.20	NaN	  22.25	  -0.65	   0.00	1	  235.5	NaN	NaN	   24.5	 141.02	NaN	 141.98	  -0.47	   0.00	1	   92.5	NaN	NaN	   28.7	  20.06	NaN	  20.94	  -0.51	   0.00	0	    4.8	NaN	NaN	    8.4	  -0.13	NaN	   0.04	  -1.17	   0.00	TTCGGAAA_4/1	0	1.30	+
10:25406	  232.0	0	   34.0	NaN	NaN	   25.3	   0.57	NaN	   1.25	  -0.74	   0.00	1	  104.0	NaN	NaN	   24.5	  31.42	NaN	  32.21	  -0.90	   0.00	1	   86.0	NaN	NaN	   31.7	  14.03	NaN	  14.89	  -0.81	   0.00	0	    8.0	NaN	NaN	    8.7	  -0.17	NaN	   0.19	  -0.81	   0.00	GCCGGAAAAAT_49/8	0	4.57	+
10:148773	  704.5	1	  100.9	NaN	NaN	   23.2	  30.98	NaN	  32.11	  -0.86	   0.00	1	  334.9	NaN	NaN	   24.5	 246.41	NaN	 247.45	  -0.81	   0.00	1	  258.8	NaN	NaN	   31.6	 138.51	NaN	 139.62	  -0.83	   0.00	0	    9.9	NaN	NaN	    9.6	  -0.15	NaN	   0.31	  -0.63	   0.00	ACCGGAAAAACTA_60/6	0	6.92	+
10:203680	  107.3	0	   11.2	NaN	NaN	   24.4	  -0.02	NaN	   0.00	  -1.31	   0.00	1	   65.0	NaN	NaN	   24.5	  10.38	NaN	  11.08	  -0.90	   0.00	0	   29.8	NaN	NaN	   32.7	   0.01	NaN	   0.15	  -1.00	   0.00	0	    1.3	NaN	NaN	    7.8	  -0.06	NaN	   0.00	  -1.23	   0.00	GAGAAAAA_4/0	0	1.44	+
10:204086	  108.0	0	   24.0	NaN	NaN	   24.0	   0.01	NaN	   0.28	  -0.64	   0.00	1	   43.0	NaN	NaN	   24.5	   2.83	NaN	   3.35	  -0.70	   0.00	0	   33.0	NaN	NaN	   33.0	   0.06	NaN	   0.28	  -0.77	   0.00	0	    8.0	NaN	NaN	    7.8	  -0.15	NaN	   0.28	  -0.76	   0.00	CCGGAGAAAAG_31/0	0	5.14	+
10:207354	  120.9	0	   17.8	NaN	NaN	   26.6	  -0.03	NaN	   0.01	  -0.58	   0.00	1	   52.1	NaN	NaN	   26.4	   4.87	NaN	   5.47	  -0.72	   0.00	0	   45.9	NaN	NaN	   31.0	   1.55	NaN	   2.17	  -0.66	   0.00	0	    5.0	NaN	NaN	    8.8	  -0.13	NaN	   0.03	  -0.44	   0.00	TGCGGAAAA_5/1	0	1.40	+
10:207530	  151.1	0	   24.2	NaN	NaN	   26.9	  -0.04	NaN	   0.17	  -0.74	   0.00	1	   61.9	NaN	NaN	   26.4	   7.90	NaN	   8.57	  -0.73	   0.00	1	   59.1	NaN	NaN	   31.0	   4.87	NaN	   5.61	  -0.76	   0.00	0	    6.0	NaN	NaN	    8.4	  -0.16	NaN	   0.14	  -0.85	   0.00	GAAAATAT_3/0	0	1.33	+
10:261523	  148.0	0	   25.0	NaN	NaN	   22.5	   0.06	NaN	   0.48	  -0.62	   0.30	1	   55.0	NaN	NaN	   24.5	   6.46	NaN	   7.11	  -0.91	   0.30	1	   59.0	NaN	NaN	   28.9	   5.46	NaN	   6.22	  -0.84	   0.30	0	    9.0	NaN	NaN	    8.3	  -0.14	NaN	   0.34	  -1.02	   0.30	TTCGGAAAAAA_56/8	0	5.48	+
10:264087	  166.6	0	   24.4	NaN	NaN	   23.3	   0.04	NaN	   0.41	  -0.76	   0.00	1	   82.4	NaN	NaN	   24.5	  19.21	NaN	  19.96	  -0.98	   0.00	1	   56.1	NaN	NaN	   29.7	   4.52	NaN	   5.27	  -0.93	   0.00	0	    3.6	NaN	NaN	    9.6	  -0.08	NaN	   0.01	  -0.91	   0.00	AACGGAAAAACT_57/2	0	8.78	+
10:264319	  130.4	0	   28.6	NaN	NaN	   23.6	   0.25	NaN	   0.81	  -0.95	   0.00	1	   49.6	NaN	NaN	   24.5	   4.80	NaN	   5.40	  -0.83	   0.00	0	   44.9	NaN	NaN	   29.3	   1.73	NaN	   2.37	  -0.71	   0.00	0	    7.4	NaN	NaN	    9.1	  -0.17	NaN	   0.16	  -1.84	   0.00	ATGCAAAA_3/0	0	1.33	+
10:338793	  116.2	0	   25.2	NaN	NaN	   22.0	   0.16	NaN	   0.66	  -0.89	   0.00	0	   33.7	NaN	NaN	   24.5	   0.98	NaN	   1.40	  -0.97	   0.00	1	   50.0	NaN	NaN	   30.7	   2.40	NaN	   3.08	  -0.84	   0.00	0	    7.4	NaN	NaN	    8.8	  -0.17	NaN	   0.18	  -1.09	   0.00	AAAAAAAT_14/4	0	1.84	+
10:658126	  139.4	0	   34.1	NaN	NaN	   22.4	   1.31	NaN	   2.08	  -0.80	   0.00	1	   59.3	NaN	NaN	   24.5	   8.33	NaN	   9.00	  -1.04	   0.00	0	   42.9	NaN	NaN	   31.6	   0.94	NaN	   1.52	  -0.75	   0.00	0	    3.1	NaN	NaN	    8.9	  -0.10	NaN	   0.01	  -1.16	   0.00	ACGGAGAA_6/0	0	1.67	+
11:74488	  144.0	0	   21.0	NaN	NaN	   24.1	  -0.05	NaN	   0.12	  -0.93	   0.00	1	   69.0	NaN	NaN	   30.9	   7.90	NaN	   8.57	  -0.89	   0.00	1	   54.0	NaN	NaN	   33.3	   2.54	NaN	   3.23	  -0.98	   0.00	0	    0.0	NaN	NaN	    8.3	  -0.00	NaN	  -0.00	  -4.00	   0.00	CCGTGGAA_2/0	0	1.22	+
11:237698	  354.3	1	   47.4	NaN	NaN	   24.1	   4.11	NaN	   4.96	  -1.16	   0.00	1	  226.5	NaN	NaN	   31.4	 110.65	NaN	 111.57	  -0.89	   0.00	1	   71.4	NaN	NaN	   34.9	   6.82	NaN	   7.59	  -1.08	   0.00	0	    9.0	NaN	NaN	    8.9	  -0.15	NaN	   0.27	  -0.98	   0.00	CNGNAAAAAA_4/0	0	1.44	+
11:328444	  430.5	1	   50.1	NaN	NaN	   24.1	   5.05	NaN	   5.93	  -0.83	   0.00	1	  214.9	NaN	NaN	   30.9	 101.74	NaN	 102.64	  -0.75	   0.00	1	  161.5	NaN	NaN	   33.3	  55.96	NaN	  56.96	  -0.77	   0.00	0	    4.0	NaN	NaN	    9.9	  -0.08	NaN	   0.00	  -0.50	   0.00	GAAAAAAA_14/4	0	1.84	+
11:328850	  179.5	1	   50.9	NaN	NaN	   24.1	   5.05	NaN	   5.93	  -0.87	   0.00	1	   58.1	NaN	NaN	   30.9	   4.74	NaN	   5.33	  -0.87	   0.00	1	   67.5	NaN	NaN	   33.3	   6.29	NaN	   7.06	  -0.82	   0.00	0	    3.0	NaN	NaN	    9.8	  -0.06	NaN	   0.00	  -2.45	   0.00	CGGATAAAC_35/3	0	4.40	+
11:329119	  156.2	0	   32.4	NaN	NaN	   24.1	   0.63	NaN	   1.32	  -0.62	   0.00	1	   60.3	NaN	NaN	   30.9	   5.31	NaN	   5.93	  -0.63	   0.00	1	   55.6	NaN	NaN	   33.3	   2.98	NaN	   3.70	  -0.84	   0.00	0	    7.8	NaN	NaN	    9.8	  -0.16	NaN	   0.12	  -0.88	   0.00	ACGGAAAAATT_50/6	0	5.35	+
11:523228	  129.0	0	   25.0	NaN	NaN	   24.1	   0.03	NaN	   0.35	  -0.97	   0.00	1	   62.0	NaN	NaN	   30.9	   5.61	NaN	   6.23	  -0.87	   0.00	0	   37.0	NaN	NaN	   33.3	   0.19	NaN	   0.55	  -0.82	   0.00	0	    5.0	NaN	NaN	   15.6	  -0.04	NaN	   0.00	  -0.71	   0.00	GCGGAAAAAAAA_61/14	0	4.47	+
11:587135	13429.1	1	 2009.1	NaN	NaN	   36.4	 999.00	NaN	 999.00	  -0.61	   0.00	1	 7219.8	NaN	NaN	   61.6	 999.00	NaN	 999.00	  -0.60	   0.00	1	 4163.9	NaN	NaN	   56.2	 999.00	NaN	 999.00	  -0.57	   0.00	1	   36.3	NaN	NaN	    9.9	   8.03	NaN	  10.43	  -1.21	   0.00	--------	-1	0.00	*
11:587363	  438.9	1	   86.9	NaN	NaN	   35.7	  11.56	NaN	  12.54	  -0.01	   0.00	1	  195.2	NaN	NaN	   59.9	  42.51	NaN	  43.33	   0.00	   0.00	1	  148.1	NaN	NaN	   54.0	  24.98	NaN	  25.89	   0.00	   0.00	0	    8.7	NaN	NaN	   10.6	  -0.16	NaN	   0.14	  -0.09	   0.00	GAAAAACT_19/1	0	2.99	+
11:620753	  145.6	0	   19.4	NaN	NaN	   24.1	  -0.05	NaN	   0.08	  -0.96	   0.00	1	   83.1	NaN	NaN	   30.9	  13.83	NaN	  14.56	  -0.95	   0.00	0	   40.6	NaN	NaN	   33.3	   0.48	NaN	   0.97	  -0.88	   0.00	0	    2.5	NaN	NaN	    8.1	  -0.08	NaN	   0.01	  -0.38	   0.00	--------	-1	0.00	*
11:636290	  438.7	1	  105.9	NaN	NaN	   24.1	  32.97	NaN	  34.10	  -0.97	   0.00	1	  196.6	NaN	NaN	   30.9	  86.91	NaN	  87.80	  -0.90	   0.00	1	  131.0	NaN	NaN	   33.3	  36.04	NaN	  36.98	  -0.98	   0.00	0	    5.3	NaN	NaN	    8.1	  -0.16	NaN	   0.09	  -1.36	   0.00	TCGGAAAAAA_56/8	0	5.48	+
11:641140	  978.0	1	  115.0	NaN	NaN	   25.0	  37.41	NaN	  38.57	  -0.90	   0.16	1	  459.0	NaN	NaN	   37.7	 315.92	NaN	 317.00	  -0.71	   0.16	1	  393.0	NaN	NaN	   38.5	 242.93	NaN	 244.17	  -0.69	   0.16	0	   11.0	NaN	NaN	    8.1	  -0.02	NaN	   0.71	  -0.66	   0.16	TCCGGAAAAACT_56/5	0	6.71	+
12:22046	  700.0	1	   62.0	NaN	NaN	   25.3	   8.36	NaN	   9.29	  -0.71	   0.26	1	  385.0	NaN	NaN	   29.2	 277.17	NaN	 278.24	  -0.77	   0.26	1	  248.0	NaN	NaN	   32.8	 125.00	NaN	 126.08	  -0.77	   0.26	0	    5.0	NaN	NaN	    7.9	  -0.14	NaN	   0.05	  -0.52	   0.26	TCAAGCCGGAAAAATT_54/9	0	4.90	+
12:69181	  192.5	0	   30.4	NaN	NaN	   24.0	   0.38	NaN	   1.01	  -1.21	   0.00	1	  105.8	NaN	NaN	   24.6	  32.49	NaN	  33.28	  -1.03	   0.00	1	   55.0	NaN	NaN	   29.6	   3.99	NaN	   4.72	  -1.14	   0.00	0	    1.4	NaN	NaN	   10.0	  -0.04	NaN	   0.00	  -3.29	   0.00	CACGGAAAA_11/0	0	2.26	+
12:82673	 1139.0	1	  113.0	NaN	NaN	   22.1	  40.82	NaN	  41.98	  -0.90	   0.08	1	  550.0	NaN	NaN	   27.2	 999.00	NaN	 999.00	  -0.74	   0.08	1	  467.0	NaN	NaN	   32.0	 999.00	NaN	 999.00	  -0.73	   0.08	0	    9.0	NaN	NaN	    8.2	  -0.13	NaN	   0.36	  -0.80	   0.08	TTCGGAAATAC_28/4	0	3.24	+
12:301954	  191.0	1	   40.0	NaN	NaN	   22.5	   2.43	NaN	   3.26	  -0.66	   0.20	1	   69.0	NaN	NaN	   24.2	  12.39	NaN	  13.11	  -0.84	   0.20	1	   70.0	NaN	NaN	   29.0	   9.26	NaN	  10.06	  -0.88	   0.20	0	   12.0	NaN	NaN	    8.9	  -0.03	NaN	   0.73	  -0.74	   0.20	CCGGAGAAAC_47/2	0	6.77	+
12:347403	 1774.7	1	  167.4	NaN	NaN	   33.7	  59.17	NaN	  60.40	  -0.91	   0.00	1	 1023.0	NaN	NaN	   45.7	 999.00	NaN	 999.00	  -0.72	   0.00	1	  570.3	NaN	NaN	   44.6	 999.00	NaN	 999.00	  -0.78	   0.00	0	   14.0	NaN	NaN	    9.3	   0.05	NaN	   1.04	  -0.54	   0.00	GAGAAAAA_4/0	0	1.44	+
12:369802	  489.7	1	   62.5	NaN	NaN	   22.8	  10.48	NaN	  11.44	  -0.82	   0.00	1	  239.2	NaN	NaN	   24.6	 144.55	NaN	 145.52	  -0.79	   0.00	1	  184.0	NaN	NaN	   31.3	  75.69	NaN	  76.70	  -0.74	   0.00	0	    4.0	NaN	NaN	    7.7	  -0.12	NaN	   0.02	  -1.24	   0.00	CCGGAAAAACT_56/5	0	6.71	+
12:546021	 1243.7	1	   89.4	NaN	NaN	   26.9	  20.13	NaN	  21.17	  -0.97	   0.00	1	  726.1	NaN	NaN	   28.8	 999.00	NaN	 999.00	  -0.70	   0.00	1	  417.6	NaN	NaN	   31.6	 301.50	NaN	 302.76	  -0.78	   0.00	0	   10.6	NaN	NaN	    8.6	  -0.08	NaN	   0.61	  -0.49	   0.00	ACACGGAAAAAT_47/5	0	5.31	+
12:596300	  125.0	0	   18.0	NaN	NaN	   28.1	  -0.03	NaN	   0.01	  -0.72	   0.00	1	   50.0	NaN	NaN	   25.8	   4.22	NaN	   4.80	  -0.83	   0.00	0	   50.0	NaN	NaN	   32.6	   1.90	NaN	   2.55	  -0.77	   0.00	0	    7.0	NaN	NaN	   10.1	  -0.16	NaN	   0.06	  -0.80	   0.00	CGGATAAACCG_36/3	0	4.54	+
12:697366	  109.8	0	   13.5	NaN	NaN	   23.8	  -0.03	NaN	   0.01	  -0.96	   0.00	1	   50.3	NaN	NaN	   27.2	   3.97	NaN	   4.53	  -0.73	   0.00	0	   43.9	NaN	NaN	   29.3	   1.55	NaN	   2.16	  -0.77	   0.00	0	    2.0	NaN	NaN	    9.3	  -0.04	NaN	   0.00	  -1.43	   0.00	GAAAAATT_7/3	0	1.34	+
12:744047	  123.0	0	   29.0	NaN	NaN	   22.9	   0.32	NaN	   0.90	  -0.61	   0.00	1	   47.0	NaN	NaN	   24.3	   3.97	NaN	   4.54	  -0.70	   0.00	0	   44.0	NaN	NaN	   36.1	   0.48	NaN	   0.96	  -0.77	   0.00	0	    3.0	NaN	NaN	   10.0	  -0.05	NaN	   0.00	  -1.49	   0.00	AAAAAAAT_14/4	0	1.84	+
12:768866	   98.2	0	   20.1	NaN	NaN	   21.7	  -0.01	NaN	   0.23	  -0.75	   0.00	1	   46.3	NaN	NaN	   24.2	   4.03	NaN	   4.60	  -0.76	   0.00	0	   30.7	NaN	NaN	   29.4	   0.11	NaN	   0.39	  -0.88	   0.00	0	    1.0	NaN	NaN	    7.8	  -0.03	NaN	   0.00	  -4.00	   0.00	GAAAAAAAA_19/8	0	1.74	+
12:778272	  111.0	0	   18.0	NaN	NaN	   22.1	  -0.05	NaN	   0.08	  -0.71	   0.00	1	   45.0	NaN	NaN	   25.3	   3.07	NaN	   3.60	  -0.72	   0.00	0	   43.0	NaN	NaN	   29.0	   1.44	NaN	   2.05	  -0.79	   0.00	0	    5.0	NaN	NaN	    7.7	  -0.15	NaN	   0.05	  -0.75	   0.00	CTCGGAAATA_7/2	0	1.47	+
13:85840	  133.9	0	   21.4	NaN	NaN	   24.0	  -0.03	NaN	   0.16	  -0.90	   0.00	1	   67.4	NaN	NaN	   29.5	   8.33	NaN	   9.01	  -0.92	   0.00	0	   45.2	NaN	NaN	   33.1	   1.13	NaN	   1.72	  -0.81	   0.00	0	    0.0	NaN	NaN	   10.0	  -0.01	NaN	   0.00	  -2.20	   0.00	AGCGGAAATA_6/1	0	1.50	+
13:254427	  132.4	0	   24.2	NaN	NaN	   24.5	   0.02	NaN	   0.32	  -0.89	   0.00	1	   58.0	NaN	NaN	   29.5	   5.02	NaN	   5.63	  -0.97	   0.00	0	   44.1	NaN	NaN	   32.4	   1.09	NaN	   1.67	  -1.04	   0.00	0	    6.1	NaN	NaN	    8.3	  -0.16	NaN	   0.14	  -1.70	   0.00	GAGAAAAG_3/0	0	1.33	+
13:270286	 1789.8	1	  261.7	NaN	NaN	   34.2	 132.97	NaN	 134.34	  -0.56	   0.00	1	  926.1	NaN	NaN	   36.3	 999.00	NaN	 999.00	  -0.51	   0.00	1	  602.1	NaN	NaN	   43.1	 999.00	NaN	 999.00	  -0.53	   0.00	0	    0.0	NaN	NaN	    9.4	  -0.01	NaN	   0.00	  -1.21	   0.00	AGNAAAANAA_5/0	0	1.55	+
13:270407	 7829.0	1	 1259.9	NaN	NaN	   34.0	 999.00	NaN	 999.00	  -0.64	   0.00	1	 4744.3	NaN	NaN	   36.3	 999.00	NaN	 999.00	  -0.54	   0.00	1	 1799.9	NaN	NaN	   43.6	 999.00	NaN	 999.00	  -0.57	   0.00	1	   24.9	NaN	NaN	    9.1	   2.73	NaN	   5.01	  -1.26	   0.00	CCGGAGAAAAG_31/0	0	5.14	+
13:270571	 1206.2	1	  192.4	NaN	NaN	   34.0	  76.69	NaN	  77.96	  -0.48	   0.00	1	  648.7	NaN	NaN	   34.5	 999.00	NaN	 999.00	  -0.40	   0.00	1	  362.1	NaN	NaN	   44.6	 192.66	NaN	 193.82	  -0.47	   0.00	0	    3.1	NaN	NaN	    8.9	  -0.10	NaN	   0.01	  -0.24	   0.00	CTGGAAAAATT_32/6	0	3.19	+
13:288960	  295.0	1	   48.1	NaN	NaN	   23.6	   4.63	NaN	   5.51	  -0.89	   0.00	1	  154.3	NaN	NaN	   29.5	  57.79	NaN	  58.63	  -0.82	   0.00	1	   82.0	NaN	NaN	   33.9	  10.89	NaN	  11.71	  -0.85	   0.00	0	   10.6	NaN	NaN	    8.1	  -0.02	NaN	   0.72	  -0.73	   0.00	GGAAAAAT_9/3	0	1.52	+
13:329990	  104.3	0	   28.7	NaN	NaN	   23.9	   0.22	NaN	   0.77	  -0.91	   0.00	1	   46.2	NaN	NaN	   29.5	   2.24	NaN	   2.74	  -1.02	   0.00	0	   26.5	NaN	NaN	   32.1	  -0.01	NaN	   0.08	  -0.83	   0.00	0	    3.0	NaN	NaN	    8.1	  -0.08	NaN	   0.01	  -0.60	   0.00	CCGGAGAAA_27/0	0	4.49	+
13:403116	  501.5	1	   64.2	NaN	NaN	   27.0	   8.41	NaN	   9.35	  -0.64	   0.00	1	  293.8	NaN	NaN	   35.1	 159.58	NaN	 160.56	  -0.63	   0.00	1	  139.4	NaN	NaN	   33.3	  41.47	NaN	  42.41	  -0.58	   0.00	0	    4.0	NaN	NaN	   10.7	  -0.07	NaN	   0.00	  -1.28	   0.00	GCGGGGAA_3/0	0	1.33	+
13:517889	  572.7	1	  102.9	NaN	NaN	   25.1	  29.61	NaN	  30.72	  -0.79	   0.00	1	  272.7	NaN	NaN	   31.3	 152.55	NaN	 153.52	  -0.66	   0.00	1	  194.2	NaN	NaN	   33.6	  79.30	NaN	  80.32	  -0.71	   0.00	0	    3.0	NaN	NaN	   12.3	  -0.03	NaN	   0.00	  -0.42	   0.00	AACGGAAAAACC_56/2	0	8.56	+
13:518196	  934.3	1	  175.1	NaN	NaN	   24.7	  84.72	NaN	  85.99	  -1.10	   0.00	1	  479.3	NaN	NaN	   30.4	 999.00	NaN	 999.00	  -0.77	   0.00	1	  278.8	NaN	NaN	   33.5	 150.79	NaN	 151.91	  -0.91	   0.00	0	    1.0	NaN	NaN	   12.5	  -0.01	NaN	   0.00	  -4.00	   0.00	AGCCGGAAAAACC_55/5	0	6.54	+
13:534577	  200.6	1	   47.3	NaN	NaN	   23.6	   4.32	NaN	   5.18	  -0.98	   0.00	1	   96.9	NaN	NaN	   29.5	  21.44	NaN	  22.20	  -0.93	   0.00	1	   52.5	NaN	NaN	   32.1	   2.65	NaN	   3.35	  -0.96	   0.00	0	    3.8	NaN	NaN	    8.1	  -0.11	NaN	   0.02	  -1.09	   0.00	ACGGAAAAAAAA_63/13	0	4.94	+
13:534737	  117.4	0	   10.7	NaN	NaN	   23.6	  -0.02	NaN	   0.00	  -0.58	   0.00	1	   68.1	NaN	NaN	   29.5	   8.70	NaN	   9.38	  -1.04	   0.00	0	   37.5	NaN	NaN	   32.1	   0.33	NaN	   0.77	  -0.79	   0.00	0	    1.2	NaN	NaN	    8.1	  -0.05	NaN	   0.00	   0.10	   0.00	GGAAAAAA_15/4	0	1.93	+
13:603062	  109.0	0	   21.0	NaN	NaN	   23.6	  -0.04	NaN	   0.14	  -0.76	   0.39	1	   52.0	NaN	NaN	   29.5	   3.39	NaN	   3.94	  -0.83	   0.39	0	   29.0	NaN	NaN	   32.1	   0.01	NaN	   0.14	  -0.82	   0.39	0	    7.0	NaN	NaN	    8.5	  -0.16	NaN	   0.13	  -0.37	   0.39	AAAAAAAA_14/5	0	1.70	+
13:630539	  565.7	1	   74.8	NaN	NaN	   24.5	  14.58	NaN	  15.60	  -1.06	   0.00	1	  319.9	NaN	NaN	   29.5	 205.70	NaN	 206.70	  -0.89	   0.00	1	  163.0	NaN	NaN	   36.0	  53.01	NaN	  53.98	  -1.05	   0.00	0	    8.0	NaN	NaN	    8.5	  -0.16	NaN	   0.22	  -1.07	   0.00	ATCGGAAAAACT_51/4	0	6.36	+
13:630744	  259.3	0	   31.2	NaN	NaN	   24.1	   0.50	NaN	   1.16	  -0.57	   0.00	1	  161.1	NaN	NaN	   29.5	  62.90	NaN	  63.75	  -0.65	   0.00	1	   67.0	NaN	NaN	   35.1	   5.21	NaN	   5.96	  -0.51	   0.00	0	    0.0	NaN	NaN	    8.6	  -0.02	NaN	   0.00	  -1.35	   0.00	TGCGGAAAAAT_42/6	0	4.30	+
13:751284	  108.7	0	   15.6	NaN	NaN	   24.0	  -0.03	NaN	   0.01	  -1.36	   0.00	1	   62.2	NaN	NaN	   29.5	   6.58	NaN	   7.24	  -1.00	   0.00	0	   31.0	NaN	NaN	   33.5	   0.01	NaN	   0.16	  -1.73	   0.00	0	    0.0	NaN	NaN	    8.4	  -0.02	NaN	   0.00	  -1.90	   0.00	CTCGGAAA_3/1	0	1.20	+
13:787781	  107.0	0	   24.0	NaN	NaN	   24.2	   0.00	NaN	   0.27	  -0.66	   0.00	1	   47.0	NaN	NaN	   29.5	   2.23	NaN	   2.74	  -0.77	   0.00	0	   30.0	NaN	NaN	   32.1	   0.01	NaN	   0.17	  -0.69	   0.00	0	    6.0	NaN	NaN	    8.3	  -0.15	NaN	   0.08	  -0.51	   0.00	GAAAAAAAA_19/8	0	1.74	+
13:828901	  147.7	0	   26.1	NaN	NaN	   25.8	   0.03	NaN	   0.36	  -0.04	   0.00	1	   62.7	NaN	NaN	   30.1	   6.30	NaN	   6.94	  -0.09	   0.00	1	   54.0	NaN	NaN	   33.0	   2.63	NaN	   3.32	  -0.12	   0.00	0	    4.9	NaN	NaN	   10.3	  -0.10	NaN	   0.01	  -0.19	   0.00	GTGCAAAA_3/0	0	1.33	+
13:829090	 2483.3	1	  349.9	NaN	NaN	   25.3	 258.66	NaN	 260.20	  -0.82	   0.00	1	 1283.3	NaN	NaN	   29.5	 999.00	NaN	 999.00	  -0.65	   0.00	1	  836.0	NaN	NaN	   32.4	 999.00	NaN	 999.00	  -0.74	   0.00	0	   14.1	NaN	NaN	   10.3	   0.05	NaN	   1.01	  -1.03	   0.00	CCGGAAAAACC_55/5	0	6.54	+
13:878278	  103.4	0	   15.4	NaN	NaN	   26.9	  -0.03	NaN	   0.00	  -1.07	   0.00	1	   46.5	NaN	NaN	   29.5	   2.23	NaN	   2.74	  -1.13	   0.00	0	   40.1	NaN	NaN	   32.6	   0.56	NaN	   1.06	  -1.12	   0.00	0	    1.4	NaN	NaN	    8.2	  -0.05	NaN	   0.00	  -1.18	   0.00	GAAAAAAAA_19/8	0	1.74	+
13:892609	  112.9	0	   25.1	NaN	NaN	   23.6	   0.06	NaN	   0.48	  -1.28	   0.00	1	   54.3	NaN	NaN	   29.5	   4.17	NaN	   4.75	  -0.89	   0.00	0	   32.5	NaN	NaN	   32.1	   0.08	NaN	   0.34	  -0.79	   0.00	0	    1.0	NaN	NaN	    9.0	  -0.02	NaN	   0.00	  -4.00	   0.00	CGGAACAAC_7/0	0	1.78	+
14:199966	 1418.0	1	  183.0	NaN	NaN	   26.5	  85.86	NaN	  87.14	  -0.82	   0.15	1	  712.0	NaN	NaN	   31.6	 999.00	NaN	 999.00	  -0.72	   0.15	1	  511.0	NaN	NaN	   39.1	 999.00	NaN	 999.00	  -0.70	   0.15	0	   12.0	NaN	NaN	    9.7	  -0.09	NaN	   0.57	  -0.86	   0.15	ATCGGAAAAACC_49/4	0	6.04	+
14:291312	 1306.3	1	  192.3	NaN	NaN	   23.3	 103.78	NaN	 105.09	  -0.81	   0.00	1	  786.3	NaN	NaN	   26.7	 999.00	NaN	 999.00	  -0.64	   0.00	1	  319.5	NaN	NaN	   33.0	 191.60	NaN	 192.76	  -0.79	   0.00	0	    8.2	NaN	NaN	    8.6	  -0.15	NaN	   0.30	  -0.98	   0.00	GGAACAAAA_17/1	0	2.74	+
14:291654	  466.7	1	   67.7	NaN	NaN	   21.9	  13.62	NaN	  14.62	  -0.80	   0.00	1	  291.7	NaN	NaN	   26.7	 188.90	NaN	 189.90	  -0.64	   0.00	1	  101.5	NaN	NaN	   33.4	  20.15	NaN	  21.04	  -0.77	   0.00	0	    5.8	NaN	NaN	    8.5	  -0.15	NaN	   0.07	  -1.14	   0.00	GAAAAACT_19/1	0	2.99	+
14:291860	  143.0	0	   30.0	NaN	NaN	   21.9	   0.57	NaN	   1.25	  -0.99	   0.00	1	   78.0	NaN	NaN	   26.7	  14.49	NaN	  15.21	  -0.87	   0.00	0	   35.0	NaN	NaN	   34.1	   0.08	NaN	   0.34	  -0.76	   0.00	0	    0.0	NaN	NaN	    8.6	  -0.00	NaN	  -0.00	  -4.00	   0.00	AAAAAAAT_14/4	0	1.84	+
14:395767	  148.2	0	   23.7	NaN	NaN	   23.4	   0.02	NaN	   0.32	  -1.26	   0.00	1	   71.9	NaN	NaN	   34.6	   7.08	NaN	   7.75	  -1.04	   0.00	1	   50.0	NaN	NaN	   31.7	   2.13	NaN	   2.80	  -0.83	   0.00	0	    2.6	NaN	NaN	    9.7	  -0.06	NaN	   0.00	  -2.06	   0.00	TCGGATAAA_7/0	0	1.78	+
14:490500	  136.0	0	   14.0	NaN	NaN	   24.3	  -0.03	NaN	   0.00	  -0.76	   0.00	1	   61.0	NaN	NaN	   28.3	   6.51	NaN	   7.16	  -0.94	   0.00	1	   55.0	NaN	NaN	   35.8	   2.09	NaN	   2.75	  -0.63	   0.00	0	    6.0	NaN	NaN	    8.5	  -0.15	NaN	   0.07	  -1.08	   0.00	AAAAAAAA_14/5	0	1.70	+
14:491028	  373.6	0	   20.5	NaN	NaN	   25.2	  -0.04	NaN	   0.08	  -1.37	   0.00	1	  235.3	NaN	NaN	   37.6	 102.68	NaN	 103.58	  -0.98	   0.00	1	  117.8	NaN	NaN	   48.1	  16.21	NaN	  17.07	  -1.16	   0.00	0	    0.0	NaN	NaN	    9.8	  -0.01	NaN	   0.00	  -0.97	   0.00	CACGGAAAAAT_47/5	0	5.31	+
14:492862	  255.3	0	   11.4	NaN	NaN	   26.5	  -0.01	NaN	   0.00	   0.04	   0.00	1	  162.0	NaN	NaN	   32.6	  57.97	NaN	  58.81	  -0.12	   0.00	1	   79.9	NaN	NaN	   40.0	   6.98	NaN	   7.75	  -0.04	   0.00	0	    1.9	NaN	NaN	    9.1	  -0.05	NaN	   0.00	  -0.85	   0.00	AGGAAAAAAAA_36/11	0	2.66	+
14:493071	 3510.7	1	  354.6	NaN	NaN	   27.7	 251.40	NaN	 252.91	  -0.80	   0.00	1	 2191.0	NaN	NaN	   32.4	 999.00	NaN	 999.00	  -0.55	   0.00	1	  960.1	NaN	NaN	   37.7	 999.00	NaN	 999.00	  -0.63	   0.00	0	    5.1	NaN	NaN	    9.0	  -0.15	NaN	   0.05	  -1.33	   0.00	CGGAACAAA_12/0	0	2.39	+
14:537239	  829.3	1	   68.1	NaN	NaN	   22.0	  13.98	NaN	  15.00	  -0.92	   0.00	1	  353.4	NaN	NaN	   26.7	 256.01	NaN	 257.06	  -0.83	   0.00	1	  392.9	NaN	NaN	   29.7	 283.57	NaN	 284.83	  -0.75	   0.00	0	   15.0	NaN	NaN	    8.5	   0.33	NaN	   1.87	  -1.17	   0.00	CNGNAAAAAA_4/0	0	1.44	+
14:621110	  127.2	0	   26.6	NaN	NaN	   23.8	   0.09	NaN	   0.55	  -0.74	   0.00	1	   55.2	NaN	NaN	   30.0	   4.28	NaN	   4.86	  -0.90	   0.00	0	   35.7	NaN	NaN	   31.9	   0.21	NaN	   0.59	  -1.02	   0.00	0	    9.7	NaN	NaN	   10.9	  -0.17	NaN	   0.19	  -0.90	   0.00	GCGGAAAAAAA_60/10	0	5.38	+
14:621478	  126.8	0	   20.4	NaN	NaN	   24.2	  -0.05	NaN	   0.11	  -1.15	   0.00	1	   58.8	NaN	NaN	   29.8	   5.20	NaN	   5.82	  -1.04	   0.00	0	   42.3	NaN	NaN	   33.1	   0.71	NaN	   1.25	  -1.07	   0.00	0	    5.3	NaN	NaN	   10.7	  -0.12	NaN	   0.02	  -1.23	   0.00	GGAAAAATT_13/4	0	1.75	+
14:641972	  305.0	0	   15.0	NaN	NaN	   21.9	  -0.03	NaN	   0.02	  -0.76	   0.00	1	  207.3	NaN	NaN	   26.7	 107.45	NaN	 108.36	  -0.69	   0.00	1	   80.7	NaN	NaN	   29.7	  13.35	NaN	  14.19	  -0.75	   0.00	0	    2.0	NaN	NaN	    7.9	  -0.06	NaN	   0.00	  -2.51	   0.00	AGNAAAANAA_5/0	0	1.55	+
14:654864	  124.7	0	   12.8	NaN	NaN	   26.1	  -0.02	NaN	   0.00	  -1.38	   0.00	1	   62.8	NaN	NaN	   29.0	   6.87	NaN	   7.53	  -1.04	   0.00	1	   49.1	NaN	NaN	   31.0	   2.31	NaN	   2.99	  -1.16	   0.00	0	    0.0	NaN	NaN	    9.3	  -0.02	NaN	   0.00	  -4.00	   0.00	ACCGGAAAAATT_52/10	0	4.39	+
14:757550	  113.1	0	   14.7	NaN	NaN	   22.9	  -0.03	NaN	   0.01	  -0.91	   0.00	1	   48.1	NaN	NaN	   26.7	   3.62	NaN	   4.17	  -0.88	   0.00	0	   43.8	NaN	NaN	   29.7	   1.48	NaN	   2.09	  -0.77	   0.00	0	    6.3	NaN	NaN	    8.6	  -0.16	NaN	   0.12	  -1.30	   0.00	AGCGGAAA_3/1	0	1.20	+
15:24647	 1944.0	1	  290.9	NaN	NaN	   22.8	 205.63	NaN	 207.08	  -0.87	   0.00	1	 1184.5	NaN	NaN	   28.3	 999.00	NaN	 999.00	  -0.60	   0.00	1	  455.2	NaN	NaN	   31.2	 999.00	NaN	 999.00	  -0.80	   0.00	0	   13.4	NaN	NaN	    8.0	   0.22	NaN	   1.46	  -0.72	   0.00	CGGAGAAAT_26/1	0	3.92	+
15:43511	  251.0	0	   38.0	NaN	NaN	   22.8	   1.85	NaN	   2.66	  -0.84	   0.02	1	  130.0	NaN	NaN	   28.3	  42.61	NaN	  43.43	  -0.83	   0.02	1	   76.0	NaN	NaN	   31.2	  10.24	NaN	  11.05	  -0.81	   0.02	0	    7.0	NaN	NaN	    8.0	  -0.17	NaN	   0.16	  -1.01	   0.02	CCGTGGAAAAAAAG_33/9	0	2.72	+
15:69148	 1053.0	1	   91.0	NaN	NaN	   24.4	  23.38	NaN	  24.45	  -0.82	   0.16	1	  686.0	NaN	NaN	   29.4	 999.00	NaN	 999.00	  -0.70	   0.16	1	  268.0	NaN	NaN	   34.4	 137.94	NaN	 139.04	  -0.83	   0.16	0	    8.0	NaN	NaN	    8.1	  -0.15	NaN	   0.26	  -0.66	   0.16	CTCGGAAATAC_30/5	0	3.21	+
15:83147	  112.4	0	   15.6	NaN	NaN	   22.8	  -0.04	NaN	   0.03	  -1.37	   0.00	1	   55.0	NaN	NaN	   30.2	   3.93	NaN	   4.50	  -1.23	   0.00	0	   41.8	NaN	NaN	   31.2	   0.87	NaN	   1.43	  -1.42	   0.00	0	    0.0	NaN	NaN	    9.1	  -0.02	NaN	   0.00	  -0.58	   0.00	AGGAAAAAAA_28/7	0	2.61	+
15:235323	  116.0	0	   24.0	NaN	NaN	   24.8	  -0.02	NaN	   0.23	  -0.88	   0.00	0	   21.0	NaN	NaN	   28.3	  -0.06	NaN	   0.03	  -0.92	   0.00	1	   65.0	NaN	NaN	   31.8	   6.04	NaN	   6.80	  -0.87	   0.00	0	    6.0	NaN	NaN	    8.4	  -0.15	NaN	   0.08	  -1.06	   0.00	AGGAAAAAAAG_30/7	0	2.79	+
15:236891	  922.5	1	   59.5	NaN	NaN	   24.5	   8.09	NaN	   9.02	  -0.90	   0.00	1	  529.0	NaN	NaN	   28.3	 999.00	NaN	 999.00	  -0.80	   0.00	1	  330.9	NaN	NaN	   31.2	 209.80	NaN	 211.01	  -0.78	   0.00	0	    3.1	NaN	NaN	    9.2	  -0.09	NaN	   0.01	  -1.58	   0.00	--------	-1	0.00	*
15:384619	  297.2	1	   73.8	NaN	NaN	   25.6	  13.25	NaN	  14.24	  -0.91	   0.00	1	  165.3	NaN	NaN	   29.4	  66.11	NaN	  66.97	  -0.93	   0.00	1	   57.4	NaN	NaN	   34.0	   3.24	NaN	   3.96	  -1.05	   0.00	0	    0.7	NaN	NaN	    8.5	  -0.02	NaN	   0.00	  -4.00	   0.00	AGCGGAAATAC_30/4	0	3.46	+
15:384911	  105.2	0	   22.7	NaN	NaN	   24.3	  -0.03	NaN	   0.20	  -0.97	   0.00	1	   51.6	NaN	NaN	   28.3	   3.84	NaN	   4.40	  -1.10	   0.00	0	   30.9	NaN	NaN	   33.8	   0.01	NaN	   0.15	  -0.90	   0.00	0	    0.0	NaN	NaN	    8.5	  -0.02	NaN	   0.00	  -4.00	   0.00	GAGAAAAG_3/0	0	1.33	+
15:385250	  341.8	1	   57.3	NaN	NaN	   24.1	   7.55	NaN	   8.46	  -0.88	   0.00	1	  119.4	NaN	NaN	   28.3	  36.15	NaN	  36.96	  -0.93	   0.00	1	  160.1	NaN	NaN	   34.7	  52.97	NaN	  53.93	  -0.89	   0.00	0	    5.0	NaN	NaN	    8.5	  -0.13	NaN	   0.03	  -0.79	   0.00	TCGGAGAAAC_42/2	0	5.89	+
15:417612	  171.3	0	   39.2	NaN	NaN	   29.2	   0.77	NaN	   1.48	   0.21	   0.00	1	   65.5	NaN	NaN	   32.9	   5.96	NaN	   6.59	   0.31	   0.00	1	   64.3	NaN	NaN	   38.0	   3.64	NaN	   4.37	   0.21	   0.00	0	    2.2	NaN	NaN	    8.0	  -0.08	NaN	   0.01	   0.05	   0.00	GTGCAAAA_3/0	0	1.33	+
15:417870	 3661.7	1	  548.8	NaN	NaN	   28.3	 999.00	NaN	 999.00	  -0.68	   0.00	1	 1939.5	NaN	NaN	   33.1	 999.00	NaN	 999.00	  -0.58	   0.00	1	 1161.7	NaN	NaN	   39.0	 999.00	NaN	 999.00	  -0.64	   0.00	0	   11.8	NaN	NaN	    8.0	   0.05	NaN	   0.94	  -0.88	   0.00	GGAAAAAA_15/4	0	1.93	+
15:424143	  702.2	0	   33.8	NaN	NaN	   25.3	   0.58	NaN	   1.25	  -0.88	   0.00	1	  503.3	NaN	NaN	   31.3	 999.00	NaN	 999.00	  -0.75	   0.00	1	  162.8	NaN	NaN	   35.4	  53.28	NaN	  54.25	  -1.04	   0.00	0	    2.3	NaN	NaN	    9.8	  -0.06	NaN	   0.00	  -1.00	   0.00	TGCGGAAAAATT_45/7	0	4.37	+
15:424390	  361.8	0	   32.2	NaN	NaN	   25.0	   0.49	NaN	   1.14	  -1.08	   0.00	1	  232.7	NaN	NaN	   31.5	 115.70	NaN	 116.64	  -0.78	   0.00	1	   91.2	NaN	NaN	   36.2	  13.35	NaN	  14.20	  -0.93	   0.00	0	    5.7	NaN	NaN	   10.8	  -0.12	NaN	   0.02	  -0.98	   0.00	GCGGAAAAA_38/3	0	4.82	+
15:426208	 1063.2	1	  109.0	NaN	NaN	   28.1	  29.95	NaN	  31.06	  -0.96	   0.00	1	  606.9	NaN	NaN	   34.9	 999.00	NaN	 999.00	  -0.73	   0.00	1	  341.3	NaN	NaN	   36.5	 199.97	NaN	 201.15	  -0.86	   0.00	0	    5.9	NaN	NaN	    9.0	  -0.15	NaN	   0.05	  -0.54	   0.00	AGCGGAAAAACAA_57/5	0	6.89	+
15:443760	 4620.0	1	  602.0	NaN	NaN	   29.9	 999.00	NaN	 999.00	  -0.72	   0.09	1	 2517.0	NaN	NaN	   47.4	 999.00	NaN	 999.00	  -0.63	   0.09	1	 1485.0	NaN	NaN	   48.1	 999.00	NaN	 999.00	  -0.66	   0.09	0	   16.0	NaN	NaN	    9.7	   0.23	NaN	   1.41	  -0.73	   0.09	ACGGAAAAACTA_62/2	0	9.96	+
15:520486	  161.7	0	   32.2	NaN	NaN	   22.8	   0.85	NaN	   1.59	  -0.80	   0.00	1	   66.1	NaN	NaN	   28.3	   8.69	NaN	   9.38	  -0.95	   0.00	1	   57.2	NaN	NaN	   31.2	   4.21	NaN	   4.95	  -0.84	   0.00	0	    6.1	NaN	NaN	    8.0	  -0.16	NaN	   0.16	  -1.19	   0.00	GAGAAATT_2/0	0	1.22	+
15:586423	  121.9	0	   17.7	NaN	NaN	   22.8	  -0.05	NaN	   0.06	  -0.89	   0.00	1	   47.5	NaN	NaN	   28.3	   2.83	NaN	   3.35	  -0.88	   0.00	0	   46.9	NaN	NaN	   31.2	   1.68	NaN	   2.31	  -0.98	   0.00	0	    9.8	NaN	NaN	    8.0	  -0.09	NaN	   0.54	  -0.49	   0.00	GCCGGAAAAACA_60/6	0	6.92	+
15:665442	   94.6	0	   14.2	NaN	NaN	   22.8	  -0.03	NaN	   0.02	  -0.75	   0.00	1	   58.2	NaN	NaN	   28.3	   5.89	NaN	   6.52	  -0.84	   0.00	0	   21.2	NaN	NaN	   31.2	  -0.02	NaN	   0.02	  -0.76	   0.00	0	    1.1	NaN	NaN	    8.1	  -0.05	NaN	   0.00	   0.21	   0.00	AAAAAAAA_14/5	0	1.70	+
15:665685	  161.4	0	   22.8	NaN	NaN	   22.8	   0.01	NaN	   0.29	  -1.01	   0.00	1	   92.8	NaN	NaN	   28.3	  20.62	NaN	  21.38	  -1.12	   0.00	0	   36.8	NaN	NaN	   31.2	   0.33	NaN	   0.77	  -1.00	   0.00	0	    8.9	NaN	NaN	    8.3	  -0.14	NaN	   0.34	  -0.74	   0.00	CTCGGAAA_3/1	0	1.20	+
15:668219	  142.6	0	   23.7	NaN	NaN	   22.8	   0.03	NaN	   0.37	  -0.76	   0.00	1	   70.9	NaN	NaN	   28.3	  10.26	NaN	  10.95	  -0.99	   0.00	0	   43.0	NaN	NaN	   31.2	   1.16	NaN	   1.76	  -0.87	   0.00	0	    4.9	NaN	NaN	    9.0	  -0.13	NaN	   0.03	  -0.71	   0.00	CGGATAAA_6/0	0	1.67	+
15:820062	  323.3	0	   32.0	NaN	NaN	   22.8	   0.86	NaN	   1.59	  -0.82	   0.00	1	  178.7	NaN	NaN	   28.3	  78.68	NaN	  79.56	  -0.73	   0.00	1	  112.6	NaN	NaN	   31.2	  28.16	NaN	  29.07	  -0.87	   0.00	0	    0.0	NaN	NaN	    8.0	  -0.03	NaN	   0.00	  -4.00	   0.00	TCGGATAAACCG_38/3	0	4.82	+
15:820202	  497.7	1	   57.0	NaN	NaN	   22.8	   7.98	NaN	   8.91	  -1.03	   0.00	1	  338.3	NaN	NaN	   28.3	 231.47	NaN	 232.49	  -0.80	   0.00	1	   99.4	NaN	NaN	   31.2	  21.22	NaN	  22.12	  -0.97	   0.00	0	    3.0	NaN	NaN	    8.0	  -0.08	NaN	   0.01	  -1.21	   0.00	AGCCGGAAAAAA_61/9	0	5.85	+
15:831170	   98.5	0	   28.2	NaN	NaN	   22.8	   0.32	NaN	   0.93	  -0.87	   0.00	1	   45.5	NaN	NaN	   28.3	   2.36	NaN	   2.88	  -0.97	   0.00	0	   21.5	NaN	NaN	   31.2	  -0.02	NaN	   0.02	  -1.11	   0.00	0	    3.4	NaN	NaN	   12.0	  -0.05	NaN	   0.00	  -0.89	   0.00	CGGAAATA_4/1	0	1.30	+
15:886618	  138.8	0	   28.0	NaN	NaN	   22.8	   0.33	NaN	   0.93	  -1.20	   0.00	1	   50.9	NaN	NaN	   28.3	   3.57	NaN	   4.12	  -0.94	   0.00	0	   49.4	NaN	NaN	   33.9	   1.63	NaN	   2.25	  -0.99	   0.00	0	   10.4	NaN	NaN	    9.3	  -0.10	NaN	   0.48	  -1.16	   0.00	GCGGAAAAACT_50/3	0	6.72	+
15:902943	  128.0	0	   34.0	NaN	NaN	   25.1	   0.59	NaN	   1.28	  -0.70	   0.00	1	   51.0	NaN	NaN	   28.3	   3.57	NaN	   4.12	  -0.67	   0.00	0	   33.0	NaN	NaN	   31.2	   0.11	NaN	   0.40	  -0.86	   0.00	0	   10.0	NaN	NaN	    8.7	  -0.13	NaN	   0.43	  -0.68	   0.00	GAGAAAAGA_5/0	0	1.55	+
15:973101	  465.1	1	   69.1	NaN	NaN	   22.8	  13.76	NaN	  14.77	  -0.93	   0.00	1	  236.1	NaN	NaN	   30.4	 122.37	NaN	 123.31	  -0.82	   0.00	1	  155.9	NaN	NaN	   31.2	  55.37	NaN	  56.36	  -0.86	   0.00	0	    4.0	NaN	NaN	   10.0	  -0.08	NaN	   0.00	  -0.71	   0.00	CCGGAAAA_14/3	0	1.99	+
15:1001257	  336.7	0	   26.2	NaN	NaN	   26.1	   0.03	NaN	   0.34	  -0.93	   0.00	1	  211.2	NaN	NaN	   28.3	 106.39	NaN	 107.30	  -0.91	   0.00	1	   95.8	NaN	NaN	   34.4	  16.54	NaN	  17.41	  -0.88	   0.00	0	    3.5	NaN	NaN	   10.4	  -0.07	NaN	   0.00	  -0.82	   0.00	TCGGATAAAC_36/3	0	4.54	+
15:1080491	  132.7	0	   36.2	NaN	NaN	   22.8	   1.63	NaN	   2.42	  -0.71	   0.00	0	   32.0	NaN	NaN	   28.3	   0.35	NaN	   0.68	  -0.62	   0.00	1	   55.2	NaN	NaN	   31.2	   3.67	NaN	   4.40	  -0.74	   0.00	0	    9.2	NaN	NaN	    8.0	  -0.08	NaN	   0.54	  -0.94	   0.00	ATGCAAAA_3/0	0	1.33	+
16:223375	   99.0	0	   18.0	NaN	NaN	   22.2	  -0.05	NaN	   0.08	  -0.71	   0.00	1	   46.0	NaN	NaN	   25.7	   3.19	NaN	   3.73	  -0.71	   0.00	0	   33.0	NaN	NaN	   30.4	   0.14	NaN	   0.47	  -0.77	   0.00	0	    2.0	NaN	NaN	    8.5	  -0.05	NaN	   0.00	  -1.24	   0.00	AGAGAAAA_4/1	0	1.30	+
16:458980	  174.0	0	   28.0	NaN	NaN	   25.7	   0.05	NaN	   0.46	  -1.06	   0.00	1	   66.4	NaN	NaN	   26.8	   9.63	NaN	  10.32	  -0.94	   0.00	1	   75.7	NaN	NaN	   31.2	  10.23	NaN	  11.04	  -0.85	   0.00	0	    3.9	NaN	NaN	   10.8	  -0.07	NaN	   0.00	  -0.75	   0.00	ACGGAAAAAAA_62/9	0	6.00	+
16:510720	 3046.0	1	  381.0	NaN	NaN	   33.0	 253.94	NaN	 255.46	  -0.71	   0.03	1	 1564.0	NaN	NaN	   41.7	 999.00	NaN	 999.00	  -0.62	   0.03	1	 1090.0	NaN	NaN	   49.0	 999.00	NaN	 999.00	  -0.65	   0.03	0	   11.0	NaN	NaN	    8.7	  -0.08	NaN	   0.59	  -1.05	   0.03	--------	-1	0.00	*
16:511110	 5189.0	1	  842.0	NaN	NaN	   32.1	 999.00	NaN	 999.00	  -0.64	   0.15	1	 2460.0	NaN	NaN	   42.3	 999.00	NaN	 999.00	  -0.57	   0.15	1	 1878.0	NaN	NaN	   48.7	 999.00	NaN	 999.00	  -0.55	   0.15	0	    9.0	NaN	NaN	    9.1	  -0.15	NaN	   0.25	  -0.87	   0.15	TCCGGAAATAC_28/5	0	3.00	+
16:649593	  616.9	1	   94.7	NaN	NaN	   24.4	  25.65	NaN	  26.75	  -1.05	   0.00	1	  277.7	NaN	NaN	   25.7	 178.71	NaN	 179.70	  -0.83	   0.00	1	  230.6	NaN	NaN	   31.1	 114.75	NaN	 115.81	  -0.86	   0.00	0	   13.9	NaN	NaN	   10.5	  -0.02	NaN	   0.75	  -1.19	   0.00	ATCGGAAAAACA_57/5	0	6.89	+
16:687228	  105.3	0	   30.7	NaN	NaN	   22.2	   0.65	NaN	   1.35	  -1.03	   0.00	1	   44.8	NaN	NaN	   25.7	   2.93	NaN	   3.46	  -0.81	   0.00	0	   27.8	NaN	NaN	   30.4	   0.01	NaN	   0.16	  -0.70	   0.00	0	    2.0	NaN	NaN	    9.2	  -0.05	NaN	   0.00	  -1.62	   0.00	AGGAAAAAAAA_36/11	0	2.66	+
16:775732	  122.9	0	   20.2	NaN	NaN	   24.3	  -0.05	NaN	   0.11	  -0.85	   0.00	1	   49.6	NaN	NaN	   25.7	   4.28	NaN	   4.87	  -0.85	   0.00	0	   44.9	NaN	NaN	   30.4	   1.50	NaN	   2.11	  -0.90	   0.00	0	    8.2	NaN	NaN	   10.0	  -0.17	NaN	   0.17	  -1.14	   0.00	ACCGGAAAAACTA_60/6	0	6.92	+
16:836991	  159.4	0	   23.5	NaN	NaN	   23.3	   0.02	NaN	   0.33	  -0.83	   0.00	1	   77.1	NaN	NaN	   32.0	  10.63	NaN	  11.33	  -1.03	   0.00	1	   53.5	NaN	NaN	   32.2	   2.86	NaN	   3.56	  -1.06	   0.00	0	    5.4	NaN	NaN	   10.8	  -0.12	NaN	   0.02	  -0.80	   0.00	CGGAACAAA_12/0	0	2.39	+
16:837240	  124.6	0	   25.5	NaN	NaN	   23.0	   0.09	NaN	   0.53	  -0.94	   0.00	1	   59.9	NaN	NaN	   31.8	   4.67	NaN	   5.26	  -0.76	   0.00	0	   35.5	NaN	NaN	   32.8	   0.16	NaN	   0.50	  -0.73	   0.00	0	    3.6	NaN	NaN	   10.3	  -0.07	NaN	   0.00	  -2.20	   0.00	AACAAAAG_3/0	0	1.33	+
16:848947	  298.9	1	   45.8	NaN	NaN	   22.3	   4.29	NaN	   5.15	  -1.03	   0.00	1	  158.7	NaN	NaN	   25.7	  68.68	NaN	  69.54	  -0.88	   0.00	1	   90.0	NaN	NaN	   30.4	  17.03	NaN	  17.91	  -0.92	   0.00	0	    4.5	NaN	NaN	    9.3	  -0.12	NaN	   0.02	  -0.69	   0.00	CTCGGAAAAAT_43/7	0	4.14	+
2:165402	  176.0	0	   32.0	NaN	NaN	   22.1	   0.82	NaN	   1.55	  -0.75	   0.00	1	   88.0	NaN	NaN	   27.0	  19.24	NaN	  19.99	  -0.72	   0.00	1	   55.0	NaN	NaN	   33.5	   2.70	NaN	   3.40	  -0.67	   0.00	0	    1.0	NaN	NaN	    8.3	  -0.03	NaN	   0.00	  -4.00	   0.00	GCGGAAAA_5/1	0	1.40	+
2:237160	  143.3	0	   26.0	NaN	NaN	   21.9	   0.24	NaN	   0.80	  -0.70	   0.00	1	   63.2	NaN	NaN	   25.0	   9.59	NaN	  10.28	  -1.16	   0.00	1	   50.0	NaN	NaN	   31.3	   2.45	NaN	   3.13	  -0.90	   0.00	0	    4.0	NaN	NaN	    9.4	  -0.09	NaN	   0.01	  -0.55	   0.00	CTCGGAAAAATT_46/8	0	4.22	+
2:313855	  393.2	1	   48.8	NaN	NaN	   22.5	   5.17	NaN	   6.06	  -1.06	   0.00	1	  191.4	NaN	NaN	   30.8	  83.13	NaN	  84.01	  -0.86	   0.00	1	  143.8	NaN	NaN	   35.1	  41.49	NaN	  42.44	  -0.92	   0.00	0	    9.3	NaN	NaN	    9.8	  -0.16	NaN	   0.29	  -0.76	   0.00	TTCGGAAAAACT_51/4	0	6.36	+
2:328422	  115.1	0	   16.8	NaN	NaN	   24.8	  -0.03	NaN	   0.02	  -0.81	   0.00	1	   67.4	NaN	NaN	   33.1	   6.51	NaN	   7.16	  -1.01	   0.00	0	   25.9	NaN	NaN	   35.3	  -0.02	NaN	   0.02	  -0.72	   0.00	0	    5.0	NaN	NaN	    8.8	  -0.13	NaN	   0.03	  -0.73	   0.00	TCGGATAAAC_36/3	0	4.54	+
2:331553	  304.8	1	   57.6	NaN	NaN	   23.8	   7.72	NaN	   8.64	  -0.92	   0.00	1	  141.6	NaN	NaN	   31.9	  44.92	NaN	  45.75	  -0.79	   0.00	1	  100.5	NaN	NaN	   37.3	  16.56	NaN	  17.44	  -0.81	   0.00	0	    5.1	NaN	NaN	    9.9	  -0.13	NaN	   0.03	  -0.60	   0.00	ACCGGAAAAACC_55/6	0	6.09	+
2:331898	  119.2	0	   20.4	NaN	NaN	   24.0	  -0.05	NaN	   0.12	  -1.02	   0.00	1	   62.4	NaN	NaN	   30.5	   6.11	NaN	   6.75	  -0.77	   0.00	0	   31.5	NaN	NaN	   38.4	  -0.01	NaN	   0.06	  -0.92	   0.00	0	    4.9	NaN	NaN	   10.5	  -0.09	NaN	   0.01	  -1.19	   0.00	TGGAAAAAAAG_30/9	0	2.46	+
2:332053	  113.4	0	   19.6	NaN	NaN	   22.9	  -0.05	NaN	   0.12	  -0.66	   0.00	1	   59.4	NaN	NaN	   31.0	   5.00	NaN	   5.61	  -0.98	   0.00	0	   33.3	NaN	NaN	   39.1	  -0.00	NaN	   0.09	  -0.84	   0.00	0	    1.1	NaN	NaN	   10.8	  -0.02	NaN	   0.00	  -1.43	   0.00	CCGGAGAAAAG_31/0	0	5.14	+
2:362770	  303.4	0	   34.1	NaN	NaN	   27.1	   0.46	NaN	   1.10	  -1.00	   0.00	1	  185.2	NaN	NaN	   28.5	  83.83	NaN	  84.72	  -0.91	   0.00	1	   77.7	NaN	NaN	   36.9	   7.81	NaN	   8.59	  -0.94	   0.00	0	    6.4	NaN	NaN	    8.0	  -0.17	NaN	   0.16	  -0.56	   0.00	ATCGGAAAA_10/4	0	1.49	+
2:397022	  222.6	0	   34.8	NaN	NaN	   24.7	   0.82	NaN	   1.54	  -1.01	   0.00	1	  107.9	NaN	NaN	   27.4	  30.00	NaN	  30.78	  -1.11	   0.00	1	   74.8	NaN	NaN	   37.5	   6.57	NaN	   7.34	  -0.93	   0.00	0	    5.0	NaN	NaN	   11.1	  -0.09	NaN	   0.01	  -0.37	   0.00	TGCGGAAAAACC_49/3	0	6.55	+
2:440038	  594.6	1	   60.1	NaN	NaN	   24.4	   8.50	NaN	   9.44	  -0.99	   0.00	1	  370.5	NaN	NaN	   28.2	 266.69	NaN	 267.75	  -0.57	   0.00	1	  157.2	NaN	NaN	   35.9	  49.21	NaN	  50.17	  -0.71	   0.00	0	    6.7	NaN	NaN	    9.5	  -0.15	NaN	   0.08	  -1.34	   0.00	GAAAAAAAA_19/8	0	1.74	+
2:440081	 1681.2	1	   61.6	NaN	NaN	   24.4	   8.89	NaN	   9.85	  -1.13	   0.00	1	 1174.0	NaN	NaN	   27.9	 999.00	NaN	 999.00	  -0.61	   0.00	1	  445.6	NaN	NaN	   35.9	 310.43	NaN	 311.70	  -0.77	   0.00	0	    0.0	NaN	NaN	    9.8	  -0.01	NaN	   0.00	  -1.48	   0.00	--------	-1	0.00	*
2:454867	  125.5	0	   28.2	NaN	NaN	   24.3	   0.18	NaN	   0.71	  -1.08	   0.00	1	   56.4	NaN	NaN	   28.7	   5.08	NaN	   5.69	  -0.95	   0.00	0	   35.8	NaN	NaN	   29.8	   0.37	NaN	   0.83	  -0.82	   0.00	0	    5.0	NaN	NaN	    8.0	  -0.14	NaN	   0.04	  -0.64	   0.00	AAAAAAAT_14/4	0	1.84	+
2:583543	  346.1	1	   49.8	NaN	NaN	   24.4	   4.54	NaN	   5.41	  -0.82	   0.00	1	  163.9	NaN	NaN	   26.0	  72.00	NaN	  72.86	  -0.93	   0.00	1	  125.8	NaN	NaN	   32.1	  34.57	NaN	  35.50	  -0.88	   0.00	0	    6.7	NaN	NaN	    9.5	  -0.15	NaN	   0.08	  -0.46	   0.00	ATCGGAAAATAT_12/4	0	1.66	+
2:616373	  915.5	1	  146.9	NaN	NaN	   27.0	  56.29	NaN	  57.52	  -0.97	   0.00	1	  494.1	NaN	NaN	   25.0	 999.00	NaN	 999.00	  -0.80	   0.00	1	  274.5	NaN	NaN	   29.3	 161.15	NaN	 162.28	  -0.81	   0.00	0	    0.0	NaN	NaN	    8.0	  -0.03	NaN	   0.00	  -0.61	   0.00	--------	-1	0.00	*
2:691289	  266.5	1	   44.8	NaN	NaN	   21.8	   4.18	NaN	   5.04	  -0.86	   0.00	1	  116.6	NaN	NaN	   25.0	  39.07	NaN	  39.88	  -0.86	   0.00	1	   99.3	NaN	NaN	   29.3	  23.09	NaN	  23.99	  -0.78	   0.00	0	    5.8	NaN	NaN	    8.2	  -0.16	NaN	   0.08	  -0.72	   0.00	ACACGGAAAAACAA_64/3	0	9.59	+
2:793809	   98.7	0	   11.8	NaN	NaN	   21.8	  -0.02	NaN	   0.00	  -0.86	   0.00	1	   47.7	NaN	NaN	   25.0	   3.97	NaN	   4.54	  -0.64	   0.00	0	   35.4	NaN	NaN	   29.3	   0.42	NaN	   0.89	  -0.80	   0.00	0	    3.7	NaN	NaN	    8.0	  -0.12	NaN	   0.02	  -0.97	   0.00	GGAAAAACC_28/2	0	3.83	+
3:80472	   90.0	0	   15.0	NaN	NaN	   19.2	  -0.05	NaN	   0.06	  -0.55	   0.00	0	   23.0	NaN	NaN	   21.4	   0.13	NaN	   0.41	  -0.67	   0.00	1	   44.0	NaN	NaN	   26.3	   2.32	NaN	   3.00	  -0.59	   0.00	0	    8.0	NaN	NaN	    7.0	  -0.14	NaN	   0.39	  -1.11	   0.00	GAAAAAAA_14/4	0	1.84	+
3:138766	   97.0	0	   10.1	NaN	NaN	   23.8	  -0.02	NaN	   0.00	  -1.11	   0.00	1	   51.9	NaN	NaN	   25.4	   5.00	NaN	   5.61	  -0.94	   0.00	0	   33.8	NaN	NaN	   32.6	   0.10	NaN	   0.37	  -0.98	   0.00	0	    1.2	NaN	NaN	   10.0	  -0.04	NaN	   0.00	  -3.89	   0.00	CCGTGGAA_2/0	0	1.22	+
3:321445	  153.7	0	   19.5	NaN	NaN	   19.2	   0.02	NaN	   0.34	  -0.91	   0.00	1	   71.3	NaN	NaN	   21.4	  16.55	NaN	  17.29	  -0.94	   0.00	1	   62.9	NaN	NaN	   27.4	   7.58	NaN	   8.36	  -0.88	   0.00	0	    0.0	NaN	NaN	    7.0	  -0.04	NaN	   0.00	  -1.40	   0.00	AGCGGAAA_3/1	0	1.20	+
3:321485	  141.8	0	   20.6	NaN	NaN	   19.2	   0.05	NaN	   0.43	  -0.91	   0.00	1	   48.6	NaN	NaN	   21.4	   6.01	NaN	   6.65	  -0.95	   0.00	1	   66.7	NaN	NaN	   27.0	   9.36	NaN	  10.16	  -0.94	   0.00	0	    5.9	NaN	NaN	    7.0	  -0.16	NaN	   0.15	  -1.29	   0.00	GAAAAACC_7/0	0	1.78	+
3:326770	  825.0	1	   61.3	NaN	NaN	   19.2	  13.09	NaN	  14.07	  -1.05	   0.00	1	  474.7	NaN	NaN	   21.4	 999.00	NaN	 999.00	  -0.73	   0.00	1	  280.0	NaN	NaN	   26.3	 177.87	NaN	 179.01	  -0.78	   0.00	0	    9.0	NaN	NaN	    7.0	  -0.09	NaN	   0.57	  -0.88	   0.00	TCGGAGAAAT_27/1	0	4.06	+
3:326850	  529.0	1	   52.7	NaN	NaN	   19.2	   8.78	NaN	   9.73	  -0.82	   0.00	1	  287.3	NaN	NaN	   21.4	 209.95	NaN	 210.97	  -0.68	   0.00	1	  189.0	NaN	NaN	   26.3	  92.56	NaN	  93.58	  -0.74	   0.00	0	    0.0	NaN	NaN	    7.0	  -0.04	NaN	   0.00	  -0.71	   0.00	GAGAAAAT_4/0	0	1.44	+
3:327300	   93.0	0	   13.0	NaN	NaN	   19.2	  -0.04	NaN	   0.02	  -0.80	   0.00	1	   41.0	NaN	NaN	   21.4	   3.42	NaN	   3.97	  -0.76	   0.00	0	   34.0	NaN	NaN	   26.3	   0.57	NaN	   1.07	  -0.55	   0.00	0	    5.0	NaN	NaN	    7.0	  -0.15	NaN	   0.08	  -0.35	   0.00	AAAAAAAA_14/5	0	1.70	+
3:327977	  268.9	1	   79.1	NaN	NaN	   19.2	  23.39	NaN	  24.47	  -0.76	   0.00	1	  111.1	NaN	NaN	   21.9	  40.95	NaN	  41.77	  -0.79	   0.00	1	   72.2	NaN	NaN	   26.3	  12.38	NaN	  13.22	  -0.84	   0.00	0	    6.4	NaN	NaN	    7.0	  -0.15	NaN	   0.26	  -0.64	   0.00	ACGGAAAAATT_50/6	0	5.35	+
4:1017	  143.2	1	   41.8	NaN	NaN	   24.4	   2.30	NaN	   3.12	  -0.88	   0.00	0	   41.6	NaN	NaN	   35.0	   0.50	NaN	   0.87	  -0.79	   0.00	0	   43.9	NaN	NaN	   34.1	   0.70	NaN	   1.23	  -0.89	   0.00	0	   15.9	NaN	NaN	    9.7	   0.23	NaN	   1.41	  -0.81	   0.00	AACAAAAG_3/0	0	1.33	+
4:10132	  173.5	0	   26.4	NaN	NaN	   44.4	  -0.02	NaN	   0.00	  -0.77	   0.00	1	   78.1	NaN	NaN	   44.9	   4.97	NaN	   5.57	  -0.76	   0.00	0	   58.1	NaN	NaN	   52.4	   0.29	NaN	   0.70	  -0.91	   0.00	0	   10.8	NaN	NaN	   17.1	  -0.12	NaN	   0.02	  -0.62	   0.00	GAGAAAAT_4/0	0	1.44	+
4:13620	  145.7	0	   33.7	NaN	NaN	   27.1	   0.34	NaN	   0.95	  -0.84	   0.00	1	   55.2	NaN	NaN	   35.0	   2.67	NaN	   3.19	  -0.91	   0.00	0	   44.8	NaN	NaN	   34.1	   0.82	NaN	   1.37	  -0.84	   0.00	0	   12.0	NaN	NaN	   11.3	  -0.14	NaN	   0.34	  -0.79	   0.00	ATGCAAAAA_4/1	0	1.30	+
4:301023	  141.0	0	   25.0	NaN	NaN	   24.4	   0.02	NaN	   0.32	  -0.91	   0.27	1	   66.0	NaN	NaN	   35.0	   5.11	NaN	   5.72	  -0.78	   0.27	0	   43.0	NaN	NaN	   34.1	   0.59	NaN	   1.10	  -0.74	   0.27	0	    7.0	NaN	NaN	    8.1	  -0.16	NaN	   0.16	  -0.92	   0.27	ATCGGAAAAACC_49/4	0	6.04	+
4:368692	 1147.0	1	  135.0	NaN	NaN	   24.4	  53.27	NaN	  54.45	  -0.85	   0.00	1	  781.2	NaN	NaN	   35.0	 999.00	NaN	 999.00	  -0.69	   0.00	1	  229.3	NaN	NaN	   34.1	 106.09	NaN	 107.14	  -0.81	   0.00	0	    1.4	NaN	NaN	    8.1	  -0.05	NaN	   0.00	  -4.00	   0.00	AGGAAAAAAAA_36/11	0	2.66	+
4:410623	  472.5	1	   47.3	NaN	NaN	   24.4	   3.95	NaN	   4.80	  -0.84	   0.00	1	  312.4	NaN	NaN	   35.0	 177.82	NaN	 178.81	  -0.82	   0.00	1	  109.6	NaN	NaN	   35.0	  22.64	NaN	  23.54	  -0.85	   0.00	0	    3.2	NaN	NaN	   10.5	  -0.07	NaN	   0.00	  -1.55	   0.00	AACGGAAAAAA_59/6	0	6.74	+
4:410904	  262.5	0	   24.7	NaN	NaN	   24.4	   0.02	NaN	   0.32	  -0.75	   0.00	1	  193.6	NaN	NaN	   35.0	  75.95	NaN	  76.82	  -0.88	   0.00	0	   41.4	NaN	NaN	   35.7	   0.33	NaN	   0.78	  -1.01	   0.00	0	    2.8	NaN	NaN	   10.4	  -0.05	NaN	   0.00	  -1.51	   0.00	ATCGGAAAAACA_57/5	0	6.89	+
4:449514	  130.5	0	   20.6	NaN	NaN	   24.4	  -0.05	NaN	   0.11	  -0.74	   0.00	0	   43.3	NaN	NaN	   35.0	   0.71	NaN	   1.11	  -0.75	   0.00	0	   44.6	NaN	NaN	   34.1	   0.82	NaN	   1.37	  -0.76	   0.00	1	   22.0	NaN	NaN	    8.1	   2.19	NaN	   4.38	  -0.86	   0.00	TGGAAAAAAAG_30/9	0	2.46	+
4:505966	 1274.0	1	  143.9	NaN	NaN	   27.2	  53.81	NaN	  55.01	  -0.92	   0.00	1	  649.1	NaN	NaN	   35.0	 999.00	NaN	 999.00	  -0.72	   0.00	1	  476.5	NaN	NaN	   36.1	 999.00	NaN	 999.00	  -0.81	   0.00	0	    4.6	NaN	NaN	   10.3	  -0.10	NaN	   0.01	  -2.08	   0.00	TTTCACGGAAAAACTA_63/2	0	10.21	+
4:530224	  134.5	0	   27.9	NaN	NaN	   24.4	   0.11	NaN	   0.59	  -0.71	   0.00	0	   48.4	NaN	NaN	   35.0	   1.38	NaN	   1.84	  -0.78	   0.00	1	   56.2	NaN	NaN	   34.4	   2.87	NaN	   3.58	  -0.74	   0.00	0	    2.0	NaN	NaN	   10.2	  -0.04	NaN	   0.00	  -2.38	   0.00	ACCGGAAAA_17/4	0	2.11	+
4:701452	  137.7	0	   22.0	NaN	NaN	   24.4	  -0.04	NaN	   0.15	  -0.85	   0.00	1	   71.2	NaN	NaN	   35.0	   6.89	NaN	   7.55	  -1.06	   0.00	0	   39.4	NaN	NaN	   34.5	   0.29	NaN	   0.71	  -1.00	   0.00	0	    5.0	NaN	NaN	    9.8	  -0.11	NaN	   0.01	  -0.67	   0.00	CGGAGAAA_13/0	0	2.51	+
4:702129	  471.7	1	   69.0	NaN	NaN	   24.4	  11.93	NaN	  12.91	  -0.92	   0.00	1	  237.5	NaN	NaN	   35.0	 110.70	NaN	 111.63	  -0.87	   0.00	1	  161.2	NaN	NaN	   34.5	  54.00	NaN	  54.98	  -1.00	   0.00	0	    4.1	NaN	NaN	    9.4	  -0.12	NaN	   0.02	  -1.72	   0.00	CCGGAGAAAT_36/1	0	5.43	+
4:889302	  242.1	0	   38.0	NaN	NaN	   24.4	   1.61	NaN	   2.41	  -0.93	   0.00	1	  119.9	NaN	NaN	   35.0	  27.99	NaN	  28.76	  -0.98	   0.00	1	   80.4	NaN	NaN	   34.1	  10.37	NaN	  11.18	  -0.87	   0.00	0	    3.9	NaN	NaN	    9.3	  -0.09	NaN	   0.01	  -1.29	   0.00	ACGGAAAAATT_50/6	0	5.35	+
4:955980	  315.7	1	   55.1	NaN	NaN	   24.4	   6.61	NaN	   7.51	  -0.79	   0.00	1	  174.6	NaN	NaN	   35.0	  62.24	NaN	  63.08	  -0.84	   0.00	1	   82.9	NaN	NaN	   34.1	  11.13	NaN	  11.96	  -0.84	   0.00	0	    3.0	NaN	NaN	    9.3	  -0.07	NaN	   0.00	  -0.75	   0.00	ACGGAAAAAAAA_63/13	0	4.94	+
4:993368	  114.0	0	   15.0	NaN	NaN	   29.3	  -0.02	NaN	   0.00	  -0.89	   0.00	1	   58.0	NaN	NaN	   35.0	   3.11	NaN	   3.65	  -0.88	   0.00	0	   39.0	NaN	NaN	   34.1	   0.25	NaN	   0.65	  -0.78	   0.00	0	    2.0	NaN	NaN	   11.0	  -0.02	NaN	   0.00	  -1.48	   0.00	GAAAAACC_7/0	0	1.78	+
4:995387	  216.1	0	   10.8	NaN	NaN	   33.3	  -0.01	NaN	   0.00	   0.25	   0.00	1	  119.4	NaN	NaN	   35.0	  27.99	NaN	  28.76	   0.15	   0.00	1	   76.1	NaN	NaN	   34.1	   8.90	NaN	   9.70	   0.12	   0.00	0	    9.8	NaN	NaN	   11.8	  -0.16	NaN	   0.13	  -0.27	   0.00	GAAAAAAAA_19/8	0	1.74	+
4:995582	 3439.1	1	  466.6	NaN	NaN	   32.0	 999.00	NaN	 999.00	  -0.77	   0.00	1	 2206.3	NaN	NaN	   35.0	 999.00	NaN	 999.00	  -0.62	   0.00	1	  766.1	NaN	NaN	   34.1	 999.00	NaN	 999.00	  -0.65	   0.00	0	    0.0	NaN	NaN	   12.1	  -0.01	NaN	   0.00	  -0.67	   0.00	--------	-1	0.00	*
4:995650	 2551.9	1	  156.6	NaN	NaN	   32.2	  54.05	NaN	  55.25	  -0.71	   0.00	1	 1891.3	NaN	NaN	   35.0	 999.00	NaN	 999.00	  -0.59	   0.00	1	  483.8	NaN	NaN	   34.1	 999.00	NaN	 999.00	  -0.64	   0.00	0	   20.2	NaN	NaN	   12.4	   0.31	NaN	   1.80	  -0.85	   0.00	AACGGAAAAACTG_61/2	0	9.71	+
4:995927	  224.0	0	   19.0	NaN	NaN	   28.7	  -0.03	NaN	   0.01	  -0.41	   0.00	1	  147.0	NaN	NaN	   35.0	  43.67	NaN	  44.49	  -0.76	   0.00	1	   53.0	NaN	NaN	   34.1	   2.12	NaN	   2.79	  -0.80	   0.00	0	    5.0	NaN	NaN	   11.9	  -0.07	NaN	   0.00	  -0.44	   0.00	AGAGAAAA_4/1	0	1.30	+
4:1135739	 2543.2	1	  324.1	NaN	NaN	   30.6	 205.84	NaN	 207.31	  -0.46	   0.00	1	 1703.1	NaN	NaN	   76.9	 999.00	NaN	 999.00	  -0.46	   0.00	1	  511.3	NaN	NaN	   45.3	 999.00	NaN	 999.00	  -0.43	   0.00	0	    4.7	NaN	NaN	    8.1	  -0.14	NaN	   0.04	  -0.26	   0.00	CTGGAAAAAAAA_42/13	0	2.85	+
4:1135906	 6329.8	1	  739.9	NaN	NaN	   29.9	 999.00	NaN	 999.00	  -0.68	   0.00	1	 4536.9	NaN	NaN	   77.4	 999.00	NaN	 999.00	  -0.58	   0.00	1	 1037.7	NaN	NaN	   44.8	 999.00	NaN	 999.00	  -0.60	   0.00	0	   15.3	NaN	NaN	    8.1	   0.47	NaN	   2.05	  -0.64	   0.00	AAAAAAAA_14/5	0	1.70	+
4:1136769	 5164.1	1	  480.0	NaN	NaN	   35.6	 999.00	NaN	 999.00	  -0.72	   0.14	1	 3481.8	NaN	NaN	   82.1	 999.00	NaN	 999.00	  -0.62	   0.14	1	 1186.4	NaN	NaN	   48.0	 999.00	NaN	 999.00	  -0.59	   0.14	0	   16.0	NaN	NaN	    8.1	   0.45	NaN	   2.05	  -0.61	   0.14	GCGGGGAAAT_10/0	0	2.14	+
4:1136821	 1719.9	1	  114.0	NaN	NaN	   35.6	  24.45	NaN	  25.54	  -0.68	   0.14	1	 1177.2	NaN	NaN	   82.3	 999.00	NaN	 999.00	  -0.60	   0.14	1	  427.6	NaN	NaN	   48.3	 241.25	NaN	 242.48	  -0.58	   0.14	0	    1.0	NaN	NaN	    8.1	  -0.05	NaN	   0.00	   1.41	   0.14	--------	-1	0.00	*
4:1137056	  339.0	0	   36.0	NaN	NaN	   34.8	   0.03	NaN	   0.35	  -0.91	   0.00	1	  212.0	NaN	NaN	   82.6	  31.37	NaN	  32.16	  -0.80	   0.00	1	   87.0	NaN	NaN	   48.0	   5.80	NaN	   6.56	  -0.89	   0.00	0	    4.0	NaN	NaN	    8.1	  -0.11	NaN	   0.02	  -1.58	   0.00	--------	-1	0.00	*
4:1141106	 2004.6	1	  223.4	NaN	NaN	   24.4	 129.19	NaN	 130.53	  -0.78	   0.00	1	 1414.0	NaN	NaN	   35.0	 999.00	NaN	 999.00	  -0.59	   0.00	1	  361.1	NaN	NaN	   34.1	 229.40	NaN	 230.63	  -0.75	   0.00	0	    6.1	NaN	NaN	    8.1	  -0.16	NaN	   0.16	  -1.13	   0.00	AGGAAAAAAA_28/7	0	2.61	+
4:1141422	  298.9	0	   16.0	NaN	NaN	   35.0	  -0.01	NaN	   0.00	   1.88	   0.20	1	  261.9	NaN	NaN	   42.9	 111.37	NaN	 112.30	  -0.29	   0.20	0	   21.0	NaN	NaN	   38.6	  -0.01	NaN	   0.00	   1.78	   0.20	0	    0.0	NaN	NaN	    8.1	  -0.00	NaN	  -0.00	  -4.00	   0.20	GGAACAAA_4/0	0	1.44	+
4:1141583	 1572.4	1	  487.0	NaN	NaN	   28.0	 999.00	NaN	 999.00	  -0.72	   0.20	1	  819.9	NaN	NaN	   35.0	 999.00	NaN	 999.00	  -0.70	   0.20	1	  265.6	NaN	NaN	   34.1	 137.08	NaN	 138.17	  -0.68	   0.20	0	    0.0	NaN	NaN	    8.1	  -0.00	NaN	  -0.00	  -4.00	   0.20	GGAAAAAA_15/4	0	1.93	+
4:1141618	  577.7	1	   92.0	NaN	NaN	   24.7	  24.24	NaN	  25.32	  -0.67	   0.20	1	  262.3	NaN	NaN	   35.0	 132.07	NaN	 133.02	  -0.62	   0.20	1	  223.4	NaN	NaN	   34.1	 101.16	NaN	 102.20	  -0.65	   0.20	0	    0.0	NaN	NaN	    8.1	  -0.00	NaN	  -0.00	  -4.00	   0.20	ACGGAACAAC_17/0	0	3.04	+
4:1144339	 1531.6	1	  282.8	NaN	NaN	   32.8	 156.37	NaN	 157.79	  -0.46	   0.00	1	  684.6	NaN	NaN	   35.0	 999.00	NaN	 999.00	  -0.47	   0.00	1	  545.9	NaN	NaN	   36.8	 999.00	NaN	 999.00	  -0.46	   0.00	0	   18.4	NaN	NaN	   11.6	   0.27	NaN	   1.55	  -1.08	   0.00	TCCGGAAATAC_28/5	0	3.00	+
4:1144448	 6890.8	1	 1244.7	NaN	NaN	   48.3	 999.00	NaN	 999.00	  -0.59	   0.00	1	 3838.9	NaN	NaN	   50.8	 999.00	NaN	 999.00	  -0.58	   0.00	1	 1807.2	NaN	NaN	   51.8	 999.00	NaN	 999.00	  -0.56	   0.00	0	    0.0	NaN	NaN	   10.3	  -0.01	NaN	   0.00	  -1.01	   0.00	--------	-1	0.00	*
4:1144486	 6266.6	1	  853.5	NaN	NaN	   47.6	 999.00	NaN	 999.00	  -0.56	   0.00	1	 2250.6	NaN	NaN	   50.1	 999.00	NaN	 999.00	  -0.58	   0.00	1	 3141.9	NaN	NaN	   51.5	 999.00	NaN	 999.00	  -0.53	   0.00	0	   20.6	NaN	NaN	   10.3	   0.88	NaN	   2.65	  -0.93	   0.00	TCCGGAAAAACTA_60/5	0	7.43	+
4:1144753	  720.0	1	  124.0	NaN	NaN	   45.5	  20.33	NaN	  21.38	  -0.84	   0.39	1	  281.0	NaN	NaN	   48.1	 114.92	NaN	 115.85	  -0.77	   0.39	1	  311.0	NaN	NaN	   49.0	 136.36	NaN	 137.45	  -0.71	   0.39	0	    4.0	NaN	NaN	   11.0	  -0.07	NaN	   0.00	  -0.60	   0.39	AAAAAAAT_14/4	0	1.84	+
4:1145856	  226.0	0	   51.0	NaN	NaN	   45.5	   0.16	NaN	   0.65	  -0.63	   0.60	0	   65.0	NaN	NaN	   47.4	   1.58	NaN	   2.06	  -0.63	   0.60	1	  101.0	NaN	NaN	   50.2	   8.90	NaN	   9.69	  -0.77	   0.60	0	    9.0	NaN	NaN	    8.9	  -0.16	NaN	   0.28	  -0.72	   0.60	ACGGAGAAAT_34/1	0	5.11	+
4:1198602	  150.5	0	   26.0	NaN	NaN	   24.4	   0.04	NaN	   0.40	  -0.70	   0.00	1	   77.7	NaN	NaN	   35.0	   8.89	NaN	   9.58	  -0.99	   0.00	0	   39.6	NaN	NaN	   34.1	   0.32	NaN	   0.75	  -0.86	   0.00	0	    7.3	NaN	NaN	    9.6	  -0.16	NaN	   0.13	  -0.79	   0.00	TGCGGAAAAACTG_53/3	0	7.27	+
4:1324528	  127.8	0	   30.6	NaN	NaN	   24.4	   0.34	NaN	   0.95	  -0.67	   0.00	1	   53.0	NaN	NaN	   35.0	   2.26	NaN	   2.77	  -0.20	   0.00	0	   38.9	NaN	NaN	   34.1	   0.25	NaN	   0.65	  -0.27	   0.00	0	    5.3	NaN	NaN	    8.1	  -0.16	NaN	   0.09	  -0.58	   0.00	CTGGAAAAAAA_36/9	0	2.98	+
4:1324843	 2276.2	1	  189.4	NaN	NaN	   24.4	  97.65	NaN	  98.94	  -0.82	   0.00	1	 1481.0	NaN	NaN	   35.0	 999.00	NaN	 999.00	  -0.61	   0.00	1	  596.1	NaN	NaN	   34.1	 999.00	NaN	 999.00	  -0.71	   0.00	0	    9.7	NaN	NaN	    8.1	  -0.09	NaN	   0.53	  -1.14	   0.00	--------	-1	0.00	*
4:1469433	  155.0	0	   30.0	NaN	NaN	   24.4	   0.25	NaN	   0.82	  -0.66	   0.00	1	   66.0	NaN	NaN	   35.0	   5.11	NaN	   5.72	  -0.76	   0.00	0	   57.0	NaN	NaN	   40.5	   1.48	NaN	   2.08	  -0.82	   0.00	0	    2.0	NaN	NaN	    9.3	  -0.04	NaN	   0.00	  -0.97	   0.00	TTCGGAAA_4/1	0	1.30	+
5:1349	  162.8	1	   41.4	NaN	NaN	   23.3	   2.67	NaN	   3.50	  -1.30	   0.00	0	   38.1	NaN	NaN	   29.8	   0.81	NaN	   1.21	  -1.22	   0.00	1	   73.4	NaN	NaN	   33.2	   8.34	NaN	   9.13	  -0.98	   0.00	0	    9.9	NaN	NaN	    8.1	  -0.08	NaN	   0.53	  -1.37	   0.00	GAGAAATT_2/0	0	1.22	+
5:43254	  130.0	0	   25.0	NaN	NaN	   23.3	   0.04	NaN	   0.41	  -0.79	   0.23	1	   53.0	NaN	NaN	   29.8	   3.54	NaN	   4.09	  -0.87	   0.23	0	   48.0	NaN	NaN	   33.2	   1.44	NaN	   2.04	  -0.67	   0.23	0	    4.0	NaN	NaN	    9.5	  -0.09	NaN	   0.01	  -1.22	   0.23	GGAGAAAAA_8/0	0	1.90	+
5:124098	  216.5	0	   31.3	NaN	NaN	   23.3	   0.61	NaN	   1.30	  -1.05	   0.00	1	   99.6	NaN	NaN	   29.8	  22.68	NaN	  23.44	  -0.96	   0.00	1	   85.6	NaN	NaN	   33.2	  12.95	NaN	  13.79	  -0.97	   0.00	0	    0.0	NaN	NaN	    9.3	  -0.02	NaN	   0.00	  -0.86	   0.00	GCCGGAAAAAT_49/8	0	4.57	+
5:212498	  108.0	0	    9.0	NaN	NaN	   25.3	  -0.01	NaN	   0.00	  -0.66	   0.00	1	   47.0	NaN	NaN	   29.8	   2.15	NaN	   2.65	  -0.86	   0.00	0	   42.0	NaN	NaN	   34.3	   0.47	NaN	   0.95	  -0.93	   0.00	0	   10.0	NaN	NaN	    9.5	  -0.15	NaN	   0.32	  -0.90	   0.00	GAAAAACC_7/0	0	1.78	+
5:213081	 8052.4	1	 1039.5	NaN	NaN	   29.6	 999.00	NaN	 999.00	  -0.63	   0.06	1	 4245.2	NaN	NaN	   31.1	 999.00	NaN	 999.00	  -0.63	   0.06	1	 2749.3	NaN	NaN	   33.2	 999.00	NaN	 999.00	  -0.63	   0.06	0	   18.5	NaN	NaN	    9.7	   0.59	NaN	   2.27	  -0.83	   0.06	--------	-1	0.00	*
5:213116	 1756.6	1	  246.5	NaN	NaN	   29.1	 134.92	NaN	 136.30	  -0.57	   0.06	1	  813.8	NaN	NaN	   31.1	 999.00	NaN	 999.00	  -0.58	   0.06	1	  677.7	NaN	NaN	   33.7	 999.00	NaN	 999.00	  -0.56	   0.06	0	   18.5	NaN	NaN	    9.1	   0.84	NaN	   2.58	  -0.97	   0.06	TTCGGAAAAACC_49/4	0	6.04	+
5:226546	  167.0	0	   27.0	NaN	NaN	   26.1	   0.02	NaN	   0.34	  -0.79	   0.22	1	   76.0	NaN	NaN	   29.8	  11.22	NaN	  11.94	  -0.71	   0.22	0	   51.0	NaN	NaN	   33.2	   1.96	NaN	   2.61	  -0.68	   0.22	0	   13.0	NaN	NaN	    8.8	   0.05	NaN	   0.96	  -0.54	   0.22	ACGGAAAAACC_56/2	0	8.56	+
5:281486	 1135.3	1	  115.9	NaN	NaN	   23.3	  40.84	NaN	  42.00	  -1.04	   0.00	1	  662.4	NaN	NaN	   29.8	 999.00	NaN	 999.00	  -0.66	   0.00	1	  349.1	NaN	NaN	   36.7	 207.04	NaN	 208.24	  -0.74	   0.00	0	    8.0	NaN	NaN	    8.6	  -0.17	NaN	   0.20	  -1.29	   0.00	CTCGGAAAAACTA_56/4	0	7.24	+
5:485571	  192.0	0	   36.0	NaN	NaN	   23.3	   1.29	NaN	   2.05	  -0.67	   0.00	1	   93.0	NaN	NaN	   29.8	  19.12	NaN	  19.86	  -0.71	   0.00	1	   62.0	NaN	NaN	   33.2	   4.55	NaN	   5.29	  -0.67	   0.00	0	    1.0	NaN	NaN	    8.1	  -0.03	NaN	   0.00	  -4.00	   0.00	GGAAAAAA_15/4	0	1.93	+
6:20323	 2134.0	1	  234.6	NaN	NaN	   23.9	 141.77	NaN	 143.17	  -0.83	   0.00	1	 1368.5	NaN	NaN	   32.1	 999.00	NaN	 999.00	  -0.65	   0.00	1	  523.9	NaN	NaN	   32.6	 999.00	NaN	 999.00	  -0.74	   0.00	0	    7.1	NaN	NaN	    7.9	  -0.15	NaN	   0.27	  -0.49	   0.00	TCGGAGAAAAA_22/0	0	3.74	+
6:20638	  152.0	0	   13.4	NaN	NaN	   23.6	  -0.03	NaN	   0.01	   0.19	   0.00	1	   89.5	NaN	NaN	   32.1	  15.76	NaN	  16.49	   0.01	   0.00	0	   42.1	NaN	NaN	   32.6	   0.79	NaN	   1.34	  -0.02	   0.00	0	    6.9	NaN	NaN	    7.9	  -0.17	NaN	   0.17	  -0.47	   0.00	GCCGGAAA_5/1	0	1.40	+
6:23585	  433.7	0	   29.1	NaN	NaN	   23.4	   0.34	NaN	   0.96	  -0.76	   0.00	1	  337.7	NaN	NaN	   32.1	 213.17	NaN	 214.18	  -0.66	   0.00	1	   62.1	NaN	NaN	   33.0	   4.88	NaN	   5.64	  -0.74	   0.00	0	    4.7	NaN	NaN	    7.9	  -0.14	NaN	   0.05	  -1.08	   0.00	ACCGGAAAA_17/4	0	2.11	+
6:23620	  876.8	1	   55.7	NaN	NaN	   23.4	   7.22	NaN	   8.13	  -0.91	   0.00	1	  503.3	NaN	NaN	   32.1	 999.00	NaN	 999.00	  -0.75	   0.00	1	  314.2	NaN	NaN	   32.9	 187.01	NaN	 188.16	  -0.86	   0.00	0	    3.6	NaN	NaN	    7.9	  -0.12	NaN	   0.02	  -1.03	   0.00	ACGGAGAAAA_29/0	0	4.81	+
6:28737	  120.4	0	   12.6	NaN	NaN	   23.2	  -0.02	NaN	   0.00	  -1.43	   0.00	1	   64.0	NaN	NaN	   32.1	   5.99	NaN	   6.63	  -0.95	   0.00	0	   42.6	NaN	NaN	   32.6	   0.79	NaN	   1.34	  -1.03	   0.00	0	    1.2	NaN	NaN	    7.9	  -0.06	NaN	   0.00	  -1.46	   0.00	GGAAAAAC_27/2	0	3.70	+
6:257608	 2628.4	1	  309.7	NaN	NaN	   42.1	 152.55	NaN	 153.96	  -0.84	   0.08	1	 1331.6	NaN	NaN	   45.4	 999.00	NaN	 999.00	  -0.61	   0.08	1	  977.9	NaN	NaN	   46.6	 999.00	NaN	 999.00	  -0.70	   0.08	0	    9.2	NaN	NaN	    9.4	  -0.14	NaN	   0.33	  -0.66	   0.08	--------	-1	0.00	*
6:257716	 1122.6	1	  138.3	NaN	NaN	   42.1	  30.32	NaN	  31.44	  -0.58	   0.08	1	  650.4	NaN	NaN	   44.9	 999.00	NaN	 999.00	  -0.52	   0.08	1	  327.1	NaN	NaN	   46.1	 157.70	NaN	 158.82	  -0.54	   0.08	0	    6.8	NaN	NaN	    8.8	  -0.16	NaN	   0.11	  -0.35	   0.08	ACCGGAAAAAT_49/9	0	4.30	+
7:13315	  167.8	0	   13.7	NaN	NaN	   22.9	  -0.03	NaN	   0.01	  -1.05	   0.00	1	   75.5	NaN	NaN	   30.7	  10.68	NaN	  11.38	  -0.94	   0.00	1	   76.9	NaN	NaN	   32.6	   9.78	NaN	  10.59	  -0.89	   0.00	0	    1.6	NaN	NaN	    7.8	  -0.06	NaN	   0.00	  -0.62	   0.00	--------	-1	0.00	*
7:29862	  629.7	1	   96.0	NaN	NaN	   25.0	  25.56	NaN	  26.66	  -0.85	   0.00	1	  288.8	NaN	NaN	   30.7	 169.97	NaN	 170.95	  -0.76	   0.00	1	  244.9	NaN	NaN	   32.6	 122.96	NaN	 124.03	  -0.82	   0.00	0	    0.0	NaN	NaN	    8.1	  -0.03	NaN	   0.00	  -0.82	   0.00	ACCGGAAAAACTG_58/6	0	6.58	+
7:107079	 3354.0	1	  483.0	NaN	NaN	   34.1	 999.00	NaN	 999.00	  -0.73	   0.10	1	 1497.0	NaN	NaN	   64.0	 999.00	NaN	 999.00	  -0.60	   0.10	1	 1360.0	NaN	NaN	   58.5	 999.00	NaN	 999.00	  -0.64	   0.10	0	   14.0	NaN	NaN	   11.7	  -0.08	NaN	   0.54	  -1.13	   0.10	TTCGGAAAAACT_51/4	0	6.36	+
7:107771	 5527.2	1	  655.4	NaN	NaN	   37.7	 999.00	NaN	 999.00	  -0.72	   0.14	1	 3161.6	NaN	NaN	   63.9	 999.00	NaN	 999.00	  -0.62	   0.14	1	 1691.5	NaN	NaN	   55.4	 999.00	NaN	 999.00	  -0.63	   0.14	0	   18.7	NaN	NaN	   12.0	   0.22	NaN	   1.42	  -0.70	   0.14	--------	-1	0.00	*
7:107871	  820.8	1	  173.6	NaN	NaN	   38.3	  55.68	NaN	  56.90	  -0.56	   0.14	1	  358.4	NaN	NaN	   63.9	 141.75	NaN	 142.71	  -0.40	   0.14	1	  273.5	NaN	NaN	   55.6	  95.59	NaN	  96.62	  -0.48	   0.14	0	   15.3	NaN	NaN	   11.7	   0.02	NaN	   0.87	  -0.79	   0.14	TTCGGAAAAACT_51/4	0	6.36	+
7:184024	  172.7	0	   32.2	NaN	NaN	   22.9	   0.82	NaN	   1.55	  -0.82	   0.00	1	   52.5	NaN	NaN	   30.7	   3.26	NaN	   3.80	  -1.07	   0.00	1	   84.4	NaN	NaN	   34.1	  11.92	NaN	  12.75	  -0.93	   0.00	0	    3.6	NaN	NaN	    8.1	  -0.11	NaN	   0.02	  -0.30	   0.00	AAAAAAAA_14/5	0	1.70	+
7:215970	  115.0	0	   32.0	NaN	NaN	   22.9	   0.67	NaN	   1.37	  -0.66	   0.35	1	   55.0	NaN	NaN	   30.7	   3.76	NaN	   4.32	  -0.60	   0.35	0	   25.0	NaN	NaN	   32.6	  -0.02	NaN	   0.03	  -0.92	   0.35	0	    3.0	NaN	NaN	    8.9	  -0.07	NaN	   0.00	  -0.53	   0.35	GAGAGAAA_3/0	0	1.33	+
7:224622	  133.3	0	   29.1	NaN	NaN	   23.9	   0.31	NaN	   0.89	  -0.10	   0.00	1	   56.1	NaN	NaN	   30.7	   4.28	NaN	   4.86	   0.09	   0.00	0	   42.1	NaN	NaN	   32.6	   0.79	NaN	   1.34	  -0.00	   0.00	0	    6.0	NaN	NaN	    9.6	  -0.15	NaN	   0.07	  -0.33	   0.00	AGCGGAAAAACAA_57/5	0	6.89	+
7:225015	 1477.7	1	  222.9	NaN	NaN	   23.9	 130.21	NaN	 131.57	  -0.82	   0.00	1	  757.9	NaN	NaN	   31.3	 999.00	NaN	 999.00	  -0.66	   0.00	1	  484.9	NaN	NaN	   33.7	 999.00	NaN	 999.00	  -0.67	   0.00	0	   12.0	NaN	NaN	   10.2	  -0.10	NaN	   0.49	  -0.57	   0.00	--------	-1	0.00	*
7:227016	  158.0	0	   25.5	NaN	NaN	   24.3	   0.04	NaN	   0.41	  -0.13	   0.00	1	   77.6	NaN	NaN	   37.7	   7.53	NaN	   8.20	  -0.11	   0.00	0	   48.7	NaN	NaN	   32.6	   1.73	NaN	   2.36	  -0.12	   0.00	0	    6.2	NaN	NaN	    8.1	  -0.15	NaN	   0.16	  -1.21	   0.00	GAAAATAT_3/0	0	1.33	+
7:227233	 2764.6	1	  360.4	NaN	NaN	   23.0	 284.71	NaN	 286.28	  -0.86	   0.00	1	 1568.4	NaN	NaN	   30.7	 999.00	NaN	 999.00	  -0.61	   0.00	1	  830.1	NaN	NaN	   32.6	 999.00	NaN	 999.00	  -0.74	   0.00	0	    5.7	NaN	NaN	    8.1	  -0.16	NaN	   0.09	  -0.99	   0.00	ACACGGAAAAACTTGCG_58/2	0	9.01	+
7:341650	  406.2	0	   34.6	NaN	NaN	   24.3	   0.88	NaN	   1.63	  -0.72	   0.00	1	  196.9	NaN	NaN	   31.9	  84.76	NaN	  85.65	  -0.66	   0.00	1	  172.4	NaN	NaN	   33.3	  63.59	NaN	  64.59	  -0.76	   0.00	0	    2.3	NaN	NaN	    8.7	  -0.07	NaN	   0.00	  -0.26	   0.00	ACGGAGAAAAA_31/0	0	5.14	+
7:341727	  848.6	1	   78.7	NaN	NaN	   25.0	  16.35	NaN	  17.38	  -0.88	   0.00	1	  516.7	NaN	NaN	   31.5	 999.00	NaN	 999.00	  -0.73	   0.00	1	  247.5	NaN	NaN	   32.8	 124.99	NaN	 126.07	  -0.80	   0.00	0	    5.7	NaN	NaN	    8.9	  -0.15	NaN	   0.06	  -0.56	   0.00	CACGGAAAAATT_50/6	0	5.35	+
7:419400	   97.6	0	   13.7	NaN	NaN	   22.9	  -0.03	NaN	   0.01	  -1.04	   0.00	1	   49.3	NaN	NaN	   30.7	   2.57	NaN	   3.08	  -0.96	   0.00	0	   28.5	NaN	NaN	   32.6	   0.01	NaN	   0.12	  -0.87	   0.00	0	    6.0	NaN	NaN	   10.5	  -0.12	NaN	   0.02	  -0.96	   0.00	GAAAAAAAA_19/8	0	1.74	+
7:431400	  153.5	0	   25.0	NaN	NaN	   22.9	   0.06	NaN	   0.44	  -1.03	   0.00	1	   73.8	NaN	NaN	   30.7	   9.90	NaN	  10.59	  -1.03	   0.00	1	   54.8	NaN	NaN	   32.6	   2.96	NaN	   3.68	  -0.99	   0.00	0	    0.0	NaN	NaN	   10.0	  -0.01	NaN	   0.00	  -0.64	   0.00	GAAAAAAA_14/4	0	1.84	+
7:451284	 2318.9	1	  216.7	NaN	NaN	   29.3	 107.36	NaN	 108.67	  -0.88	   0.00	1	 1332.9	NaN	NaN	   31.4	 999.00	NaN	 999.00	  -0.59	   0.00	1	  761.6	NaN	NaN	   37.4	 999.00	NaN	 999.00	  -0.73	   0.00	0	    7.6	NaN	NaN	   10.3	  -0.16	NaN	   0.09	  -1.02	   0.00	--------	-1	0.00	*
7:451606	  340.1	1	   48.3	NaN	NaN	   28.7	   2.61	NaN	   3.44	  -0.76	   0.00	1	  155.1	NaN	NaN	   30.7	  56.42	NaN	  57.25	  -0.49	   0.00	1	  132.4	NaN	NaN	   35.1	  34.99	NaN	  35.92	  -0.54	   0.00	0	    4.4	NaN	NaN	    9.9	  -0.11	NaN	   0.01	  -0.53	   0.00	TTCGGAAAAAT_41/7	0	3.91	+
7:501307	  943.7	1	  136.5	NaN	NaN	   26.3	  50.49	NaN	  51.67	  -0.86	   0.00	1	  444.3	NaN	NaN	   30.7	 999.00	NaN	 999.00	  -0.68	   0.00	1	  358.7	NaN	NaN	   40.9	 200.91	NaN	 202.10	  -0.73	   0.00	0	    4.2	NaN	NaN	   14.1	  -0.05	NaN	   0.00	  -1.55	   0.00	CCGGAGAAAC_47/2	0	6.77	+
7:501471	 1214.3	1	  219.5	NaN	NaN	   25.6	 121.33	NaN	 122.66	  -0.81	   0.00	1	  613.7	NaN	NaN	   30.7	 999.00	NaN	 999.00	  -0.64	   0.00	1	  378.3	NaN	NaN	   40.5	 221.39	NaN	 222.60	  -0.64	   0.00	0	    2.8	NaN	NaN	   13.5	  -0.02	NaN	   0.00	  -0.69	   0.00	ACGGAGAAAC_47/2	0	6.77	+
7:575707	  128.0	0	   16.2	NaN	NaN	   24.2	  -0.03	NaN	   0.02	  -0.90	   0.00	1	   65.5	NaN	NaN	   30.7	   7.01	NaN	   7.67	  -0.90	   0.00	0	   41.9	NaN	NaN	   32.6	   0.67	NaN	   1.20	  -0.80	   0.00	0	    4.4	NaN	NaN	   11.5	  -0.08	NaN	   0.00	  -0.86	   0.00	GAGAAAAA_4/0	0	1.44	+
7:615830	 1967.9	1	  314.9	NaN	NaN	   25.0	 220.92	NaN	 222.41	  -0.79	   0.00	1	 1205.0	NaN	NaN	   30.7	 999.00	NaN	 999.00	  -0.61	   0.00	1	  441.2	NaN	NaN	   32.6	 999.00	NaN	 999.00	  -0.78	   0.00	0	    6.9	NaN	NaN	    9.4	  -0.15	NaN	   0.08	  -1.02	   0.00	CGGATAAAC_35/3	0	4.40	+
7:616170	  174.1	0	   25.1	NaN	NaN	   22.9	   0.09	NaN	   0.54	  -0.27	   0.00	1	   98.0	NaN	NaN	   30.7	  21.34	NaN	  22.10	  -0.33	   0.00	0	   48.8	NaN	NaN	   32.6	   1.73	NaN	   2.37	  -0.41	   0.00	0	    2.1	NaN	NaN	    9.6	  -0.07	NaN	   0.00	  -0.52	   0.00	GAGAGAAAAAAAA_25/9	0	2.07	+
7:616453	  427.0	1	   59.0	NaN	NaN	   22.9	   8.67	NaN	   9.62	  -0.62	   0.30	1	  251.0	NaN	NaN	   30.7	 134.09	NaN	 135.04	  -0.71	   0.30	1	  110.0	NaN	NaN	   32.6	  25.02	NaN	  25.93	  -0.69	   0.30	0	    7.0	NaN	NaN	    9.3	  -0.16	NaN	   0.09	  -0.60	   0.30	ACGGAGAA_6/0	0	1.67	+
7:701345	  551.5	1	   38.1	NaN	NaN	   22.9	   2.03	NaN	   2.85	  -0.88	   0.00	1	  365.6	NaN	NaN	   30.7	 249.06	NaN	 250.11	  -0.86	   0.00	1	  142.7	NaN	NaN	   32.6	  44.44	NaN	  45.39	  -0.96	   0.00	0	    5.2	NaN	NaN	    7.8	  -0.16	NaN	   0.10	  -0.76	   0.00	AGCGGAAAAAAAG_62/11	0	5.35	+
7:789880	 4221.0	1	  652.0	NaN	NaN	   23.8	 999.00	NaN	 999.00	  -0.78	   0.10	1	 2413.0	NaN	NaN	   35.7	 999.00	NaN	 999.00	  -0.63	   0.10	1	 1144.0	NaN	NaN	   38.9	 999.00	NaN	 999.00	  -0.66	   0.10	0	   12.0	NaN	NaN	    7.8	   0.03	NaN	   1.01	  -0.56	   0.10	CCGGAGAAAC_47/2	0	6.77	+
7:1003303	   84.7	0	    8.7	NaN	NaN	   23.4	  -0.01	NaN	   0.00	  -0.38	   0.00	1	   49.5	NaN	NaN	   30.7	   2.56	NaN	   3.08	  -1.06	   0.00	0	   24.0	NaN	NaN	   32.6	  -0.02	NaN	   0.03	  -1.06	   0.00	0	    2.5	NaN	NaN	    7.8	  -0.09	NaN	   0.01	  -0.84	   0.00	GGAGAAAT_5/1	0	1.40	+
7:1013233	  118.5	0	   24.0	NaN	NaN	   22.9	   0.03	NaN	   0.36	  -1.29	   0.00	1	   50.1	NaN	NaN	   30.7	   2.79	NaN	   3.31	  -1.13	   0.00	0	   43.4	NaN	NaN	   32.6	   0.92	NaN	   1.49	  -0.92	   0.00	0	    1.0	NaN	NaN	    7.8	  -0.04	NaN	   0.00	  -4.00	   0.00	GAAAAACA_5/0	0	1.55	+
7:1013630	  152.5	0	   29.0	NaN	NaN	   22.9	   0.41	NaN	   1.05	  -0.91	   0.00	1	   80.9	NaN	NaN	   30.7	  12.73	NaN	  13.45	  -0.84	   0.00	0	   38.6	NaN	NaN	   32.6	   0.37	NaN	   0.82	  -0.79	   0.00	0	    4.0	NaN	NaN	    7.8	  -0.12	NaN	   0.02	  -0.85	   0.00	AAAAAAAT_14/4	0	1.84	+
7:1016313	  106.6	0	   15.1	NaN	NaN	   22.9	  -0.03	NaN	   0.02	  -0.95	   0.00	1	   54.2	NaN	NaN	   30.7	   3.76	NaN	   4.32	  -0.93	   0.00	0	   35.6	NaN	NaN	   32.6	   0.18	NaN	   0.53	  -0.88	   0.00	0	    1.8	NaN	NaN	    8.7	  -0.05	NaN	   0.00	  -1.76	   0.00	ACGGAACAA_15/0	0	2.77	+
7:1095661	  387.0	1	   79.0	NaN	NaN	   22.9	  18.39	NaN	  19.42	  -0.83	   0.40	1	  179.0	NaN	NaN	   30.7	  73.36	NaN	  74.23	  -0.79	   0.40	1	  125.0	NaN	NaN	   32.6	  33.39	NaN	  34.31	  -0.73	   0.40	0	    4.0	NaN	NaN	    7.8	  -0.12	NaN	   0.02	  -0.58	   0.40	TCGGAGAA_4/0	0	1.44	+
7:1102463	  145.9	0	   35.9	NaN	NaN	   22.9	   1.38	NaN	   2.15	  -0.77	   0.00	1	   60.3	NaN	NaN	   30.7	   5.42	NaN	   6.04	  -0.84	   0.00	0	   47.9	NaN	NaN	   32.6	   1.56	NaN	   2.17	  -0.78	   0.00	0	    1.9	NaN	NaN	    7.8	  -0.06	NaN	   0.00	  -0.26	   0.00	GGAGAAAT_5/1	0	1.40	+
7:1102530	  154.1	0	   22.1	NaN	NaN	   22.9	   0.01	NaN	   0.28	  -0.82	   0.00	1	   75.7	NaN	NaN	   30.7	  10.67	NaN	  11.38	  -0.91	   0.00	1	   54.1	NaN	NaN	   32.6	   2.97	NaN	   3.68	  -0.98	   0.00	0	    2.1	NaN	NaN	    7.8	  -0.09	NaN	   0.01	  -0.74	   0.00	CGGATAAA_6/0	0	1.67	+
8:45323	  127.0	0	   18.0	NaN	NaN	   29.5	  -0.03	NaN	   0.00	  -0.86	   0.00	1	   67.0	NaN	NaN	   46.2	   2.13	NaN	   2.63	  -0.85	   0.00	0	   41.0	NaN	NaN	   42.9	   0.02	NaN	   0.20	  -0.88	   0.00	0	    1.0	NaN	NaN	    9.8	  -0.01	NaN	   0.00	  -4.00	   0.00	--------	-1	0.00	*
8:289704	 7836.0	1	 1474.3	NaN	NaN	   65.2	 999.00	NaN	 999.00	  -0.57	   0.00	1	 3926.8	NaN	NaN	  137.7	 999.00	NaN	 999.00	  -0.60	   0.00	1	 2418.7	NaN	NaN	  114.3	 999.00	NaN	 999.00	  -0.61	   0.00	0	   16.1	NaN	NaN	   11.1	   0.15	NaN	   1.22	  -0.80	   0.00	--------	-1	0.00	*
8:289847	11277.0	1	 1812.7	NaN	NaN	   65.2	 999.00	NaN	 999.00	  -0.54	   0.00	1	 5673.2	NaN	NaN	  137.8	 999.00	NaN	 999.00	  -0.54	   0.00	1	 3748.3	NaN	NaN	  114.3	 999.00	NaN	 999.00	  -0.58	   0.00	1	   42.9	NaN	NaN	   11.4	   9.28	NaN	  12.17	  -0.94	   0.00	CGGATAAACCG_36/3	0	4.54	+
8:290158	  400.6	0	   79.6	NaN	NaN	   64.9	   0.71	NaN	   1.42	  -1.06	   0.00	1	  200.3	NaN	NaN	  138.3	   5.83	NaN	   6.46	  -0.67	   0.00	0	  116.9	NaN	NaN	  114.8	   0.10	NaN	   0.37	  -0.95	   0.00	0	    3.7	NaN	NaN	   11.3	  -0.07	NaN	   0.00	  -2.23	   0.00	--------	-1	0.00	*
8:293758	 8745.3	1	 1125.8	NaN	NaN	   98.2	 999.00	NaN	 999.00	  -0.43	   0.46	1	 4403.3	NaN	NaN	  254.1	 999.00	NaN	 999.00	  -0.44	   0.46	1	 3172.2	NaN	NaN	  200.0	 999.00	NaN	 999.00	  -0.43	   0.46	1	   44.0	NaN	NaN	   13.4	   7.93	NaN	  10.52	  -0.43	   0.46	--------	-1	0.00	*
8:294034	 9993.7	1	 2454.2	NaN	NaN	   96.1	 999.00	NaN	 999.00	  -0.56	   0.46	1	 4762.7	NaN	NaN	  253.2	 999.00	NaN	 999.00	  -0.57	   0.46	1	 2761.8	NaN	NaN	  198.2	 999.00	NaN	 999.00	  -0.56	   0.46	0	   15.0	NaN	NaN	   12.8	  -0.09	NaN	   0.51	   1.40	   0.46	TGGAAAAAAAG_30/9	0	2.46	+
8:297331	  384.0	1	   99.7	NaN	NaN	   54.1	   6.91	NaN	   7.82	  -0.89	   0.00	1	  160.7	NaN	NaN	  126.4	   2.25	NaN	   2.76	  -0.79	   0.00	0	  117.4	NaN	NaN	  104.0	   0.53	NaN	   1.02	  -0.82	   0.00	0	    6.3	NaN	NaN	   10.5	  -0.14	NaN	   0.05	  -0.68	   0.00	GAGAAAAG_3/0	0	1.33	+
8:456013	  135.7	0	   25.6	NaN	NaN	   29.5	  -0.05	NaN	   0.12	  -0.85	   0.00	1	   75.5	NaN	NaN	   46.2	   3.89	NaN	   4.45	  -0.85	   0.00	0	   29.9	NaN	NaN	   42.9	  -0.01	NaN	   0.01	  -0.73	   0.00	0	    4.7	NaN	NaN	    9.1	  -0.13	NaN	   0.02	  -0.76	   0.00	GAAAAAAAA_19/8	0	1.74	+
8:456203	  201.3	0	   37.4	NaN	NaN	   29.5	   0.48	NaN	   1.12	  -0.95	   0.00	1	  116.5	NaN	NaN	   46.2	  17.18	NaN	  17.92	  -1.03	   0.00	0	   47.1	NaN	NaN	   42.9	   0.24	NaN	   0.62	  -1.12	   0.00	0	    0.3	NaN	NaN	    9.1	  -0.02	NaN	   0.00	  -0.66	   0.00	AAAAAAAA_14/5	0	1.70	+
8:512685	  143.1	0	   20.3	NaN	NaN	   29.5	  -0.03	NaN	   0.02	  -0.94	   0.00	1	   69.4	NaN	NaN	   46.2	   2.67	NaN	   3.19	  -0.94	   0.00	0	   50.2	NaN	NaN	   42.9	   0.43	NaN	   0.90	  -0.76	   0.00	0	    3.3	NaN	NaN	    8.1	  -0.12	NaN	   0.02	  -0.69	   0.00	TTCGGAAAA_10/4	0	1.49	+
8:522246	  136.1	0	   31.1	NaN	NaN	   29.5	   0.05	NaN	   0.46	  -0.64	   0.00	1	   71.6	NaN	NaN	   46.2	   3.05	NaN	   3.58	  -0.53	   0.00	0	   29.0	NaN	NaN	   42.9	  -0.01	NaN	   0.01	  -0.65	   0.00	0	    4.4	NaN	NaN	    7.7	  -0.15	NaN	   0.06	  -0.49	   0.00	TCGGAAAAACT_51/4	0	6.36	+
8:522333	  883.3	1	  100.8	NaN	NaN	   29.5	  23.26	NaN	  24.31	  -1.16	   0.00	1	  518.6	NaN	NaN	   46.2	 999.00	NaN	 999.00	  -0.77	   0.00	1	  263.9	NaN	NaN	   42.9	 112.77	NaN	 113.83	  -0.88	   0.00	0	    0.0	NaN	NaN	    7.8	  -0.04	NaN	   0.00	  -0.77	   0.00	ACGGAGAAATT_34/1	0	5.11	+
8:522465	  258.2	0	   34.4	NaN	NaN	   29.5	   0.21	NaN	   0.75	  -0.66	   0.00	1	  153.3	NaN	NaN	   46.2	  34.43	NaN	  35.23	  -0.62	   0.00	1	   63.9	NaN	NaN	   42.9	   2.13	NaN	   2.80	  -0.66	   0.00	0	    6.6	NaN	NaN	    7.8	  -0.17	NaN	   0.18	  -1.08	   0.00	GGAAAAATT_13/4	0	1.75	+
9:13122	  556.0	1	  146.3	NaN	NaN	   21.8	  67.74	NaN	  69.00	  -0.86	   0.00	1	  317.7	NaN	NaN	   24.7	 226.38	NaN	 227.40	  -0.63	   0.00	1	   92.0	NaN	NaN	   28.9	  19.85	NaN	  20.74	  -0.83	   0.00	0	    0.0	NaN	NaN	    7.7	  -0.04	NaN	   0.00	  -1.17	   0.00	CGGAGAAAT_26/1	0	3.92	+
9:13146	  597.8	1	   67.7	NaN	NaN	   21.8	  13.69	NaN	  14.69	  -0.89	   0.00	1	  323.2	NaN	NaN	   24.7	 233.06	NaN	 234.09	  -0.64	   0.00	1	  202.1	NaN	NaN	   28.9	  96.72	NaN	  97.76	  -0.87	   0.00	0	    4.8	NaN	NaN	    7.7	  -0.14	NaN	   0.05	  -0.94	   0.00	CCGGAGAAAT_36/1	0	5.43	+
9:27410	  115.2	0	   18.4	NaN	NaN	   25.1	  -0.04	NaN	   0.04	  -0.71	   0.00	1	   47.8	NaN	NaN	   24.7	   4.12	NaN	   4.69	  -0.89	   0.00	0	   42.6	NaN	NaN	   31.5	   0.94	NaN	   1.52	  -0.84	   0.00	0	    6.4	NaN	NaN	    9.0	  -0.16	NaN	   0.10	  -0.64	   0.00	GGAAAAAA_15/4	0	1.93	+
9:31191	  631.7	1	  112.0	NaN	NaN	   26.0	  34.67	NaN	  35.81	  -0.86	   0.04	1	  349.0	NaN	NaN	   24.7	 261.42	NaN	 262.48	  -0.68	   0.04	1	  162.7	NaN	NaN	   34.7	  54.31	NaN	  55.29	  -0.78	   0.04	0	    8.0	NaN	NaN	    8.0	  -0.15	NaN	   0.27	  -0.79	   0.04	GCGGGGAA_3/0	0	1.33	+
9:31309	 1210.3	1	  153.0	NaN	NaN	   26.4	  61.96	NaN	  63.20	  -1.00	   0.04	1	  726.0	NaN	NaN	   24.7	 999.00	NaN	 999.00	  -0.74	   0.04	1	  330.3	NaN	NaN	   34.7	 196.00	NaN	 197.17	  -0.88	   0.04	0	    1.0	NaN	NaN	    8.0	  -0.03	NaN	   0.00	   1.99	   0.04	CTGGAAAAACTG_40/5	0	4.37	+
9:132669	  208.9	0	   33.8	NaN	NaN	   25.7	   0.52	NaN	   1.18	  -1.15	   0.00	1	  118.5	NaN	NaN	   28.2	  35.66	NaN	  36.46	  -0.99	   0.00	1	   54.2	NaN	NaN	   31.4	   3.35	NaN	   4.07	  -1.00	   0.00	0	    2.4	NaN	NaN	    9.8	  -0.06	NaN	   0.00	  -0.98	   0.00	AGAGAAAAT_7/1	0	1.61	+
9:132972	  176.1	0	   41.2	NaN	NaN	   25.4	   1.99	NaN	   2.81	  -1.03	   0.00	1	   82.5	NaN	NaN	   27.9	  16.02	NaN	  16.75	  -1.14	   0.00	0	   47.8	NaN	NaN	   31.3	   1.83	NaN	   2.48	  -1.01	   0.00	0	    4.6	NaN	NaN	    9.1	  -0.13	NaN	   0.02	  -0.98	   0.00	GGAACAAA_4/0	0	1.44	+
9:237671	  119.0	0	   20.0	NaN	NaN	   26.6	  -0.04	NaN	   0.04	  -0.73	   0.00	1	   60.0	NaN	NaN	   24.7	   8.18	NaN	   8.85	  -0.47	   0.00	0	   33.0	NaN	NaN	   29.9	   0.16	NaN	   0.51	  -0.72	   0.00	0	    6.0	NaN	NaN	    8.9	  -0.15	NaN	   0.06	  -0.63	   0.00	CACGGAAA_6/0	0	1.67	+
9:383345	  232.0	0	   40.0	NaN	NaN	   25.4	   1.56	NaN	   2.35	  -0.70	   0.18	1	  103.0	NaN	NaN	   34.8	  19.55	NaN	  20.30	  -0.84	   0.18	1	   82.0	NaN	NaN	   30.5	  13.20	NaN	  14.04	  -0.72	   0.18	0	    7.0	NaN	NaN	    7.7	  -0.17	NaN	   0.18	  -0.84	   0.18	GCGGAAAAACA_56/4	0	7.24	+
9:389160	   97.7	0	   20.7	NaN	NaN	   21.8	  -0.02	NaN	   0.23	  -0.81	   0.00	1	   39.5	NaN	NaN	   24.7	   2.06	NaN	   2.56	  -0.89	   0.00	0	   32.6	NaN	NaN	   28.9	   0.23	NaN	   0.61	  -0.72	   0.00	0	    4.9	NaN	NaN	    8.3	  -0.13	NaN	   0.04	  -0.90	   0.00	AGGAAAAAAAA_36/11	0	2.66	+
mit:10694	  135.0	1	   54.0	NaN	NaN	   27.8	   4.29	NaN	   5.15	  -0.84	   0.00	0	   28.0	NaN	NaN	   19.3	   1.00	NaN	   1.42	  -0.73	   0.00	1	   50.0	NaN	NaN	   25.9	   4.03	NaN	   4.77	  -0.68	   0.00	0	    3.0	NaN	NaN	    2.2	  -0.13	NaN	   0.42	  -1.16	   0.00	TTTATTGA_3/0	0	1.33	+
mit:11742	  221.0	1	   78.0	NaN	NaN	   27.8	  13.30	NaN	  14.29	  -0.64	   0.54	1	   62.0	NaN	NaN	   19.3	  13.25	NaN	  13.97	  -0.66	   0.54	1	   75.0	NaN	NaN	   25.9	  13.61	NaN	  14.47	  -0.73	   0.54	0	    6.0	NaN	NaN	    2.2	   0.30	NaN	   1.60	  -0.94	   0.54	GAAAATAT_3/0	0	1.33	+
mit:27313	  132.0	1	   50.0	NaN	NaN	   27.8	   3.18	NaN	   4.02	  -0.98	   0.00	0	   32.0	NaN	NaN	   19.3	   1.80	NaN	   2.29	  -1.04	   0.00	1	   47.0	NaN	NaN	   25.9	   3.19	NaN	   3.91	  -1.02	   0.00	0	    3.0	NaN	NaN	    2.3	  -0.14	NaN	   0.39	  -0.90	   0.00	GAAAAAAA_14/4	0	1.84	+
mit:49117	  197.0	1	   73.0	NaN	NaN	   27.8	  11.13	NaN	  12.09	  -0.81	   0.00	1	   42.0	NaN	NaN	   19.3	   4.67	NaN	   5.26	  -0.83	   0.00	1	   75.0	NaN	NaN	   25.9	  13.62	NaN	  14.47	  -0.79	   0.00	0	    7.0	NaN	NaN	    2.6	   0.32	NaN	   1.77	  -0.90	   0.00	--------	-1	0.00	*
mit:59638	  153.0	1	   61.0	NaN	NaN	   29.9	   5.50	NaN	   6.39	  -0.74	   0.34	1	   38.0	NaN	NaN	   19.9	   3.15	NaN	   3.69	  -0.71	   0.34	1	   47.0	NaN	NaN	   27.5	   2.66	NaN	   3.35	  -0.80	   0.34	0	    7.0	NaN	NaN	    2.3	   0.45	NaN	   2.08	  -0.69	   0.34	GAAAAATT_7/3	0	1.34	+
mit:60630	  171.0	1	   70.0	NaN	NaN	   42.4	   3.36	NaN	   4.21	  -0.79	   0.00	1	   45.0	NaN	NaN	   26.0	   2.83	NaN	   3.36	  -0.76	   0.00	0	   46.0	NaN	NaN	   38.3	   0.43	NaN	   0.90	  -0.76	   0.00	0	   10.0	NaN	NaN	    3.1	   0.97	NaN	   2.82	  -1.14	   0.00	AAAAAAAA_14/5	0	1.70	+
mit:71661	  181.2	0	   69.2	NaN	NaN	   48.6	   1.84	NaN	   2.65	  -1.04	   0.00	0	   38.9	NaN	NaN	   31.8	   0.55	NaN	   0.92	  -1.12	   0.00	1	   67.6	NaN	NaN	   46.3	   2.12	NaN	   2.79	  -0.91	   0.00	0	    5.4	NaN	NaN	    3.7	  -0.01	NaN	   0.79	  -1.47	   0.00	GGAAATAC_4/1	0	1.30	+
plasmid-2-micron:2288	 3132.0	0	  788.0	NaN	NaN	  775.0	   0.06	NaN	   0.49	  -0.52	   0.95	0	  848.0	NaN	NaN	  789.2	   1.25	NaN	   1.70	  -0.51	   0.95	1	 1122.0	NaN	NaN	 1017.7	   2.49	NaN	   3.17	  -0.45	   0.95	0	  374.0	NaN	NaN	  336.3	   0.32	NaN	   1.65	  -0.59	   0.95	ACGGAACAA_15/0	0	2.77	+
unplaced_telomere_2:23526	  194.0	0	   12.0	NaN	NaN	    6.1	   0.88	NaN	   1.63	  -1.37	   0.00	1	   86.0	NaN	NaN	    6.4	  62.88	NaN	  63.73	  -1.10	   0.00	1	   90.0	NaN	NaN	    7.4	  62.27	NaN	  63.27	  -0.88	   0.00	0	    6.0	NaN	NaN	    2.9	   0.13	NaN	   1.15	  -1.04	   0.00	GAAAAACC_7/0	0	1.78	+
