Position	IP	CondAna_Present	CondAna_IP	CondAna_Control	CondAna_Fold	CondAna_Expectd	CondAna_Q_-lg10	CondAna_P_-lg10	CondAna_P_poiss	CondAna_IPvsEMP	CondAna_Noise	CondEth_Present	CondEth_IP	CondEth_Control	CondEth_Fold	CondEth_Expectd	CondEth_Q_-lg10	CondEth_P_-lg10	CondEth_P_poiss	CondEth_IPvsEMP	CondEth_Noise	CondGlu_Present	CondGlu_IP	CondGlu_Control	CondGlu_Fold	CondGlu_Expectd	CondGlu_Q_-lg10	CondGlu_P_-lg10	CondGlu_P_poiss	CondGlu_IPvsEMP	CondGlu_Noise	CondNit_Present	CondNit_IP	CondNit_Control	CondNit_Fold	CondNit_Expectd	CondNit_Q_-lg10	CondNit_P_-lg10	CondNit_P_poiss	CondNit_IPvsEMP	CondNit_Noise	KmerGroup	MotifId	KG_score	Strand
1:59389	  377.0	1	  225.0	NaN	NaN	   44.9	  80.17	NaN	  80.78	  -0.64	   0.10	1	   33.0	NaN	NaN	    8.9	   9.06	NaN	   9.37	  -0.54	   0.10	1	   27.0	NaN	NaN	    6.8	   8.09	NaN	   8.35	  -0.66	   0.10	1	   92.0	NaN	NaN	   29.2	  19.45	NaN	  19.93	  -0.70	   0.10	--------	-1	0.00	*
10:57704	  295.0	1	  171.0	NaN	NaN	   26.2	  77.28	NaN	  77.88	  -0.54	   0.50	1	   22.0	NaN	NaN	    3.0	  11.52	NaN	  11.86	  -0.65	   0.50	1	   22.0	NaN	NaN	    2.9	  11.82	NaN	  12.17	  -0.37	   0.50	1	   80.0	NaN	NaN	   13.9	  32.80	NaN	  33.38	  -0.45	   0.50	--------	-1	0.00	*
10:64535	  120.0	1	   50.0	NaN	NaN	   26.5	   4.41	NaN	   4.52	  -0.62	   0.00	1	   25.0	NaN	NaN	    3.0	  14.11	NaN	  14.50	  -0.47	   0.00	1	    8.0	NaN	NaN	    2.5	   2.30	NaN	   2.41	  -0.79	   0.00	1	   37.0	NaN	NaN	   13.7	   6.60	NaN	   6.81	  -0.77	   0.00	--------	-1	0.00	*
10:125133	  755.0	1	  415.0	NaN	NaN	   23.1	 999.00	NaN	 999.00	  -0.65	   0.12	1	  105.0	NaN	NaN	    5.1	  95.14	NaN	  96.35	  -0.62	   0.12	1	   88.0	NaN	NaN	    2.6	  97.65	NaN	  98.95	  -0.65	   0.12	1	  147.0	NaN	NaN	   20.1	  72.55	NaN	  73.45	  -0.54	   0.12	--------	-1	0.00	*
10:458426	  341.0	1	  169.0	NaN	NaN	   34.8	  58.66	NaN	  59.17	  -0.60	   0.45	1	   31.0	NaN	NaN	    4.5	  15.18	NaN	  15.60	  -0.48	   0.45	1	   33.0	NaN	NaN	    5.3	  14.76	NaN	  15.20	  -0.56	   0.45	1	  108.0	NaN	NaN	   22.4	  37.38	NaN	  38.02	  -0.57	   0.45	--------	-1	0.00	*
10:634527	   89.0	0	   29.0	NaN	NaN	   21.9	   1.03	NaN	   1.08	  -0.57	   0.00	1	   29.0	NaN	NaN	    4.4	  13.82	NaN	  14.20	  -0.93	   0.00	1	   16.0	NaN	NaN	    4.1	   4.98	NaN	   5.18	  -1.02	   0.00	0	   15.0	NaN	NaN	   17.5	   0.10	NaN	   0.12	  -1.06	   0.00	--------	-1	0.00	*
11:74433	  141.0	1	   69.0	NaN	NaN	   42.3	   3.91	NaN	   4.00	  -0.64	   0.00	0	    9.0	NaN	NaN	    9.4	   0.20	NaN	   0.23	  -0.86	   0.00	0	   11.0	NaN	NaN	    7.4	   0.85	NaN	   0.90	  -0.75	   0.00	1	   52.0	NaN	NaN	   28.8	   4.03	NaN	   4.19	  -0.76	   0.00	--------	-1	0.00	*
11:74995	  490.0	1	  177.0	NaN	NaN	   42.9	  51.73	NaN	  52.22	  -0.56	   0.38	1	  120.0	NaN	NaN	   10.2	  81.19	NaN	  82.32	  -0.75	   0.38	1	   60.0	NaN	NaN	    8.0	  30.49	NaN	  31.25	  -0.67	   0.38	1	  133.0	NaN	NaN	   29.0	  43.61	NaN	  44.32	  -0.46	   0.38	--------	-1	0.00	*
11:106303	  225.0	1	   93.0	NaN	NaN	   24.8	  24.84	NaN	  25.14	  -0.60	   0.21	1	   45.0	NaN	NaN	    3.4	  32.77	NaN	  33.56	  -0.62	   0.21	1	   42.0	NaN	NaN	    3.6	  28.88	NaN	  29.57	  -0.41	   0.21	1	   45.0	NaN	NaN	   16.1	   8.30	NaN	   8.56	  -0.83	   0.21	--------	-1	0.00	*
11:133692	  286.0	1	  150.0	NaN	NaN	   23.5	  66.76	NaN	  67.32	  -0.63	   0.12	1	   31.0	NaN	NaN	    3.8	  17.05	NaN	  17.52	  -0.69	   0.12	1	   18.0	NaN	NaN	    2.7	   8.82	NaN	   9.11	  -0.47	   0.12	1	   87.0	NaN	NaN	   16.8	  32.45	NaN	  33.02	  -0.59	   0.12	--------	-1	0.00	*
11:223213	   85.0	1	   49.0	NaN	NaN	   22.5	   5.92	NaN	   6.05	  -0.51	   0.00	1	   12.0	NaN	NaN	    3.4	   3.51	NaN	   3.65	  -0.39	   0.00	0	    7.0	NaN	NaN	    2.7	   1.58	NaN	   1.67	  -1.06	   0.00	0	   17.0	NaN	NaN	   14.5	   0.48	NaN	   0.54	  -0.32	   0.00	--------	-1	0.00	*
11:265103	  266.0	1	  108.0	NaN	NaN	   26.0	  32.31	NaN	  32.66	  -0.87	   0.14	1	   53.0	NaN	NaN	    4.1	  38.09	NaN	  38.95	  -0.64	   0.14	1	   50.0	NaN	NaN	    4.6	  32.34	NaN	  33.15	  -0.82	   0.14	1	   55.0	NaN	NaN	   16.7	  12.63	NaN	  12.97	  -0.64	   0.14	--------	-1	0.00	*
11:284590	   99.0	1	   43.0	NaN	NaN	   22.5	   4.01	NaN	   4.11	  -0.45	   0.00	1	   24.0	NaN	NaN	    3.6	  11.72	NaN	  12.06	  -0.71	   0.00	0	    6.0	NaN	NaN	    3.5	   0.81	NaN	   0.87	  -1.10	   0.00	0	   26.0	NaN	NaN	   16.5	   1.62	NaN	   1.73	  -0.52	   0.00	--------	-1	0.00	*
11:463325	  599.0	1	  327.0	NaN	NaN	   37.2	 183.80	NaN	 184.65	  -0.61	   0.22	1	   58.0	NaN	NaN	    3.6	  47.06	NaN	  47.99	  -0.69	   0.22	1	   43.0	NaN	NaN	    3.3	  31.23	NaN	  32.03	  -0.55	   0.22	1	  171.0	NaN	NaN	   19.3	  96.76	NaN	  97.78	  -0.59	   0.22	--------	-1	0.00	*
11:595968	   76.0	1	   37.0	NaN	NaN	   22.5	   2.44	NaN	   2.51	  -0.41	   0.00	1	   11.0	NaN	NaN	    3.4	   2.97	NaN	   3.09	  -0.77	   0.00	0	    3.0	NaN	NaN	    2.7	   0.27	NaN	   0.29	  -0.97	   0.00	0	   25.0	NaN	NaN	   14.5	   2.00	NaN	   2.11	  -0.43	   0.00	--------	-1	0.00	*
11:620714	  516.0	1	  213.0	NaN	NaN	   24.2	 120.16	NaN	 120.84	  -0.69	   0.06	1	   43.0	NaN	NaN	    4.2	  27.01	NaN	  27.67	  -0.64	   0.06	1	   58.0	NaN	NaN	    2.7	  53.33	NaN	  54.37	  -0.70	   0.06	1	  202.0	NaN	NaN	   17.8	 133.77	NaN	 134.85	  -0.69	   0.06	--------	-1	0.00	*
12:68790	  344.0	1	  185.0	NaN	NaN	   38.0	  64.32	NaN	  64.86	  -0.56	   0.00	1	   19.0	NaN	NaN	    5.1	   5.57	NaN	   5.77	  -0.68	   0.00	1	   25.0	NaN	NaN	    4.6	  10.18	NaN	  10.50	  -0.54	   0.00	1	  115.0	NaN	NaN	   24.4	  38.79	NaN	  39.45	  -0.58	   0.00	--------	-1	0.00	*
12:69157	  325.0	1	  151.0	NaN	NaN	   38.7	  41.50	NaN	  41.94	  -0.42	   0.00	1	   36.0	NaN	NaN	    5.2	  17.53	NaN	  18.01	  -0.76	   0.00	1	   43.0	NaN	NaN	    4.8	  25.05	NaN	  25.68	  -0.42	   0.00	1	   95.0	NaN	NaN	   25.2	  25.33	NaN	  25.84	  -0.53	   0.00	--------	-1	0.00	*
12:232551	  169.0	1	   54.0	NaN	NaN	   26.9	   5.43	NaN	   5.55	  -0.51	   0.27	1	   37.0	NaN	NaN	    3.3	  24.96	NaN	  25.56	  -0.54	   0.27	1	   40.0	NaN	NaN	    2.7	  30.87	NaN	  31.64	  -0.59	   0.27	1	   38.0	NaN	NaN	   18.7	   4.06	NaN	   4.23	  -0.58	   0.27	--------	-1	0.00	*
12:349809	  272.0	1	  109.0	NaN	NaN	   34.8	  22.92	NaN	  23.21	  -0.59	   0.13	1	   52.0	NaN	NaN	    5.2	  32.20	NaN	  32.97	  -0.42	   0.13	1	   40.0	NaN	NaN	    3.0	  29.40	NaN	  30.10	  -0.52	   0.13	1	   71.0	NaN	NaN	   25.3	  12.79	NaN	  13.13	  -0.59	   0.13	--------	-1	0.00	*
12:403266	 1828.0	1	  933.0	NaN	NaN	   31.4	 999.00	NaN	 999.00	  -0.59	   0.08	1	  221.0	NaN	NaN	    5.2	 265.65	NaN	 267.90	  -0.67	   0.08	1	  196.0	NaN	NaN	    4.0	 248.00	NaN	 250.25	  -0.71	   0.08	1	  478.0	NaN	NaN	   27.6	 999.00	NaN	 999.00	  -0.57	   0.08	--------	-1	0.00	*
12:424163	  139.0	1	   53.0	NaN	NaN	   23.8	   6.59	NaN	   6.74	  -0.54	   0.27	1	   32.0	NaN	NaN	    4.3	  16.65	NaN	  17.10	  -0.61	   0.27	1	   16.0	NaN	NaN	    2.6	   7.47	NaN	   7.74	  -0.51	   0.27	1	   38.0	NaN	NaN	   17.8	   4.52	NaN	   4.70	  -0.65	   0.27	--------	-1	0.00	*
12:426913	  224.0	1	  122.0	NaN	NaN	   22.3	  47.66	NaN	  48.14	  -0.68	   0.02	0	    7.0	NaN	NaN	    3.3	   1.20	NaN	   1.27	  -0.62	   0.02	1	    8.0	NaN	NaN	    2.6	   2.16	NaN	   2.27	  -1.15	   0.02	1	   87.0	NaN	NaN	   16.0	  33.96	NaN	  34.56	  -0.76	   0.02	--------	-1	0.00	*
12:605763	  172.0	1	   80.0	NaN	NaN	   23.8	  18.84	NaN	  19.10	  -0.51	   0.20	1	   26.0	NaN	NaN	    3.6	  13.41	NaN	  13.78	  -0.63	   0.20	1	   32.0	NaN	NaN	    4.0	  17.54	NaN	  18.01	  -0.51	   0.20	1	   34.0	NaN	NaN	   17.6	   3.31	NaN	   3.46	  -0.45	   0.20	--------	-1	0.00	*
12:834706	  160.0	1	   94.0	NaN	NaN	   27.5	  22.44	NaN	  22.73	  -0.42	   0.41	1	   17.0	NaN	NaN	    4.5	   5.13	NaN	   5.31	  -0.65	   0.41	1	   15.0	NaN	NaN	    2.9	   6.17	NaN	   6.40	  -0.43	   0.41	1	   34.0	NaN	NaN	   17.8	   3.26	NaN	   3.40	  -0.38	   0.41	--------	-1	0.00	*
12:884116	  398.0	1	  208.0	NaN	NaN	   24.7	 113.70	NaN	 114.35	  -0.69	   0.12	1	   34.0	NaN	NaN	    4.5	  17.80	NaN	  18.29	  -0.74	   0.12	1	   40.0	NaN	NaN	    3.1	  28.76	NaN	  29.43	  -0.86	   0.12	1	  116.0	NaN	NaN	   16.6	  55.55	NaN	  56.31	  -0.65	   0.12	--------	-1	0.00	*
13:64487	  136.0	1	   56.0	NaN	NaN	   31.8	   4.07	NaN	   4.17	  -0.50	   0.00	1	   25.0	NaN	NaN	    6.0	   7.95	NaN	   8.22	  -0.57	   0.00	1	   23.0	NaN	NaN	    4.8	   8.48	NaN	   8.77	  -0.68	   0.00	0	   32.0	NaN	NaN	   24.0	   1.08	NaN	   1.16	  -0.45	   0.00	--------	-1	0.00	*
13:140817	   83.0	1	   50.0	NaN	NaN	   22.7	   6.16	NaN	   6.30	  -0.46	   0.00	1	   10.0	NaN	NaN	    3.3	   2.59	NaN	   2.68	  -0.53	   0.00	0	    3.0	NaN	NaN	    3.1	   0.21	NaN	   0.23	  -2.00	   0.00	0	   20.0	NaN	NaN	   15.6	   0.73	NaN	   0.80	  -0.56	   0.00	--------	-1	0.00	*
13:181101	  326.0	1	  157.0	NaN	NaN	   25.3	  68.27	NaN	  68.84	  -0.59	   0.47	1	   30.0	NaN	NaN	    3.4	  17.43	NaN	  17.91	  -0.76	   0.47	1	   28.0	NaN	NaN	    2.7	  18.09	NaN	  18.59	  -0.56	   0.47	1	  111.0	NaN	NaN	   16.1	  52.49	NaN	  53.24	  -0.55	   0.47	--------	-1	0.00	*
13:292734	  177.0	1	   89.0	NaN	NaN	   25.3	  22.09	NaN	  22.38	  -0.64	   0.00	1	   18.0	NaN	NaN	    3.5	   7.17	NaN	   7.42	  -1.04	   0.00	1	   15.0	NaN	NaN	    3.6	   5.05	NaN	   5.25	  -0.83	   0.00	1	   55.0	NaN	NaN	   14.6	  14.94	NaN	  15.32	  -0.57	   0.00	--------	-1	0.00	*
13:335882	  203.0	1	   63.0	NaN	NaN	   22.7	  11.36	NaN	  11.55	  -0.59	   0.42	1	   27.0	NaN	NaN	    3.3	  15.12	NaN	  15.54	  -0.56	   0.42	1	   25.0	NaN	NaN	    3.3	  13.28	NaN	  13.67	  -0.57	   0.42	1	   88.0	NaN	NaN	   15.3	  35.95	NaN	  36.57	  -0.54	   0.42	--------	-1	0.00	*
13:379631	  145.7	0	   29.4	NaN	NaN	   25.9	   0.59	NaN	   0.63	  -0.75	   0.00	1	   46.1	NaN	NaN	    3.6	  34.17	NaN	  34.97	  -0.69	   0.00	1	   38.4	NaN	NaN	    3.3	  26.92	NaN	  27.58	  -0.69	   0.00	1	   31.8	NaN	NaN	   15.2	   3.81	NaN	   3.97	  -0.70	   0.00	--------	-1	0.00	*
13:379826	  130.3	1	   58.6	NaN	NaN	   25.6	   7.78	NaN	   7.95	  -0.89	   0.00	1	   10.9	NaN	NaN	    3.6	   2.81	NaN	   2.92	  -0.69	   0.00	1	   23.6	NaN	NaN	    3.4	  12.01	NaN	  12.37	  -0.63	   0.00	1	   37.2	NaN	NaN	   15.0	   6.13	NaN	   6.33	  -0.69	   0.00	--------	-1	0.00	*
13:444345	  694.0	1	  308.0	NaN	NaN	   28.3	 198.51	NaN	 199.42	  -0.64	   0.19	1	   83.0	NaN	NaN	    3.3	  82.04	NaN	  83.21	  -0.68	   0.19	1	   73.0	NaN	NaN	    2.7	  74.18	NaN	  75.35	  -0.69	   0.19	1	  230.0	NaN	NaN	   18.4	 161.05	NaN	 162.22	  -0.62	   0.19	--------	-1	0.00	*
13:455157	   71.0	1	   45.0	NaN	NaN	   22.7	   4.52	NaN	   4.64	  -0.50	   0.00	0	    8.0	NaN	NaN	    3.8	   1.32	NaN	   1.38	  -0.54	   0.00	0	    3.0	NaN	NaN	    2.7	   0.27	NaN	   0.30	  -0.51	   0.00	0	   15.0	NaN	NaN	   15.2	   0.23	NaN	   0.26	  -0.52	   0.00	--------	-1	0.00	*
13:517762	  258.0	1	  128.0	NaN	NaN	   32.8	  35.43	NaN	  35.82	  -0.58	   0.45	1	   40.0	NaN	NaN	    3.8	  25.62	NaN	  26.27	  -0.57	   0.45	1	   31.0	NaN	NaN	    4.4	  15.50	NaN	  15.96	  -0.79	   0.45	1	   59.0	NaN	NaN	   20.9	  10.84	NaN	  11.15	  -0.62	   0.45	--------	-1	0.00	*
13:534617	  200.0	1	   83.0	NaN	NaN	   24.0	  20.16	NaN	  20.42	  -0.60	   0.00	1	   31.0	NaN	NaN	    4.4	  15.52	NaN	  15.96	  -0.86	   0.00	1	   32.0	NaN	NaN	    2.9	  21.45	NaN	  22.02	  -0.84	   0.00	1	   54.0	NaN	NaN	   17.2	  11.62	NaN	  11.94	  -0.64	   0.00	--------	-1	0.00	*
13:664790	  224.0	1	  149.0	NaN	NaN	   28.8	  55.10	NaN	  55.60	  -0.56	   0.56	1	   13.0	NaN	NaN	    3.3	   4.25	NaN	   4.40	  -0.75	   0.56	0	    6.0	NaN	NaN	    2.7	   1.18	NaN	   1.25	  -0.80	   0.56	1	   56.0	NaN	NaN	   14.1	  16.24	NaN	  16.68	  -0.39	   0.56	--------	-1	0.00	*
13:678729	  339.0	1	  227.0	NaN	NaN	   27.2	 123.34	NaN	 124.03	  -0.47	   0.26	1	   19.0	NaN	NaN	    3.3	   8.34	NaN	   8.63	  -0.95	   0.26	1	   17.0	NaN	NaN	    3.3	   6.87	NaN	   7.12	  -0.34	   0.26	1	   76.0	NaN	NaN	   14.9	  28.06	NaN	  28.60	  -0.51	   0.26	--------	-1	0.00	*
13:774982	  117.0	1	   65.0	NaN	NaN	   27.3	   9.00	NaN	   9.18	  -0.57	   0.00	1	   14.0	NaN	NaN	    3.3	   4.88	NaN	   5.04	  -0.60	   0.00	1	   15.0	NaN	NaN	    2.7	   6.51	NaN	   6.74	  -0.64	   0.00	0	   23.0	NaN	NaN	   14.9	   1.42	NaN	   1.52	  -0.36	   0.00	--------	-1	0.00	*
13:787888	  128.0	1	   73.0	NaN	NaN	   24.4	  14.53	NaN	  14.76	  -0.45	   0.43	1	   14.0	NaN	NaN	    3.3	   4.87	NaN	   5.04	  -0.68	   0.43	0	    6.0	NaN	NaN	    3.6	   0.78	NaN	   0.83	  -0.71	   0.43	1	   35.0	NaN	NaN	   16.5	   4.12	NaN	   4.30	  -0.47	   0.43	--------	-1	0.00	*
13:795213	   95.0	1	   51.0	NaN	NaN	   22.7	   6.51	NaN	   6.66	  -0.60	   0.00	1	   10.0	NaN	NaN	    3.3	   2.58	NaN	   2.68	  -0.52	   0.00	0	    9.0	NaN	NaN	    4.9	   1.14	NaN	   1.20	  -1.14	   0.00	0	   25.0	NaN	NaN	   18.7	   0.95	NaN	   1.02	  -0.44	   0.00	--------	-1	0.00	*
13:881218	  360.0	1	  175.0	NaN	NaN	   33.3	  65.48	NaN	  66.03	  -0.66	   0.09	1	   17.0	NaN	NaN	    3.3	   6.88	NaN	   7.12	  -0.92	   0.09	1	   14.0	NaN	NaN	    2.7	   5.78	NaN	   5.99	  -0.53	   0.09	1	  154.0	NaN	NaN	   19.1	  81.49	NaN	  82.44	  -0.59	   0.09	--------	-1	0.00	*
13:901496	   62.0	0	   15.0	NaN	NaN	   22.7	   0.00	NaN	   0.02	  -0.32	   0.00	1	   29.0	NaN	NaN	    3.3	  16.96	NaN	  17.41	  -0.78	   0.00	0	    4.0	NaN	NaN	    2.7	   0.51	NaN	   0.54	  -0.72	   0.00	0	   14.0	NaN	NaN	   14.1	   0.23	NaN	   0.27	  -0.55	   0.00	--------	-1	0.00	*
13:907109	   74.0	0	   21.0	NaN	NaN	   22.7	   0.16	NaN	   0.18	  -0.59	   0.00	1	   19.0	NaN	NaN	    3.3	   8.35	NaN	   8.63	  -0.83	   0.00	1	   22.0	NaN	NaN	    2.7	  12.32	NaN	  12.69	  -0.62	   0.00	0	   12.0	NaN	NaN	   14.1	   0.11	NaN	   0.13	  -0.67	   0.00	--------	-1	0.00	*
14:12908	  142.0	1	   67.0	NaN	NaN	   23.6	  12.41	NaN	  12.62	  -0.56	   0.12	1	   18.0	NaN	NaN	    3.2	   7.71	NaN	   7.97	  -0.52	   0.12	0	    3.0	NaN	NaN	    2.7	   0.27	NaN	   0.29	  -1.40	   0.12	1	   54.0	NaN	NaN	   15.2	  13.70	NaN	  14.05	  -0.51	   0.12	--------	-1	0.00	*
14:188182	  258.0	1	  127.0	NaN	NaN	   34.3	  33.04	NaN	  33.41	  -0.70	   0.00	1	   43.0	NaN	NaN	    5.9	  21.72	NaN	  22.27	  -0.71	   0.00	1	   28.0	NaN	NaN	    5.7	  10.32	NaN	  10.64	  -0.57	   0.00	1	   60.0	NaN	NaN	   20.6	  11.53	NaN	  11.84	  -0.61	   0.00	--------	-1	0.00	*
14:207429	  734.0	1	  282.0	NaN	NaN	   25.4	 184.10	NaN	 184.97	  -0.64	   0.04	1	  144.0	NaN	NaN	    3.2	 176.26	NaN	 177.91	  -0.65	   0.04	1	  104.0	NaN	NaN	    2.7	 120.51	NaN	 121.98	  -0.83	   0.04	1	  204.0	NaN	NaN	   16.1	 143.73	NaN	 144.83	  -0.65	   0.04	--------	-1	0.00	*
14:339970	  171.0	1	   53.0	NaN	NaN	   24.7	   6.14	NaN	   6.27	  -0.49	   0.43	1	   42.0	NaN	NaN	    3.7	  28.26	NaN	  28.94	  -0.60	   0.43	1	   35.0	NaN	NaN	    2.7	  25.34	NaN	  25.98	  -0.45	   0.43	1	   41.0	NaN	NaN	   16.1	   6.61	NaN	   6.82	  -0.43	   0.43	--------	-1	0.00	*
14:345451	 1135.0	1	  562.0	NaN	NaN	   25.4	 999.00	NaN	 999.00	  -0.72	   0.05	1	  162.0	NaN	NaN	    3.6	 199.52	NaN	 201.47	  -0.71	   0.05	1	  137.0	NaN	NaN	    2.7	 174.14	NaN	 176.09	  -0.77	   0.05	1	  274.0	NaN	NaN	   21.4	 193.69	NaN	 195.10	  -0.76	   0.05	--------	-1	0.00	*
14:395751	   84.0	1	   39.0	NaN	NaN	   22.7	   2.87	NaN	   2.95	  -0.61	   0.00	1	   12.0	NaN	NaN	    3.2	   3.71	NaN	   3.86	  -0.60	   0.00	1	   12.0	NaN	NaN	    2.7	   4.37	NaN	   4.55	  -0.58	   0.00	0	   21.0	NaN	NaN	   19.7	   0.34	NaN	   0.39	  -0.77	   0.00	--------	-1	0.00	*
14:416994	   82.0	0	   28.0	NaN	NaN	   22.7	   0.77	NaN	   0.81	  -0.86	   0.00	1	   19.0	NaN	NaN	    5.1	   5.59	NaN	   5.79	  -0.40	   0.00	1	   13.0	NaN	NaN	    3.1	   4.41	NaN	   4.59	  -0.72	   0.00	0	   22.0	NaN	NaN	   16.1	   0.95	NaN	   1.03	  -0.60	   0.00	--------	-1	0.00	*
14:604223	  484.9	1	  379.1	NaN	NaN	   45.2	 206.86	NaN	 207.79	  -0.58	   0.00	1	    8.1	NaN	NaN	    3.2	   2.14	NaN	   2.22	  -1.03	   0.00	1	   19.9	NaN	NaN	    3.1	   9.61	NaN	   9.92	  -0.63	   0.00	1	   77.8	NaN	NaN	   18.8	  23.31	NaN	  23.81	  -0.69	   0.00	--------	-1	0.00	*
14:604311	  414.1	1	  346.9	NaN	NaN	   44.9	 177.89	NaN	 178.69	  -0.58	   0.00	1	   10.9	NaN	NaN	    3.2	   3.15	NaN	   3.28	  -0.92	   0.00	1	    8.1	NaN	NaN	    2.9	   2.37	NaN	   2.49	  -0.67	   0.00	1	   48.2	NaN	NaN	   18.7	   8.14	NaN	   8.40	  -0.59	   0.00	--------	-1	0.00	*
15:48714	  194.0	1	  120.0	NaN	NaN	   23.3	  44.42	NaN	  44.89	  -0.52	   0.39	1	   17.0	NaN	NaN	    4.2	   5.43	NaN	   5.62	  -0.68	   0.39	1	   13.0	NaN	NaN	    2.8	   4.96	NaN	   5.15	  -0.51	   0.39	1	   44.0	NaN	NaN	   14.7	   8.97	NaN	   9.25	  -0.45	   0.39	--------	-1	0.00	*
15:83217	  558.0	1	  226.0	NaN	NaN	   25.8	 126.82	NaN	 127.53	  -0.72	   0.10	1	  123.0	NaN	NaN	    3.7	 135.21	NaN	 136.69	  -0.72	   0.10	1	   87.0	NaN	NaN	    3.0	  90.81	NaN	  92.06	  -0.67	   0.10	1	  122.0	NaN	NaN	   17.8	  57.50	NaN	  58.28	  -0.70	   0.10	--------	-1	0.00	*
15:155857	  329.0	1	  135.0	NaN	NaN	   38.8	  32.43	NaN	  32.80	  -0.56	   0.13	1	   62.0	NaN	NaN	    5.2	  42.50	NaN	  43.41	  -0.66	   0.13	1	   44.0	NaN	NaN	    7.0	  19.82	NaN	  20.36	  -0.63	   0.13	1	   88.0	NaN	NaN	   24.6	  22.07	NaN	  22.56	  -0.61	   0.13	--------	-1	0.00	*
15:247901	   80.0	0	   41.0	NaN	NaN	   27.6	   1.93	NaN	   2.00	  -0.67	   0.00	1	   10.0	NaN	NaN	    3.3	   2.58	NaN	   2.68	  -0.76	   0.00	0	    7.0	NaN	NaN	    3.4	   1.16	NaN	   1.23	  -0.97	   0.00	0	   22.0	NaN	NaN	   15.0	   1.19	NaN	   1.27	  -0.67	   0.00	--------	-1	0.00	*
15:324345	  376.0	1	  279.0	NaN	NaN	   26.0	 178.67	NaN	 179.49	  -0.64	   0.03	0	    5.0	NaN	NaN	    3.3	   0.59	NaN	   0.64	  -0.56	   0.03	1	   11.0	NaN	NaN	    2.8	   3.68	NaN	   3.83	  -0.74	   0.03	1	   81.0	NaN	NaN	   14.9	  31.67	NaN	  32.23	  -0.50	   0.03	--------	-1	0.00	*
15:446778	  110.0	1	   47.0	NaN	NaN	   24.4	   4.37	NaN	   4.48	  -0.48	   0.00	1	   16.0	NaN	NaN	    4.0	   5.10	NaN	   5.27	  -0.50	   0.00	1	   15.0	NaN	NaN	    3.1	   5.83	NaN	   6.05	  -0.57	   0.00	1	   32.0	NaN	NaN	   15.7	   3.54	NaN	   3.69	  -0.62	   0.00	--------	-1	0.00	*
15:480360	  905.0	1	  378.0	NaN	NaN	   36.7	 235.09	NaN	 236.14	  -0.53	   0.42	1	  119.0	NaN	NaN	    6.7	 100.11	NaN	 101.40	  -0.62	   0.42	1	  129.0	NaN	NaN	    8.5	 100.34	NaN	 101.69	  -0.63	   0.42	1	  279.0	NaN	NaN	   29.5	 164.29	NaN	 165.50	  -0.55	   0.42	--------	-1	0.00	*
15:514525	  429.0	1	  267.0	NaN	NaN	   23.3	 177.84	NaN	 178.63	  -0.72	   0.01	1	   35.0	NaN	NaN	    3.3	  22.88	NaN	  23.45	  -0.85	   0.01	1	   28.0	NaN	NaN	    2.8	  17.82	NaN	  18.30	  -0.88	   0.01	1	   99.0	NaN	NaN	   14.7	  46.00	NaN	  46.72	  -0.67	   0.01	--------	-1	0.00	*
15:520669	  149.0	1	   75.0	NaN	NaN	   23.3	  16.73	NaN	  16.98	  -0.60	   0.00	1	   25.0	NaN	NaN	    4.1	  11.25	NaN	  11.58	  -0.75	   0.00	1	   20.0	NaN	NaN	    2.8	  10.36	NaN	  10.68	  -1.26	   0.00	1	   29.0	NaN	NaN	   15.7	   2.64	NaN	   2.77	  -0.46	   0.00	--------	-1	0.00	*
15:586060	  213.0	1	  133.0	NaN	NaN	   28.7	  44.31	NaN	  44.76	  -0.62	   0.55	1	   10.0	NaN	NaN	    3.3	   2.59	NaN	   2.69	  -0.73	   0.55	0	    7.0	NaN	NaN	    2.8	   1.54	NaN	   1.64	  -1.00	   0.55	1	   63.0	NaN	NaN	   22.3	  11.57	NaN	  11.88	  -0.50	   0.55	--------	-1	0.00	*
15:673424	   99.0	1	   57.0	NaN	NaN	   28.8	   5.50	NaN	   5.62	  -0.62	   0.00	0	    8.0	NaN	NaN	    3.3	   1.65	NaN	   1.73	  -0.88	   0.00	1	    9.0	NaN	NaN	    3.2	   2.14	NaN	   2.25	  -0.97	   0.00	0	   25.0	NaN	NaN	   16.9	   1.33	NaN	   1.42	  -0.53	   0.00	--------	-1	0.00	*
15:831084	  262.7	1	  128.0	NaN	NaN	   31.8	  36.73	NaN	  37.14	  -0.66	   0.10	1	   18.7	NaN	NaN	    3.6	   7.69	NaN	   7.95	  -0.73	   0.10	1	   14.0	NaN	NaN	    3.9	   4.64	NaN	   4.83	  -1.03	   0.10	1	  102.0	NaN	NaN	   21.7	  34.44	NaN	  35.04	  -0.71	   0.10	--------	-1	0.00	*
15:831169	  720.3	1	  364.0	NaN	NaN	   32.3	 240.43	NaN	 241.51	  -0.62	   0.10	1	   44.3	NaN	NaN	    3.8	  31.08	NaN	  31.82	  -0.80	   0.10	1	   50.0	NaN	NaN	    4.2	  34.39	NaN	  35.25	  -0.80	   0.10	1	  262.0	NaN	NaN	   21.9	 179.62	NaN	 180.97	  -0.70	   0.10	--------	-1	0.00	*
15:848995	  232.0	1	  155.0	NaN	NaN	   27.7	  61.54	NaN	  62.07	  -0.57	   0.71	0	    4.0	NaN	NaN	    3.3	   0.35	NaN	   0.39	  -1.07	   0.71	1	   11.0	NaN	NaN	    2.8	   3.68	NaN	   3.83	  -0.69	   0.71	1	   62.0	NaN	NaN	   17.1	  16.09	NaN	  16.51	  -0.61	   0.71	--------	-1	0.00	*
15:906789	  514.0	1	  333.0	NaN	NaN	   27.0	 230.85	NaN	 231.87	  -0.55	   0.25	1	   17.0	NaN	NaN	    3.5	   6.48	NaN	   6.70	  -0.66	   0.25	1	   25.0	NaN	NaN	    3.8	  11.83	NaN	  12.19	  -0.54	   0.25	1	  139.0	NaN	NaN	   18.5	  69.87	NaN	  70.76	  -0.62	   0.25	--------	-1	0.00	*
15:983647	  185.0	1	   91.0	NaN	NaN	   41.8	  10.31	NaN	  10.50	  -0.57	   0.43	1	   27.0	NaN	NaN	   11.6	   3.95	NaN	   4.10	  -0.64	   0.43	1	   18.0	NaN	NaN	    7.1	   3.23	NaN	   3.37	  -0.44	   0.43	1	   49.0	NaN	NaN	   33.6	   2.01	NaN	   2.13	  -0.61	   0.43	--------	-1	0.00	*
15:1017632	  325.0	1	  258.0	NaN	NaN	   32.1	 136.29	NaN	 137.02	  -0.53	   0.47	1	   13.0	NaN	NaN	    3.6	   3.91	NaN	   4.06	  -0.78	   0.47	1	    8.0	NaN	NaN	    2.8	   2.01	NaN	   2.12	  -0.98	   0.47	1	   46.0	NaN	NaN	   17.1	   8.02	NaN	   8.28	  -0.47	   0.47	--------	-1	0.00	*
16:305547	  230.0	1	  128.0	NaN	NaN	   30.6	  38.29	NaN	  38.71	  -0.62	   0.00	1	   20.0	NaN	NaN	    3.1	   9.45	NaN	   9.77	  -1.11	   0.00	1	   19.0	NaN	NaN	    3.3	   8.36	NaN	   8.63	  -0.71	   0.00	1	   63.0	NaN	NaN	   18.4	  15.02	NaN	  15.41	  -0.66	   0.00	--------	-1	0.00	*
16:377930	  276.2	1	  194.6	NaN	NaN	   36.1	  74.71	NaN	  75.30	  -0.60	   0.12	0	    6.8	NaN	NaN	    3.1	   1.32	NaN	   1.39	  -0.53	   0.12	0	    2.4	NaN	NaN	    3.4	   0.16	NaN	   0.18	  -0.91	   0.12	1	   72.4	NaN	NaN	   24.4	  14.41	NaN	  14.78	  -0.46	   0.12	--------	-1	0.00	*
16:377973	 1064.8	1	  663.4	NaN	NaN	   35.6	 999.00	NaN	 999.00	  -0.72	   0.12	1	   45.2	NaN	NaN	    3.1	  35.49	NaN	  36.31	  -0.72	   0.12	1	   67.6	NaN	NaN	    3.4	  60.59	NaN	  61.70	  -0.75	   0.12	1	  288.6	NaN	NaN	   24.3	 196.07	NaN	 197.54	  -0.75	   0.12	--------	-1	0.00	*
16:440255	  200.0	1	   83.0	NaN	NaN	   23.9	  20.29	NaN	  20.57	  -0.61	   0.45	1	   29.0	NaN	NaN	    7.1	   8.92	NaN	   9.22	  -0.52	   0.45	1	   38.0	NaN	NaN	    3.6	  24.73	NaN	  25.35	  -0.57	   0.45	1	   50.0	NaN	NaN	   18.0	   9.04	NaN	   9.33	  -0.56	   0.45	--------	-1	0.00	*
16:461725	  290.2	1	  124.2	NaN	NaN	   30.7	  36.37	NaN	  36.77	  -0.87	   0.00	1	   20.4	NaN	NaN	    5.2	   6.65	NaN	   6.87	  -0.92	   0.00	1	   27.3	NaN	NaN	    3.9	  14.14	NaN	  14.57	  -0.98	   0.00	1	  118.3	NaN	NaN	   19.2	  51.57	NaN	  52.30	  -0.75	   0.00	--------	-1	0.00	*
16:461812	  262.8	1	  119.8	NaN	NaN	   29.8	  34.45	NaN	  34.84	  -0.76	   0.00	1	   42.6	NaN	NaN	    5.0	  24.26	NaN	  24.84	  -0.75	   0.00	1	   39.7	NaN	NaN	    3.7	  25.96	NaN	  26.61	  -1.03	   0.00	1	   60.7	NaN	NaN	   20.1	  12.47	NaN	  12.80	  -0.76	   0.00	--------	-1	0.00	*
16:580528	   69.0	1	   42.0	NaN	NaN	   22.4	   3.75	NaN	   3.84	  -0.72	   0.00	0	    6.0	NaN	NaN	    3.4	   0.84	NaN	   0.89	  -0.33	   0.00	0	    5.0	NaN	NaN	    2.6	   0.87	NaN	   0.92	  -0.68	   0.00	0	   16.0	NaN	NaN	   14.2	   0.40	NaN	   0.46	  -0.67	   0.00	--------	-1	0.00	*
16:594388	  145.0	1	   68.0	NaN	NaN	   25.5	  11.40	NaN	  11.59	  -0.59	   0.00	1	   12.0	NaN	NaN	    3.6	   3.35	NaN	   3.48	  -0.71	   0.00	1	   11.0	NaN	NaN	    3.6	   2.81	NaN	   2.94	  -0.76	   0.00	1	   54.0	NaN	NaN	   15.6	  13.25	NaN	  13.60	  -0.57	   0.00	--------	-1	0.00	*
16:649666	  180.0	1	   75.0	NaN	NaN	   29.6	  11.50	NaN	  11.71	  -0.67	   0.00	1	   31.0	NaN	NaN	    4.5	  15.18	NaN	  15.60	  -0.82	   0.00	1	   21.0	NaN	NaN	    3.8	   8.77	NaN	   9.05	  -0.51	   0.00	1	   53.0	NaN	NaN	   20.6	   8.45	NaN	   8.72	  -0.55	   0.00	--------	-1	0.00	*
16:653762	  391.0	1	  181.0	NaN	NaN	   33.9	  68.79	NaN	  69.37	  -0.56	   0.04	1	   50.0	NaN	NaN	    4.9	  31.27	NaN	  32.03	  -0.60	   0.04	1	   57.0	NaN	NaN	    4.6	  39.70	NaN	  40.61	  -0.74	   0.04	1	  103.0	NaN	NaN	   17.8	  42.33	NaN	  43.02	  -0.62	   0.04	--------	-1	0.00	*
16:687171	  319.6	1	  127.0	NaN	NaN	   24.1	  47.90	NaN	  48.38	  -0.82	   0.00	1	   36.3	NaN	NaN	    3.2	  25.34	NaN	  25.97	  -0.53	   0.00	1	   34.6	NaN	NaN	    3.3	  22.70	NaN	  23.29	  -0.56	   0.00	1	  121.7	NaN	NaN	   15.0	  65.15	NaN	  66.00	  -0.73	   0.00	--------	-1	0.00	*
16:687286	  233.4	1	  119.0	NaN	NaN	   24.0	  43.15	NaN	  43.60	  -0.87	   0.00	1	   23.7	NaN	NaN	    3.2	  12.73	NaN	  13.08	  -0.80	   0.00	1	   30.4	NaN	NaN	    3.3	  18.75	NaN	  19.27	  -0.69	   0.00	1	   60.3	NaN	NaN	   15.3	  17.65	NaN	  18.10	  -0.76	   0.00	--------	-1	0.00	*
16:800544	  318.0	1	  202.0	NaN	NaN	   23.6	 111.80	NaN	 112.45	  -0.68	   0.00	1	   12.0	NaN	NaN	    4.4	   2.61	NaN	   2.72	  -0.96	   0.00	1	   12.0	NaN	NaN	    2.6	   4.59	NaN	   4.77	  -0.58	   0.00	1	   92.0	NaN	NaN	   16.3	  37.12	NaN	  37.74	  -0.57	   0.00	--------	-1	0.00	*
16:848645	   83.0	1	   38.0	NaN	NaN	   22.4	   2.71	NaN	   2.78	  -0.42	   0.00	1	   11.0	NaN	NaN	    3.1	   3.25	NaN	   3.38	  -0.91	   0.00	1	    9.0	NaN	NaN	    2.7	   2.54	NaN	   2.67	  -0.34	   0.00	1	   25.0	NaN	NaN	   14.3	   2.05	NaN	   2.17	  -0.75	   0.00	--------	-1	0.00	*
16:932614	  116.0	1	   68.0	NaN	NaN	   24.9	  11.90	NaN	  12.11	  -0.48	   0.22	0	    5.0	NaN	NaN	    4.2	   0.35	NaN	   0.38	  -0.75	   0.22	0	    4.0	NaN	NaN	    2.6	   0.55	NaN	   0.59	  -0.60	   0.22	1	   39.0	NaN	NaN	   15.1	   6.49	NaN	   6.69	  -0.53	   0.22	--------	-1	0.00	*
16:950112	   87.0	0	   23.0	NaN	NaN	   22.4	   0.29	NaN	   0.32	  -0.71	   0.00	1	   26.0	NaN	NaN	    3.1	  14.63	NaN	  15.03	  -0.94	   0.00	1	   19.0	NaN	NaN	    2.6	  10.02	NaN	  10.34	  -0.65	   0.00	0	   19.0	NaN	NaN	   14.0	   0.87	NaN	   0.94	  -0.58	   0.00	--------	-1	0.00	*
2:136507	  148.8	1	   52.4	NaN	NaN	   21.4	   8.03	NaN	   8.21	  -0.70	   0.00	0	    6.6	NaN	NaN	    4.9	   0.61	NaN	   0.66	  -0.52	   0.00	1	   12.5	NaN	NaN	    3.3	   4.17	NaN	   4.33	  -0.74	   0.00	1	   77.3	NaN	NaN	   15.7	  28.03	NaN	  28.56	  -0.74	   0.00	--------	-1	0.00	*
2:136701	  188.2	1	  110.6	NaN	NaN	   21.5	  41.17	NaN	  41.60	  -0.67	   0.00	1	   12.4	NaN	NaN	    5.3	   2.40	NaN	   2.49	  -0.59	   0.00	1	   16.5	NaN	NaN	    3.4	   6.67	NaN	   6.91	  -0.87	   0.00	1	   48.7	NaN	NaN	   16.3	  10.01	NaN	  10.31	  -0.81	   0.00	--------	-1	0.00	*
2:165435	  161.0	1	   77.0	NaN	NaN	   27.7	  13.67	NaN	  13.89	  -0.52	   0.00	1	   23.0	NaN	NaN	    4.6	   8.70	NaN	   9.00	  -0.70	   0.00	1	   18.0	NaN	NaN	    4.0	   6.43	NaN	   6.67	  -0.71	   0.00	1	   43.0	NaN	NaN	   16.3	   7.33	NaN	   7.57	  -0.78	   0.00	--------	-1	0.00	*
2:362773	  154.0	1	   84.0	NaN	NaN	   27.0	  17.72	NaN	  17.97	  -0.48	   0.57	1	   19.0	NaN	NaN	    3.4	   8.08	NaN	   8.35	  -0.42	   0.57	1	   19.0	NaN	NaN	    4.9	   5.74	NaN	   5.96	  -0.45	   0.57	1	   32.0	NaN	NaN	   14.1	   4.38	NaN	   4.55	  -0.45	   0.57	--------	-1	0.00	*
2:616268	  114.0	1	   52.0	NaN	NaN	   22.0	   7.27	NaN	   7.43	  -0.49	   0.00	1	   17.0	NaN	NaN	    3.7	   6.21	NaN	   6.42	  -0.61	   0.00	1	   13.0	NaN	NaN	    3.4	   4.07	NaN	   4.22	  -0.44	   0.00	1	   32.0	NaN	NaN	   16.3	   3.30	NaN	   3.44	  -0.57	   0.00	--------	-1	0.00	*
3:171662	  266.0	1	  110.0	NaN	NaN	   26.8	  32.42	NaN	  32.78	  -0.46	   0.21	1	   31.0	NaN	NaN	    3.3	  18.85	NaN	  19.35	  -0.48	   0.21	1	   22.0	NaN	NaN	    2.2	  14.07	NaN	  14.48	  -1.06	   0.21	1	  103.0	NaN	NaN	   19.3	  39.37	NaN	  40.04	  -0.59	   0.21	--------	-1	0.00	*
3:241176	   69.0	1	   47.0	NaN	NaN	   24.9	   4.20	NaN	   4.31	  -0.64	   0.00	0	    4.0	NaN	NaN	    4.0	   0.22	NaN	   0.25	  -1.32	   0.00	0	    3.0	NaN	NaN	    3.6	   0.15	NaN	   0.16	  -0.50	   0.00	0	   15.0	NaN	NaN	   19.3	   0.05	NaN	   0.06	  -0.58	   0.00	--------	-1	0.00	*
4:76761	  117.0	1	   55.0	NaN	NaN	   23.5	   7.48	NaN	   7.64	  -0.52	   0.00	1	   10.0	NaN	NaN	    3.2	   2.63	NaN	   2.74	  -0.48	   0.00	1	   12.0	NaN	NaN	    3.7	   3.20	NaN	   3.34	  -0.76	   0.00	1	   40.0	NaN	NaN	   14.0	   7.71	NaN	   7.95	  -0.62	   0.00	--------	-1	0.00	*
4:155980	  751.9	1	  524.7	NaN	NaN	   34.7	 999.00	NaN	 999.00	  -0.64	   0.02	1	   70.0	NaN	NaN	    3.2	  64.97	NaN	  65.99	  -0.89	   0.02	1	   33.9	NaN	NaN	    2.7	  24.41	NaN	  25.02	  -0.78	   0.02	1	  123.3	NaN	NaN	   16.5	  62.50	NaN	  63.33	  -0.83	   0.02	--------	-1	0.00	*
4:156013	  988.1	1	  728.3	NaN	NaN	   34.7	 999.00	NaN	 999.00	  -0.60	   0.02	1	   65.0	NaN	NaN	    3.2	  59.70	NaN	  60.67	  -0.86	   0.02	1	  110.1	NaN	NaN	    2.7	 132.14	NaN	 133.69	  -0.80	   0.02	1	   84.7	NaN	NaN	   16.7	  31.30	NaN	  31.86	  -0.77	   0.02	--------	-1	0.00	*
4:263997	  489.0	1	  338.0	NaN	NaN	   31.5	 216.00	NaN	 216.97	  -0.64	   0.00	1	   40.0	NaN	NaN	    3.2	  28.34	NaN	  29.03	  -0.64	   0.00	1	   30.0	NaN	NaN	    2.7	  20.13	NaN	  20.69	  -0.58	   0.00	1	   81.0	NaN	NaN	   17.7	  26.81	NaN	  27.34	  -0.69	   0.00	--------	-1	0.00	*
4:264607	 1248.0	1	  850.0	NaN	NaN	   31.5	 999.00	NaN	 999.00	  -0.53	   0.34	1	   41.0	NaN	NaN	    3.2	  29.43	NaN	  30.14	  -0.42	   0.34	1	   38.0	NaN	NaN	    2.7	  28.87	NaN	  29.55	  -0.63	   0.34	1	  319.0	NaN	NaN	   17.9	 268.46	NaN	 270.11	  -0.53	   0.34	--------	-1	0.00	*
4:316417	  507.0	1	  288.0	NaN	NaN	   27.9	 179.95	NaN	 180.78	  -0.69	   0.09	1	   26.0	NaN	NaN	    3.2	  14.37	NaN	  14.76	  -0.59	   0.09	1	   23.0	NaN	NaN	    2.7	  13.13	NaN	  13.51	  -0.67	   0.09	1	  170.0	NaN	NaN	   15.2	 111.67	NaN	 112.72	  -0.71	   0.09	--------	-1	0.00	*
4:366117	  113.0	1	   53.0	NaN	NaN	   23.9	   6.55	NaN	   6.70	  -0.55	   0.00	1	   23.0	NaN	NaN	    3.5	  11.07	NaN	  11.39	  -0.59	   0.00	1	   13.0	NaN	NaN	    2.9	   4.80	NaN	   4.99	  -0.49	   0.00	0	   24.0	NaN	NaN	   16.6	   1.20	NaN	   1.29	  -0.53	   0.00	--------	-1	0.00	*
4:368663	  198.0	1	   90.0	NaN	NaN	   24.5	  23.54	NaN	  23.84	  -0.67	   0.16	1	   37.0	NaN	NaN	    4.0	  22.18	NaN	  22.74	  -0.72	   0.16	1	   29.0	NaN	NaN	    3.1	  17.66	NaN	  18.14	  -0.57	   0.16	1	   42.0	NaN	NaN	   16.5	   6.79	NaN	   7.01	  -0.60	   0.16	--------	-1	0.00	*
4:385611	  205.0	1	  127.0	NaN	NaN	   33.7	  33.68	NaN	  34.06	  -0.59	   0.49	0	    7.0	NaN	NaN	    3.6	   1.10	NaN	   1.16	  -0.61	   0.49	0	    8.0	NaN	NaN	    3.7	   1.38	NaN	   1.46	  -0.56	   0.49	1	   63.0	NaN	NaN	   18.8	  14.60	NaN	  14.98	  -0.53	   0.49	--------	-1	0.00	*
4:465053	  138.0	1	   67.0	NaN	NaN	   25.5	  10.98	NaN	  11.17	  -0.51	   0.00	1	   20.0	NaN	NaN	    3.8	   8.13	NaN	   8.41	  -0.98	   0.00	1	    8.0	NaN	NaN	    2.7	   2.08	NaN	   2.19	  -0.65	   0.00	1	   43.0	NaN	NaN	   16.6	   7.13	NaN	   7.35	  -0.57	   0.00	--------	-1	0.00	*
4:577987	  620.0	1	  340.0	NaN	NaN	   29.6	 226.15	NaN	 227.14	  -0.62	   0.11	1	   84.0	NaN	NaN	    4.8	  70.45	NaN	  71.52	  -0.60	   0.11	1	   71.0	NaN	NaN	    5.3	  51.64	NaN	  52.66	  -0.74	   0.11	1	  125.0	NaN	NaN	   18.6	  57.92	NaN	  58.72	  -0.54	   0.11	--------	-1	0.00	*
4:586443	  189.0	1	   76.0	NaN	NaN	   23.5	  17.00	NaN	  17.24	  -0.51	   0.18	1	   34.0	NaN	NaN	    3.6	  20.76	NaN	  21.30	  -0.61	   0.18	1	   33.0	NaN	NaN	    4.0	  18.42	NaN	  18.93	  -0.51	   0.18	1	   46.0	NaN	NaN	   16.3	   8.64	NaN	   8.91	  -0.71	   0.18	--------	-1	0.00	*
4:701329	  302.0	1	  120.0	NaN	NaN	   23.5	  43.98	NaN	  44.43	  -0.67	   0.08	1	   54.0	NaN	NaN	    4.6	  36.53	NaN	  37.37	  -0.73	   0.08	1	   43.0	NaN	NaN	    2.7	  34.59	NaN	  35.46	  -0.73	   0.08	1	   85.0	NaN	NaN	   15.8	  32.76	NaN	  33.34	  -0.62	   0.08	--------	-1	0.00	*
4:873679	  233.0	1	  101.0	NaN	NaN	   27.7	  25.96	NaN	  26.28	  -0.57	   0.49	1	   37.0	NaN	NaN	    3.2	  25.16	NaN	  25.78	  -0.54	   0.49	1	   40.0	NaN	NaN	    2.9	  30.12	NaN	  30.85	  -0.56	   0.49	1	   55.0	NaN	NaN	   14.0	  15.71	NaN	  16.12	  -0.39	   0.49	--------	-1	0.00	*
4:929984	  412.0	1	  282.0	NaN	NaN	   32.2	 158.03	NaN	 158.77	  -0.61	   0.19	1	   24.0	NaN	NaN	    3.2	  12.61	NaN	  12.96	  -0.63	   0.19	1	   29.0	NaN	NaN	    2.7	  19.12	NaN	  19.65	  -0.65	   0.19	1	   77.0	NaN	NaN	   18.0	  23.77	NaN	  24.28	  -0.52	   0.19	--------	-1	0.00	*
4:935080	 1124.0	1	  607.0	NaN	NaN	   33.3	 999.00	NaN	 999.00	  -0.64	   0.11	1	  159.0	NaN	NaN	    3.6	 194.73	NaN	 196.50	  -0.74	   0.11	1	  120.0	NaN	NaN	    3.3	 136.72	NaN	 138.37	  -0.68	   0.11	1	  238.0	NaN	NaN	   17.2	 175.96	NaN	 177.21	  -0.69	   0.11	--------	-1	0.00	*
4:993395	  141.0	1	   54.0	NaN	NaN	   34.8	   2.73	NaN	   2.81	  -0.51	   0.36	1	   15.0	NaN	NaN	    7.1	   2.11	NaN	   2.19	  -0.88	   0.36	1	   25.0	NaN	NaN	    5.3	   8.95	NaN	   9.24	  -0.60	   0.36	1	   47.0	NaN	NaN	   20.4	   6.31	NaN	   6.51	  -0.47	   0.36	--------	-1	0.00	*
4:1035638	  326.0	1	  187.0	NaN	NaN	   24.0	  96.74	NaN	  97.36	  -0.65	   0.10	1	   25.0	NaN	NaN	    4.4	  10.67	NaN	  11.00	  -0.66	   0.10	1	   21.0	NaN	NaN	    2.7	  11.33	NaN	  11.67	  -0.49	   0.10	1	   93.0	NaN	NaN	   16.3	  37.85	NaN	  38.50	  -0.54	   0.10	--------	-1	0.00	*
4:1221925	   88.0	0	   33.0	NaN	NaN	   23.5	   1.37	NaN	   1.42	  -0.45	   0.00	1	   16.0	NaN	NaN	    3.2	   6.30	NaN	   6.52	  -0.53	   0.00	1	   17.0	NaN	NaN	    4.2	   5.41	NaN	   5.62	  -0.41	   0.00	0	   22.0	NaN	NaN	   14.0	   1.44	NaN	   1.53	  -0.29	   0.00	--------	-1	0.00	*
4:1258238	  661.0	1	  272.0	NaN	NaN	   25.5	 173.24	NaN	 174.01	  -0.62	   0.05	1	   90.0	NaN	NaN	    7.0	  64.33	NaN	  65.33	  -0.73	   0.05	1	   67.0	NaN	NaN	    7.5	  38.26	NaN	  39.15	  -0.60	   0.05	1	  232.0	NaN	NaN	   20.2	 154.34	NaN	 155.48	  -0.63	   0.05	--------	-1	0.00	*
4:1413714	  599.0	1	  312.0	NaN	NaN	   25.8	 214.08	NaN	 215.03	  -0.75	   0.08	1	  103.0	NaN	NaN	    4.4	  98.66	NaN	  99.92	  -0.73	   0.08	1	   65.0	NaN	NaN	    3.0	  60.09	NaN	  61.16	  -0.71	   0.08	1	  119.0	NaN	NaN	   15.6	  60.80	NaN	  61.62	  -0.61	   0.08	--------	-1	0.00	*
4:1469479	  195.0	1	   95.0	NaN	NaN	   24.3	  26.59	NaN	  26.92	  -0.66	   0.00	1	   32.0	NaN	NaN	    3.2	  20.08	NaN	  20.59	  -0.75	   0.00	1	   29.0	NaN	NaN	    2.7	  19.11	NaN	  19.65	  -0.67	   0.00	1	   39.0	NaN	NaN	   16.1	   5.81	NaN	   6.01	  -0.70	   0.00	--------	-1	0.00	*
5:201	   99.0	0	   24.0	NaN	NaN	   23.7	   0.28	NaN	   0.30	  -1.03	   0.00	1	   27.0	NaN	NaN	    3.4	  14.69	NaN	  15.09	  -0.86	   0.00	1	   26.0	NaN	NaN	    2.9	  15.35	NaN	  15.79	  -0.93	   0.00	0	   22.0	NaN	NaN	   14.6	   1.29	NaN	   1.38	  -1.17	   0.00	--------	-1	0.00	*
5:43258	  206.0	1	   96.0	NaN	NaN	   25.5	  25.68	NaN	  25.99	  -0.54	   0.43	1	   34.0	NaN	NaN	    3.6	  20.76	NaN	  21.30	  -0.74	   0.43	1	   22.0	NaN	NaN	    3.4	  10.40	NaN	  10.73	  -0.81	   0.43	1	   54.0	NaN	NaN	   21.4	   8.31	NaN	   8.57	  -0.54	   0.43	--------	-1	0.00	*
5:54422	   74.0	0	   31.0	NaN	NaN	   23.7	   1.03	NaN	   1.07	  -0.51	   0.00	1	   15.0	NaN	NaN	    3.4	   5.33	NaN	   5.52	  -0.54	   0.00	1	   12.0	NaN	NaN	    2.9	   4.10	NaN	   4.26	  -0.41	   0.00	0	   16.0	NaN	NaN	   14.6	   0.36	NaN	   0.41	  -0.68	   0.00	--------	-1	0.00	*
5:70128	  231.0	1	  113.0	NaN	NaN	   23.7	  38.92	NaN	  39.34	  -0.71	   0.06	1	   28.0	NaN	NaN	    3.6	  15.18	NaN	  15.62	  -0.83	   0.06	1	   26.0	NaN	NaN	    3.4	  13.75	NaN	  14.16	  -0.61	   0.06	1	   64.0	NaN	NaN	   17.6	  16.57	NaN	  17.01	  -0.78	   0.06	--------	-1	0.00	*
5:80208	  160.0	1	   80.0	NaN	NaN	   26.2	  16.51	NaN	  16.75	  -0.66	   0.00	0	    8.0	NaN	NaN	    5.3	   0.72	NaN	   0.77	  -0.25	   0.00	1	   12.0	NaN	NaN	    2.9	   4.10	NaN	   4.26	  -0.50	   0.00	1	   60.0	NaN	NaN	   16.9	  15.02	NaN	  15.40	  -0.50	   0.00	--------	-1	0.00	*
5:118714	  218.0	1	  103.0	NaN	NaN	   23.7	  32.37	NaN	  32.73	  -0.51	   0.45	1	   32.0	NaN	NaN	    3.4	  19.37	NaN	  19.88	  -0.59	   0.45	1	   43.0	NaN	NaN	    3.0	  32.70	NaN	  33.54	  -0.65	   0.45	1	   40.0	NaN	NaN	   14.6	   7.26	NaN	   7.49	  -0.38	   0.45	--------	-1	0.00	*
5:124277	  243.0	1	   87.0	NaN	NaN	   25.5	  20.70	NaN	  20.98	  -0.53	   0.00	1	   67.0	NaN	NaN	    4.2	  53.46	NaN	  54.41	  -0.77	   0.00	1	   53.0	NaN	NaN	    2.9	  45.30	NaN	  46.27	  -0.89	   0.00	1	   36.0	NaN	NaN	   16.0	   4.76	NaN	   4.94	  -0.69	   0.00	--------	-1	0.00	*
5:185273	  654.0	1	  406.0	NaN	NaN	   33.5	 278.89	NaN	 279.99	  -0.61	   0.29	1	   51.0	NaN	NaN	    3.4	  39.60	NaN	  40.47	  -0.60	   0.29	1	   53.0	NaN	NaN	    3.6	  41.07	NaN	  42.00	  -0.53	   0.29	1	  144.0	NaN	NaN	   20.8	  68.20	NaN	  69.07	  -0.54	   0.29	--------	-1	0.00	*
5:223125	  248.0	1	  115.0	NaN	NaN	   26.0	  36.70	NaN	  37.11	  -0.56	   0.44	1	   51.0	NaN	NaN	    3.4	  39.66	NaN	  40.55	  -0.56	   0.44	1	   29.0	NaN	NaN	    2.9	  18.24	NaN	  18.74	  -0.46	   0.44	1	   53.0	NaN	NaN	   18.3	  10.19	NaN	  10.49	  -0.38	   0.44	--------	-1	0.00	*
5:287848	  264.0	1	  167.0	NaN	NaN	   32.9	  60.54	NaN	  61.06	  -0.60	   0.15	1	   28.0	NaN	NaN	    4.4	  13.02	NaN	  13.38	  -0.59	   0.15	1	   18.0	NaN	NaN	    2.9	   8.36	NaN	   8.64	  -0.65	   0.15	1	   51.0	NaN	NaN	   15.6	  11.67	NaN	  11.99	  -0.48	   0.15	--------	-1	0.00	*
5:423327	  295.0	1	  157.0	NaN	NaN	   27.5	  63.60	NaN	  64.13	  -0.62	   0.24	1	   26.0	NaN	NaN	    3.4	  13.82	NaN	  14.20	  -0.54	   0.24	1	   20.0	NaN	NaN	    3.1	   9.46	NaN	   9.76	  -0.77	   0.24	1	   92.0	NaN	NaN	   14.6	  40.65	NaN	  41.33	  -0.71	   0.24	--------	-1	0.00	*
5:570675	   97.0	0	   36.0	NaN	NaN	   23.7	   1.90	NaN	   1.96	  -0.80	   0.51	1	   14.0	NaN	NaN	    3.4	   4.70	NaN	   4.86	  -0.47	   0.51	1	   24.0	NaN	NaN	    2.9	  13.45	NaN	  13.85	  -0.52	   0.51	0	   23.0	NaN	NaN	   14.6	   1.49	NaN	   1.60	  -0.62	   0.51	--------	-1	0.00	*
6:5436	   58.0	0	    6.0	NaN	NaN	   23.2	  -0.00	NaN	   0.00	  -0.34	   0.00	1	   18.0	NaN	NaN	    3.3	   7.66	NaN	   7.92	  -0.82	   0.00	1	   20.0	NaN	NaN	    2.6	  10.89	NaN	  11.22	  -0.84	   0.00	0	   14.0	NaN	NaN	   14.1	   0.23	NaN	   0.27	  -0.23	   0.00	--------	-1	0.00	*
6:31868	  145.0	1	   79.0	NaN	NaN	   24.2	  17.91	NaN	  18.16	  -0.71	   0.00	1	   10.0	NaN	NaN	    3.3	   2.60	NaN	   2.70	  -0.50	   0.00	0	    3.0	NaN	NaN	    2.6	   0.29	NaN	   0.32	  -2.03	   0.00	1	   53.0	NaN	NaN	   14.5	  13.87	NaN	  14.23	  -0.75	   0.00	--------	-1	0.00	*
6:107474	  139.0	1	   57.0	NaN	NaN	   24.3	   7.78	NaN	   7.95	  -0.48	   0.00	1	   18.0	NaN	NaN	    3.8	   6.65	NaN	   6.88	  -0.70	   0.00	1	   17.0	NaN	NaN	    3.3	   6.87	NaN	   7.12	  -0.40	   0.00	1	   47.0	NaN	NaN	   18.7	   7.30	NaN	   7.54	  -0.47	   0.00	--------	-1	0.00	*
6:227433	  289.0	1	   90.0	NaN	NaN	   31.7	  16.61	NaN	  16.85	  -0.49	   0.61	1	   59.0	NaN	NaN	    8.7	  27.71	NaN	  28.38	  -0.48	   0.61	1	   73.0	NaN	NaN	    6.1	  49.75	NaN	  50.75	  -0.59	   0.61	1	   67.0	NaN	NaN	   20.4	  15.12	NaN	  15.52	  -0.44	   0.61	--------	-1	0.00	*
6:265596	  738.0	1	  537.0	NaN	NaN	   27.2	 999.00	NaN	 999.00	  -0.58	   0.10	1	   29.0	NaN	NaN	    3.3	  17.05	NaN	  17.51	  -0.52	   0.10	1	   23.0	NaN	NaN	    2.6	  13.62	NaN	  14.02	  -0.62	   0.10	1	  149.0	NaN	NaN	   14.1	  94.67	NaN	  95.66	  -0.66	   0.10	--------	-1	0.00	*
7:29780	  159.0	1	   92.0	NaN	NaN	   24.0	  25.18	NaN	  25.49	  -0.62	   0.00	1	   16.0	NaN	NaN	    3.2	   6.41	NaN	   6.63	  -0.40	   0.00	1	   15.0	NaN	NaN	    2.6	   6.61	NaN	   6.85	  -0.66	   0.00	1	   36.0	NaN	NaN	   16.3	   4.61	NaN	   4.79	  -0.43	   0.00	--------	-1	0.00	*
7:120126	  366.0	1	  261.0	NaN	NaN	   24.2	 167.67	NaN	 168.43	  -0.57	   0.33	1	   19.0	NaN	NaN	    4.4	   6.48	NaN	   6.71	  -0.70	   0.33	1	   19.0	NaN	NaN	    4.8	   5.91	NaN	   6.13	  -1.21	   0.33	1	   67.0	NaN	NaN	   17.6	  18.27	NaN	  18.73	  -0.65	   0.33	--------	-1	0.00	*
7:342925	  164.0	1	   81.0	NaN	NaN	   22.9	  20.24	NaN	  20.51	  -0.61	   0.00	1	   21.0	NaN	NaN	    3.3	   9.96	NaN	  10.28	  -0.75	   0.00	1	   23.0	NaN	NaN	    2.6	  13.40	NaN	  13.79	  -0.53	   0.00	1	   39.0	NaN	NaN	   14.3	   7.02	NaN	   7.24	  -0.68	   0.00	--------	-1	0.00	*
7:415953	 1081.1	1	  565.7	NaN	NaN	   31.4	 999.00	NaN	 999.00	  -0.77	   0.00	1	   95.3	NaN	NaN	    3.2	 102.17	NaN	 103.51	  -0.78	   0.00	1	  110.5	NaN	NaN	    4.5	 108.39	NaN	 109.79	  -0.96	   0.00	1	  309.6	NaN	NaN	   17.0	 263.89	NaN	 265.44	  -0.72	   0.00	--------	-1	0.00	*
7:416070	  191.9	1	   96.3	NaN	NaN	   31.2	  20.37	NaN	  20.64	  -0.52	   0.00	1	   31.7	NaN	NaN	    3.2	  20.31	NaN	  20.84	  -0.65	   0.00	1	   30.5	NaN	NaN	    4.2	  15.93	NaN	  16.39	  -0.63	   0.00	1	   33.4	NaN	NaN	   17.3	   3.47	NaN	   3.62	  -0.48	   0.00	--------	-1	0.00	*
7:430973	  179.0	1	   95.0	NaN	NaN	   23.8	  27.28	NaN	  27.62	  -0.62	   0.00	1	   14.0	NaN	NaN	    3.2	   5.06	NaN	   5.23	  -0.87	   0.00	1	   25.0	NaN	NaN	    3.0	  14.08	NaN	  14.50	  -0.96	   0.00	1	   45.0	NaN	NaN	   14.6	   9.53	NaN	   9.82	  -0.54	   0.00	--------	-1	0.00	*
7:501378	  163.0	1	   65.7	NaN	NaN	   38.9	   4.23	NaN	   4.34	  -0.79	   0.00	1	   15.0	NaN	NaN	    5.0	   3.50	NaN	   3.63	  -0.46	   0.00	0	    7.5	NaN	NaN	    3.5	   1.50	NaN	   1.58	  -0.59	   0.00	1	   74.7	NaN	NaN	   21.7	  18.10	NaN	  18.55	  -0.62	   0.00	--------	-1	0.00	*
7:501463	  233.0	1	  123.3	NaN	NaN	   39.0	  26.50	NaN	  26.82	  -0.63	   0.00	1	   29.0	NaN	NaN	    5.0	  13.16	NaN	  13.52	  -0.44	   0.00	1	   28.5	NaN	NaN	    3.6	  15.85	NaN	  16.31	  -0.60	   0.00	1	   52.3	NaN	NaN	   21.4	   7.91	NaN	   8.16	  -0.55	   0.00	--------	-1	0.00	*
7:546603	  105.0	1	   41.0	NaN	NaN	   26.1	   2.31	NaN	   2.38	  -0.52	   0.00	1	   11.0	NaN	NaN	    3.2	   3.23	NaN	   3.36	  -0.95	   0.00	1	   22.0	NaN	NaN	    3.0	  11.44	NaN	  11.78	  -0.79	   0.00	1	   31.0	NaN	NaN	   18.6	   2.16	NaN	   2.29	  -0.52	   0.00	--------	-1	0.00	*
7:575763	  955.7	1	  483.6	NaN	NaN	   29.3	 999.00	NaN	 999.00	  -0.71	   0.02	1	   84.1	NaN	NaN	    3.7	  80.58	NaN	  81.68	  -0.80	   0.02	1	   69.1	NaN	NaN	    2.6	  70.51	NaN	  71.64	  -0.80	   0.02	1	  318.9	NaN	NaN	   17.4	 271.55	NaN	 273.32	  -0.71	   0.02	--------	-1	0.00	*
7:575787	  429.3	1	  213.4	NaN	NaN	   29.4	 105.26	NaN	 105.90	  -0.74	   0.02	1	   31.9	NaN	NaN	    3.7	  18.32	NaN	  18.82	  -0.88	   0.02	1	   31.9	NaN	NaN	    2.6	  22.46	NaN	  23.04	  -0.74	   0.02	1	  152.1	NaN	NaN	   17.6	  85.48	NaN	  86.45	  -0.74	   0.02	--------	-1	0.00	*
7:616291	  198.1	1	   67.6	NaN	NaN	   25.5	  11.44	NaN	  11.64	  -0.64	   0.00	1	   39.9	NaN	NaN	    4.0	  24.86	NaN	  25.44	  -0.74	   0.00	1	   29.1	NaN	NaN	    2.7	  19.95	NaN	  20.50	  -0.84	   0.00	1	   61.4	NaN	NaN	   14.5	  19.26	NaN	  19.73	  -0.85	   0.00	--------	-1	0.00	*
7:616517	  124.9	1	   54.4	NaN	NaN	   25.6	   6.35	NaN	   6.49	  -0.81	   0.00	1	   20.1	NaN	NaN	    4.2	   8.12	NaN	   8.40	  -0.74	   0.00	1	   21.9	NaN	NaN	    2.6	  12.47	NaN	  12.85	  -0.69	   0.00	1	   28.6	NaN	NaN	   14.7	   3.04	NaN	   3.18	  -0.76	   0.00	--------	-1	0.00	*
7:633510	  447.0	1	  226.0	NaN	NaN	   29.8	 114.62	NaN	 115.29	  -0.70	   0.00	1	   42.0	NaN	NaN	    3.2	  30.85	NaN	  31.58	  -0.59	   0.00	1	   42.0	NaN	NaN	    3.1	  30.89	NaN	  31.68	  -0.63	   0.00	1	  137.0	NaN	NaN	   14.5	  81.04	NaN	  81.97	  -0.76	   0.00	--------	-1	0.00	*
7:795664	   95.0	1	   66.0	NaN	NaN	   22.3	  13.01	NaN	  13.23	  -0.59	   0.00	0	    4.0	NaN	NaN	    3.2	   0.37	NaN	   0.40	  -0.68	   0.00	0	    7.0	NaN	NaN	    3.1	   1.31	NaN	   1.39	  -0.70	   0.00	0	   18.0	NaN	NaN	   13.9	   0.73	NaN	   0.79	  -0.48	   0.00	--------	-1	0.00	*
7:875075	  245.0	1	  108.0	NaN	NaN	   27.7	  29.99	NaN	  30.33	  -0.69	   0.14	1	   41.0	NaN	NaN	    4.2	  25.06	NaN	  25.67	  -0.80	   0.14	1	   39.0	NaN	NaN	    2.7	  29.76	NaN	  30.47	  -0.67	   0.14	1	   57.0	NaN	NaN	   15.4	  15.04	NaN	  15.44	  -0.63	   0.14	--------	-1	0.00	*
7:883107	  165.0	1	   47.0	NaN	NaN	   25.7	   3.90	NaN	   3.99	  -0.44	   0.52	1	   46.0	NaN	NaN	    4.4	  29.45	NaN	  30.17	  -0.64	   0.52	1	   42.0	NaN	NaN	    3.3	  30.17	NaN	  30.91	  -0.65	   0.52	1	   30.0	NaN	NaN	   16.0	   2.82	NaN	   2.95	  -0.60	   0.52	--------	-1	0.00	*
7:1003348	  132.0	1	   59.0	NaN	NaN	   27.2	   6.90	NaN	   7.05	  -0.57	   0.00	1	   15.0	NaN	NaN	    4.1	   4.41	NaN	   4.56	  -0.66	   0.00	1	   11.0	NaN	NaN	    3.3	   3.04	NaN	   3.17	  -0.65	   0.00	1	   47.0	NaN	NaN	   18.0	   7.76	NaN	   8.01	  -0.66	   0.00	--------	-1	0.00	*
7:1005840	   99.0	1	   59.0	NaN	NaN	   28.6	   6.21	NaN	   6.35	  -0.51	   0.00	0	    5.0	NaN	NaN	    3.8	   0.45	NaN	   0.49	  -0.74	   0.00	1	   11.0	NaN	NaN	    2.7	   3.72	NaN	   3.88	  -0.57	   0.00	0	   24.0	NaN	NaN	   19.1	   0.74	NaN	   0.80	  -0.57	   0.00	--------	-1	0.00	*
7:1013705	  461.0	1	  192.0	NaN	NaN	   28.4	  89.20	NaN	  89.82	  -0.57	   0.24	1	   89.0	NaN	NaN	    6.0	  68.46	NaN	  69.51	  -0.79	   0.24	1	   60.0	NaN	NaN	    4.5	  43.69	NaN	  44.64	  -0.80	   0.24	1	  120.0	NaN	NaN	   17.3	  56.88	NaN	  57.65	  -0.68	   0.24	--------	-1	0.00	*
7:1117371	   46.0	0	   11.0	NaN	NaN	   22.3	  -0.01	NaN	   0.00	  -0.62	   0.00	1	   15.0	NaN	NaN	    3.2	   5.71	NaN	   5.91	  -0.62	   0.00	0	    6.0	NaN	NaN	    2.6	   1.21	NaN	   1.28	  -0.62	   0.00	0	   14.0	NaN	NaN	   13.9	   0.24	NaN	   0.28	  -0.80	   0.00	--------	-1	0.00	*
8:206	   72.0	0	   25.0	NaN	NaN	   21.3	   0.58	NaN	   0.62	  -0.36	   0.39	1	   20.0	NaN	NaN	    4.4	   7.13	NaN	   7.37	  -0.68	   0.39	1	    9.0	NaN	NaN	    3.0	   2.30	NaN	   2.42	  -0.67	   0.39	0	   18.0	NaN	NaN	   17.2	   0.30	NaN	   0.34	  -0.70	   0.39	--------	-1	0.00	*
8:47738	  414.0	1	  252.0	NaN	NaN	   32.4	 129.96	NaN	 130.68	  -0.64	   0.10	1	   47.0	NaN	NaN	    5.8	  25.36	NaN	  25.99	  -0.89	   0.10	1	   38.0	NaN	NaN	    4.4	  21.56	NaN	  22.14	  -0.86	   0.10	1	   77.0	NaN	NaN	   24.7	  16.21	NaN	  16.63	  -0.69	   0.10	--------	-1	0.00	*
8:53059	  144.0	1	   60.0	NaN	NaN	   36.6	   3.53	NaN	   3.62	  -0.59	   0.00	1	   24.0	NaN	NaN	    6.3	   7.00	NaN	   7.24	  -0.67	   0.00	1	   20.0	NaN	NaN	    4.5	   6.90	NaN	   7.16	  -0.92	   0.00	0	   40.0	NaN	NaN	   26.5	   1.96	NaN	   2.07	  -0.60	   0.00	--------	-1	0.00	*
8:178320	  106.0	1	   57.0	NaN	NaN	   22.6	   8.83	NaN	   9.00	  -0.65	   0.00	1	    9.0	NaN	NaN	    3.1	   2.21	NaN	   2.30	  -0.61	   0.00	1	    9.0	NaN	NaN	    2.9	   2.42	NaN	   2.55	  -0.70	   0.00	1	   31.0	NaN	NaN	   16.7	   2.83	NaN	   2.97	  -0.68	   0.00	--------	-1	0.00	*
8:456109	   69.0	0	   37.0	NaN	NaN	   24.6	   1.87	NaN	   1.93	  -0.46	   0.00	1	   10.0	NaN	NaN	    3.0	   2.85	NaN	   2.97	  -0.84	   0.00	0	    7.0	NaN	NaN	    2.6	   1.67	NaN	   1.77	  -0.46	   0.00	0	   15.0	NaN	NaN	   15.4	   0.21	NaN	   0.24	  -0.51	   0.00	--------	-1	0.00	*
8:524140	  168.0	1	   96.0	NaN	NaN	   21.3	  31.35	NaN	  31.70	  -0.60	   0.32	0	    4.0	NaN	NaN	    3.0	   0.42	NaN	   0.46	  -0.20	   0.32	0	    7.0	NaN	NaN	    2.5	   1.75	NaN	   1.85	  -0.34	   0.32	1	   61.0	NaN	NaN	   13.7	  19.89	NaN	  20.38	  -0.48	   0.32	--------	-1	0.00	*
9:35889	  413.3	1	  343.1	NaN	NaN	   40.9	 187.44	NaN	 188.33	  -0.54	   0.28	0	    1.0	NaN	NaN	    3.3	   0.00	NaN	   0.02	   1.68	   0.28	1	   12.4	NaN	NaN	    3.0	   4.54	NaN	   4.72	  -0.92	   0.28	1	   56.9	NaN	NaN	   15.9	  14.51	NaN	  14.88	  -0.60	   0.28	--------	-1	0.00	*
9:35949	  226.7	1	  161.9	NaN	NaN	   40.4	  45.88	NaN	  46.35	  -0.63	   0.28	1	   15.0	NaN	NaN	    3.3	   5.42	NaN	   5.60	  -0.40	   0.28	1	   12.6	NaN	NaN	    3.0	   4.54	NaN	   4.72	  -0.94	   0.28	1	   37.1	NaN	NaN	   16.1	   5.46	NaN	   5.65	  -0.62	   0.28	--------	-1	0.00	*
9:94013	   85.0	1	   45.0	NaN	NaN	   26.9	   2.97	NaN	   3.05	  -0.66	   0.00	0	    8.0	NaN	NaN	    3.6	   1.47	NaN	   1.54	  -0.76	   0.00	0	    7.0	NaN	NaN	    3.4	   1.16	NaN	   1.23	  -0.80	   0.00	0	   25.0	NaN	NaN	   16.4	   1.44	NaN	   1.55	  -0.84	   0.00	--------	-1	0.00	*
9:133102	  103.0	1	   52.0	NaN	NaN	   24.7	   5.81	NaN	   5.94	  -0.44	   0.00	1	   15.0	NaN	NaN	    3.3	   5.44	NaN	   5.63	  -0.35	   0.00	0	    7.0	NaN	NaN	    2.9	   1.43	NaN	   1.51	  -0.43	   0.00	1	   29.0	NaN	NaN	   16.0	   2.54	NaN	   2.67	  -0.57	   0.00	--------	-1	0.00	*
9:237435	 1079.3	1	  583.6	NaN	NaN	   32.1	 999.00	NaN	 999.00	  -0.60	   0.00	1	  141.1	NaN	NaN	    5.2	 144.36	NaN	 145.91	  -0.73	   0.00	1	   87.4	NaN	NaN	    4.2	  79.83	NaN	  81.04	  -0.77	   0.00	1	  267.3	NaN	NaN	   23.1	 179.30	NaN	 180.60	  -0.60	   0.00	--------	-1	0.00	*
9:237566	 1553.7	1	  749.4	NaN	NaN	   32.1	 999.00	NaN	 999.00	  -0.66	   0.00	1	  127.9	NaN	NaN	    5.2	 124.70	NaN	 126.10	  -0.72	   0.00	1	  149.6	NaN	NaN	    4.2	 168.97	NaN	 170.74	  -0.81	   0.00	1	  526.7	NaN	NaN	   22.7	 999.00	NaN	 999.00	  -0.71	   0.00	--------	-1	0.00	*
plasmid-2-micron:3619	 1575.0	1	  809.0	NaN	NaN	  604.1	  14.65	NaN	  14.87	  -0.35	   0.80	0	  102.0	NaN	NaN	   82.1	   1.65	NaN	   1.73	  -0.61	   0.80	0	   79.0	NaN	NaN	   64.3	   1.30	NaN	   1.38	  -0.45	   0.80	1	  585.0	NaN	NaN	  403.4	  16.91	NaN	  17.35	  -0.39	   0.80	--------	-1	0.00	*
