Position	IP	CondAna_Present	CondAna_IP	CondAna_Control	CondAna_Fold	CondAna_Expectd	CondAna_Q_-lg10	CondAna_P_-lg10	CondAna_P_poiss	CondAna_IPvsEMP	CondAna_Noise	CondEth_Present	CondEth_IP	CondEth_Control	CondEth_Fold	CondEth_Expectd	CondEth_Q_-lg10	CondEth_P_-lg10	CondEth_P_poiss	CondEth_IPvsEMP	CondEth_Noise	CondGlu_Present	CondGlu_IP	CondGlu_Control	CondGlu_Fold	CondGlu_Expectd	CondGlu_Q_-lg10	CondGlu_P_-lg10	CondGlu_P_poiss	CondGlu_IPvsEMP	CondGlu_Noise	CondNit_Present	CondNit_IP	CondNit_Control	CondNit_Fold	CondNit_Expectd	CondNit_Q_-lg10	CondNit_P_-lg10	CondNit_P_poiss	CondNit_IPvsEMP	CondNit_Noise	KmerGroup	MotifId	KG_score	Strand
1:18026	   40.4	1	   24.6	NaN	NaN	    7.0	   6.32	NaN	   6.98	  -0.36	   0.00	0	    1.3	NaN	NaN	    5.8	  -0.01	NaN	   0.01	  -0.17	   0.00	0	    9.8	NaN	NaN	    7.4	   0.39	NaN	   0.68	  -0.41	   0.00	0	    4.7	NaN	NaN	   14.3	  -0.04	NaN	   0.00	  -0.18	   0.00	--------	-1	0.00	*
1:23781	   41.0	1	   17.0	NaN	NaN	    7.6	   2.20	NaN	   2.62	  -0.28	   0.00	0	    4.0	NaN	NaN	    6.1	   0.00	NaN	   0.06	  -2.07	   0.00	0	    7.0	NaN	NaN	    7.4	   0.10	NaN	   0.22	  -0.97	   0.00	0	   13.0	NaN	NaN	   13.6	  -0.17	NaN	   0.22	  -0.75	   0.00	GCGCCGT_3/0	0	1.35	+
1:34508	   54.0	1	   16.0	NaN	NaN	    6.6	   2.43	NaN	   2.86	  -0.15	   0.00	0	    9.0	NaN	NaN	    6.6	   0.25	NaN	   0.67	  -0.73	   0.00	0	   16.0	NaN	NaN	    7.5	   1.71	NaN	   2.35	  -0.51	   0.00	0	   13.0	NaN	NaN	   14.9	  -0.16	NaN	   0.14	  -0.27	   0.00	GCCGAGC_3/0	0	1.35	+
1:181875	  211.0	1	  103.0	NaN	NaN	    7.9	  73.19	NaN	  75.16	  -0.46	   0.17	1	   21.0	NaN	NaN	    5.8	   4.53	NaN	   6.11	  -0.21	   0.17	1	   61.0	NaN	NaN	    8.6	  28.31	NaN	  30.42	  -0.48	   0.17	0	   26.0	NaN	NaN	   19.7	   0.03	NaN	   1.01	  -0.16	   0.17	--------	-1	0.00	*
10:64493	   46.0	1	   18.0	NaN	NaN	    6.6	   3.29	NaN	   3.78	  -0.22	   0.00	0	    8.0	NaN	NaN	    8.2	   0.06	NaN	   0.24	  -0.86	   0.00	0	   12.0	NaN	NaN	    8.6	   0.46	NaN	   0.79	  -0.42	   0.00	0	    8.0	NaN	NaN	   15.4	  -0.07	NaN	   0.01	  -0.22	   0.00	GACGCCGA_12/1	0	2.29	+
10:203627	   79.7	1	   30.9	NaN	NaN	    8.6	   7.77	NaN	   8.49	  -0.48	   0.00	0	   14.9	NaN	NaN	    8.1	   0.86	NaN	   1.71	  -0.51	   0.00	1	   26.3	NaN	NaN	   10.5	   3.86	NaN	   4.79	  -0.41	   0.00	0	    7.6	NaN	NaN	   15.5	  -0.07	NaN	   0.01	  -1.30	   0.00	ACGCCGA_11/0	0	2.40	+
10:203810	   45.6	1	   22.9	NaN	NaN	    8.7	   3.85	NaN	   4.38	  -0.72	   0.00	0	    6.8	NaN	NaN	    7.3	   0.05	NaN	   0.23	  -0.35	   0.00	0	   10.6	NaN	NaN	   10.1	   0.19	NaN	   0.36	  -0.22	   0.00	0	    5.4	NaN	NaN	   16.5	  -0.04	NaN	   0.00	  -0.34	   0.00	CTCCGCC_2/0	0	1.23	+
10:207373	  154.0	1	   87.0	NaN	NaN	    9.3	  50.56	NaN	  52.15	  -0.49	   0.50	1	   19.0	NaN	NaN	    7.5	   2.21	NaN	   3.51	  -0.23	   0.50	1	   35.0	NaN	NaN	    9.3	   8.77	NaN	  10.06	  -0.21	   0.50	0	   13.0	NaN	NaN	   16.0	  -0.15	NaN	   0.09	  -0.15	   0.50	TCGCCGA_4/0	0	1.47	+
10:249053	   72.0	1	   30.0	NaN	NaN	    7.4	   8.73	NaN	   9.51	  -0.85	   0.00	0	   12.0	NaN	NaN	    8.6	   0.29	NaN	   0.79	  -0.41	   0.00	1	   20.0	NaN	NaN	    8.8	   2.34	NaN	   3.08	  -0.29	   0.00	0	   10.0	NaN	NaN	   15.7	  -0.10	NaN	   0.02	  -0.40	   0.00	TTNTCCGC_5/0	0	1.59	+
10:338758	   51.0	1	   21.0	NaN	NaN	    6.5	   4.79	NaN	   5.36	  -0.40	   0.00	0	    7.0	NaN	NaN	    5.9	   0.12	NaN	   0.43	  -0.78	   0.00	0	   10.0	NaN	NaN	    7.6	   0.36	NaN	   0.63	  -0.96	   0.00	0	   13.0	NaN	NaN	   14.3	  -0.16	NaN	   0.18	  -0.75	   0.00	AACCCCGA_4/0	0	1.47	+
10:343988	   50.0	1	   23.0	NaN	NaN	    6.5	   5.82	NaN	   6.46	  -0.29	   0.00	0	    4.0	NaN	NaN	    5.9	   0.00	NaN	   0.08	  -1.04	   0.00	0	   13.0	NaN	NaN	    8.3	   0.67	NaN	   1.09	  -0.28	   0.00	0	   10.0	NaN	NaN	   13.7	  -0.13	NaN	   0.06	  -1.31	   0.00	ACACCGC_3/0	0	1.35	+
10:375114	   57.0	1	   22.0	NaN	NaN	    7.0	   4.80	NaN	   5.38	  -0.15	   0.00	0	    9.0	NaN	NaN	    7.8	   0.13	NaN	   0.42	  -0.24	   0.00	0	   18.0	NaN	NaN	    8.6	   1.81	NaN	   2.47	  -0.79	   0.00	0	    8.0	NaN	NaN	   14.2	  -0.08	NaN	   0.01	  -0.81	   0.00	GCGCCGT_3/0	0	1.35	+
10:511695	   51.0	1	   17.0	NaN	NaN	    6.6	   2.86	NaN	   3.32	  -0.29	   0.00	0	   11.0	NaN	NaN	    6.8	   0.42	NaN	   1.06	  -0.78	   0.00	0	   12.0	NaN	NaN	   10.7	   0.22	NaN	   0.42	  -0.23	   0.00	0	   11.0	NaN	NaN	   16.9	  -0.10	NaN	   0.02	  -0.71	   0.00	AACGCCGG_14/1	0	2.57	+
10:658157	   47.5	1	   22.8	NaN	NaN	    6.5	   5.82	NaN	   6.46	  -0.23	   0.00	0	    4.7	NaN	NaN	    6.1	   0.02	NaN	   0.14	  -0.30	   0.00	0	   13.0	NaN	NaN	    8.0	   0.75	NaN	   1.20	  -0.27	   0.00	0	    7.0	NaN	NaN	   13.7	  -0.08	NaN	   0.01	  -0.72	   0.00	TCGCCGC_4/1	0	1.32	+
10:705058	   43.7	1	   19.3	NaN	NaN	    7.0	   3.81	NaN	   4.33	  -0.42	   0.00	0	   10.0	NaN	NaN	    6.8	   0.31	NaN	   0.82	  -0.29	   0.00	0	   11.9	NaN	NaN	    7.6	   0.67	NaN	   1.08	  -0.83	   0.00	0	    2.4	NaN	NaN	   14.5	  -0.01	NaN	   0.00	  -0.89	   0.00	TCGCCGA_4/0	0	1.47	+
10:713032	   44.0	1	   20.0	NaN	NaN	    9.0	   2.53	NaN	   2.97	  -0.21	   0.00	0	    4.0	NaN	NaN	    5.9	   0.00	NaN	   0.08	  -0.83	   0.00	0	    9.0	NaN	NaN	    7.8	   0.22	NaN	   0.42	  -0.15	   0.00	0	   11.0	NaN	NaN	   16.4	  -0.11	NaN	   0.03	  -0.86	   0.00	ACGCCGA_11/0	0	2.40	+
11:28138	   64.0	1	   26.0	NaN	NaN	    9.0	   4.93	NaN	   5.52	  -0.28	   0.00	0	   12.0	NaN	NaN	    8.9	   0.28	NaN	   0.73	  -0.14	   0.00	0	   10.0	NaN	NaN	    9.8	   0.13	NaN	   0.28	  -0.27	   0.00	0	   16.0	NaN	NaN	   14.0	  -0.13	NaN	   0.48	  -0.19	   0.00	ACGCCGG_5/0	0	1.59	+
11:31555	   68.0	1	   21.0	NaN	NaN	    7.1	   4.25	NaN	   4.79	  -0.70	   0.00	0	    9.0	NaN	NaN	    8.2	   0.10	NaN	   0.36	  -0.23	   0.00	1	   25.0	NaN	NaN	    9.6	   3.72	NaN	   4.64	  -0.35	   0.00	0	   13.0	NaN	NaN	   14.0	  -0.17	NaN	   0.19	  -0.97	   0.00	ATGCCGA_4/0	0	1.47	+
11:74384	  123.8	1	   46.9	NaN	NaN	   11.6	  13.39	NaN	  14.30	  -0.62	   0.00	1	   22.1	NaN	NaN	    6.6	   4.68	NaN	   6.29	  -0.47	   0.00	1	   36.4	NaN	NaN	    9.5	   9.71	NaN	  11.02	  -0.45	   0.00	0	   18.4	NaN	NaN	   14.1	  -0.01	NaN	   0.92	  -0.16	   0.00	TCGCCGA_4/0	0	1.47	+
11:74588	   72.2	1	   41.1	NaN	NaN	   11.9	  10.18	NaN	  11.02	  -0.35	   0.00	0	   11.9	NaN	NaN	    6.9	   0.59	NaN	   1.32	  -0.30	   0.00	0	   17.6	NaN	NaN	    9.6	   1.42	NaN	   2.01	  -0.35	   0.00	0	    1.6	NaN	NaN	   14.1	  -0.01	NaN	   0.00	  -0.01	   0.00	ACACCGCCGCG_6/0	0	1.72	+
11:95508	   44.0	1	   22.0	NaN	NaN	    8.2	   3.81	NaN	   4.33	  -0.34	   0.36	0	    6.0	NaN	NaN	    6.3	   0.05	NaN	   0.22	  -0.16	   0.36	0	    8.0	NaN	NaN	    8.2	   0.12	NaN	   0.24	  -0.32	   0.36	0	    8.0	NaN	NaN	   15.1	  -0.08	NaN	   0.01	  -0.59	   0.36	AACGCCGA_18/1	0	3.17	+
11:223185	   49.6	1	   20.4	NaN	NaN	    7.1	   4.25	NaN	   4.79	  -0.28	   0.00	0	    1.6	NaN	NaN	    6.6	  -0.01	NaN	   0.00	  -0.34	   0.00	0	   13.6	NaN	NaN	    9.0	   0.70	NaN	   1.13	  -1.13	   0.00	0	   14.0	NaN	NaN	   14.5	  -0.16	NaN	   0.23	  -0.30	   0.00	CCGGCAT_2/0	0	1.23	+
11:237787	  233.0	1	  122.0	NaN	NaN	   14.4	  66.17	NaN	  67.94	  -0.48	   0.48	1	   19.0	NaN	NaN	    7.1	   2.44	NaN	   3.80	  -0.28	   0.48	1	   61.0	NaN	NaN	   12.0	  21.19	NaN	  23.05	  -0.23	   0.48	1	   31.0	NaN	NaN	   14.3	   2.10	NaN	   4.07	  -0.23	   0.48	CCCCGGC_3/0	0	1.35	+
11:264991	   96.0	1	   57.0	NaN	NaN	   12.8	  18.01	NaN	  19.00	  -0.83	   0.00	0	    9.0	NaN	NaN	    8.2	   0.10	NaN	   0.36	  -0.14	   0.00	1	   24.0	NaN	NaN	   11.5	   2.34	NaN	   3.09	  -0.35	   0.00	0	    6.0	NaN	NaN	   14.1	  -0.06	NaN	   0.00	  -0.92	   0.00	TCGCCGC_4/1	0	1.32	+
11:388353	   49.0	1	   23.0	NaN	NaN	    7.1	   5.21	NaN	   5.82	  -0.39	   0.00	0	    8.0	NaN	NaN	    6.3	   0.19	NaN	   0.53	  -0.21	   0.00	0	   15.0	NaN	NaN	    8.7	   0.97	NaN	   1.47	  -0.30	   0.00	0	    3.0	NaN	NaN	   14.0	  -0.02	NaN	   0.00	  -2.45	   0.00	AACCCCG_3/0	0	1.35	+
11:463285	   58.0	1	   27.0	NaN	NaN	    7.1	   7.29	NaN	   7.99	  -0.69	   0.00	0	    6.0	NaN	NaN	    7.6	   0.01	NaN	   0.11	  -1.87	   0.00	0	   15.0	NaN	NaN	    9.5	   0.77	NaN	   1.22	  -0.20	   0.00	0	   10.0	NaN	NaN	   14.9	  -0.11	NaN	   0.03	  -0.19	   0.00	AACGCCG_13/1	0	2.43	+
11:523227	   65.0	1	   29.0	NaN	NaN	   10.3	   5.23	NaN	   5.84	  -0.55	   0.00	0	   10.0	NaN	NaN	    8.3	   0.17	NaN	   0.50	  -0.97	   0.00	0	   15.0	NaN	NaN	    8.6	   0.99	NaN	   1.51	  -1.19	   0.00	0	   11.0	NaN	NaN	   25.0	  -0.03	NaN	   0.00	  -0.83	   0.00	TTNTCCGC_5/0	0	1.59	+
11:524157	   69.9	1	   40.8	NaN	NaN	    9.8	  12.17	NaN	  13.06	  -0.28	   0.00	0	   13.4	NaN	NaN	    8.5	   0.57	NaN	   1.30	  -0.29	   0.00	0	    9.8	NaN	NaN	    8.6	   0.23	NaN	   0.44	  -0.35	   0.00	0	    5.9	NaN	NaN	   20.7	  -0.01	NaN	   0.00	  -0.21	   0.00	GACGCCGA_12/1	0	2.29	+
11:525097	  110.3	1	   42.5	NaN	NaN	    8.3	  15.97	NaN	  16.92	  -1.12	   0.00	1	   23.9	NaN	NaN	    7.9	   4.01	NaN	   5.53	  -0.97	   0.00	1	   28.7	NaN	NaN	   10.1	   5.00	NaN	   5.99	  -0.36	   0.00	0	   15.1	NaN	NaN	   18.6	  -0.15	NaN	   0.12	  -0.35	   0.00	TTNTCCGC_5/0	0	1.59	+
11:585029	  123.0	1	   43.0	NaN	NaN	    7.1	  18.37	NaN	  19.37	  -0.29	   0.39	1	   25.0	NaN	NaN	    6.3	   5.99	NaN	   7.85	  -0.41	   0.39	1	   31.0	NaN	NaN	    8.5	   7.42	NaN	   8.61	  -0.63	   0.39	0	   24.0	NaN	NaN	   14.0	   0.59	NaN	   2.02	  -0.37	   0.39	AACGCCGA_18/1	0	3.17	+
11:587280	   67.0	1	   27.7	NaN	NaN	    7.1	   7.94	NaN	   8.68	  -0.30	   0.00	0	   11.9	NaN	NaN	    6.8	   0.60	NaN	   1.35	  -0.14	   0.00	1	   19.2	NaN	NaN	    8.1	   2.72	NaN	   3.53	  -0.22	   0.00	0	    8.3	NaN	NaN	   14.2	  -0.10	NaN	   0.02	  -0.53	   0.00	CCCCGGC_3/0	0	1.35	+
11:620693	   84.0	1	   42.8	NaN	NaN	    7.1	  18.37	NaN	  19.37	  -0.54	   0.09	0	   13.6	NaN	NaN	    6.3	   1.22	NaN	   2.27	  -0.44	   0.09	0	   16.2	NaN	NaN	    8.1	   1.74	NaN	   2.38	  -0.71	   0.09	0	   11.4	NaN	NaN	   14.0	  -0.16	NaN	   0.13	  -0.63	   0.09	TTCNCCGC_5/0	0	1.59	+
11:620723	  185.0	1	   68.2	NaN	NaN	    7.1	  41.32	NaN	  42.77	  -0.48	   0.09	1	   30.4	NaN	NaN	    6.3	   9.60	NaN	  11.81	  -0.42	   0.09	1	   51.8	NaN	NaN	    8.1	  22.28	NaN	  24.19	  -0.35	   0.09	1	   34.6	NaN	NaN	   14.0	   3.63	NaN	   5.75	  -0.37	   0.09	ACGCCGG_5/0	0	1.59	+
11:636502	  128.0	1	   58.0	NaN	NaN	    7.1	  30.95	NaN	  32.24	  -0.24	   0.45	1	   17.0	NaN	NaN	    6.3	   2.22	NaN	   3.53	  -0.27	   0.45	1	   29.0	NaN	NaN	    8.1	   6.83	NaN	   7.99	  -0.29	   0.45	0	   24.0	NaN	NaN	   14.3	   0.50	NaN	   1.92	  -1.06	   0.45	CCGGCAT_2/0	0	1.23	+
12:22039	   61.9	1	   30.1	NaN	NaN	    6.5	  10.57	NaN	  11.41	  -0.36	   0.00	0	   14.6	NaN	NaN	    6.1	   1.65	NaN	   2.78	  -0.48	   0.00	0	   14.6	NaN	NaN	    7.8	   1.28	NaN	   1.84	  -0.34	   0.00	0	    2.6	NaN	NaN	   14.8	  -0.01	NaN	   0.00	  -0.41	   0.00	ATGCCGA_4/0	0	1.47	+
12:24569	   51.0	1	   19.0	NaN	NaN	    6.5	   3.77	NaN	   4.28	  -0.17	   0.00	0	    9.0	NaN	NaN	    6.1	   0.29	NaN	   0.78	  -0.07	   0.00	0	    8.0	NaN	NaN	    7.8	   0.13	NaN	   0.28	  -0.77	   0.00	0	   15.0	NaN	NaN	   15.3	  -0.16	NaN	   0.24	  -0.35	   0.00	CCCCGGC_3/0	0	1.35	+
12:68925	  130.0	1	   55.0	NaN	NaN	    7.9	  25.93	NaN	  27.11	  -0.23	   0.80	0	   14.0	NaN	NaN	   10.4	   0.29	NaN	   0.78	  -0.09	   0.80	1	   45.0	NaN	NaN	   12.0	  11.15	NaN	  12.57	  -0.22	   0.80	0	   16.0	NaN	NaN	   16.1	  -0.17	NaN	   0.26	  -0.04	   0.80	TCGCCGAGC_8/0	0	1.98	+
12:71903	   82.9	1	   36.9	NaN	NaN	    7.8	  12.54	NaN	  13.44	  -0.28	   0.00	0	   14.0	NaN	NaN	    8.3	   0.60	NaN	   1.35	  -0.26	   0.00	0	   18.0	NaN	NaN	   10.9	   1.01	NaN	   1.54	  -0.34	   0.00	0	   14.0	NaN	NaN	   15.8	  -0.16	NaN	   0.15	  -0.22	   0.00	AACGCCGA_18/1	0	3.17	+
12:347331	  133.0	1	   58.0	NaN	NaN	   20.6	  10.13	NaN	  10.96	  -0.48	   0.00	1	   22.0	NaN	NaN	    8.1	   2.97	NaN	   4.42	  -0.31	   0.00	1	   41.0	NaN	NaN	   12.8	   8.27	NaN	   9.52	  -0.41	   0.00	0	   12.0	NaN	NaN	   15.2	  -0.14	NaN	   0.08	  -0.71	   0.00	GACGCCGA_12/1	0	2.29	+
12:403263	   70.0	1	   27.0	NaN	NaN	    6.7	   7.81	NaN	   8.53	  -0.20	   0.00	0	   16.0	NaN	NaN	    6.5	   1.76	NaN	   2.92	  -0.33	   0.00	1	   21.0	NaN	NaN	    9.6	   2.30	NaN	   3.03	  -0.65	   0.00	0	    6.0	NaN	NaN	   13.9	  -0.06	NaN	   0.00	  -0.63	   0.00	CCCCGCC_2/0	0	1.23	+
12:697553	   81.0	1	   21.2	NaN	NaN	    6.5	   5.22	NaN	   5.83	  -0.58	   0.00	1	   18.0	NaN	NaN	    6.1	   2.70	NaN	   4.12	  -0.19	   0.00	1	   21.7	NaN	NaN	   10.0	   2.41	NaN	   3.17	  -0.49	   0.00	0	   20.0	NaN	NaN	   14.4	   0.02	NaN	   1.02	  -1.05	   0.00	GACGCCGG_9/1	0	1.90	+
12:718768	   61.1	1	   32.6	NaN	NaN	    6.5	  11.93	NaN	  12.81	  -0.44	   0.00	0	    6.8	NaN	NaN	    7.0	   0.06	NaN	   0.26	  -0.74	   0.00	1	   17.5	NaN	NaN	    7.9	   2.14	NaN	   2.86	  -0.35	   0.00	0	    4.2	NaN	NaN	   16.7	  -0.02	NaN	   0.00	  -0.36	   0.00	CCCCGCC_2/0	0	1.23	+
12:744046	   66.0	1	   26.0	NaN	NaN	    7.6	   6.22	NaN	   6.87	  -0.39	   0.00	0	   11.0	NaN	NaN	    8.4	   0.24	NaN	   0.65	  -0.29	   0.00	0	   15.0	NaN	NaN	   10.0	   0.67	NaN	   1.09	  -0.51	   0.00	0	   14.0	NaN	NaN	   16.6	  -0.15	NaN	   0.11	  -0.17	   0.00	ACGCCGA_11/0	0	2.40	+
12:749602	   71.0	1	   31.0	NaN	NaN	    6.5	  10.57	NaN	  11.41	  -0.31	   0.49	0	   11.0	NaN	NaN	    7.0	   0.40	NaN	   1.02	  -0.15	   0.49	1	   20.0	NaN	NaN	    8.7	   2.41	NaN	   3.17	  -0.25	   0.49	0	    9.0	NaN	NaN	   15.4	  -0.08	NaN	   0.01	  -1.54	   0.49	ACGCCGCT_7/1	0	1.66	+
12:768928	  104.0	1	   58.0	NaN	NaN	    7.6	  29.19	NaN	  30.44	  -0.26	   0.00	0	   12.0	NaN	NaN	    8.3	   0.33	NaN	   0.86	  -0.33	   0.00	1	   29.0	NaN	NaN	    8.1	   6.87	NaN	   8.03	  -0.33	   0.00	0	    5.0	NaN	NaN	   14.9	  -0.03	NaN	   0.00	  -0.37	   0.00	TCGCCGA_4/0	0	1.47	+
12:834895	  120.0	1	   57.0	NaN	NaN	    6.5	  31.73	NaN	  33.04	  -0.48	   0.27	0	   17.0	NaN	NaN	    7.2	   1.76	NaN	   2.91	  -0.31	   0.27	1	   25.0	NaN	NaN	    8.2	   4.72	NaN	   5.70	  -0.43	   0.27	0	   21.0	NaN	NaN	   15.8	  -0.01	NaN	   0.91	  -0.20	   0.27	CGAACGC_5/0	0	1.59	+
12:884111	   42.4	1	   17.8	NaN	NaN	    6.5	   3.31	NaN	   3.81	  -0.52	   0.00	0	    2.8	NaN	NaN	    7.0	  -0.01	NaN	   0.01	  -0.38	   0.00	0	    9.8	NaN	NaN	    8.3	   0.27	NaN	   0.49	  -0.46	   0.00	0	   12.0	NaN	NaN	   13.9	  -0.16	NaN	   0.13	   0.02	   0.00	ATGCCGA_4/0	0	1.47	+
13:181093	   52.2	1	   15.3	NaN	NaN	    7.0	   2.17	NaN	   2.59	  -1.18	   0.00	0	   10.6	NaN	NaN	    6.4	   0.51	NaN	   1.20	  -0.31	   0.00	0	    9.3	NaN	NaN	    8.1	   0.30	NaN	   0.52	  -0.97	   0.00	0	   17.0	NaN	NaN	   17.5	  -0.17	NaN	   0.24	  -1.09	   0.00	CCCCGCC_2/0	0	1.23	+
13:234638	   45.0	1	   18.0	NaN	NaN	    7.0	   2.94	NaN	   3.41	  -0.32	   0.00	0	    6.0	NaN	NaN	    8.1	   0.01	NaN	   0.09	  -0.06	   0.00	0	    5.0	NaN	NaN	    8.3	   0.00	NaN	   0.04	  -0.86	   0.00	0	   16.0	NaN	NaN	   14.5	  -0.15	NaN	   0.42	  -0.73	   0.00	AAACGCCGA_18/2	0	2.87	+
13:235578	   49.0	1	   17.0	NaN	NaN	    7.0	   2.55	NaN	   2.99	  -0.62	   0.00	0	    5.0	NaN	NaN	    8.3	  -0.01	NaN	   0.04	  -1.05	   0.00	0	   17.0	NaN	NaN	    8.5	   1.59	NaN	   2.20	  -0.92	   0.00	0	   10.0	NaN	NaN	   15.0	  -0.11	NaN	   0.03	  -0.81	   0.00	ATGCCGA_4/0	0	1.47	+
13:236337	   60.0	1	   26.0	NaN	NaN	    7.5	   6.30	NaN	   6.95	  -0.38	   0.00	0	    9.0	NaN	NaN	    7.6	   0.15	NaN	   0.46	  -0.84	   0.00	0	   15.0	NaN	NaN	    9.2	   0.85	NaN	   1.31	  -0.16	   0.00	0	   10.0	NaN	NaN	   14.8	  -0.11	NaN	   0.03	  -0.12	   0.00	GCGCCGT_3/0	0	1.35	+
13:270373	   94.2	1	   47.5	NaN	NaN	   10.4	  15.88	NaN	  16.82	  -0.36	   0.00	1	   24.8	NaN	NaN	    7.5	   4.71	NaN	   6.38	  -0.42	   0.00	0	   14.4	NaN	NaN	   10.5	   0.58	NaN	   0.95	  -0.30	   0.00	0	    7.5	NaN	NaN	   17.9	  -0.05	NaN	   0.00	  -0.25	   0.00	GCGCCGT_3/0	0	1.35	+
13:292766	   71.0	1	   41.0	NaN	NaN	   12.8	   8.73	NaN	   9.50	  -0.19	   0.00	0	    6.0	NaN	NaN	    6.5	   0.05	NaN	   0.20	  -0.10	   0.00	0	   19.0	NaN	NaN	    9.5	   1.72	NaN	   2.35	  -0.19	   0.00	0	    5.0	NaN	NaN	   15.2	  -0.03	NaN	   0.00	  -0.35	   0.00	AACGCCGG_14/1	0	2.57	+
13:329575	   43.0	1	   18.0	NaN	NaN	    7.4	   2.70	NaN	   3.15	  -0.64	   0.00	0	    5.0	NaN	NaN	    6.3	   0.02	NaN	   0.13	  -0.74	   0.00	0	   11.0	NaN	NaN	    8.1	   0.41	NaN	   0.71	  -0.25	   0.00	0	    9.0	NaN	NaN	   16.0	  -0.08	NaN	   0.01	  -1.43	   0.00	AGAAAGC_2/0	0	1.23	+
13:329983	  180.1	1	   98.4	NaN	NaN	    7.6	  70.50	NaN	  72.32	  -0.44	   0.00	1	   21.0	NaN	NaN	    6.3	   4.01	NaN	   5.55	  -0.27	   0.00	1	   46.3	NaN	NaN	    8.1	  18.45	NaN	  20.18	  -0.28	   0.00	0	   14.4	NaN	NaN	   15.8	  -0.16	NaN	   0.21	  -0.26	   0.00	AACGCCG_13/1	0	2.43	+
13:359720	   54.0	1	   23.6	NaN	NaN	    7.0	   5.73	NaN	   6.36	  -0.25	   0.00	0	    5.4	NaN	NaN	    6.5	   0.05	NaN	   0.20	  -0.22	   0.00	1	   19.7	NaN	NaN	    8.1	   2.71	NaN	   3.51	  -0.60	   0.00	0	    5.2	NaN	NaN	   14.3	  -0.05	NaN	   0.00	  -0.49	   0.00	TCGCCGA_4/0	0	1.47	+
13:379828	   60.4	1	   49.9	NaN	NaN	    7.2	  23.54	NaN	  24.64	  -0.62	   0.00	0	    5.6	NaN	NaN	    6.9	   0.02	NaN	   0.16	  -0.40	   0.00	0	    4.9	NaN	NaN	    8.1	   0.00	NaN	   0.04	  -0.69	   0.00	0	    0.0	NaN	NaN	   15.3	  -0.00	NaN	   0.00	  -0.62	   0.00	CGCCGCG_2/0	0	1.23	+
13:379891	  106.3	1	   59.2	NaN	NaN	    7.2	  32.16	NaN	  33.48	  -0.81	   0.00	0	    5.1	NaN	NaN	    6.9	   0.02	NaN	   0.16	  -0.65	   0.00	1	   34.1	NaN	NaN	    8.1	  10.27	NaN	  11.59	  -0.70	   0.00	0	    7.8	NaN	NaN	   15.3	  -0.07	NaN	   0.01	  -0.86	   0.00	TCTCCGCC_4/0	0	1.47	+
13:402788	   68.0	1	   24.0	NaN	NaN	   12.3	   2.29	NaN	   2.71	  -0.25	   0.00	0	   13.0	NaN	NaN	    6.3	   0.97	NaN	   1.91	  -0.26	   0.00	0	   17.0	NaN	NaN	    8.4	   1.61	NaN	   2.22	  -0.38	   0.00	0	   14.0	NaN	NaN	   16.5	  -0.15	NaN	   0.12	  -0.93	   0.00	AAACGCCG_13/2	0	2.20	+
13:454149	   41.0	1	   22.0	NaN	NaN	    7.0	   4.73	NaN	   5.30	  -0.19	   0.00	0	    8.0	NaN	NaN	    6.5	   0.16	NaN	   0.49	  -0.33	   0.00	0	    6.0	NaN	NaN	    8.7	   0.01	NaN	   0.06	  -0.24	   0.00	0	    5.0	NaN	NaN	   15.5	  -0.03	NaN	   0.00	  -0.28	   0.00	GACGCCGC_5/1	0	1.43	+
13:455197	   80.0	1	   31.0	NaN	NaN	    7.0	   9.77	NaN	  10.58	  -0.28	   0.00	0	   12.0	NaN	NaN	    6.6	   0.64	NaN	   1.41	  -0.28	   0.00	1	   23.0	NaN	NaN	    8.2	   3.83	NaN	   4.76	  -0.26	   0.00	0	   14.0	NaN	NaN	   17.9	  -0.14	NaN	   0.07	  -0.23	   0.00	TTNTCCGC_5/0	0	1.59	+
13:490919	   61.0	1	   23.0	NaN	NaN	    7.6	   4.69	NaN	   5.25	  -0.20	   0.00	0	   10.0	NaN	NaN	    6.3	   0.40	NaN	   0.99	  -0.30	   0.00	0	   18.0	NaN	NaN	    8.5	   1.85	NaN	   2.52	  -0.49	   0.00	0	   10.0	NaN	NaN	   14.3	  -0.12	NaN	   0.04	  -0.71	   0.00	AAACGCCGG_14/2	0	2.33	+
13:517998	  124.0	1	   71.9	NaN	NaN	    9.3	  36.84	NaN	  38.22	  -0.51	   0.00	0	    9.7	NaN	NaN	    7.3	   0.27	NaN	   0.70	  -0.35	   0.00	1	   32.7	NaN	NaN	    9.8	   7.20	NaN	   8.38	  -0.28	   0.00	0	    9.7	NaN	NaN	   15.3	  -0.10	NaN	   0.03	  -0.25	   0.00	TCGCCGCG_6/1	0	1.54	+
13:518226	  118.0	1	   59.1	NaN	NaN	    9.3	  26.76	NaN	  27.95	  -0.44	   0.00	0	   16.3	NaN	NaN	    7.2	   1.73	NaN	   2.88	  -0.33	   0.00	1	   38.3	NaN	NaN	    9.9	  10.28	NaN	  11.62	  -0.35	   0.00	0	    4.3	NaN	NaN	   14.8	  -0.04	NaN	   0.00	  -0.28	   0.00	--------	-1	0.00	*
13:534605	   71.2	1	   33.4	NaN	NaN	    7.0	  11.72	NaN	  12.60	  -0.35	   0.00	0	    9.1	NaN	NaN	    7.0	   0.29	NaN	   0.78	  -0.44	   0.00	1	   22.6	NaN	NaN	    8.9	   3.41	NaN	   4.26	  -0.19	   0.00	0	    6.1	NaN	NaN	   15.3	  -0.06	NaN	   0.00	  -0.41	   0.00	ATGCCGA_4/0	0	1.47	+
13:585812	   41.4	1	   21.4	NaN	NaN	    7.0	   4.73	NaN	   5.30	  -0.45	   0.00	0	    1.7	NaN	NaN	    6.7	  -0.01	NaN	   0.00	  -0.74	   0.00	0	   11.5	NaN	NaN	    8.1	   0.56	NaN	   0.92	  -0.32	   0.00	0	    6.8	NaN	NaN	   14.3	  -0.07	NaN	   0.01	  -0.26	   0.00	--------	-1	0.00	*
13:602962	   83.0	1	   37.0	NaN	NaN	   10.8	   8.73	NaN	   9.49	  -0.25	   0.50	0	    9.0	NaN	NaN	    6.4	   0.27	NaN	   0.72	  -0.35	   0.50	1	   22.0	NaN	NaN	    8.5	   3.23	NaN	   4.07	  -0.20	   0.50	0	   15.0	NaN	NaN	   14.3	  -0.17	NaN	   0.33	  -0.37	   0.50	CCGGCAT_2/0	0	1.23	+
13:645755	   75.0	1	   26.0	NaN	NaN	    7.0	   6.81	NaN	   7.49	  -0.20	   0.00	0	   15.0	NaN	NaN	    6.3	   1.57	NaN	   2.68	  -0.10	   0.00	1	   22.0	NaN	NaN	    8.1	   3.52	NaN	   4.38	  -0.25	   0.00	0	   12.0	NaN	NaN	   15.9	  -0.13	NaN	   0.06	  -0.17	   0.00	AAACGCCGA_18/2	0	2.87	+
13:733922	  100.0	1	   53.0	NaN	NaN	   10.3	  19.42	NaN	  20.45	  -0.42	   0.23	0	   11.0	NaN	NaN	    6.3	   0.56	NaN	   1.26	  -0.27	   0.23	0	   14.0	NaN	NaN	    9.6	   0.59	NaN	   0.97	  -0.26	   0.23	0	   22.0	NaN	NaN	   15.5	   0.07	NaN	   1.16	  -0.32	   0.23	ACGCCGA_11/0	0	2.40	+
13:736947	   46.7	1	   19.3	NaN	NaN	    9.2	   2.42	NaN	   2.85	  -0.25	   0.00	0	    2.2	NaN	NaN	    6.3	  -0.01	NaN	   0.02	  -2.00	   0.00	0	   11.7	NaN	NaN	    9.8	   0.30	NaN	   0.55	  -0.34	   0.00	0	   13.5	NaN	NaN	   15.3	  -0.16	NaN	   0.18	  -0.19	   0.00	CGCCGCT_4/1	0	1.32	+
13:751409	  119.0	1	   62.0	NaN	NaN	    7.0	  34.64	NaN	  35.98	  -0.58	   0.26	0	   12.0	NaN	NaN	    7.7	   0.41	NaN	   1.04	  -0.24	   0.26	1	   28.0	NaN	NaN	    8.8	   5.62	NaN	   6.67	  -1.02	   0.26	0	   17.0	NaN	NaN	   14.3	  -0.09	NaN	   0.57	  -0.20	   0.26	CTCCGCC_2/0	0	1.23	+
13:809503	   69.0	1	   20.0	NaN	NaN	    7.5	   3.45	NaN	   3.95	  -0.25	   0.00	0	    7.0	NaN	NaN	    7.1	   0.06	NaN	   0.25	  -0.23	   0.00	0	   19.0	NaN	NaN	    9.1	   1.89	NaN	   2.57	  -0.27	   0.00	0	   23.0	NaN	NaN	   15.6	   0.12	NaN	   1.34	  -0.24	   0.00	AACGCCGA_18/1	0	3.17	+
14:127924	   53.0	1	   20.0	NaN	NaN	    7.0	   3.86	NaN	   4.38	  -0.23	   0.00	0	    7.0	NaN	NaN	    8.6	   0.02	NaN	   0.12	  -1.34	   0.00	0	   13.0	NaN	NaN	    9.0	   0.56	NaN	   0.92	  -0.34	   0.00	0	   13.0	NaN	NaN	   14.1	  -0.16	NaN	   0.18	  -0.21	   0.00	AAACGCCGCG_16/2	0	2.59	+
14:188180	   51.0	1	   21.0	NaN	NaN	    7.4	   3.93	NaN	   4.47	  -0.83	   0.19	0	    9.0	NaN	NaN	    6.4	   0.27	NaN	   0.70	  -0.54	   0.19	0	    9.0	NaN	NaN	    7.8	   0.22	NaN	   0.42	  -0.12	   0.19	0	   12.0	NaN	NaN	   13.8	  -0.16	NaN	   0.14	  -0.75	   0.19	GCCGAGC_3/0	0	1.35	+
14:190327	   40.3	1	   16.7	NaN	NaN	    7.0	   2.60	NaN	   3.04	  -0.36	   0.00	0	    7.7	NaN	NaN	    6.7	   0.14	NaN	   0.45	  -0.81	   0.00	0	   11.6	NaN	NaN	    7.9	   0.59	NaN	   0.98	  -0.22	   0.00	0	    4.3	NaN	NaN	   13.9	  -0.05	NaN	   0.00	  -0.61	   0.00	AACGCCGG_14/1	0	2.57	+
14:207370	   54.8	1	   32.0	NaN	NaN	    7.1	  10.32	NaN	  11.15	  -0.40	   0.00	0	    1.0	NaN	NaN	    5.8	  -0.01	NaN	   0.00	  -4.00	   0.00	0	   17.0	NaN	NaN	    8.1	   1.73	NaN	   2.37	  -0.28	   0.00	0	    4.9	NaN	NaN	   15.2	  -0.03	NaN	   0.00	  -1.10	   0.00	TTCTCCGC_8/0	0	1.98	+
14:279005	   39.0	1	   23.0	NaN	NaN	    6.2	   6.10	NaN	   6.75	  -0.67	   0.00	0	    4.0	NaN	NaN	    6.3	   0.00	NaN	   0.06	  -0.74	   0.00	0	    8.0	NaN	NaN	    8.6	   0.09	NaN	   0.20	  -1.44	   0.00	0	    4.0	NaN	NaN	   15.7	  -0.02	NaN	   0.00	  -0.91	   0.00	AGAAAGC_2/0	0	1.23	+
14:291069	  110.0	1	   44.0	NaN	NaN	   18.0	   6.12	NaN	   6.77	  -0.16	   0.61	0	   18.0	NaN	NaN	    8.3	   1.51	NaN	   2.61	  -0.27	   0.61	1	   34.0	NaN	NaN	   12.0	   5.72	NaN	   6.79	  -0.17	   0.61	0	   14.0	NaN	NaN	   16.9	  -0.15	NaN	   0.10	  -0.20	   0.61	GACGCCGA_12/1	0	2.29	+
14:478015	   57.0	1	   19.0	NaN	NaN	    6.2	   4.02	NaN	   4.56	  -0.27	   0.00	0	   12.0	NaN	NaN	    6.3	   0.76	NaN	   1.56	  -0.18	   0.00	0	   16.0	NaN	NaN	    7.8	   1.56	NaN	   2.17	  -0.22	   0.00	0	   10.0	NaN	NaN	   13.8	  -0.13	NaN	   0.06	  -0.13	   0.00	TCGCCGA_4/0	0	1.47	+
14:623859	   46.4	1	   20.4	NaN	NaN	    9.1	   2.85	NaN	   3.31	  -0.28	   0.00	0	    6.6	NaN	NaN	    5.9	   0.13	NaN	   0.43	  -0.27	   0.00	0	    9.9	NaN	NaN	    9.6	   0.15	NaN	   0.31	  -0.15	   0.00	0	    9.5	NaN	NaN	   17.9	  -0.08	NaN	   0.01	  -0.26	   0.00	CTCCGCC_2/0	0	1.23	+
14:641791	   50.5	1	   20.8	NaN	NaN	    6.8	   4.49	NaN	   5.04	  -0.36	   0.00	0	   10.3	NaN	NaN	    6.2	   0.57	NaN	   1.29	  -0.61	   0.00	0	   17.6	NaN	NaN	    9.4	   1.49	NaN	   2.08	  -0.53	   0.00	0	    1.8	NaN	NaN	   15.2	  -0.00	NaN	   0.00	  -0.73	   0.00	ACGCCGG_5/0	0	1.59	+
14:641878	   62.5	1	   18.2	NaN	NaN	    6.8	   3.56	NaN	   4.06	  -0.52	   0.00	0	    6.7	NaN	NaN	    6.2	   0.10	NaN	   0.37	  -0.90	   0.00	1	   27.4	NaN	NaN	    9.6	   5.03	NaN	   6.02	  -0.39	   0.00	0	   10.2	NaN	NaN	   15.0	  -0.13	NaN	   0.05	  -0.15	   0.00	TCGCCGC_4/1	0	1.32	+
15:24646	   79.0	1	   38.0	NaN	NaN	    7.1	  14.34	NaN	  15.27	  -0.48	   0.00	0	    4.0	NaN	NaN	    6.2	  -0.00	NaN	   0.06	  -0.16	   0.00	1	   22.0	NaN	NaN	    8.1	   3.53	NaN	   4.39	  -0.37	   0.00	0	   15.0	NaN	NaN	   14.1	  -0.16	NaN	   0.36	  -0.14	   0.00	TTCTCCGC_8/0	0	1.98	+
15:83288	   73.3	1	   24.5	NaN	NaN	    8.4	   5.00	NaN	   5.59	  -0.35	   0.00	0	   16.4	NaN	NaN	    9.1	   0.98	NaN	   1.89	  -0.24	   0.00	1	   22.2	NaN	NaN	   10.0	   2.71	NaN	   3.51	  -0.46	   0.00	0	   10.2	NaN	NaN	   14.1	  -0.14	NaN	   0.08	  -0.65	   0.00	CCCCGGC_3/0	0	1.35	+
15:91487	   58.0	1	   20.0	NaN	NaN	    8.9	   2.57	NaN	   3.01	  -0.21	   0.00	0	   12.0	NaN	NaN	    6.8	   0.60	NaN	   1.34	  -0.46	   0.00	0	   12.0	NaN	NaN	   10.1	   0.28	NaN	   0.50	  -0.10	   0.00	0	   14.0	NaN	NaN	   15.2	  -0.16	NaN	   0.18	  -0.31	   0.00	CCCCGGC_3/0	0	1.35	+
15:92950	   59.0	1	   29.0	NaN	NaN	    7.6	   7.86	NaN	   8.59	  -0.19	   0.02	0	    5.0	NaN	NaN	    6.2	   0.01	NaN	   0.13	  -0.30	   0.02	0	   11.0	NaN	NaN	    9.8	   0.21	NaN	   0.41	  -0.34	   0.02	0	   14.0	NaN	NaN	   15.8	  -0.16	NaN	   0.15	  -0.23	   0.02	AACGCCG_13/1	0	2.43	+
15:155745	   87.2	1	   29.9	NaN	NaN	    8.3	   7.60	NaN	   8.31	  -0.65	   0.00	0	    4.3	NaN	NaN	    6.2	   0.02	NaN	   0.13	  -0.71	   0.00	1	   25.9	NaN	NaN	    9.1	   4.46	NaN	   5.42	  -0.51	   0.00	0	   27.0	NaN	NaN	   14.1	   1.46	NaN	   3.16	  -0.88	   0.00	CCGGCAT_2/0	0	1.23	+
15:155854	  154.8	1	   89.1	NaN	NaN	    8.0	  58.72	NaN	  60.45	  -0.60	   0.00	1	   22.7	NaN	NaN	    6.2	   5.00	NaN	   6.70	  -1.05	   0.00	1	   33.1	NaN	NaN	    9.0	   8.55	NaN	   9.82	  -0.64	   0.00	0	   10.0	NaN	NaN	   14.1	  -0.13	NaN	   0.05	  -0.80	   0.00	--------	-1	0.00	*
15:343355	   62.5	1	   23.3	NaN	NaN	    9.7	   3.61	NaN	   4.12	  -0.56	   0.00	0	   10.0	NaN	NaN	    6.4	   0.37	NaN	   0.94	  -1.10	   0.00	0	   12.9	NaN	NaN	    8.1	   0.73	NaN	   1.16	  -1.13	   0.00	0	   16.3	NaN	NaN	   14.6	  -0.11	NaN	   0.52	  -0.98	   0.00	ACACCGC_3/0	0	1.35	+
15:384605	  328.0	1	  197.0	NaN	NaN	   12.8	 152.85	NaN	 155.19	  -0.45	   0.00	1	   37.0	NaN	NaN	    6.3	  13.72	NaN	  16.24	  -0.41	   0.00	1	   63.0	NaN	NaN	    8.1	  31.23	NaN	  33.57	  -0.31	   0.00	0	   31.0	NaN	NaN	   15.9	   1.51	NaN	   3.28	  -0.32	   0.00	GCGCCGT_3/0	0	1.35	+
15:391716	  185.0	1	   89.0	NaN	NaN	    9.1	  53.17	NaN	  54.81	  -0.51	   0.00	1	   32.0	NaN	NaN	    7.1	   9.18	NaN	  11.22	  -0.31	   0.00	1	   47.0	NaN	NaN	    8.1	  18.45	NaN	  20.22	  -0.40	   0.00	0	   17.0	NaN	NaN	   18.2	  -0.17	NaN	   0.19	  -0.17	   0.00	--------	-1	0.00	*
15:392088	   45.2	1	   26.7	NaN	NaN	    9.3	   5.19	NaN	   5.80	  -0.29	   0.00	0	    4.3	NaN	NaN	    7.2	   0.00	NaN	   0.07	  -0.94	   0.00	0	    6.8	NaN	NaN	    8.1	   0.07	NaN	   0.16	  -1.31	   0.00	0	    7.4	NaN	NaN	   17.6	  -0.05	NaN	   0.00	  -0.35	   0.00	ACGCCGC_3/0	0	1.35	+
15:424391	   89.0	1	   31.0	NaN	NaN	    8.1	   8.45	NaN	   9.20	  -0.90	   0.00	0	   12.0	NaN	NaN	    6.2	   0.77	NaN	   1.58	  -0.81	   0.00	1	   29.0	NaN	NaN	    9.7	   5.36	NaN	   6.38	  -0.47	   0.00	0	   17.0	NaN	NaN	   14.1	  -0.09	NaN	   0.60	  -0.92	   0.00	TTNTCCGC_5/0	0	1.59	+
15:438567	   81.9	1	   29.1	NaN	NaN	    7.1	   9.01	NaN	   9.79	  -0.30	   0.00	0	   12.5	NaN	NaN	    6.2	   0.97	NaN	   1.92	  -0.63	   0.00	1	   22.1	NaN	NaN	    8.1	   3.91	NaN	   4.86	  -0.31	   0.00	0	   18.3	NaN	NaN	   15.7	  -0.07	NaN	   0.63	  -0.28	   0.00	CGAACGC_5/0	0	1.59	+
15:462347	   44.0	1	   16.0	NaN	NaN	    7.1	   2.13	NaN	   2.53	  -0.22	   0.60	0	    7.0	NaN	NaN	    7.1	   0.06	NaN	   0.25	  -1.20	   0.60	0	   11.0	NaN	NaN	    9.8	   0.21	NaN	   0.40	  -0.98	   0.60	0	   10.0	NaN	NaN	   14.1	  -0.13	NaN	   0.05	  -0.19	   0.60	ACACCGC_3/0	0	1.35	+
15:494203	   53.0	1	   29.0	NaN	NaN	    9.5	   5.92	NaN	   6.56	  -0.33	   0.00	0	    9.0	NaN	NaN	    6.2	   0.27	NaN	   0.75	  -0.21	   0.00	0	    9.0	NaN	NaN	    8.1	   0.20	NaN	   0.37	  -1.15	   0.00	0	    6.0	NaN	NaN	   14.3	  -0.05	NaN	   0.00	  -0.84	   0.00	AACGCCGA_18/1	0	3.17	+
15:511389	   45.0	1	   20.0	NaN	NaN	    7.5	   3.47	NaN	   3.97	  -0.32	   0.21	0	    9.0	NaN	NaN	    6.5	   0.27	NaN	   0.69	  -0.89	   0.21	0	   11.0	NaN	NaN	    8.6	   0.34	NaN	   0.60	  -0.40	   0.21	0	    5.0	NaN	NaN	   14.1	  -0.04	NaN	   0.00	  -0.18	   0.21	AAACGCCGA_18/2	0	2.87	+
15:520673	  237.5	1	  162.6	NaN	NaN	    7.1	 152.69	NaN	 155.21	  -0.47	   0.00	1	   26.2	NaN	NaN	    6.9	   6.38	NaN	   8.30	  -0.34	   0.00	1	   31.0	NaN	NaN	    9.7	   6.75	NaN	   7.89	  -0.37	   0.00	0	   17.7	NaN	NaN	   15.4	  -0.10	NaN	   0.55	  -0.42	   0.00	--------	-1	0.00	*
15:520806	  146.5	1	   65.4	NaN	NaN	    7.1	  38.08	NaN	  39.48	  -0.48	   0.00	0	   16.8	NaN	NaN	    6.9	   1.85	NaN	   3.06	  -0.36	   0.00	1	   41.0	NaN	NaN	    9.4	  12.07	NaN	  13.55	  -0.51	   0.00	0	   23.3	NaN	NaN	   14.8	   0.44	NaN	   1.77	  -0.30	   0.00	GCCGAGC_3/0	0	1.35	+
15:579708	   63.0	1	   21.0	NaN	NaN	    7.1	   4.17	NaN	   4.71	  -0.25	   0.00	0	   11.0	NaN	NaN	    7.2	   0.38	NaN	   0.93	  -0.79	   0.00	1	   20.0	NaN	NaN	    8.1	   2.72	NaN	   3.53	  -0.28	   0.00	0	   11.0	NaN	NaN	   14.1	  -0.14	NaN	   0.08	  -0.18	   0.00	TCGCCGA_4/0	0	1.47	+
15:613724	  114.0	1	   53.7	NaN	NaN	    8.2	  24.46	NaN	  25.59	  -0.34	   0.00	0	   16.0	NaN	NaN	    6.8	   1.64	NaN	   2.76	  -0.66	   0.00	1	   26.3	NaN	NaN	    8.9	   5.12	NaN	   6.12	  -0.33	   0.00	0	   18.0	NaN	NaN	   14.4	   0.00	NaN	   0.85	  -0.33	   0.00	CGCGGTG_3/0	0	1.35	+
15:633398	   63.0	1	   37.0	NaN	NaN	    7.1	  13.63	NaN	  14.55	  -0.20	   0.00	0	    6.0	NaN	NaN	    7.1	   0.02	NaN	   0.15	  -1.49	   0.00	0	   10.0	NaN	NaN	    9.6	   0.15	NaN	   0.31	  -0.32	   0.00	0	   10.0	NaN	NaN	   14.1	  -0.13	NaN	   0.05	  -0.10	   0.00	CGCCGCT_4/1	0	1.32	+
15:665467	  136.0	1	   70.0	NaN	NaN	   11.2	  30.23	NaN	  31.50	  -0.25	   0.72	0	   17.0	NaN	NaN	    7.0	   1.82	NaN	   3.00	  -0.07	   0.72	1	   30.0	NaN	NaN	    8.7	   6.70	NaN	   7.83	  -0.29	   0.72	0	   19.0	NaN	NaN	   16.7	  -0.12	NaN	   0.50	  -0.19	   0.72	TCGCCGCT_7/2	0	1.51	+
15:668271	   94.0	1	   48.0	NaN	NaN	   10.7	  15.46	NaN	  16.40	  -0.23	   0.30	0	   11.0	NaN	NaN	    7.0	   0.40	NaN	   1.02	  -0.17	   0.30	1	   23.0	NaN	NaN	    8.6	   3.58	NaN	   4.46	  -0.29	   0.30	0	   12.0	NaN	NaN	   15.4	  -0.14	NaN	   0.07	  -0.79	   0.30	GCGCCGT_3/0	0	1.35	+
15:679935	   46.0	1	   16.0	NaN	NaN	    7.1	   2.13	NaN	   2.53	  -0.08	   0.00	0	   10.0	NaN	NaN	    6.3	   0.41	NaN	   0.98	  -0.17	   0.00	0	    9.0	NaN	NaN	    8.1	   0.20	NaN	   0.37	  -0.27	   0.00	0	   11.0	NaN	NaN	   14.1	  -0.14	NaN	   0.08	  -0.28	   0.00	ACGCCGG_5/0	0	1.59	+
15:736683	   40.9	1	   18.4	NaN	NaN	    7.1	   3.29	NaN	   3.78	  -0.39	   0.00	0	    5.3	NaN	NaN	    7.2	   0.01	NaN	   0.14	  -0.40	   0.00	0	   15.3	NaN	NaN	    8.7	   1.22	NaN	   1.76	  -0.34	   0.00	0	    2.0	NaN	NaN	   15.4	  -0.00	NaN	   0.00	  -1.07	   0.00	ACGCCGA_11/0	0	2.40	+
15:764671	   53.0	0	   16.0	NaN	NaN	    8.5	   1.51	NaN	   1.87	  -0.31	   0.00	0	    7.0	NaN	NaN	    6.2	   0.10	NaN	   0.36	  -1.44	   0.00	1	   24.0	NaN	NaN	    8.1	   4.38	NaN	   5.34	  -0.21	   0.00	0	    6.0	NaN	NaN	   15.2	  -0.05	NaN	   0.00	  -0.62	   0.00	CCCCGGC_3/0	0	1.35	+
15:791476	   44.0	1	   22.0	NaN	NaN	    7.1	   4.65	NaN	   5.21	  -1.14	   0.00	0	    8.0	NaN	NaN	    6.2	   0.18	NaN	   0.54	  -0.22	   0.00	0	    8.0	NaN	NaN	    8.1	   0.12	NaN	   0.25	  -1.77	   0.00	0	    6.0	NaN	NaN	   14.9	  -0.05	NaN	   0.00	  -0.57	   0.00	AAACGCC_5/1	0	1.43	+
15:831254	   43.0	1	   28.0	NaN	NaN	    7.1	   7.83	NaN	   8.55	  -0.16	   0.52	0	    4.0	NaN	NaN	    7.0	  -0.01	NaN	   0.04	  -0.41	   0.52	0	    7.0	NaN	NaN	    8.1	   0.07	NaN	   0.16	  -0.54	   0.52	0	    4.0	NaN	NaN	   15.2	  -0.02	NaN	   0.00	  -1.18	   0.52	TCGCCGA_4/0	0	1.47	+
15:906884	   80.1	1	   29.4	NaN	NaN	   11.0	   5.17	NaN	   5.78	  -0.46	   0.00	0	   12.0	NaN	NaN	    6.6	   0.67	NaN	   1.45	  -0.33	   0.00	1	   32.1	NaN	NaN	    9.3	   7.69	NaN	   8.89	  -0.44	   0.00	0	    6.6	NaN	NaN	   14.4	  -0.07	NaN	   0.00	  -0.36	   0.00	AAACGCCGA_18/2	0	2.87	+
15:962620	   47.0	1	   18.0	NaN	NaN	    7.4	   2.73	NaN	   3.18	  -0.75	   0.00	0	   12.0	NaN	NaN	    7.4	   0.47	NaN	   1.14	  -0.47	   0.00	0	   10.0	NaN	NaN	    8.1	   0.30	NaN	   0.53	  -0.82	   0.00	0	    7.0	NaN	NaN	   14.1	  -0.07	NaN	   0.01	  -0.47	   0.00	AACCCCG_3/0	0	1.35	+
15:981849	   48.0	1	   24.0	NaN	NaN	   11.7	   2.56	NaN	   2.99	  -0.36	   0.00	0	    8.0	NaN	NaN	    6.3	   0.18	NaN	   0.52	  -0.34	   0.00	0	    5.0	NaN	NaN	    8.5	   0.00	NaN	   0.03	  -0.21	   0.00	0	   11.0	NaN	NaN	   15.9	  -0.12	NaN	   0.04	  -0.12	   0.00	AAACGCCGG_14/2	0	2.33	+
15:982958	   55.3	1	   31.7	NaN	NaN	   11.4	   5.70	NaN	   6.33	  -0.34	   0.00	0	    4.0	NaN	NaN	    6.2	   0.00	NaN	   0.06	  -1.68	   0.00	0	    5.9	NaN	NaN	    8.5	   0.01	NaN	   0.07	  -1.44	   0.00	0	   13.7	NaN	NaN	   16.2	  -0.16	NaN	   0.13	  -0.40	   0.00	TCGCCGC_4/1	0	1.32	+
15:983632	   71.8	1	   32.5	NaN	NaN	   10.6	   6.85	NaN	   7.53	  -0.33	   0.00	0	    5.0	NaN	NaN	    6.2	   0.02	NaN	   0.13	  -0.27	   0.00	1	   26.9	NaN	NaN	    8.5	   5.40	NaN	   6.45	  -0.31	   0.00	0	    7.5	NaN	NaN	   15.8	  -0.07	NaN	   0.00	  -1.77	   0.00	--------	-1	0.00	*
15:1037588	  110.0	1	   55.0	NaN	NaN	   10.4	  20.55	NaN	  21.61	  -0.43	   0.53	0	   14.0	NaN	NaN	    7.6	   0.78	NaN	   1.60	  -0.23	   0.53	1	   30.0	NaN	NaN	    8.9	   6.56	NaN	   7.68	  -0.25	   0.53	0	   11.0	NaN	NaN	   18.0	  -0.09	NaN	   0.01	  -0.98	   0.53	GCGCCGT_3/0	0	1.35	+
15:1048371	   63.0	1	   23.0	NaN	NaN	    7.1	   5.13	NaN	   5.72	  -0.24	   0.46	0	    8.0	NaN	NaN	    6.7	   0.14	NaN	   0.45	  -0.89	   0.46	0	   14.0	NaN	NaN	    8.1	   0.94	NaN	   1.43	  -0.24	   0.46	0	   18.0	NaN	NaN	   14.5	  -0.05	NaN	   0.68	  -0.25	   0.46	GCCGAGC_3/0	0	1.35	+
16:25784	   56.0	1	   21.0	NaN	NaN	    6.9	   4.39	NaN	   4.94	  -0.30	   0.55	0	    7.0	NaN	NaN	    6.2	   0.10	NaN	   0.37	  -0.86	   0.55	0	    9.0	NaN	NaN	    8.0	   0.20	NaN	   0.39	  -0.26	   0.55	0	   19.0	NaN	NaN	   14.0	  -0.01	NaN	   0.94	  -0.20	   0.55	ACCCCGA_2/0	0	1.23	+
16:49250	   47.0	1	   17.0	NaN	NaN	    7.8	   2.14	NaN	   2.55	  -0.36	   0.00	0	    4.0	NaN	NaN	    6.2	  -0.00	NaN	   0.06	  -1.16	   0.00	0	   13.0	NaN	NaN	    8.3	   0.68	NaN	   1.09	  -0.24	   0.00	0	   13.0	NaN	NaN	   14.0	  -0.17	NaN	   0.20	  -0.20	   0.00	GACGCCG_3/1	0	1.21	+
16:156007	   58.0	1	   20.0	NaN	NaN	    6.9	   3.92	NaN	   4.45	  -0.18	   0.00	0	   11.0	NaN	NaN	    6.2	   0.57	NaN	   1.29	  -0.20	   0.00	0	   13.0	NaN	NaN	    8.0	   0.75	NaN	   1.19	  -0.21	   0.00	0	   14.0	NaN	NaN	   14.0	  -0.17	NaN	   0.28	  -0.07	   0.00	AACGCCGG_14/1	0	2.57	+
16:223216	  145.0	1	   77.0	NaN	NaN	    9.8	  39.56	NaN	  40.99	  -0.37	   0.20	1	   24.0	NaN	NaN	    7.1	   4.66	NaN	   6.30	  -0.22	   0.20	1	   33.0	NaN	NaN	    9.3	   7.68	NaN	   8.89	  -0.16	   0.20	0	   11.0	NaN	NaN	   14.0	  -0.15	NaN	   0.09	  -0.30	   0.20	AACGCCGA_18/1	0	3.17	+
16:305584	   51.0	1	   23.0	NaN	NaN	    7.8	   4.57	NaN	   5.13	  -0.83	   0.00	0	    7.0	NaN	NaN	    7.2	   0.05	NaN	   0.23	  -1.06	   0.00	0	   11.0	NaN	NaN	    8.3	   0.38	NaN	   0.66	  -0.73	   0.00	0	   10.0	NaN	NaN	   14.2	  -0.13	NaN	   0.05	  -0.85	   0.00	TCTCCGC_2/0	0	1.23	+
16:347991	   65.6	1	   27.4	NaN	NaN	    9.3	   5.63	NaN	   6.25	  -0.28	   0.00	0	   14.4	NaN	NaN	    6.8	   1.27	NaN	   2.34	  -0.25	   0.00	0	   15.0	NaN	NaN	    9.6	   0.76	NaN	   1.20	  -0.20	   0.00	0	    8.8	NaN	NaN	   14.3	  -0.10	NaN	   0.02	  -0.21	   0.00	GACGCCGCG_7/1	0	1.66	+
16:389871	   38.9	1	   19.0	NaN	NaN	    6.9	   3.47	NaN	   3.97	  -0.35	   0.00	0	    8.0	NaN	NaN	    6.2	   0.18	NaN	   0.55	  -0.73	   0.00	0	    6.0	NaN	NaN	    8.5	   0.02	NaN	   0.07	  -1.36	   0.00	0	    6.0	NaN	NaN	   14.0	  -0.06	NaN	   0.00	  -0.53	   0.00	GCGCCGT_3/0	0	1.35	+
16:440229	   87.0	1	   47.0	NaN	NaN	    8.4	  18.64	NaN	  19.65	  -0.40	   0.00	0	    7.0	NaN	NaN	    7.6	   0.04	NaN	   0.20	  -0.42	   0.00	1	   24.0	NaN	NaN	    9.0	   3.69	NaN	   4.60	  -0.50	   0.00	0	    9.0	NaN	NaN	   14.5	  -0.10	NaN	   0.02	  -0.83	   0.00	GCGCCGT_3/0	0	1.35	+
16:459419	   46.7	0	   17.7	NaN	NaN	   10.0	   1.50	NaN	   1.86	  -0.40	   0.00	0	    3.4	NaN	NaN	    6.3	   0.00	NaN	   0.06	  -0.45	   0.00	1	   24.0	NaN	NaN	   11.1	   2.52	NaN	   3.29	  -0.93	   0.00	0	    1.6	NaN	NaN	   17.4	  -0.00	NaN	   0.00	  -0.09	   0.00	TTNTCCGC_5/0	0	1.59	+
16:584259	   98.0	1	   44.0	NaN	NaN	    7.0	  19.34	NaN	  20.36	  -0.66	   0.43	0	   14.0	NaN	NaN	    7.0	   0.97	NaN	   1.91	  -0.31	   0.43	0	   22.0	NaN	NaN	   10.9	   1.98	NaN	   2.68	  -0.49	   0.43	0	   18.0	NaN	NaN	   16.4	  -0.15	NaN	   0.42	  -1.01	   0.43	TCGCCGCT_7/2	0	1.51	+
16:594402	   98.0	1	   56.0	NaN	NaN	   17.8	  11.57	NaN	  12.44	  -0.29	   0.36	0	    8.0	NaN	NaN	    7.1	   0.11	NaN	   0.38	  -0.97	   0.36	0	   19.0	NaN	NaN	    9.0	   1.92	NaN	   2.61	  -0.39	   0.36	0	   15.0	NaN	NaN	   14.0	  -0.16	NaN	   0.37	  -0.24	   0.36	AACCCCGA_4/0	0	1.47	+
16:628238	   68.0	0	   14.0	NaN	NaN	    6.9	   1.58	NaN	   1.95	  -0.23	   0.38	0	   15.0	NaN	NaN	    7.0	   1.22	NaN	   2.26	  -0.24	   0.38	1	   23.0	NaN	NaN	    8.6	   3.56	NaN	   4.44	  -0.26	   0.38	0	   16.0	NaN	NaN	   14.8	  -0.15	NaN	   0.39	  -0.78	   0.38	GCCGAGC_3/0	0	1.35	+
16:777388	  108.0	1	   38.0	NaN	NaN	    6.9	  14.92	NaN	  15.86	  -0.35	   0.00	0	   12.0	NaN	NaN	    6.6	   0.66	NaN	   1.45	  -0.23	   0.00	1	   28.0	NaN	NaN	    8.0	   6.41	NaN	   7.52	  -0.19	   0.00	0	   30.0	NaN	NaN	   14.0	   1.98	NaN	   3.89	  -0.14	   0.00	CGAACGC_5/0	0	1.59	+
16:836981	  119.0	1	   67.0	NaN	NaN	    9.8	  31.02	NaN	  32.32	  -0.29	   0.47	0	   16.0	NaN	NaN	    7.0	   1.51	NaN	   2.60	  -0.23	   0.47	1	   24.0	NaN	NaN	   10.9	   2.59	NaN	   3.37	  -0.19	   0.47	0	   12.0	NaN	NaN	   15.6	  -0.14	NaN	   0.07	  -0.14	   0.47	AACGCCG_13/1	0	2.43	+
16:922989	   84.7	1	   50.4	NaN	NaN	    7.0	  25.06	NaN	  26.23	  -0.59	   0.00	0	    6.6	NaN	NaN	    6.2	   0.11	NaN	   0.37	  -0.53	   0.00	0	   13.9	NaN	NaN	    8.0	   0.96	NaN	   1.46	  -0.29	   0.00	0	   13.8	NaN	NaN	   15.3	  -0.16	NaN	   0.17	  -0.30	   0.00	CTCCGCC_2/0	0	1.23	+
16:923249	  301.3	1	  158.6	NaN	NaN	    6.9	 149.97	NaN	 152.19	  -0.44	   0.00	1	   37.4	NaN	NaN	    6.2	  14.49	NaN	  17.31	  -0.19	   0.00	1	   80.1	NaN	NaN	    8.0	  48.23	NaN	  51.05	  -0.26	   0.00	0	   25.2	NaN	NaN	   15.3	   0.64	NaN	   2.11	  -0.31	   0.00	AACGCCGG_14/1	0	2.57	+
16:950050	   46.0	1	   22.0	NaN	NaN	    6.9	   4.87	NaN	   5.45	  -1.04	   0.00	0	    8.0	NaN	NaN	    6.2	   0.18	NaN	   0.55	  -1.17	   0.00	0	    9.0	NaN	NaN	    8.0	   0.20	NaN	   0.39	  -1.25	   0.00	0	    7.0	NaN	NaN	   14.0	  -0.07	NaN	   0.01	  -1.63	   0.00	AGAAAGC_2/0	0	1.23	+
2:101595	   60.0	1	   30.0	NaN	NaN	    7.0	   9.26	NaN	  10.05	  -0.27	   0.00	0	    5.0	NaN	NaN	    6.7	   0.01	NaN	   0.10	  -0.96	   0.00	0	   11.0	NaN	NaN	    9.4	   0.25	NaN	   0.46	  -0.34	   0.00	0	   14.0	NaN	NaN	   13.9	  -0.18	NaN	   0.28	  -0.29	   0.00	CCCCGGC_3/0	0	1.35	+
2:117248	   62.6	1	   28.0	NaN	NaN	    6.4	   8.73	NaN	   9.51	  -0.27	   0.00	0	   10.0	NaN	NaN	    6.2	   0.41	NaN	   1.01	  -0.24	   0.00	0	   14.9	NaN	NaN	    7.8	   1.30	NaN	   1.86	  -0.35	   0.00	0	    9.8	NaN	NaN	   14.9	  -0.11	NaN	   0.03	  -0.30	   0.00	AACGCCGG_14/1	0	2.57	+
2:136443	  151.2	1	   63.2	NaN	NaN	    7.6	  34.76	NaN	  36.11	  -0.44	   0.00	1	   19.5	NaN	NaN	    8.3	   2.11	NaN	   3.40	  -0.32	   0.00	1	   31.3	NaN	NaN	    8.1	   8.48	NaN	   9.73	  -0.20	   0.00	1	   37.2	NaN	NaN	   15.4	   3.83	NaN	   6.04	  -0.49	   0.00	--------	-1	0.00	*
2:136718	   42.8	1	   17.8	NaN	NaN	    7.4	   2.70	NaN	   3.15	  -0.31	   0.00	0	    6.5	NaN	NaN	    8.5	   0.01	NaN	   0.13	  -0.14	   0.00	0	    9.7	NaN	NaN	    8.5	   0.26	NaN	   0.47	  -0.47	   0.00	0	    8.8	NaN	NaN	   15.3	  -0.09	NaN	   0.01	  -0.02	   0.00	TCGCCGCG_6/1	0	1.54	+
2:165403	   89.4	1	   46.5	NaN	NaN	    8.9	  17.63	NaN	  18.61	  -0.61	   0.00	0	   13.8	NaN	NaN	    7.3	   0.89	NaN	   1.75	  -0.62	   0.00	1	   23.8	NaN	NaN	    8.7	   3.91	NaN	   4.85	  -1.01	   0.00	0	    5.4	NaN	NaN	   15.7	  -0.04	NaN	   0.00	  -0.51	   0.00	TTNTCCGC_5/0	0	1.59	+
2:165512	  149.6	1	   86.5	NaN	NaN	    9.1	  51.39	NaN	  53.00	  -0.55	   0.00	1	   18.2	NaN	NaN	    7.2	   2.41	NaN	   3.75	  -0.54	   0.00	1	   35.2	NaN	NaN	    8.5	  10.28	NaN	  11.63	  -0.65	   0.00	0	    9.6	NaN	NaN	   15.8	  -0.10	NaN	   0.02	  -0.43	   0.00	CGCGGTG_3/0	0	1.35	+
2:198535	   48.0	1	   18.0	NaN	NaN	    7.3	   2.78	NaN	   3.24	  -1.16	   0.00	0	    5.0	NaN	NaN	    7.5	  -0.00	NaN	   0.06	  -0.69	   0.00	0	   11.0	NaN	NaN	    8.1	   0.41	NaN	   0.72	  -0.81	   0.00	0	   14.0	NaN	NaN	   17.6	  -0.14	NaN	   0.08	  -0.28	   0.00	CCCCCGG_2/0	0	1.23	+
2:268279	   43.0	1	   15.0	NaN	NaN	    6.4	   2.15	NaN	   2.56	  -0.37	   0.00	0	    3.0	NaN	NaN	    6.1	  -0.01	NaN	   0.03	  -0.85	   0.00	0	   14.0	NaN	NaN	    8.8	   0.75	NaN	   1.19	  -0.23	   0.00	0	   11.0	NaN	NaN	   14.5	  -0.13	NaN	   0.07	  -0.02	   0.00	GCCGAGC_3/0	0	1.35	+
2:365854	   91.2	1	   32.7	NaN	NaN	   10.8	   6.71	NaN	   7.38	  -0.16	   0.00	0	   13.0	NaN	NaN	    6.6	   0.89	NaN	   1.75	  -0.07	   0.00	1	   20.8	NaN	NaN	    9.9	   2.14	NaN	   2.85	  -0.23	   0.00	0	   24.8	NaN	NaN	   14.1	   0.71	NaN	   2.24	  -0.34	   0.00	GCGCCGT_3/0	0	1.35	+
2:368497	   59.0	1	   16.0	NaN	NaN	    6.8	   2.30	NaN	   2.72	  -0.19	   0.00	0	   17.0	NaN	NaN	    6.9	   1.86	NaN	   3.09	  -0.21	   0.00	0	   15.0	NaN	NaN	    8.5	   1.02	NaN	   1.55	  -0.18	   0.00	0	   11.0	NaN	NaN	   15.4	  -0.12	NaN	   0.05	  -0.05	   0.00	TTCNCCGC_5/0	0	1.59	+
2:398339	   54.0	1	   34.0	NaN	NaN	   10.7	   7.31	NaN	   8.01	  -0.40	   0.00	0	    3.0	NaN	NaN	    8.6	  -0.01	NaN	   0.00	  -1.14	   0.00	0	   14.0	NaN	NaN	    8.1	   0.95	NaN	   1.44	  -1.05	   0.00	0	    3.0	NaN	NaN	   14.9	  -0.01	NaN	   0.00	  -1.30	   0.00	CCCCGGC_3/0	0	1.35	+
2:419312	   47.0	1	   22.0	NaN	NaN	    6.4	   5.29	NaN	   5.90	  -0.13	   0.00	0	    5.0	NaN	NaN	    7.2	   0.00	NaN	   0.07	  -0.10	   0.00	0	    8.0	NaN	NaN	    7.8	   0.14	NaN	   0.29	  -0.70	   0.00	0	   12.0	NaN	NaN	   13.9	  -0.16	NaN	   0.14	  -0.30	   0.00	ACGCCGCT_7/1	0	1.66	+
2:542243	   49.0	1	   23.0	NaN	NaN	   10.0	   3.08	NaN	   3.55	  -0.56	   0.00	0	    6.0	NaN	NaN	    7.8	   0.01	NaN	   0.11	  -0.19	   0.00	0	   10.0	NaN	NaN	    8.5	   0.25	NaN	   0.45	  -0.97	   0.00	0	   10.0	NaN	NaN	   14.6	  -0.12	NaN	   0.04	  -0.65	   0.00	CCGGCAT_2/0	0	1.23	+
2:543465	   62.9	1	   26.6	NaN	NaN	    9.8	   4.77	NaN	   5.34	  -0.16	   0.00	0	    2.6	NaN	NaN	    9.2	  -0.01	NaN	   0.00	  -0.72	   0.00	1	   24.4	NaN	NaN	   10.0	   3.50	NaN	   4.35	  -0.21	   0.00	0	    9.3	NaN	NaN	   15.2	  -0.10	NaN	   0.03	  -0.24	   0.00	ACGCCGA_11/0	0	2.40	+
2:582928	   61.8	1	   23.8	NaN	NaN	    8.8	   4.19	NaN	   4.74	  -0.29	   0.00	0	    9.3	NaN	NaN	    6.8	   0.32	NaN	   0.83	  -0.17	   0.00	0	   13.3	NaN	NaN	    9.6	   0.59	NaN	   0.97	  -0.29	   0.00	0	   15.3	NaN	NaN	   15.6	  -0.18	NaN	   0.31	  -0.27	   0.00	GACGCCGCT_9/2	0	1.73	+
2:583560	   48.1	1	   26.6	NaN	NaN	    8.7	   5.66	NaN	   6.29	  -0.42	   0.00	0	    7.0	NaN	NaN	    6.5	   0.10	NaN	   0.33	  -0.54	   0.00	0	    9.0	NaN	NaN	    8.9	   0.13	NaN	   0.28	  -0.50	   0.00	0	    5.6	NaN	NaN	   16.0	  -0.04	NaN	   0.00	  -0.76	   0.00	ATGCCGA_4/0	0	1.47	+
2:803364	   61.0	1	   26.0	NaN	NaN	    6.4	   7.53	NaN	   8.24	  -0.24	   0.34	0	    5.0	NaN	NaN	    6.1	   0.01	NaN	   0.14	  -0.96	   0.34	1	   19.0	NaN	NaN	    7.8	   2.55	NaN	   3.34	  -0.29	   0.34	0	   11.0	NaN	NaN	   13.9	  -0.15	NaN	   0.09	  -0.84	   0.34	--------	-1	0.00	*
3:78049	   95.0	1	   42.0	NaN	NaN	    7.4	  16.94	NaN	  17.90	  -0.29	   0.60	0	   13.0	NaN	NaN	    5.9	   1.12	NaN	   2.13	  -0.67	   0.60	1	   27.0	NaN	NaN	    8.9	   5.12	NaN	   6.13	  -0.51	   0.60	0	   13.0	NaN	NaN	   17.9	  -0.12	NaN	   0.04	  -0.98	   0.60	GCGCCGT_3/0	0	1.35	+
3:133000	   60.0	1	   25.0	NaN	NaN	    8.4	   4.98	NaN	   5.56	  -0.37	   0.00	0	    8.0	NaN	NaN	    6.6	   0.15	NaN	   0.47	  -0.29	   0.00	0	   10.0	NaN	NaN	    9.5	   0.16	NaN	   0.32	  -0.21	   0.00	0	   17.0	NaN	NaN	   14.7	  -0.11	NaN	   0.51	  -1.34	   0.00	CCCCCGGCAT_6/0	0	1.72	+
3:199400	   51.0	1	   21.0	NaN	NaN	    6.2	   5.03	NaN	   5.62	  -0.21	   0.50	0	   11.0	NaN	NaN	    7.9	   0.28	NaN	   0.75	  -0.26	   0.50	0	    8.0	NaN	NaN	    9.7	   0.05	NaN	   0.12	  -1.19	   0.50	0	   11.0	NaN	NaN	   15.7	  -0.12	NaN	   0.04	  -0.14	   0.50	AACGCCGG_14/1	0	2.57	+
4:13767	  107.0	1	   47.0	NaN	NaN	   16.3	   8.63	NaN	   9.38	  -0.25	   0.55	0	   15.0	NaN	NaN	    9.4	   0.55	NaN	   1.24	  -0.94	   0.55	0	   24.0	NaN	NaN	   12.6	   1.87	NaN	   2.55	  -0.35	   0.55	0	   21.0	NaN	NaN	   19.2	  -0.14	NaN	   0.43	  -0.95	   0.55	TCTCCGCC_4/0	0	1.47	+
4:62141	   57.0	1	   26.0	NaN	NaN	    6.9	   7.01	NaN	   7.70	  -0.31	   0.00	0	    8.0	NaN	NaN	    6.3	   0.18	NaN	   0.53	  -0.25	   0.00	0	   12.0	NaN	NaN	    9.3	   0.37	NaN	   0.65	  -1.00	   0.00	0	   11.0	NaN	NaN	   14.2	  -0.14	NaN	   0.08	  -0.21	   0.00	GACGCCGG_9/1	0	1.90	+
4:76712	   49.8	1	   17.0	NaN	NaN	    7.8	   2.15	NaN	   2.56	  -0.64	   0.00	0	    6.7	NaN	NaN	    7.3	   0.05	NaN	   0.22	  -0.49	   0.00	0	   15.9	NaN	NaN	   10.1	   0.83	NaN	   1.29	  -0.95	   0.00	0	   10.2	NaN	NaN	   16.1	  -0.11	NaN	   0.03	  -0.33	   0.00	TCTCCGC_2/0	0	1.23	+
4:76930	   87.2	1	   32.0	NaN	NaN	    8.0	   9.63	NaN	  10.43	  -0.50	   0.00	0	   14.3	NaN	NaN	    7.3	   1.10	NaN	   2.07	  -0.70	   0.00	1	   24.1	NaN	NaN	    9.8	   3.59	NaN	   4.49	  -1.21	   0.00	0	   16.8	NaN	NaN	   16.8	  -0.18	NaN	   0.29	  -1.07	   0.00	TTNTCCGC_5/0	0	1.59	+
4:132885	   47.0	1	   24.0	NaN	NaN	    8.2	   4.67	NaN	   5.23	  -0.25	   0.54	0	    7.0	NaN	NaN	    6.8	   0.07	NaN	   0.28	  -0.52	   0.54	0	   12.0	NaN	NaN	    8.1	   0.57	NaN	   0.94	  -0.25	   0.54	0	    4.0	NaN	NaN	   14.6	  -0.02	NaN	   0.00	  -0.22	   0.54	AACGCCG_13/1	0	2.43	+
4:212530	   73.0	1	   29.0	NaN	NaN	    7.0	   8.66	NaN	   9.41	  -0.21	   0.00	0	    8.0	NaN	NaN	    6.3	   0.18	NaN	   0.52	  -0.25	   0.00	1	   22.0	NaN	NaN	    8.1	   3.56	NaN	   4.43	  -0.32	   0.00	0	   14.0	NaN	NaN	   16.5	  -0.15	NaN	   0.12	  -0.23	   0.00	ATGCCGA_4/0	0	1.47	+
4:302581	   55.2	1	   26.0	NaN	NaN	    8.4	   5.93	NaN	   6.57	  -0.30	   0.00	0	    9.0	NaN	NaN	    7.0	   0.29	NaN	   0.77	  -0.30	   0.00	1	   17.8	NaN	NaN	    8.1	   2.06	NaN	   2.77	  -0.30	   0.00	0	    2.4	NaN	NaN	   15.8	  -0.01	NaN	   0.00	  -0.83	   0.00	AAACGCCGA_18/2	0	2.87	+
4:359306	  112.0	1	   60.0	NaN	NaN	    8.5	  28.68	NaN	  29.93	  -0.50	   0.06	0	   11.0	NaN	NaN	    6.9	   0.41	NaN	   1.04	  -0.47	   0.06	1	   22.0	NaN	NaN	    8.1	   3.56	NaN	   4.43	  -0.24	   0.06	0	   19.0	NaN	NaN	   14.3	  -0.01	NaN	   0.88	  -0.41	   0.06	CGAACGC_5/0	0	1.59	+
4:365943	   78.0	1	   33.0	NaN	NaN	    6.9	  11.34	NaN	  12.20	  -0.21	   0.22	0	   14.0	NaN	NaN	    6.8	   1.00	NaN	   1.97	  -0.23	   0.22	1	   23.0	NaN	NaN	    8.1	   3.94	NaN	   4.90	  -0.19	   0.22	0	    8.0	NaN	NaN	   14.7	  -0.08	NaN	   0.01	  -0.27	   0.22	TCGCCGCG_6/1	0	1.54	+
4:368626	   57.5	1	   15.5	NaN	NaN	    6.9	   2.27	NaN	   2.69	  -0.34	   0.00	0	   12.0	NaN	NaN	    6.5	   0.93	NaN	   1.81	  -0.88	   0.00	1	   21.0	NaN	NaN	    8.1	   3.57	NaN	   4.43	  -0.88	   0.00	0	    9.0	NaN	NaN	   14.2	  -0.12	NaN	   0.05	  -0.74	   0.00	CCCCCGG_2/0	0	1.23	+
4:368826	   51.5	1	   27.5	NaN	NaN	    6.9	   8.17	NaN	   8.91	  -0.29	   0.00	0	    7.0	NaN	NaN	    6.3	   0.11	NaN	   0.36	  -0.47	   0.00	0	   13.0	NaN	NaN	    8.5	   0.63	NaN	   1.04	  -0.50	   0.00	0	    4.0	NaN	NaN	   14.2	  -0.03	NaN	   0.00	  -0.46	   0.00	AACCCCG_3/0	0	1.35	+
4:386543	  203.0	1	   95.0	NaN	NaN	   11.7	  49.96	NaN	  51.47	  -0.36	   0.41	1	   30.0	NaN	NaN	    6.3	   9.16	NaN	  11.13	  -0.20	   0.41	1	   62.0	NaN	NaN	    9.0	  28.17	NaN	  30.21	  -0.32	   0.41	0	   16.0	NaN	NaN	   15.0	  -0.16	NaN	   0.37	  -0.15	   0.41	--------	-1	0.00	*
4:416707	   49.0	1	   17.0	NaN	NaN	    6.9	   2.66	NaN	   3.10	  -0.29	   0.00	0	   11.0	NaN	NaN	    7.3	   0.37	NaN	   0.91	  -0.95	   0.00	0	    8.0	NaN	NaN	    9.1	   0.07	NaN	   0.16	  -0.27	   0.00	0	   13.0	NaN	NaN	   14.5	  -0.16	NaN	   0.16	  -0.95	   0.00	TCGCCGA_4/0	0	1.47	+
4:449551	   72.0	1	   21.0	NaN	NaN	    8.9	   2.98	NaN	   3.44	  -0.26	   0.67	0	   16.0	NaN	NaN	    6.3	   1.86	NaN	   3.10	  -0.26	   0.67	0	   14.0	NaN	NaN	    9.6	   0.58	NaN	   0.96	  -0.63	   0.67	0	   21.0	NaN	NaN	   15.9	  -0.01	NaN	   0.90	  -0.39	   0.67	ATGCCGA_4/0	0	1.47	+
4:525387	  100.0	1	   48.0	NaN	NaN	    7.9	  20.49	NaN	  21.54	  -0.27	   0.21	1	   18.0	NaN	NaN	    7.1	   2.10	NaN	   3.37	  -0.29	   0.21	1	   24.0	NaN	NaN	   10.5	   2.79	NaN	   3.61	  -0.24	   0.21	0	   10.0	NaN	NaN	   16.0	  -0.10	NaN	   0.02	  -0.45	   0.21	GACGCCGC_5/1	0	1.43	+
4:530103	   94.8	1	   43.9	NaN	NaN	   13.0	  10.12	NaN	  10.94	  -0.25	   0.00	0	   17.0	NaN	NaN	    7.0	   1.85	NaN	   3.05	  -0.24	   0.00	1	   25.9	NaN	NaN	   10.7	   3.42	NaN	   4.27	  -0.21	   0.00	0	    8.0	NaN	NaN	   14.2	  -0.08	NaN	   0.01	  -1.47	   0.00	TTCNCCGC_5/0	0	1.59	+
4:560183	   46.6	1	   16.0	NaN	NaN	    6.9	   2.27	NaN	   2.69	  -0.19	   0.00	0	    8.0	NaN	NaN	    6.3	   0.19	NaN	   0.53	  -0.22	   0.00	0	   11.0	NaN	NaN	    8.1	   0.41	NaN	   0.72	  -0.31	   0.00	0	   11.6	NaN	NaN	   16.9	  -0.12	NaN	   0.04	  -0.04	   0.00	TCGCCGA_4/0	0	1.47	+
4:578101	   78.0	1	   37.8	NaN	NaN	    8.6	  11.94	NaN	  12.83	  -0.23	   0.00	0	    8.5	NaN	NaN	    7.6	   0.14	NaN	   0.45	  -0.09	   0.00	0	   20.0	NaN	NaN	    9.7	   1.92	NaN	   2.61	  -0.31	   0.00	0	   11.7	NaN	NaN	   14.2	  -0.15	NaN	   0.12	  -0.42	   0.00	TCGCCGCG_6/1	0	1.54	+
4:586276	  122.4	1	   78.4	NaN	NaN	    7.3	  50.46	NaN	  52.02	  -0.33	   0.00	0	    5.2	NaN	NaN	    6.5	   0.05	NaN	   0.20	  -1.03	   0.00	1	   27.7	NaN	NaN	    8.1	   6.36	NaN	   7.47	  -0.28	   0.00	0	   11.1	NaN	NaN	   14.2	  -0.15	NaN	   0.12	  -0.29	   0.00	TCGCCGCG_6/1	0	1.54	+
4:622376	   70.8	1	   22.8	NaN	NaN	    6.9	   5.38	NaN	   6.00	  -0.37	   0.00	0	   12.0	NaN	NaN	    6.3	   0.76	NaN	   1.57	  -1.32	   0.00	1	   31.0	NaN	NaN	    8.1	   7.98	NaN	   9.20	  -0.29	   0.00	0	    5.0	NaN	NaN	   14.2	  -0.04	NaN	   0.00	  -1.31	   0.00	CCCCGGC_3/0	0	1.35	+
4:701278	  296.7	1	  180.4	NaN	NaN	    6.9	 180.18	NaN	 183.00	  -0.52	   0.00	1	   31.8	NaN	NaN	    6.3	  10.20	NaN	  12.54	  -0.24	   0.00	1	   59.0	NaN	NaN	    8.1	  28.84	NaN	  31.05	  -0.53	   0.00	0	   25.5	NaN	NaN	   15.0	   0.71	NaN	   2.22	  -0.27	   0.00	AACGCCGA_18/1	0	3.17	+
4:701602	   60.3	1	   27.6	NaN	NaN	    6.9	   8.17	NaN	   8.91	  -0.40	   0.00	0	   12.2	NaN	NaN	    6.4	   0.96	NaN	   1.85	  -0.82	   0.00	0	   12.0	NaN	NaN	    8.1	   0.57	NaN	   0.93	  -0.37	   0.00	0	    8.5	NaN	NaN	   15.0	  -0.09	NaN	   0.02	  -0.80	   0.00	TTCTCCGCC_10/0	0	2.26	+
4:702102	  107.0	1	   46.0	NaN	NaN	    6.9	  21.14	NaN	  22.21	  -0.29	   0.31	1	   20.0	NaN	NaN	    7.4	   2.64	NaN	   4.04	  -1.01	   0.31	1	   24.0	NaN	NaN	    8.7	   3.88	NaN	   4.81	  -0.28	   0.31	0	   17.0	NaN	NaN	   15.1	  -0.13	NaN	   0.46	  -0.17	   0.31	ATGCCGA_4/0	0	1.47	+
4:824660	   52.0	1	   18.0	NaN	NaN	    6.9	   3.06	NaN	   3.53	  -0.23	   0.00	0	   12.0	NaN	NaN	    6.7	   0.63	NaN	   1.39	  -0.21	   0.00	0	    6.0	NaN	NaN	    9.7	   0.00	NaN	   0.04	  -0.23	   0.00	0	   16.0	NaN	NaN	   14.8	  -0.15	NaN	   0.39	  -0.35	   0.00	ACGCCGA_11/0	0	2.40	+
4:873782	  178.2	1	   96.0	NaN	NaN	    6.9	  70.69	NaN	  72.56	  -0.59	   0.11	0	    7.2	NaN	NaN	    7.5	   0.09	NaN	   0.33	  -0.42	   0.11	1	   28.3	NaN	NaN	    9.8	   5.25	NaN	   6.26	  -0.42	   0.11	1	   46.8	NaN	NaN	   18.3	   5.03	NaN	   7.84	  -0.27	   0.11	--------	-1	0.00	*
4:873840	  163.8	1	   82.0	NaN	NaN	    6.9	  56.42	NaN	  58.09	  -0.55	   0.11	1	   25.8	NaN	NaN	    7.8	   4.97	NaN	   6.70	  -0.29	   0.11	1	   46.7	NaN	NaN	    9.8	  15.43	NaN	  17.04	  -0.46	   0.11	0	    9.2	NaN	NaN	   18.3	  -0.07	NaN	   0.01	  -0.60	   0.11	AAACGCCGG_14/2	0	2.33	+
4:889116	   52.0	1	   20.0	NaN	NaN	    6.9	   3.92	NaN	   4.46	  -0.86	   0.00	0	   11.0	NaN	NaN	    6.5	   0.50	NaN	   1.19	  -1.18	   0.00	0	   12.0	NaN	NaN	    8.1	   0.57	NaN	   0.94	  -0.81	   0.00	0	    9.0	NaN	NaN	   14.8	  -0.10	NaN	   0.02	  -0.22	   0.00	TTNTCCGC_5/0	0	1.59	+
4:934899	   50.0	1	   19.4	NaN	NaN	    6.9	   3.93	NaN	   4.46	  -1.05	   0.00	0	    4.9	NaN	NaN	    6.7	   0.01	NaN	   0.10	  -1.27	   0.00	0	   12.7	NaN	NaN	    8.2	   0.71	NaN	   1.13	  -0.95	   0.00	0	   13.0	NaN	NaN	   15.0	  -0.16	NaN	   0.13	  -0.07	   0.00	TTNTCCGC_5/0	0	1.59	+
4:955865	   88.4	1	   51.9	NaN	NaN	    9.0	  21.20	NaN	  22.27	  -0.48	   0.00	0	    5.1	NaN	NaN	    6.3	   0.05	NaN	   0.22	  -0.54	   0.00	1	   23.7	NaN	NaN	    9.0	   3.72	NaN	   4.64	  -0.50	   0.00	0	    7.8	NaN	NaN	   15.6	  -0.07	NaN	   0.01	  -0.28	   0.00	ATGCCGA_4/0	0	1.47	+
4:956040	  134.6	1	   61.1	NaN	NaN	    9.4	  28.05	NaN	  29.27	  -0.37	   0.00	1	   19.9	NaN	NaN	    6.3	   3.54	NaN	   5.01	  -0.35	   0.00	1	   39.3	NaN	NaN	    8.1	  13.41	NaN	  14.97	  -0.31	   0.00	0	   14.2	NaN	NaN	   16.4	  -0.16	NaN	   0.18	  -0.39	   0.00	CCCCGCC_2/0	0	1.23	+
4:995777	   64.0	1	   19.0	NaN	NaN	    7.1	   3.30	NaN	   3.80	  -0.17	   0.00	0	   14.0	NaN	NaN	    8.6	   0.55	NaN	   1.26	  -0.22	   0.00	0	   19.0	NaN	NaN	    9.6	   1.69	NaN	   2.32	  -0.24	   0.00	0	   12.0	NaN	NaN	   17.1	  -0.12	NaN	   0.04	  -1.16	   0.00	ACGCCGA_11/0	0	2.40	+
4:1135796	   47.0	0	   18.7	NaN	NaN	   10.4	   1.61	NaN	   1.99	  -0.36	   0.00	0	    0.0	NaN	NaN	    6.3	  -0.01	NaN	   0.00	  -0.88	   0.00	1	   25.6	NaN	NaN	    8.1	   5.36	NaN	   6.39	  -0.47	   0.00	0	    2.7	NaN	NaN	   14.2	  -0.02	NaN	   0.00	  -0.44	   0.00	--------	-1	0.00	*
4:1141133	  155.0	1	   62.0	NaN	NaN	   10.8	  24.97	NaN	  26.14	  -0.41	   0.00	0	   11.0	NaN	NaN	    6.6	   0.48	NaN	   1.15	  -0.24	   0.00	1	   43.0	NaN	NaN	    8.1	  15.68	NaN	  17.32	  -0.22	   0.00	1	   39.0	NaN	NaN	   14.7	   4.47	NaN	   6.98	  -0.38	   0.00	CCCCGGCAT_5/0	0	1.59	+
4:1144364	   83.0	1	   39.0	NaN	NaN	    7.8	  13.90	NaN	  14.82	  -0.46	   0.70	0	   11.0	NaN	NaN	    6.3	   0.56	NaN	   1.26	  -0.60	   0.70	1	   28.0	NaN	NaN	    8.5	   5.87	NaN	   6.97	  -0.23	   0.70	0	    5.0	NaN	NaN	   19.9	  -0.01	NaN	   0.00	  -0.09	   0.70	TTNTCCGC_5/0	0	1.59	+
4:1221813	   95.0	1	   40.0	NaN	NaN	    6.9	  16.45	NaN	  17.41	  -0.26	   0.00	1	   19.0	NaN	NaN	    6.4	   2.98	NaN	   4.41	  -0.27	   0.00	1	   26.0	NaN	NaN	    8.1	   5.36	NaN	   6.39	  -0.22	   0.00	0	   10.0	NaN	NaN	   14.2	  -0.13	NaN	   0.05	  -0.17	   0.00	GACGCCGA_12/1	0	2.29	+
4:1258268	   54.0	1	   22.0	NaN	NaN	    8.5	   3.61	NaN	   4.12	  -0.37	   0.00	0	    8.0	NaN	NaN	    6.3	   0.19	NaN	   0.53	  -0.35	   0.00	0	   14.0	NaN	NaN	    8.5	   0.83	NaN	   1.30	  -1.05	   0.00	0	   10.0	NaN	NaN	   14.2	  -0.13	NaN	   0.05	  -0.13	   0.00	AACCCCGGC_7/0	0	1.85	+
4:1324636	  130.9	1	   61.6	NaN	NaN	    6.9	  35.20	NaN	  36.57	  -0.63	   0.00	0	   10.9	NaN	NaN	    6.3	   0.56	NaN	   1.26	  -0.92	   0.00	1	   38.8	NaN	NaN	    8.5	  12.23	NaN	  13.72	  -0.40	   0.00	0	   19.6	NaN	NaN	   14.7	   0.01	NaN	   0.97	  -0.78	   0.00	--------	-1	0.00	*
4:1324940	   92.1	1	   30.4	NaN	NaN	    6.9	  10.02	NaN	  10.84	  -0.59	   0.00	1	   21.1	NaN	NaN	    6.3	   4.54	NaN	   6.10	  -0.36	   0.00	1	   27.2	NaN	NaN	    8.6	   5.83	NaN	   6.91	  -1.23	   0.00	0	   13.4	NaN	NaN	   15.3	  -0.16	NaN	   0.18	  -0.33	   0.00	CGCCGCT_4/1	0	1.32	+
4:1448010	  128.0	1	   54.0	NaN	NaN	   10.1	  20.46	NaN	  21.50	  -0.32	   0.00	1	   18.0	NaN	NaN	    6.3	   2.63	NaN	   4.01	  -0.28	   0.00	1	   43.0	NaN	NaN	   10.5	  11.84	NaN	  13.29	  -0.34	   0.00	0	   13.0	NaN	NaN	   16.4	  -0.14	NaN	   0.08	  -0.32	   0.00	AACGCCGC_14/1	0	2.57	+
4:1486439	  139.2	1	   49.6	NaN	NaN	    6.9	  24.46	NaN	  25.60	  -0.37	   0.00	0	   13.0	NaN	NaN	   12.2	   0.15	NaN	   0.47	  -0.65	   0.00	1	   50.2	NaN	NaN	   10.4	  17.17	NaN	  18.87	  -0.29	   0.00	0	   26.4	NaN	NaN	   15.4	   0.75	NaN	   2.33	  -0.31	   0.00	--------	-1	0.00	*
5:19885	  116.0	1	   51.0	NaN	NaN	    9.8	  18.82	NaN	  19.83	  -0.24	   0.47	0	   14.0	NaN	NaN	    6.6	   1.13	NaN	   2.12	  -0.21	   0.47	1	   36.0	NaN	NaN	    8.2	  10.77	NaN	  12.13	  -0.35	   0.47	0	   15.0	NaN	NaN	   14.3	  -0.17	NaN	   0.33	  -0.37	   0.47	ACCCCGA_2/0	0	1.23	+
5:24604	  194.0	1	  102.0	NaN	NaN	    7.7	  72.90	NaN	  74.81	  -0.29	   0.48	0	   16.0	NaN	NaN	    6.3	   1.86	NaN	   3.05	  -0.56	   0.48	1	   38.0	NaN	NaN	    8.3	  11.81	NaN	  13.24	  -0.34	   0.48	1	   38.0	NaN	NaN	   16.0	   3.66	NaN	   5.70	  -0.89	   0.48	ACGCCGCG_4/0	0	1.47	+
5:70157	   40.1	1	   15.9	NaN	NaN	    7.2	   2.08	NaN	   2.48	  -0.47	   0.00	0	    5.7	NaN	NaN	    6.3	   0.05	NaN	   0.22	  -1.14	   0.00	0	   14.0	NaN	NaN	    8.2	   0.93	NaN	   1.41	  -0.39	   0.00	0	    4.6	NaN	NaN	   14.0	  -0.04	NaN	   0.00	  -1.08	   0.00	AAACGCCGAGC_21/2	0	3.33	+
5:70496	   44.9	1	   23.1	NaN	NaN	    7.2	   5.54	NaN	   6.16	  -0.33	   0.00	0	    6.3	NaN	NaN	    6.5	   0.09	NaN	   0.32	  -0.41	   0.00	0	   10.0	NaN	NaN	    8.2	   0.29	NaN	   0.52	  -0.28	   0.00	0	    5.4	NaN	NaN	   14.0	  -0.06	NaN	   0.00	  -1.33	   0.00	TCGCCGA_4/0	0	1.47	+
5:86337	   80.0	1	   42.0	NaN	NaN	   11.1	  11.13	NaN	  11.98	  -0.27	   0.25	0	    5.0	NaN	NaN	   11.3	  -0.01	NaN	   0.01	  -1.03	   0.25	0	   19.0	NaN	NaN	   10.4	   1.41	NaN	   1.99	  -0.23	   0.25	0	   14.0	NaN	NaN	   14.2	  -0.17	NaN	   0.25	  -0.39	   0.25	AAACGCCG_13/2	0	2.20	+
5:100520	   38.1	1	   16.0	NaN	NaN	    7.2	   2.07	NaN	   2.48	  -0.12	   0.00	0	    6.6	NaN	NaN	    6.3	   0.11	NaN	   0.35	  -0.96	   0.00	0	    6.2	NaN	NaN	    9.5	   0.02	NaN	   0.08	  -1.07	   0.00	0	    9.3	NaN	NaN	   14.7	  -0.12	NaN	   0.04	  -1.09	   0.00	AACGCCG_13/1	0	2.43	+
5:101121	   52.0	1	   19.0	NaN	NaN	    7.2	   3.22	NaN	   3.71	  -0.71	   0.00	0	   12.0	NaN	NaN	    7.3	   0.49	NaN	   1.17	  -0.53	   0.00	0	    9.0	NaN	NaN	    8.9	   0.13	NaN	   0.28	  -0.63	   0.00	0	   12.0	NaN	NaN	   15.0	  -0.15	NaN	   0.09	  -0.89	   0.00	CGCCGCT_4/1	0	1.32	+
5:142201	   73.0	1	   29.0	NaN	NaN	   13.5	   3.28	NaN	   3.77	  -0.21	   0.00	0	   13.0	NaN	NaN	    7.5	   0.61	NaN	   1.37	  -0.15	   0.00	0	   23.0	NaN	NaN	   12.0	   1.84	NaN	   2.51	  -0.28	   0.00	0	    8.0	NaN	NaN	   20.1	  -0.03	NaN	   0.00	  -0.53	   0.00	TTNTCCGC_5/0	0	1.59	+
5:185277	   50.1	1	   22.7	NaN	NaN	    7.2	   5.04	NaN	   5.63	  -0.34	   0.00	0	    5.4	NaN	NaN	    8.3	   0.00	NaN	   0.08	  -0.30	   0.00	0	   13.9	NaN	NaN	    8.2	   0.93	NaN	   1.41	  -0.33	   0.00	0	    8.1	NaN	NaN	   16.0	  -0.08	NaN	   0.01	  -0.33	   0.00	AACGCCGAGC_21/1	0	3.67	+
5:242925	   58.0	1	   33.6	NaN	NaN	   10.4	   7.53	NaN	   8.23	  -0.32	   0.00	0	    7.0	NaN	NaN	    7.2	   0.05	NaN	   0.23	  -2.28	   0.00	0	   10.4	NaN	NaN	    8.9	   0.31	NaN	   0.55	  -0.86	   0.00	0	    7.0	NaN	NaN	   14.9	  -0.08	NaN	   0.01	  -0.91	   0.00	--------	-1	0.00	*
5:262144	   65.0	1	   21.0	NaN	NaN	    9.4	   2.66	NaN	   3.11	  -0.28	   0.00	0	   14.0	NaN	NaN	    7.3	   0.88	NaN	   1.75	  -0.24	   0.00	1	   26.0	NaN	NaN	   11.2	   3.13	NaN	   3.96	  -0.30	   0.00	0	    4.0	NaN	NaN	   17.6	  -0.01	NaN	   0.00	  -0.93	   0.00	AACCCCGA_4/0	0	1.47	+
5:281542	   77.3	1	   34.6	NaN	NaN	    7.2	  12.08	NaN	  12.97	  -0.43	   0.00	0	   17.0	NaN	NaN	    7.0	   1.86	NaN	   3.04	  -0.29	   0.00	0	   16.8	NaN	NaN	    9.1	   1.35	NaN	   1.92	  -0.40	   0.00	0	    8.9	NaN	NaN	   16.0	  -0.08	NaN	   0.01	  -0.55	   0.00	AAACGCCGCG_16/2	0	2.59	+
5:285193	   52.5	1	   20.6	NaN	NaN	    7.9	   3.58	NaN	   4.08	  -0.73	   0.00	0	   10.2	NaN	NaN	    7.6	   0.31	NaN	   0.82	  -1.02	   0.00	1	   19.6	NaN	NaN	    8.2	   2.70	NaN	   3.49	  -0.79	   0.00	0	    2.1	NaN	NaN	   15.2	  -0.01	NaN	   0.00	  -0.38	   0.00	AAACGCC_5/1	0	1.43	+
5:379222	   61.0	1	   27.0	NaN	NaN	    7.2	   7.15	NaN	   7.84	  -0.38	   0.00	0	    4.0	NaN	NaN	    6.4	   0.00	NaN	   0.05	  -0.93	   0.00	1	   19.0	NaN	NaN	    8.2	   2.34	NaN	   3.09	  -0.52	   0.00	0	   11.0	NaN	NaN	   17.9	  -0.09	NaN	   0.01	  -0.18	   0.00	ACGCCGC_3/0	0	1.35	+
5:423316	   43.0	1	   17.0	NaN	NaN	    7.2	   2.43	NaN	   2.87	  -0.22	   0.00	0	    6.0	NaN	NaN	    6.3	   0.05	NaN	   0.22	  -0.71	   0.00	0	    9.0	NaN	NaN	    8.6	   0.15	NaN	   0.30	  -0.22	   0.00	0	   11.0	NaN	NaN	   14.1	  -0.14	NaN	   0.08	  -1.28	   0.00	AACGCCGG_14/1	0	2.57	+
5:423749	   46.0	0	   14.0	NaN	NaN	    7.3	   1.43	NaN	   1.77	  -0.21	   0.00	0	    7.0	NaN	NaN	    6.4	   0.10	NaN	   0.35	  -0.33	   0.00	1	   20.0	NaN	NaN	    8.9	   2.30	NaN	   3.03	  -0.09	   0.00	0	    5.0	NaN	NaN	   14.8	  -0.04	NaN	   0.00	  -0.91	   0.00	ATGCCGA_4/0	0	1.47	+
5:431784	   70.0	1	   28.0	NaN	NaN	    7.2	   7.72	NaN	   8.43	  -0.22	   0.00	0	   11.0	NaN	NaN	    7.4	   0.35	NaN	   0.90	  -0.10	   0.00	1	   20.0	NaN	NaN	    8.2	   2.68	NaN	   3.47	  -0.24	   0.00	0	   11.0	NaN	NaN	   14.0	  -0.14	NaN	   0.08	  -0.17	   0.00	AACGCCGA_18/1	0	3.17	+
5:456288	   48.7	1	   28.4	NaN	NaN	    8.2	   7.18	NaN	   7.88	  -0.34	   0.00	0	    0.0	NaN	NaN	    6.7	  -0.00	NaN	   0.00	  -1.03	   0.00	0	   10.8	NaN	NaN	    9.1	   0.29	NaN	   0.51	  -0.80	   0.00	0	    9.6	NaN	NaN	   14.0	  -0.13	NaN	   0.05	  -0.35	   0.00	CGCCGCT_4/1	0	1.32	+
5:553130	   39.6	0	   12.0	NaN	NaN	    7.2	   0.91	NaN	   1.19	  -0.33	   0.00	0	    1.7	NaN	NaN	    6.3	  -0.01	NaN	   0.01	  -0.69	   0.00	1	   19.3	NaN	NaN	    9.0	   2.25	NaN	   2.97	  -0.20	   0.00	0	    6.6	NaN	NaN	   15.8	  -0.05	NaN	   0.00	  -0.23	   0.00	--------	-1	0.00	*
6:28355	   52.9	1	   37.1	NaN	NaN	    7.8	  13.20	NaN	  14.11	  -0.30	   0.00	0	    3.8	NaN	NaN	    8.7	  -0.01	NaN	   0.01	  -1.48	   0.00	0	    7.9	NaN	NaN	    8.5	   0.10	NaN	   0.21	  -0.36	   0.00	0	    4.0	NaN	NaN	   13.9	  -0.04	NaN	   0.00	  -0.90	   0.00	CTCCGCC_2/0	0	1.23	+
6:28742	   44.1	1	   18.9	NaN	NaN	    7.3	   3.16	NaN	   3.64	  -0.30	   0.00	0	    5.2	NaN	NaN	    8.5	   0.00	NaN	   0.07	  -1.92	   0.00	0	   14.1	NaN	NaN	    8.2	   1.13	NaN	   1.66	  -0.42	   0.00	0	    6.0	NaN	NaN	   13.9	  -0.06	NaN	   0.00	  -0.46	   0.00	CCCCCGGC_4/0	0	1.47	+
6:96792	   51.0	1	   21.0	NaN	NaN	    8.4	   3.27	NaN	   3.75	  -0.79	   0.00	0	    9.0	NaN	NaN	    6.1	   0.29	NaN	   0.77	  -0.89	   0.00	0	    8.0	NaN	NaN	    9.9	   0.04	NaN	   0.11	  -1.32	   0.00	0	   13.0	NaN	NaN	   15.8	  -0.15	NaN	   0.10	  -0.63	   0.00	TTNTCCGC_5/0	0	1.59	+
6:108683	   56.8	1	   26.0	NaN	NaN	   10.8	   3.70	NaN	   4.22	  -0.35	   0.00	0	    9.3	NaN	NaN	    7.4	   0.26	NaN	   0.68	  -0.98	   0.00	0	   12.4	NaN	NaN	   11.3	   0.25	NaN	   0.46	  -1.11	   0.00	0	    9.1	NaN	NaN	   15.4	  -0.11	NaN	   0.03	  -0.88	   0.00	CGAACGC_5/0	0	1.59	+
7:107719	   52.0	1	   22.0	NaN	NaN	    6.9	   4.84	NaN	   5.42	  -0.15	   0.00	0	    5.0	NaN	NaN	    5.9	   0.02	NaN	   0.15	  -0.77	   0.00	0	   18.0	NaN	NaN	    8.7	   1.75	NaN	   2.40	  -0.41	   0.00	0	    7.0	NaN	NaN	   14.5	  -0.06	NaN	   0.00	  -0.91	   0.00	AACCCCG_3/0	0	1.35	+
7:134033	   86.0	1	   29.0	NaN	NaN	    6.9	   8.71	NaN	   9.47	  -0.60	   0.00	0	    8.0	NaN	NaN	    5.9	   0.22	NaN	   0.61	  -0.23	   0.00	1	   26.0	NaN	NaN	    7.9	   5.46	NaN	   6.51	  -0.22	   0.00	0	   23.0	NaN	NaN	   13.7	   0.50	NaN	   1.89	  -0.24	   0.00	CGAACGC_5/0	0	1.59	+
7:215928	  196.0	1	   96.0	NaN	NaN	    9.6	  58.32	NaN	  60.02	  -0.33	   0.00	1	   30.0	NaN	NaN	    6.2	   9.13	NaN	  11.25	  -0.19	   0.00	1	   56.0	NaN	NaN	    8.2	  25.31	NaN	  27.28	  -0.27	   0.00	0	   14.0	NaN	NaN	   15.2	  -0.16	NaN	   0.19	  -0.93	   0.00	TCGCCGA_4/0	0	1.47	+
7:224196	   51.0	1	   24.0	NaN	NaN	   10.7	   3.05	NaN	   3.52	  -0.85	   0.00	0	    4.0	NaN	NaN	    8.0	  -0.01	NaN	   0.02	  -0.28	   0.00	0	   11.0	NaN	NaN	    9.9	   0.21	NaN	   0.39	  -0.94	   0.00	0	   12.0	NaN	NaN	   14.6	  -0.15	NaN	   0.10	  -0.78	   0.00	GCGCCGT_3/0	0	1.35	+
7:225020	  164.2	1	   88.0	NaN	NaN	   13.9	  39.01	NaN	  40.43	  -0.34	   0.00	0	   10.5	NaN	NaN	   10.2	   0.11	NaN	   0.36	  -0.49	   0.00	1	   53.5	NaN	NaN	   10.5	  18.97	NaN	  20.78	  -0.33	   0.00	0	   12.1	NaN	NaN	   16.1	  -0.15	NaN	   0.09	  -0.38	   0.00	--------	-1	0.00	*
7:248448	   65.0	1	   24.0	NaN	NaN	    6.9	   5.85	NaN	   6.49	  -0.74	   0.00	0	   10.0	NaN	NaN	    6.7	   0.33	NaN	   0.85	  -1.06	   0.00	1	   18.0	NaN	NaN	    7.9	   2.12	NaN	   2.84	  -0.54	   0.00	0	   13.0	NaN	NaN	   13.7	  -0.16	NaN	   0.22	  -0.99	   0.00	AACCCCG_3/0	0	1.35	+
7:291073	   41.2	0	    6.5	NaN	NaN	    7.2	   0.11	NaN	   0.23	  -0.22	   0.00	1	   15.4	NaN	NaN	    5.9	   2.08	NaN	   3.34	  -0.99	   0.00	0	    5.3	NaN	NaN	    9.0	   0.01	NaN	   0.05	  -1.21	   0.00	0	   14.0	NaN	NaN	   13.7	  -0.18	NaN	   0.30	  -0.91	   0.00	AACGCCGA_18/1	0	3.17	+
7:401821	  127.0	1	   68.0	NaN	NaN	   12.0	  26.97	NaN	  28.17	  -0.23	   0.63	0	   11.0	NaN	NaN	    6.6	   0.46	NaN	   1.12	  -0.11	   0.63	1	   40.0	NaN	NaN	   10.9	   9.70	NaN	  11.00	  -0.25	   0.63	0	    8.0	NaN	NaN	   15.0	  -0.08	NaN	   0.01	  -0.97	   0.63	AAACGCCGC_14/2	0	2.33	+
7:415974	   81.0	1	   50.0	NaN	NaN	    7.4	  23.05	NaN	  24.15	  -0.84	   0.00	0	    8.0	NaN	NaN	    5.9	   0.22	NaN	   0.61	  -1.02	   0.00	0	   18.0	NaN	NaN	    9.7	   1.41	NaN	   1.99	  -0.40	   0.00	0	    5.0	NaN	NaN	   17.7	  -0.02	NaN	   0.00	  -0.20	   0.00	AACCCCG_3/0	0	1.35	+
7:431315	   84.9	1	   50.3	NaN	NaN	    7.3	  24.16	NaN	  25.28	  -0.22	   0.00	0	   13.3	NaN	NaN	    7.8	   0.76	NaN	   1.56	  -0.24	   0.00	0	   15.2	NaN	NaN	    8.4	   1.35	NaN	   1.92	  -0.36	   0.00	0	    6.1	NaN	NaN	   14.3	  -0.07	NaN	   0.01	  -0.88	   0.00	ACGCCGA_11/0	0	2.40	+
7:438773	   83.0	1	   28.0	NaN	NaN	    7.1	   7.88	NaN	   8.61	  -0.31	   0.31	0	   16.0	NaN	NaN	    7.8	   1.16	NaN	   2.18	  -0.23	   0.31	1	   19.0	NaN	NaN	    7.9	   2.46	NaN	   3.23	  -0.80	   0.31	0	   20.0	NaN	NaN	   16.0	  -0.03	NaN	   0.73	  -1.07	   0.31	GACGCCGA_12/1	0	2.29	+
7:446132	   50.0	1	   20.0	NaN	NaN	    8.1	   3.08	NaN	   3.55	  -0.46	   0.00	0	    5.0	NaN	NaN	    6.6	   0.01	NaN	   0.10	  -1.04	   0.00	0	   14.0	NaN	NaN	    9.8	   0.56	NaN	   0.91	  -0.38	   0.00	0	   11.0	NaN	NaN	   16.1	  -0.11	NaN	   0.03	  -0.52	   0.00	CGCCGCG_2/0	0	1.23	+
7:451241	   41.0	1	   19.0	NaN	NaN	    7.4	   3.09	NaN	   3.56	  -0.21	   0.00	0	    7.0	NaN	NaN	    6.0	   0.12	NaN	   0.40	  -0.23	   0.00	0	   12.0	NaN	NaN	    8.1	   0.57	NaN	   0.93	  -0.18	   0.00	0	    3.0	NaN	NaN	   16.8	  -0.01	NaN	   0.00	  -0.69	   0.00	AGAAAGC_2/0	0	1.23	+
7:501374	   75.0	1	   36.0	NaN	NaN	   12.6	   6.61	NaN	   7.28	  -0.30	   0.45	0	    7.0	NaN	NaN	    8.3	   0.02	NaN	   0.14	  -0.84	   0.45	1	   24.0	NaN	NaN	   11.5	   2.33	NaN	   3.07	  -0.77	   0.45	0	    8.0	NaN	NaN	   19.9	  -0.03	NaN	   0.00	  -1.42	   0.45	TCTCCGC_2/0	0	1.23	+
7:565366	   53.0	1	   25.0	NaN	NaN	    8.6	   4.81	NaN	   5.39	  -0.95	   0.00	0	    6.0	NaN	NaN	    6.7	   0.03	NaN	   0.18	  -0.86	   0.00	0	   17.0	NaN	NaN	    8.4	   1.62	NaN	   2.24	  -0.92	   0.00	0	    5.0	NaN	NaN	   15.2	  -0.03	NaN	   0.00	  -0.83	   0.00	TTCTCCGC_8/0	0	1.98	+
7:575792	   98.0	1	   51.4	NaN	NaN	   10.8	  17.95	NaN	  18.93	  -0.26	   0.00	0	   11.9	NaN	NaN	    8.9	   0.28	NaN	   0.74	  -0.36	   0.00	1	   19.9	NaN	NaN	    8.1	   2.74	NaN	   3.55	  -0.85	   0.00	0	   14.7	NaN	NaN	   15.7	  -0.17	NaN	   0.22	  -0.28	   0.00	GACGCCGCG_7/1	0	1.66	+
7:607828	   67.0	1	   26.0	NaN	NaN	    7.1	   6.75	NaN	   7.42	  -0.21	   0.00	0	    6.0	NaN	NaN	    6.4	   0.05	NaN	   0.21	  -0.25	   0.00	1	   22.0	NaN	NaN	    9.7	   2.55	NaN	   3.33	  -0.27	   0.00	0	   13.0	NaN	NaN	   17.1	  -0.13	NaN	   0.06	  -0.63	   0.00	ACGCCGA_11/0	0	2.40	+
7:615947	   87.0	1	   55.0	NaN	NaN	    9.2	  22.93	NaN	  24.02	  -0.39	   0.00	0	    7.0	NaN	NaN	    6.4	   0.10	NaN	   0.34	  -0.43	   0.00	1	   20.0	NaN	NaN	    7.9	   2.82	NaN	   3.64	  -0.24	   0.00	0	    5.0	NaN	NaN	   14.1	  -0.04	NaN	   0.00	  -0.36	   0.00	AGAAAGC_2/0	0	1.23	+
7:616212	   48.3	1	   20.6	NaN	NaN	    9.2	   2.76	NaN	   3.22	  -0.42	   0.00	0	    6.3	NaN	NaN	    6.4	   0.10	NaN	   0.34	  -0.60	   0.00	0	   11.6	NaN	NaN	    7.9	   0.59	NaN	   0.97	  -0.49	   0.00	0	    9.8	NaN	NaN	   13.7	  -0.13	NaN	   0.06	  -0.78	   0.00	--------	-1	0.00	*
7:616506	   98.7	1	   51.4	NaN	NaN	    8.8	  21.61	NaN	  22.70	  -0.42	   0.00	0	   13.7	NaN	NaN	    6.5	   1.16	NaN	   2.17	  -0.37	   0.00	1	   21.4	NaN	NaN	    7.9	   3.63	NaN	   4.53	  -0.33	   0.00	0	   12.2	NaN	NaN	   13.9	  -0.16	NaN	   0.20	  -0.25	   0.00	--------	-1	0.00	*
7:622538	   70.2	1	   31.6	NaN	NaN	    7.4	   9.93	NaN	  10.74	  -0.37	   0.00	0	    9.3	NaN	NaN	    6.6	   0.35	NaN	   0.89	  -1.30	   0.00	1	   23.3	NaN	NaN	    7.9	   4.52	NaN	   5.49	  -0.66	   0.00	0	    6.0	NaN	NaN	   16.0	  -0.04	NaN	   0.00	  -0.22	   0.00	TCGCCGCT_7/2	0	1.51	+
7:648984	  136.8	1	   56.0	NaN	NaN	    8.7	  24.77	NaN	  25.92	  -0.38	   0.00	0	   15.9	NaN	NaN	    7.9	   1.13	NaN	   2.12	  -0.45	   0.00	1	   41.9	NaN	NaN	    7.9	  15.23	NaN	  16.81	  -0.26	   0.00	0	   23.0	NaN	NaN	   16.7	   0.04	NaN	   1.09	  -0.23	   0.00	GCCGAGC_3/0	0	1.35	+
7:724229	   53.1	0	   12.1	NaN	NaN	   10.0	   0.47	NaN	   0.67	  -0.31	   0.00	0	    7.7	NaN	NaN	    5.9	   0.22	NaN	   0.61	  -0.33	   0.00	1	   21.6	NaN	NaN	    7.9	   3.63	NaN	   4.53	  -0.81	   0.00	0	   11.7	NaN	NaN	   15.0	  -0.15	NaN	   0.09	  -0.55	   0.00	AACCCCG_3/0	0	1.35	+
7:724502	   88.9	1	   36.9	NaN	NaN	   10.2	   9.33	NaN	  10.12	  -0.33	   0.00	1	   19.3	NaN	NaN	    5.9	   3.86	NaN	   5.35	  -0.36	   0.00	1	   18.4	NaN	NaN	    7.9	   2.46	NaN	   3.23	  -0.45	   0.00	0	   14.3	NaN	NaN	   15.3	  -0.17	NaN	   0.25	  -0.32	   0.00	CGAACGC_5/0	0	1.59	+
7:740765	   42.1	1	   16.5	NaN	NaN	    6.9	   2.63	NaN	   3.07	  -0.15	   0.00	0	   11.0	NaN	NaN	    6.0	   0.61	NaN	   1.37	  -0.76	   0.00	0	    5.9	NaN	NaN	    7.9	   0.03	NaN	   0.10	  -0.27	   0.00	0	    8.7	NaN	NaN	   17.2	  -0.07	NaN	   0.00	  -0.74	   0.00	AACGCCGA_18/1	0	3.17	+
7:750326	   59.0	1	   25.0	NaN	NaN	    6.9	   6.39	NaN	   7.06	  -0.26	   0.00	0	    9.0	NaN	NaN	    6.6	   0.25	NaN	   0.67	  -0.26	   0.00	0	   17.0	NaN	NaN	    8.2	   1.68	NaN	   2.30	  -0.25	   0.00	0	    8.0	NaN	NaN	   16.0	  -0.06	NaN	   0.00	  -0.93	   0.00	ACGCCGA_11/0	0	2.40	+
7:789864	   98.0	1	   55.0	NaN	NaN	    6.9	  28.66	NaN	  29.89	  -0.41	   0.60	0	    8.0	NaN	NaN	    6.7	   0.14	NaN	   0.45	  -0.20	   0.60	1	   29.0	NaN	NaN	    7.9	   7.00	NaN	   8.17	  -0.95	   0.60	0	    6.0	NaN	NaN	   13.7	  -0.06	NaN	   0.00	  -1.14	   0.60	TTNTCCGC_5/0	0	1.59	+
7:875075	   47.6	1	   28.2	NaN	NaN	    6.9	   8.71	NaN	   9.47	  -0.59	   0.00	0	    2.5	NaN	NaN	    5.9	  -0.01	NaN	   0.03	  -0.61	   0.00	0	   15.0	NaN	NaN	    9.3	   1.03	NaN	   1.55	  -0.39	   0.00	0	    1.9	NaN	NaN	   15.1	  -0.01	NaN	   0.00	  -0.53	   0.00	GCCGAGC_3/0	0	1.35	+
7:875130	   46.6	1	   18.6	NaN	NaN	    6.9	   3.45	NaN	   3.95	  -0.48	   0.00	0	    7.4	NaN	NaN	    6.1	   0.19	NaN	   0.57	  -0.39	   0.00	0	   12.6	NaN	NaN	    9.3	   0.48	NaN	   0.82	  -0.36	   0.00	0	    8.1	NaN	NaN	   15.2	  -0.09	NaN	   0.01	  -0.31	   0.00	TCGCCGA_4/0	0	1.47	+
7:957242	   42.5	0	    7.8	NaN	NaN	    7.0	   0.24	NaN	   0.40	  -0.56	   0.00	0	    4.9	NaN	NaN	    6.7	   0.01	NaN	   0.10	  -1.00	   0.00	1	   19.0	NaN	NaN	    8.3	   2.26	NaN	   2.98	  -0.22	   0.00	0	   10.9	NaN	NaN	   15.3	  -0.13	NaN	   0.05	  -1.24	   0.00	CCCCCGG_2/0	0	1.23	+
7:971199	   52.0	1	   19.0	NaN	NaN	    7.3	   3.20	NaN	   3.68	  -0.26	   0.00	0	    9.0	NaN	NaN	    6.6	   0.24	NaN	   0.65	  -0.18	   0.00	0	   15.0	NaN	NaN	    7.9	   1.24	NaN	   1.79	  -0.25	   0.00	0	    9.0	NaN	NaN	   15.3	  -0.09	NaN	   0.01	  -0.97	   0.00	GACGCCGA_12/1	0	2.29	+
7:1013569	  155.0	1	   87.0	NaN	NaN	   10.7	  45.99	NaN	  47.48	  -0.39	   0.30	1	   18.0	NaN	NaN	    6.6	   2.38	NaN	   3.70	  -0.28	   0.30	1	   33.0	NaN	NaN	   11.2	   5.91	NaN	   7.01	  -0.19	   0.30	0	   17.0	NaN	NaN	   13.9	  -0.07	NaN	   0.63	  -0.19	   0.30	ACGCCGG_5/0	0	1.59	+
7:1026524	   42.0	1	   25.0	NaN	NaN	    6.9	   6.39	NaN	   7.06	  -0.19	   0.00	0	    6.0	NaN	NaN	    5.9	   0.06	NaN	   0.26	  -0.77	   0.00	0	    7.0	NaN	NaN	    7.9	   0.07	NaN	   0.17	  -1.13	   0.00	0	    4.0	NaN	NaN	   13.7	  -0.03	NaN	   0.00	  -2.75	   0.00	CCGGCAT_2/0	0	1.23	+
7:1095638	  104.0	1	   45.0	NaN	NaN	    6.9	  20.23	NaN	  21.27	  -0.20	   0.08	0	   14.0	NaN	NaN	    5.9	   1.40	NaN	   2.48	  -0.26	   0.08	1	   36.0	NaN	NaN	    7.9	  11.13	NaN	  12.53	  -0.26	   0.08	0	    9.0	NaN	NaN	   13.7	  -0.11	NaN	   0.03	  -0.98	   0.08	CGCGGTG_3/0	0	1.35	+
7:1102496	   58.0	1	   20.0	NaN	NaN	    6.9	   3.89	NaN	   4.42	  -0.36	   0.00	0	    6.0	NaN	NaN	    5.9	   0.06	NaN	   0.26	  -0.22	   0.00	0	   16.0	NaN	NaN	    7.9	   1.52	NaN	   2.12	  -0.29	   0.00	0	   16.0	NaN	NaN	   13.7	  -0.11	NaN	   0.53	  -0.08	   0.00	AACCCCG_3/0	0	1.35	+
8:47662	   61.0	1	   29.0	NaN	NaN	    6.4	   9.41	NaN	  10.21	  -0.26	   0.00	0	    8.0	NaN	NaN	    7.0	   0.12	NaN	   0.40	  -0.09	   0.00	1	   18.0	NaN	NaN	    7.5	   2.34	NaN	   3.09	  -1.07	   0.00	0	    6.0	NaN	NaN	   13.6	  -0.06	NaN	   0.00	  -0.95	   0.00	CGAACGC_5/0	0	1.59	+
8:52398	   53.0	1	   19.0	NaN	NaN	    8.5	   2.47	NaN	   2.90	  -0.43	   0.42	0	    9.0	NaN	NaN	    7.1	   0.19	NaN	   0.55	  -1.09	   0.42	0	   16.0	NaN	NaN	    7.5	   1.70	NaN	   2.33	  -0.97	   0.42	0	    9.0	NaN	NaN	   14.5	  -0.10	NaN	   0.02	  -0.04	   0.42	TCTCCGC_2/0	0	1.23	+
8:267556	   73.0	1	   29.0	NaN	NaN	    6.4	   9.42	NaN	  10.21	  -0.31	   0.18	0	   12.0	NaN	NaN	    6.1	   0.79	NaN	   1.63	  -0.21	   0.18	0	   19.0	NaN	NaN	    9.0	   1.92	NaN	   2.61	  -0.24	   0.18	0	   13.0	NaN	NaN	   17.9	  -0.12	NaN	   0.04	  -0.10	   0.18	ACGCCGG_5/0	0	1.59	+
8:280707	   67.0	1	   32.0	NaN	NaN	    6.4	  11.41	NaN	  12.27	  -0.23	   0.00	0	    9.0	NaN	NaN	    5.8	   0.34	NaN	   0.88	  -1.02	   0.00	0	   15.0	NaN	NaN	    8.8	   0.95	NaN	   1.44	  -0.22	   0.00	0	   11.0	NaN	NaN	   14.5	  -0.13	NaN	   0.07	  -0.17	   0.00	TCGCCGAGC_8/0	0	1.98	+
8:380039	  110.0	1	   45.0	NaN	NaN	    8.3	  17.29	NaN	  18.26	  -0.36	   0.02	0	   10.0	NaN	NaN	    6.3	   0.40	NaN	   0.98	  -0.74	   0.02	1	   37.0	NaN	NaN	    8.5	  11.00	NaN	  12.38	  -0.35	   0.02	0	   18.0	NaN	NaN	   13.8	  -0.02	NaN	   0.80	  -0.28	   0.02	TCGCCGA_4/0	0	1.47	+
8:389388	   59.0	1	   17.0	NaN	NaN	    6.4	   2.96	NaN	   3.43	  -0.36	   0.00	0	   10.0	NaN	NaN	    5.8	   0.47	NaN	   1.15	  -1.01	   0.00	1	   20.0	NaN	NaN	    7.5	   3.12	NaN	   3.94	  -0.24	   0.00	0	   12.0	NaN	NaN	   15.6	  -0.14	NaN	   0.07	  -0.28	   0.00	--------	-1	0.00	*
8:456115	  113.0	1	   57.0	NaN	NaN	    8.1	  27.08	NaN	  28.29	  -0.33	   0.00	0	   15.0	NaN	NaN	    7.0	   1.22	NaN	   2.26	  -0.27	   0.00	1	   28.0	NaN	NaN	    8.7	   5.70	NaN	   6.76	  -0.21	   0.00	0	   13.0	NaN	NaN	   16.1	  -0.15	NaN	   0.09	  -0.38	   0.00	--------	-1	0.00	*
9:124393	   59.0	1	   30.0	NaN	NaN	    9.0	   6.86	NaN	   7.54	  -1.04	   0.00	0	    9.0	NaN	NaN	    6.0	   0.30	NaN	   0.81	  -1.10	   0.00	1	   18.0	NaN	NaN	    8.1	   2.06	NaN	   2.76	  -0.89	   0.00	0	    2.0	NaN	NaN	   13.6	  -0.01	NaN	   0.00	  -2.02	   0.00	TCTCCGC_2/0	0	1.23	+
9:132615	   95.0	1	   56.0	NaN	NaN	    9.0	  24.11	NaN	  25.22	  -0.41	   0.00	0	    6.0	NaN	NaN	    6.4	   0.05	NaN	   0.21	  -0.35	   0.00	1	   26.0	NaN	NaN	    8.9	   4.65	NaN	   5.62	  -0.26	   0.00	0	    7.0	NaN	NaN	   17.3	  -0.04	NaN	   0.00	  -1.00	   0.00	ACACCGC_3/0	0	1.35	+
9:133094	  200.0	1	  112.0	NaN	NaN	    9.5	  74.86	NaN	  76.90	  -0.34	   0.17	1	   25.0	NaN	NaN	    6.6	   5.68	NaN	   7.45	  -0.16	   0.17	1	   42.0	NaN	NaN	    9.0	  13.27	NaN	  14.81	  -0.27	   0.17	0	   21.0	NaN	NaN	   16.9	  -0.03	NaN	   0.73	  -0.27	   0.17	--------	-1	0.00	*
9:136233	  162.0	1	   78.0	NaN	NaN	    7.1	  50.29	NaN	  51.83	  -0.41	   0.00	1	   18.0	NaN	NaN	    6.4	   2.57	NaN	   3.94	  -0.23	   0.00	1	   46.0	NaN	NaN	    8.5	  17.07	NaN	  18.74	  -0.43	   0.00	0	   20.0	NaN	NaN	   16.3	  -0.05	NaN	   0.68	  -0.24	   0.00	AACGCCGA_18/1	0	3.17	+
9:237106	   38.7	1	   15.5	NaN	NaN	    7.0	   2.21	NaN	   2.63	  -0.91	   0.00	0	    6.2	NaN	NaN	    6.0	   0.12	NaN	   0.40	  -0.34	   0.00	0	    6.0	NaN	NaN	    7.8	   0.03	NaN	   0.10	  -0.98	   0.00	0	   11.0	NaN	NaN	   15.4	  -0.13	NaN	   0.05	  -0.88	   0.00	CGCGGTG_3/0	0	1.35	+
9:237560	  130.3	1	   69.5	NaN	NaN	    7.0	  42.53	NaN	  44.00	  -0.57	   0.00	0	   14.8	NaN	NaN	    6.0	   1.70	NaN	   2.84	  -0.39	   0.00	1	   31.0	NaN	NaN	    7.8	   8.27	NaN	   9.50	  -0.41	   0.00	0	   15.0	NaN	NaN	   15.5	  -0.16	NaN	   0.23	  -0.37	   0.00	CCCCGGC_3/0	0	1.35	+
9:327164	   96.0	1	   31.0	NaN	NaN	    7.0	   9.86	NaN	  10.67	  -0.29	   0.00	0	   17.0	NaN	NaN	    6.8	   1.92	NaN	   3.17	  -0.21	   0.00	1	   40.0	NaN	NaN	    8.6	  12.71	NaN	  14.22	  -0.25	   0.00	0	    8.0	NaN	NaN	   14.6	  -0.08	NaN	   0.01	  -1.08	   0.00	--------	-1	0.00	*
9:374790	  102.0	1	   41.0	NaN	NaN	   10.4	  11.38	NaN	  12.24	  -0.39	   0.43	0	   11.0	NaN	NaN	    7.0	   0.40	NaN	   1.00	  -0.08	   0.43	1	   23.0	NaN	NaN	   10.8	   2.34	NaN	   3.09	  -0.36	   0.43	0	   27.0	NaN	NaN	   14.4	   1.11	NaN	   2.72	  -0.65	   0.43	CGCCGCG_2/0	0	1.23	+
9:389184	  254.0	1	  122.0	NaN	NaN	    7.9	  94.66	NaN	  96.78	  -0.41	   0.13	1	   24.0	NaN	NaN	    6.0	   5.76	NaN	   7.58	  -0.31	   0.13	1	   80.0	NaN	NaN	    7.8	  48.28	NaN	  50.79	  -0.54	   0.13	0	   28.0	NaN	NaN	   13.6	   1.52	NaN	   3.38	  -0.26	   0.13	AACGCCGG_14/1	0	2.57	+
plasmid-2-micron:639	  993.0	0	  155.0	NaN	NaN	  183.6	  -0.02	NaN	   0.01	  -0.38	   0.92	0	  136.0	NaN	NaN	  147.8	   0.00	NaN	   0.07	  -0.26	   0.92	0	  222.0	NaN	NaN	  204.3	   0.57	NaN	   0.94	  -0.42	   0.92	1	  480.0	NaN	NaN	  376.5	   4.43	NaN	   6.77	  -0.39	   0.92	--------	-1	0.00	*
