#Leu3_GEM_1.m4
#KSM version: 1
#54/54
#1.24
#k-mer/r.c.  	Offset	PosCt	wPosCt	NegCt	HgpLg10	CIDs	PosHits (base85 encoding)	NegHits (base85 encoding)
AAGGAG/CTCCTT	1	9	9	1	-2.9	*	5_(Zk.KK~	!!!Q~
AGGAGT/ACTCCT	2	8	8	0	-3.2	*	5bMWj!W~	
GAGGAG/CTCCTC	1	6	6	1	-2.2	*	+Fmu*~	!!!!1~
GAGTAA/TTACTC	4	5	5	0	-2.5	*	!.\JX!!",~	
GGGAGG/CCTCCC	-1	5	5	1	-1.9	*	!.Y1d+9~	!!!!a~
GTTCTG/CAGAAC	-6	5	5	1	-1.9	*	+TMWI~	!!3~
AGTGAG/CTCACT	-2	4	4	0	-1.9	*	!%7gI!XJ~	
TAAAGA/TCTTTA	1	4	4	1	-1.5	*	!!#8L!WX>~	!!!!a~
AAGATG/CATCTT	-4	3	3	0	-1.9	*	!'ie7~	
CCCCAC/GTGGGG	-3	3	3	0	-1.9	*	!!E9%+9;~	
GAGTTG/CAACTC	4	3	3	0	-1.9	*	!$D7D~	
CTAGAG/CTCTAG	-2	2	2	0	-1.5	*	!!!9)!!",~	
$$$
%%%
6 0 0 0 0 6 7 0 0 0 6 6 0 8 6 9 6 0 9 6 6 9 9 0 12 12 9 0 6 0 6 0 0 7 0 6 0 6 0 0 6 0 0 6 0 0 0 0 0 0 0 0 0 6 
0 0 0 0 0 0 0 0 0 6 0 0 0 0 0 0 0 0 0 0 6 0 0 0 0 0 0 0 6 0 6 0 0 0 0 0 0 0 0 0 0 0 0 0 0 0 0 0 0 0 0 0 0 0 
1.2015 1.0962 1.1201 1.1537 1.1663 1.1758 0.8937 1.0719 0.9723 1.0384 1.1424 0.9479 0.8743 0.7569 0.8231 0.9162 0.7950 1.2133 0.7488 0.9936 0.9004 0.8681 0.9076 1.0870 1.0739 1.0025 0.9100 1.0759 0.9147 1.0423 0.8315 1.1202 0.7921 0.9207 0.7916 0.7775 0.8823 1.0160 0.9336 0.9745 0.7977 0.9131 0.8519 0.8014 1.0179 1.1788 1.0437 0.8987 0.9508 1.1528 1.4150 1.3404 1.3556 1.3584 
