-300	5.528273730326457E-4
-299	5.170222883869835E-4
-298	5.657573679401567E-4
-297	6.864263250210025E-4
-296	7.991484942323734E-4
-295	8.32314175128465E-4
-294	7.472637155680722E-4
-293	6.10375459686697E-4
-292	6.424011575136072E-4
-291	7.174230083071343E-4
-290	8.44219878562134E-4
-289	9.490658704844246E-4
-288	9.741133929883402E-4
-287	9.323350786054882E-4
-286	8.81809853708812E-4
-285	8.81574268060285E-4
-284	9.46562200773358E-4
-283	0.0010105374492800022
-282	9.942452672198742E-4
-281	8.683199619300337E-4
-280	7.176525563444841E-4
-279	6.45544541430054E-4
-278	6.971328925635519E-4
-277	8.158773109597041E-4
-276	9.308024835297373E-4
-275	0.0010176509923812205
-274	0.0011070176339012718
-273	0.0012285895199085665
-272	0.0013580654273940495
-271	0.0014414970244862495
-270	0.0014346818011707616
-269	0.0013516396021849345
-268	0.0012284922627951774
-267	0.0011017425160033316
-266	0.0010025598203735077
-265	9.652526780518613E-4
-264	0.0010114080409114258
-263	0.0011001732465666188
-262	0.001149649878460164
-261	0.0010939518410938256
-260	9.695064857291038E-4
-259	8.800667323526808E-4
-258	9.130746081205134E-4
-257	0.0010429989168998957
-256	0.0012040677900053479
-255	0.0013504128787516637
-254	0.001510499900910123
-253	0.0016635885731514043
-252	0.0017633819214453372
-251	0.0017622863520633872
-250	0.0017197140821373926
-249	0.0017126285290406458
-248	0.0017575056145636672
-247	0.0017949231376839082
-246	0.0017677964150807886
-245	0.001692409618921715
-244	0.0016003545821270438
-243	0.0015180717994597692
-242	0.0014642062224051386
-241	0.001491352489221581
-240	0.0016362293300198367
-239	0.0018221885571147122
-238	0.0019008472242231088
-237	0.0017609001741406825
-236	0.0014939734007237114
-235	0.0012736785492939529
-234	0.0012341773658996146
-233	0.0013152386424408688
-232	0.001395819298130299
-231	0.0013842394683879072
-230	0.0013215260834111265
-229	0.0012902304727935112
-228	0.0013511990963453494
-227	0.0014626736127268892
-226	0.001531440325554278
-225	0.001483459920385481
-224	0.0013606409279456487
-223	0.001277850911475014
-222	0.0013337705160479253
-221	0.0015037855848146614
-220	0.0016887948106106682
-219	0.0017972180962035874
-218	0.0018169025544482907
-217	0.0017659321902303337
-216	0.001658570739386895
-215	0.001496872749792082
-214	0.001332880411228859
-213	0.0012348582008502892
-212	0.0012607573294493148
-211	0.0013961013874254054
-210	0.0016009524909755028
-209	0.0018042338499722208
-208	0.0019128379468150223
-207	0.0018461773743815013
-206	0.0016215292540857423
-205	0.001402843160747555
-204	0.0013665413744034067
-203	0.0015659317920970427
-202	0.0018635994857378146
-201	0.002089965526931105
-200	0.002148074912228479
-199	0.0020741514249809087
-198	0.001937528906410712
-197	0.0018125168790897577
-196	0.0017567679451693475
-195	0.0018195318483988695
-194	0.0020079223925731802
-193	0.0022149491346659016
-192	0.002301475056688984
-191	0.002163807142251107
-190	0.0019079459584425216
-189	0.0017036904218344785
-188	0.0017109336651053254
-187	0.0018963007754763555
-186	0.0021684778536564973
-185	0.002419669126191843
-184	0.002582069722727325
-183	0.0025946443964207596
-182	0.002412290331806987
-181	0.002128535572793841
-180	0.0018909064676705782
-179	0.00187372481666313
-178	0.002087110668137717
-177	0.0024716706402030625
-176	0.0028779791637535235
-175	0.0031555809153130288
-174	0.003179927306780428
-173	0.002940954598295504
-172	0.002583850582070588
-171	0.0022729523951914637
-170	0.0020868377192189043
-169	0.001980327520560998
-168	0.0019013687929995571
-167	0.001877187137371703
-166	0.001945964767044258
-165	0.0021161001282832682
-164	0.002295903924536166
-163	0.0024046402375510413
-162	0.002388896204662843
-161	0.0022782879815796413
-160	0.0021686032197203286
-159	0.0021651223423108396
-158	0.002325595398673648
-157	0.002556916329881918
-156	0.0027242156402401004
-155	0.0027223321840342245
-154	0.002635495707913482
-153	0.0026038399671408164
-152	0.002744863256591892
-151	0.0029748171198580695
-150	0.0031470315509389076
-149	0.0031220670179258098
-148	0.0029508775844046833
-147	0.0027512229323287205
-146	0.0026702067652605286
-145	0.00272456850557725
-144	0.0028811862706169407
-143	0.0030534888012470683
-142	0.0031382257616877495
-141	0.0030277081903560634
-140	0.0026575624763841726
-139	0.002189988868691313
-138	0.0018631348808481698
-137	0.0019063951921185658
-136	0.002237924263200311
-135	0.0026616813501189277
-134	0.002902060780233266
-133	0.0028419171963626594
-132	0.0024705525399856577
-131	0.0020197377702265455
-130	0.0018078166274128407
-129	0.002073819760576274
-128	0.0026723752762166137
-127	0.0032140195873097475
-126	0.0033527508589969624
-125	0.003117860970581123
-124	0.0027959261439668526
-123	0.002664547803466522
-122	0.0027573526111860838
-121	0.0029205338005351
-120	0.0029878648232295204
-119	0.0029066615242084224
-118	0.0027589470941283604
-117	0.002656964619348975
-116	0.002692556549057239
-115	0.0028479513378499685
-114	0.0030551274728410336
-113	0.003185383983628239
-112	0.003202996240801385
-111	0.003144016493736435
-110	0.0031768836136829718
-109	0.0033555145990765965
-108	0.0036332382886718187
-107	0.0037669103290001917
-106	0.00364584187978831
-105	0.0032781344284212735
-104	0.0029175090939549263
-103	0.0027446058522535353
-102	0.0028423545873897922
-101	0.0030660630684076788
-100	0.003288257776672972
-99	0.0034415551811681224
-98	0.0035939370154433733
-97	0.0037499932213859626
-96	0.0038681440711476143
-95	0.003856739216352826
-94	0.00372745844133002
-93	0.0035302986500164923
-92	0.003336150239272421
-91	0.0031881119348593427
-90	0.003116131858412658
-89	0.003112417807009054
-88	0.003083415164064886
-87	0.0029341199757317595
-86	0.002682310486352795
-85	0.0025133244619258317
-84	0.002611606978787604
-83	0.0029711484988903447
-82	0.0033949672599921667
-81	0.0036764171270857247
-80	0.003745088780519971
-79	0.0036470514711589843
-78	0.0034571897067151884
-77	0.003278638373572914
-76	0.0032249824867831567
-75	0.003382904181113864
-74	0.0037084381480234924
-73	0.004052122645972938
-72	0.004261312779967707
-71	0.004273285875100501
-70	0.004141417149962872
-69	0.003952885715993665
-68	0.0038188881456103253
-67	0.003814101816343597
-66	0.003966875745769804
-65	0.004157618968253198
-64	0.004199811744100621
-63	0.003958524032186747
-62	0.0035569608657280726
-61	0.0032572469837731997
-60	0.0032811152954568324
-59	0.0035762761500940116
-58	0.0038977708554163216
-57	0.003995565948457354
-56	0.0037851491349189977
-55	0.0034235607491319995
-54	0.0031370150627845895
-53	0.0031517150008471
-52	0.0034568983869031266
-51	0.003929557136482701
-50	0.004299308460096708
-49	0.004442110310153922
-48	0.004339279820095725
-47	0.004169611847999498
-46	0.0040541621076082045
-45	0.004033636735793798
-44	0.003963807474554984
-43	0.003737517837488975
-42	0.0033323165285039217
-41	0.0029561346538884816
-40	0.002801076556056533
-39	0.0029654121034305503
-38	0.0032633076769842707
-37	0.0034863433598878815
-36	0.00349852679014925
-35	0.003395728486487866
-34	0.0033086154641390002
-33	0.0033384170800571174
-32	0.003490316159949982
-31	0.0037341973841021085
-30	0.00401808392318469
-29	0.004221704495989935
-28	0.004234386607547638
-27	0.004005246049917375
-26	0.0037007408186261023
-25	0.003566563014452944
-24	0.0037973329122354665
-23	0.004330557104994534
-22	0.0049409590651488975
-21	0.005399307280341423
-20	0.005585086815482267
-19	0.005477955015597182
-18	0.0050991495115563215
-17	0.004570939181864518
-16	0.0040879861510943055
-15	0.003824675848774403
-14	0.0037949839728536657
-13	0.0038639394572549867
-12	0.003886111439648025
-11	0.0038074912561243306
-10	0.003661278655737536
-9	0.0035075195749113787
-8	0.003446101223705269
-7	0.003590994549596057
-6	0.003999963024514433
-5	0.004476281238546424
-4	0.00466487406362584
-3	0.004274641675606173
-2	0.003434355327223995
-1	0.0026137310291887562
0	0.002273173342870725
1	0.002502046088653618
2	0.0029891298180711096
3	0.003361985041613107
4	0.003393466765209217
5	0.0031246162577907724
6	0.0026905146207363627
7	0.00232063761776869
8	0.0021388927318453264
9	0.0021757413992071336
10	0.0022596356436983753
11	0.002296012754922945
12	0.002283743517756718
13	0.002404790422772954
14	0.002681930829689849
15	0.0030233501175843205
16	0.003153791152291955
17	0.0029632742271844697
18	0.0024621781895604344
19	0.0018970750130184325
20	0.0014984830908401842
21	0.0014313569701861256
22	0.0016578905709806993
23	0.0020122855484560804
24	0.002315077267770171
25	0.002450445660597539
26	0.0024529348442604176
27	0.002408134306931915
28	0.002423498436333524
29	0.0024660728316912126
30	0.0024499463304252585
31	0.0022749932397291787
32	0.0019950811194442684
33	0.0017202979641810115
34	0.0015883563891884072
35	0.00163434851154951
36	0.0018392696209193296
37	0.002086574140305519
38	0.002242898824244676
39	0.0022073161194702553
40	0.002010599479609325
41	0.0017540611956737213
42	0.0015327464760376596
43	0.0013812586620776377
44	0.0013368942093890262
45	0.0014406985042411185
46	0.001699467530396801
47	0.001997980025357668
48	0.002189334419938082
49	0.002161931766737321
50	0.001966768623264067
51	0.001710213309717404
52	0.0015296795678952744
53	0.0014712657834877183
54	0.0015318251400683004
55	0.0016211290857291896
56	0.0016429933123536507
57	0.0015312825580433074
58	0.001332740223164169
59	0.0011581473745101822
60	0.0011099324713999248
61	0.0011999279569427901
62	0.0013461433249893362
63	0.0014474022062498178
64	0.0014285874470297232
65	0.0013219109222938439
66	0.001197531845145192
67	0.0011442351647673113
68	0.0011593556016345225
69	0.0012075994157939832
70	0.0012383757685090686
71	0.0012449056813980417
72	0.001230886900744628
73	0.0011906060193144171
74	0.00111409868602187
75	9.978567457071708E-4
76	8.66648022546208E-4
77	7.539086972854187E-4
78	6.93428566200957E-4
79	7.150383648554048E-4
80	8.33825799957812E-4
81	0.0010443200513494586
82	0.001269222046377264
83	0.001397284550726699
84	0.0013384747881487653
85	0.00112416583222402
86	8.891728907168618E-4
87	7.743190033591229E-4
88	8.384489938672183E-4
89	0.0010147400292901784
90	0.0012010059201020334
91	0.0012881553016434804
92	0.0012492340466927463
93	0.001100685629969685
94	9.359711983078145E-4
95	8.411126827543896E-4
96	8.692956479221494E-4
97	9.646043735645252E-4
98	0.0010204889612567738
99	9.485204429402476E-4
100	7.724300211192893E-4
101	5.993401972053869E-4
102	5.331077863810821E-4
103	5.872213702826045E-4
104	6.840869148607064E-4
105	7.398298633358099E-4
106	7.336212183058502E-4
107	7.170598316381594E-4
108	7.473874145554534E-4
109	8.32639391542442E-4
110	9.260489875011389E-4
111	9.736872829740257E-4
112	9.475580610810628E-4
113	8.608255690523109E-4
114	7.427367983718166E-4
115	6.452006732394047E-4
116	6.082418387711425E-4
117	6.5357702782768E-4
118	7.492464994306743E-4
119	8.530042520262722E-4
120	9.30235576495614E-4
121	9.686781251100063E-4
122	9.435410407134526E-4
123	8.320871796714722E-4
124	6.514382550526881E-4
125	4.7487930481604013E-4
126	3.7667522713126755E-4
127	3.7706644393450256E-4
128	4.5029201192361686E-4
129	5.659068769746731E-4
130	7.058219818423165E-4
131	8.416529344032216E-4
132	9.445259106271688E-4
133	0.0010023200595120907
134	0.0010237305643814871
135	0.0010183616812366632
136	9.848245730437622E-4
137	9.306331047353088E-4
138	8.659307031139376E-4
139	8.005974954312319E-4
140	7.506208835835883E-4
141	7.390688937096316E-4
142	7.936526654271661E-4
143	8.791388267675967E-4
144	9.347139477920087E-4
145	8.891709551102921E-4
146	7.570079112575597E-4
147	5.881695505892938E-4
148	4.6849587579800983E-4
149	4.4892207277091303E-4
150	5.525667564977525E-4
151	7.292619612385631E-4
152	8.77427426238097E-4
153	9.034515653888269E-4
154	8.032145873207783E-4
155	6.786711605669618E-4
156	6.400885847901228E-4
157	7.192371926491994E-4
158	8.440160267162564E-4
159	9.271585429459538E-4
160	9.23852514040268E-4
161	8.49598585607841E-4
162	7.371199162991446E-4
163	6.316154216732633E-4
164	5.686465241756406E-4
165	5.686928265885147E-4
166	6.058672303763773E-4
167	6.440173973176281E-4
168	6.581578082294172E-4
169	6.636067541621818E-4
170	6.74701224091619E-4
171	6.942526201935134E-4
172	6.948019133961108E-4
173	6.564631331039541E-4
174	5.753849983562899E-4
175	4.94842129485527E-4
176	4.6665507262889233E-4
177	5.202550818654823E-4
178	5.996151006311334E-4
179	6.297720125866946E-4
180	5.683609534755056E-4
181	4.916888646591711E-4
182	4.714902002783037E-4
183	5.356335207633092E-4
184	5.916483945616204E-4
185	5.867350733396554E-4
186	5.144789425825704E-4
187	4.575103236936455E-4
188	4.378839993265113E-4
189	4.413730545709248E-4
190	4.1985399194492684E-4
191	4.0249535622108545E-4
192	4.413366756112903E-4
193	6.255828288589815E-4
194	7.582144535951588E-4
195	8.799816757856455E-4
196	9.410003894525663E-4
197	9.379245854944161E-4
198	8.792220288192372E-4
199	7.771917069561851E-4
200	6.567687510620417E-4
