#Oaf1_GEM_1.m7
#KSM version: 1
#178/178
#1.49
#k-mer/r.c.	Offset	PosCt	wPosCt	NegCt	HgpLg10	CIDs	PosHits (base85 encoding)	NegHits (base85 encoding)
CGGCC/GGCCG	0	41	41	24	-2.2	*	"fNt+7$%C7cqqSE!JQ&3&Wd!L!"8~	1b]%\zJ,fZO&24@mW$D?d!!E~
CGGCA/TGCCG	0	35	35	11	-4.6	*	$;^^f#T&9t5_(OC+9=.rLnFgchu~	zKE(uX!!"\Q!!3E+J-62~
GCACC/GGTGC	2	28	28	13	-2.3	*	!)sLQ+92BE!<>A-Tb%c&N8t$@~	5QCca"98Em!!!R<+92BAKE)P`!2'~
GGCAC/GTGCC	1	24	24	11	-2.4	*	85K9t6j+'S!!!(rJ.ReC#_E$W~	!<<*"KKoMC!!!Q1zJcl&R+9D~
GGCAT/ATGCC	1	20	20	9	-2.0	*	QiI+O!!A#W!2'mb#lkM;!.b+]~	z!!3K5!!!-%!!3-+!!!!"!!i~
GGNACA/TGTNCC	1	19	20	5	-3.5	0,1	N.A.	N.A.
GCCAC/GTGGC	1	19	19	11	-1.7	*	&g@A_%KHJ0!$h[I!!!!)5QDW$J:I~	z&-Mt6!!!!.!!*'$!!!9-!!E~
GGCANC/GNTGCC	1	18	18	6	-2.6	-2,3	N.A.	N.A.
GNCACNG/CNGTGNC	1	13	14	3	-3.0	4,5,-6	N.A.	N.A.
GCACA/TGTGC	2	14	14	6	-1.7	*	#QOiI"9]8A!!!"L!"se^8-2$~	z!!!!%zJ,fQL%KHJ/+9~
GGNACC/GGTNCC	1	14	14	4	-2.5	7,3	N.A.	N.A.
GNACCC/GGGTNC	2	13	13	3	-2.8	8,-9	N.A.	N.A.
GGNACNG/CNGTNCC	1	12	13	2	-3.4	10,4,5	N.A.	N.A.
TNGGNAC/GTNCCNA	-1	12	13	1	-4.3	11,-12,-13	N.A.	N.A.
GGCANA/TNTGCC	1	11	12	2	-3.1	0,-14	N.A.	N.A.
GNCACC/GGTGNC	1	12	12	2	-3.1	-15,3	N.A.	N.A.
TNNGCAC/GTGCNNA	-1	10	11	1	-3.7	-16,11,-13	N.A.	N.A.
$$$
GGCACA/TGTGCC	0	9	9	2	-2.3	0	#QOi)"9]89!!!"L!"aY\#Qa~	zzzz!WW3#+9~
GGAACA/TGTTCC	0	11	11	3	-2.5	1	"TSZ+!!E9%!!E9%!20AmJ,fQL!.Y~	zzz!!Ei5z!.Y~
GCTGCC/GGCAGC	0	10	10	4	-1.8	2	!^I:s!!!"L!<=5J+92BAJ,fQL!!3~	!!!!1"98E%zz#QP,~
GGCACC/GGTGCC	0	9	9	2	-2.3	3	!)NXq!!!!%!!!!AJ,g,]!.Y%M~	z!!!!)zzJ,~
GGCACAG/CTGTGCC	0	4	4	1	-1.5	4	#QOi)!!Ei5!!!"L~	zzzzz+9~
GGCACCG/CGGTGCC	0	5	5	1	-1.8	5	!"],1!!!!%!!!!A!!!Q2~	zzzzJ,~
CCGTGGC/GCCACGG	0	4	4	1	-1.8	6	!$D7I"98E%zzzJ,~	zzz!!*~
GGTACC/GGTACC	0	6	6	2	-1.5	7	z!!#7a!!!Q1!!!Q1J,oWM+9~	!<<*"z!!!9~
GTACCC/GGGTAC	0	7	7	1	-2.4	8	z!!#7a!<<ZrzJH5~	zz!!!9~
GGGTGC/GCACCC	0	7	7	2	-1.7	9	!!Ei5+92BA!<<*"JH,ZM!!E~	5QCcaz!!!!a~
GGTACTG/CAGTACC	0	3	3	0	-1.8	10	5QCcaz!!!!az!!!9~	
TAGGCAC/GTGCCTA	0	3	3	0	-1.8	11	z!!!!%!!!"L!!%N~	
GTTCCGA/TCGGAAC	0	6	6	1	-2.1	12	!!",Bzz"Gd$X!<~	zz!!!!a~
GTGCCAA/TTGGCAC	0	3	3	0	-2.1	13	8,rVi5Q~	
TATGCC/GGCATA	0	3	3	0	-1.8	14	J,fQL!!*'"!!!"L~	
GGTGGC/GCCACC	0	3	3	0	-1.8	15	&-)\1z!$D7Az!!!9~	
GTGCGGA/TCCGCAC	0	4	4	1	-1.5	16	!<<Z2!!!9)z!!!"L~	!"]~
%%%
5 6 5 8 6 0 6 6 0 5 5 5 8 6 7 5 0 5 5 5 6 5 0 0 5 0 0 6 5 5 6 0 0 5 6 5 0 5 6 0 7 6 8 0 5 0 0 5 0 0 0 6 7 0 5 6 5 0 8 5 0 0 5 5 5 0 0 0 5 0 5 5 0 0 5 0 5 6 5 6 0 5 5 0 6 6 5 5 5 0 5 5 6 8 5 8 5 0 5 5 0 6 0 6 5 5 5 5 6 5 0 6 0 0 0 0 8 5 0 7 7 5 0 5 0 5 5 5 5 0 5 7 5 0 5 6 5 6 5 0 5 5 5 6 0 5 0 6 5 0 5 0 7 0 0 5 5 0 5 5 0 0 0 0 0 5 5 5 0 5 5 5 0 0 0 5 0 0 
5 0 5 0 5 5 5 0 0 0 0 0 5 5 0 0 0 0 5 0 0 0 0 0 0 0 0 5 5 5 0 0 0 0 6 0 5 0 0 6 0 5 5 0 0 0 5 0 0 5 0 5 0 0 0 0 5 0 5 7 0 0 5 0 0 0 0 0 0 0 0 5 0 0 0 0 0 0 0 0 5 5 5 5 6 5 0 0 5 0 5 5 0 5 5 0 0 0 0 0 5 5 0 5 6 6 5 0 5 5 0 0 0 0 0 5 5 0 0 0 0 5 5 5 0 0 0 0 0 6 5 5 0 5 0 7 0 0 6 0 0 5 0 0 0 5 0 6 5 0 0 0 5 0 5 0 0 5 0 0 0 0 0 0 0 7 0 0 0 5 5 5 0 5 0 5 0 0 
1.3587 1.3888 1.2689 1.3182 1.2917 1.2889 1.3007 1.2166 1.2914 1.2989 1.2588 1.2097 1.2007 1.2201 1.1549 1.1517 1.1825 1.2211 1.1209 1.0884 1.1284 1.2253 1.1542 1.1987 1.0664 1.2245 1.1825 1.1889 1.1694 1.1341 1.1069 1.0700 1.0485 1.1208 1.1454 1.1036 1.0515 1.0324 1.0799 1.0700 1.0783 1.0654 0.9824 1.0301 1.0006 1.0515 1.0559 1.0458 1.0964 1.2751 1.0772 0.9250 1.1450 1.0694 1.1133 1.1434 1.0717 0.9474 1.0969 0.9779 1.0914 0.9418 1.0082 1.3612 1.0063 1.0006 1.1142 1.0071 1.0079 1.0477 1.0172 1.0055 0.9384 0.9571 0.9842 1.1139 1.0393 0.9202 0.9163 0.9202 1.0365 1.0324 1.0302 1.0310 0.9797 0.9913 1.0268 1.0268 1.0194 0.9684 0.9592 0.9797 0.9740 0.9692 0.9602 0.9851 1.0014 1.1142 1.0694 1.0079 0.9028 0.8805 0.9396 0.9124 0.9956 0.9111 0.9430 0.9778 0.9507 0.8852 0.8789 0.9150 0.9004 0.9750 1.0028 1.0157 0.9372 0.9124 0.9313 0.8971 0.9485 0.9150 0.9212 0.8691 0.9720 0.9518 0.8757 0.9384 0.8926 0.8623 0.9441 0.9252 0.8570 0.8605 0.8171 0.9653 0.8008 0.9189 0.8496 0.8459 0.8215 0.8279 0.8805 0.8496 0.8496 0.8741 0.8102 0.9084 0.7571 0.8148 0.8420 0.8258 0.8171 0.8496 0.8420 0.8215 0.7631 0.7829 0.7958 0.8193 0.7158 0.7908 0.7079 0.7508 0.7631 0.7882 0.7829 1.2852 0.7958 0.8300 0.7039 0.7233 0.7376 0.7829 0.7443 1.3013 1.2399 1.2646 
