DE Oaf1_GEM_1_m0 8.61 1 k8_c78
1 14 13 7 44 T
2 47 8 11 12 A
3 35 4 13 26 A
4 22 55 0 0 C
5 2 39 10 27 C
6 0 77 0 0 C
7 0 77 0 0 C
8 6 1 68 3 G
XX

DE Oaf1_GEM_1_m1 8.01 6 k8_c92
1 11 42 23 16 C
2 11 25 41 15 G
3 9 35 26 22 C
4 0 33 14 45 T
5 0 36 13 42 T
6 0 91 0 0 C
7 0 1 90 0 G
8 0 16 76 0 G
XX

DE Oaf1_GEM_1_m2 6.15 4 k7_c98
1 18 23 30 27 G
2 4 27 66 0 G
3 0 51 45 1 C
4 0 94 3 0 C
5 1 50 47 0 C
6 0 3 94 0 G
7 67 0 28 3 A
XX

DE Oaf1_GEM_1_m3 7.20 6 k8_c51
1 7 7 30 7 G
2 7 9 29 6 G
3 18 9 14 11 A
4 24 0 26 1 G
5 37 13 1 0 A
6 4 0 1 46 T
7 40 0 10 1 A
8 49 0 1 0 A
XX

DE Oaf1_GEM_1_m4 7.38 -1 k7_c85
1 0 84 0 0 C
2 0 79 5 0 C
3 0 0 84 0 G
4 69 5 9 1 A
5 21 8 55 0 G
6 68 10 6 0 A
XX

DE Oaf1_GEM_1_m5 7.21 3 k6_c56
1 6 0 0 50 T
2 0 0 0 55 T
3 0 6 0 50 T
4 4 51 0 1 C
5 2 53 0 0 C
6 0 37 17 1 C
XX

DE Oaf1_GEM_1_m6 5.36 6 k5_c81
1 0 14 4 63 T
2 0 66 15 0 C
3 7 4 2 68 T
4 0 2 2 77 T
5 7 68 5 2 C
XX

DE Oaf1_GEM_1_m7 6.17 7 k5_c107
1 0 8 94 5 G
2 0 16 90 0 G
3 0 90 15 1 C
4 88 13 6 0 A
5 19 57 20 11 C
XX

DE Oaf1_GEM_1_m8 9.68 6 k8_c18
1 1 3 1 13 T
2 0 2 14 2 G
3 1 2 2 13 T
4 2 0 16 0 G
5 1 1 15 1 G
6 1 0 15 1 G
7 1 0 2 15 T
8 1 2 14 1 G
XX

DE Oaf1_GEM_1_m9 8.15 -1 k7_c18
1 0 7 11 0 G
2 17 0 0 0 A
3 17 0 0 0 A
4 13 0 4 1 A
5 17 0 0 0 A
6 0 0 17 0 G
7 0 0 17 0 G
XX

DE Oaf1_GEM_1_m10 9.01 21 k9_c12
1 0 2 0 9 T
2 0 0 0 11 T
3 0 0 0 11 T
4 0 0 0 11 T
5 0 0 1 10 T
6 0 2 0 9 T
7 0 0 0 11 T
8 0 1 0 10 T
9 0 1 1 9 T
XX

DE Oaf1_GEM_1_m11 9.44 15 k10_c53
1 1 43 8 1 C
2 0 14 38 1 G
3 4 0 46 3 G
4 16 17 5 15 C
5 0 0 26 27 T
6 3 24 7 20 C
7 4 31 1 17 C
8 3 40 9 0 C
9 0 3 49 0 G
10 0 5 47 0 G
XX

DE Oaf1_GEM_1_m12 8.01 2 k10_c34
1 13 0 20 0 G
2 18 15 1 0 A
3 0 1 4 28 T
4 32 0 0 2 A
5 28 0 0 5 A
6 6 1 5 22 T
7 20 0 1 12 A
8 7 17 7 4 C
9 2 30 2 0 C
10 1 32 0 0 C
XX

DE Oaf1_GEM_1_m13 10.41 4 k10_c23
1 2 2 18 2 G
2 0 0 20 2 G
3 3 19 0 0 C
4 3 16 0 3 C
5 0 19 2 2 C
6 0 16 6 0 C
7 0 0 20 2 G
8 2 19 2 0 C
9 0 0 22 0 G
10 3 5 15 0 G
XX

