DE Oaf1_GEM_2_m0 6.64 0 k8_c509
1 390 23 43 53 A
2 277 39 60 134 A
3 121 333 0 55 C
4 0 76 126 307 T
5 0 508 0 0 C
6 0 508 0 0 C
XX

DE Oaf1_GEM_2_m1 5.93 10 k8_c569
1 4 278 279 7 G
2 6 110 339 114 G
3 4 528 29 7 C
4 0 202 366 0 G
5 0 10 558 0 G
XX

DE Oaf1_GEM_2_m2 5.31 7 k7_c573
1 128 0 445 0 G
2 33 0 539 0 G
3 536 3 33 0 A
4 491 0 82 0 A
5 450 0 122 0 A
XX

DE Oaf1_GEM_2_m3 4.76 4 k5_c528
1 359 7 75 87 A
2 84 0 0 443 T
3 288 0 81 159 A
4 451 4 73 0 A
5 79 443 0 6 C
XX

DE Oaf1_GEM_2_m4 12.35 5 k11_c50
1 3 37 10 0 C
2 0 43 4 2 C
3 2 45 1 1 C
4 1 34 15 0 C
5 0 10 39 0 G
6 0 14 22 14 G
7 8 41 0 0 C
8 6 7 24 13 G
9 0 45 3 1 C
10 1 12 36 0 G
11 2 5 43 0 G
XX

DE Oaf1_GEM_2_m5 10.21 -1 k12_c103
1 15 39 38 10 C
2 0 6 96 0 G
3 3 1 98 0 G
4 24 43 4 32 C
5 3 24 58 18 G
6 3 79 1 20 C
7 2 19 81 0 G
8 1 0 98 3 G
9 14 38 35 16 C
10 1 6 83 13 G
XX

DE Oaf1_GEM_2_m6 13.28 16 k15_c10
1 9 0 0 0 A
2 1 0 8 0 G
3 7 0 2 0 A
4 1 0 8 0 G
5 0 9 0 0 C
6 0 0 7 3 G
7 0 0 0 9 T
8 1 0 0 8 T
9 0 9 0 0 C
10 0 0 9 0 G
11 0 0 9 0 G
12 0 8 1 0 C
13 0 0 0 9 T
14 0 0 0 9 T
15 0 0 0 9 T
XX

DE Oaf1_GEM_2_m7 20.30 28 k16_c6
1 5 0 0 0 A
2 1 0 4 0 G
3 0 4 1 0 C
4 0 0 1 4 T
5 0 5 0 0 C
6 4 1 0 0 A
7 0 0 5 0 G
8 0 0 0 5 T
9 0 0 0 5 T
10 0 0 5 0 G
11 0 0 5 0 G
12 0 0 0 5 T
13 5 0 0 0 A
14 0 0 5 0 G
15 5 0 0 0 A
16 0 0 5 0 G
XX

DE Oaf1_GEM_2_m8 27.47 -14 k16_c5
1 4 0 0 0 A
2 4 0 0 0 A
3 0 0 4 0 G
4 0 4 0 0 C
5 4 0 0 0 A
6 4 0 0 0 A
7 0 0 4 0 G
8 0 0 4 0 G
9 4 0 0 0 A
10 0 0 0 4 T
11 4 0 0 0 A
12 0 4 0 0 C
13 0 4 0 0 C
14 0 0 4 0 G
15 4 0 0 0 A
16 4 0 0 0 A
XX

