-300	8.612633730312999E-4
-299	9.040838897086288E-4
-298	9.352631960944987E-4
-297	9.431600818974504E-4
-296	9.161333368260243E-4
-295	8.512088503664691E-4
-294	7.800809111158605E-4
-293	7.431109074489824E-4
-292	7.642296105568371E-4
-291	8.016453228953068E-4
-290	7.971357297364926E-4
-289	7.174143371137342E-4
-288	6.28937934105324E-4
-287	6.230991305507932E-4
-286	7.563769930235404E-4
-285	9.455964150324354E-4
-284	0.0010726687468202156
-283	0.001054816829183691
-282	9.505094651359623E-4
-281	8.535269482442031E-4
-280	8.340901819852535E-4
-279	8.681825094746223E-4
-278	9.082278837374848E-4
-277	9.191718640477564E-4
-276	9.160464346743115E-4
-275	9.264051861347644E-4
-274	9.699325802220428E-4
-273	0.0010348365638303298
-272	0.0011014559551291213
-271	0.001149927190052936
-270	0.001159577175596386
-269	0.0011095304365191037
-268	9.959381495315916E-4
-267	8.830580991478281E-4
-266	8.5217472183266E-4
-265	9.519142581162641E-4
-264	0.001100270164790138
-263	0.001182577702711108
-262	0.0011206525960624897
-261	9.82232422333549E-4
-260	8.715352223400397E-4
-259	8.667207683971971E-4
-258	9.417157588181826E-4
-257	0.001044388623415639
-256	0.0011297366532577338
-255	0.0011812725844347343
-254	0.0011896380142924331
-253	0.0011508910144661154
-252	0.0010827555537490418
-251	0.0010083720752239655
-250	9.506298206182339E-4
-249	9.314132262375703E-4
-248	9.723555270322922E-4
-247	0.0010783173753875126
-246	0.00118706909342753
-245	0.0012196084207114386
-244	0.0011283052828989176
-243	9.910183500519837E-4
-242	9.169784783332389E-4
-241	9.79692725384832E-4
-240	0.0011097729547671009
-239	0.0012021072315199306
-238	0.0011834743958466238
-237	0.0011082163886041558
-236	0.0010625659258129184
-235	0.0011055073274069958
-234	0.0011870313289752358
-233	0.0012298802700201788
-232	0.0011821123488145004
-231	0.0010930491987114252
-230	0.001037328311834314
-229	0.0010691534209217428
-228	0.0011609932211731515
-227	0.0012648826484031948
-226	0.0013408328724482611
-225	0.001380759999231676
-224	0.0013845563686984983
-223	0.0013559897860362907
-222	0.0013143299174026278
-221	0.0012827218941975887
-220	0.0012781018099048001
-219	0.001292569606342087
-218	0.0013120161874108228
-217	0.0013283553621079665
-216	0.00135759255981282
-215	0.0014217561150002718
-214	0.001528016509663228
-213	0.0016241128158666703
-212	0.001642926253193599
-211	0.001543952056154983
-210	0.0013931415189736695
-209	0.0012830599508004742
-208	0.001281310101099435
-207	0.0013556444805874776
-206	0.0014488530402947486
-205	0.0015161614771497475
-204	0.0015625384716743893
-203	0.0016053884502889395
-202	0.0016566665551090909
-201	0.0017065307910322433
-200	0.0017396898786512217
-199	0.001740434704227474
-198	0.0016913848166969351
-197	0.0015747419306641622
-196	0.0013914221580270981
-195	0.0012171991998572308
-194	0.0011465611545194343
-193	0.0012394461657430254
-192	0.0014175925587150923
-191	0.0015681887039871657
-190	0.0016099122651168048
-189	0.0015873980776856767
-188	0.001576770270281477
-187	0.001635637952500656
-186	0.0017475501579746885
-185	0.001877540901343805
-184	0.0019914119049610447
-183	0.0020580357220306876
-182	0.0020470526134698224
-181	0.0019488110700871088
-180	0.0018364925022574883
-179	0.0018039865502474722
-178	0.0019117140149143507
-177	0.0020862203394785292
-176	0.0022205821277511933
-175	0.0022336080316740126
-174	0.0021470348957106015
-173	0.002008331612455063
-172	0.0018669513473904787
-171	0.0017802843575558643
-170	0.0018077051728792154
-169	0.001980621446875937
-168	0.0022185733274110685
-167	0.002413134085937058
-166	0.0024762924254314615
-165	0.0024016987749722668
-164	0.0022034189951625712
-163	0.0019173278450064324
-162	0.0016665356771117575
-161	0.001595961742487414
-160	0.0017897545139388587
-159	0.002088979351457899
-158	0.002273930836832932
-157	0.002191402003407505
-156	0.001954179690745786
-155	0.0017415491899670937
-154	0.0016890307787926044
-153	0.0017570846813509196
-152	0.0018624061083724972
-151	0.001943538168260209
-150	0.0020264155601065893
-149	0.002158820880676586
-148	0.0023668027562775006
-147	0.0025894739313860435
-146	0.0027442131800212775
-145	0.0027727253367847873
-144	0.002714019478608248
-143	0.002631430743005856
-142	0.0025779866951965735
-141	0.0025654846112184207
-140	0.002595414194814183
-139	0.0026600293409204325
-138	0.0027146407092488926
-137	0.002705323150705075
-136	0.002603465894728479
-135	0.002481715684894564
-134	0.002438033643312777
-133	0.0025339664269460995
-132	0.0026854028321716505
-131	0.0027718171902200825
-130	0.0027156247524924965
-129	0.0026110044510717872
-128	0.002595076138211297
-127	0.0027538580322659756
-126	0.002968961815997206
-125	0.0030708975382679814
-124	0.0029477394859211
-123	0.0027178188977185955
-122	0.002557031250402309
-121	0.0025895812499108018
-120	0.0027329105189695196
-119	0.002852769909500626
-118	0.0028511441312474893
-117	0.002774953325238285
-116	0.0027073514903223892
-115	0.0027069269140151523
-114	0.0027340050384958097
-113	0.002724345594609569
-112	0.002641707711362109
-111	0.002561848110401004
-110	0.0025885229115343
-109	0.0027827888139884903
-108	0.003034904834663863
-107	0.0031924305698791565
-106	0.0031567492232801456
-105	0.003044538427820767
-104	0.003026299423781996
-103	0.0032113128112950923
-102	0.003463976629892448
-101	0.0035874682789567404
-100	0.003442917023942042
-99	0.0031232595945880196
-98	0.0027793845867057363
-97	0.002541681942102905
-96	0.0024585469865738446
-95	0.0025578763919095232
-94	0.002839133494870374
-93	0.003188048292094685
-92	0.003461917445190212
-91	0.0035547812909876002
-90	0.003507654867209069
-89	0.0033982968867997333
-88	0.0032951382578662457
-87	0.0032292986691614184
-86	0.0032225700045996047
-85	0.0032828920765258143
-84	0.003362796411007693
-83	0.003400962462543544
-82	0.003356759070058226
-81	0.0032723126101828278
-80	0.0032104388439749935
-79	0.0032142928311978966
-78	0.003248386826436831
-77	0.0032575723829826207
-76	0.003211572132581548
-75	0.0031795930208017315
-74	0.0032557130716667493
-73	0.003493847745287021
-72	0.0037872622461203346
-71	0.00398905921471132
-70	0.003991931414067389
-69	0.0038469320970470674
-68	0.0036447046389716654
-67	0.0034604391496794087
-66	0.0033075126770761966
-65	0.003183849003584845
-64	0.003095004266464002
-63	0.0030770640223156368
-62	0.0031737461825775484
-61	0.003403736550675249
-60	0.0036855924979851
-59	0.003912839287871177
-58	0.004003621131858523
-57	0.003974558034116052
-56	0.0038668889469736494
-55	0.0037256990144767413
-54	0.003611458147532939
-53	0.0035884824487653977
-52	0.0036903607661965855
-51	0.0038277729294462406
-50	0.0038806715135334146
-49	0.0037701665930540687
-48	0.0035819982409118116
-47	0.003443064029587161
-46	0.0034441168007172513
-45	0.00353133047256568
-44	0.00361473423255266
-43	0.003625512747939532
-42	0.0035794726053521566
-41	0.0035135758712575215
-40	0.003461974610771447
-39	0.0034475808836050797
-38	0.003490496748118399
-37	0.0036082921944320676
-36	0.0038084089397095013
-35	0.004095756632874798
-34	0.004453882974693397
-33	0.0047808878732961075
-32	0.004953509288655073
-31	0.004888138162927228
-30	0.004659777367008661
-29	0.004383082753980247
-28	0.004165034967914396
-27	0.004081913816849655
-26	0.004202323899816108
-25	0.004538256324226584
-24	0.004875248231024914
-23	0.004942223269537676
-22	0.004604166116115946
-21	0.004270305555208802
-20	0.004485931398289814
-19	0.005594796682367794
-18	0.007134507346592503
-17	0.008441132555648942
-16	0.009022463906082002
-15	0.00907318272187615
-14	0.00895969275887574
-13	0.008955167604794641
-12	0.00895986017482475
-11	0.008780793216027474
-10	0.008275717667238655
-9	0.007505297234391887
-8	0.006580923815195203
-7	0.005622267483483894
-6	0.0047821110176023045
-5	0.004221515372022045
-4	0.00405195268557061
-3	0.0041865398344990605
-2	0.004488804879414343
-1	0.00483818008131457
0	0.005177714502762507
1	0.005466361406712089
2	0.005664426893462307
3	0.005737628412692416
4	0.005653036251426729
5	0.005394933079881937
6	0.005016451101044229
7	0.004587934901092166
8	0.004164786238838872
9	0.0037426355636357095
10	0.0033021704974686055
11	0.002841065799275349
12	0.0024249447758011872
13	0.0021364178707432347
14	0.0020292024442955655
15	0.0020414435226401013
16	0.0020823930484557243
17	0.0020839399315630835
18	0.0020685209503498907
19	0.0020812098503456243
20	0.002147455478222291
21	0.00221420708522202
22	0.0022087890237294677
23	0.002083748453511592
24	0.0018925237638645616
25	0.0017137761514668458
26	0.0016083799334277045
27	0.0015660619085795641
28	0.0015587619961856401
29	0.001562266297629266
30	0.001567745642774241
31	0.0015702170436044803
32	0.0015669306348911997
33	0.001564069042554814
34	0.0015700480153030376
35	0.0015881731291309603
36	0.0016013092691831775
37	0.00158721114789166
38	0.0015352762999399773
39	0.0014814735490180958
40	0.0014734145410675815
41	0.00153703794778293
42	0.0016115905438703604
43	0.001614646129789022
44	0.001492468879960435
45	0.0013060844646556008
46	0.0011452089281078913
47	0.0010780073235618847
48	0.001086440740306984
49	0.0011309192766437981
50	0.001176848654372966
51	0.0012096170892952492
52	0.0012196084207114386
53	0.0012006424971663162
54	0.001160283204180626
55	0.0011095304365191037
56	0.0010649419948496471
57	0.0010653073034528084
58	0.0011549736925123026
59	0.0013497978991018624
60	0.001551674287855289
61	0.0016340066302964022
62	0.0015137069432651208
63	0.0012817202248657695
64	0.0010724997185187729
65	9.886022005236486E-4
66	0.0010049985786962882
67	0.0010647632937316762
68	0.001119460397622879
69	0.0011546123875552903
70	0.0011642313720123855
71	0.001147887339395049
72	0.001127381797773804
73	0.0011300741351365836
74	0.001170030113897402
75	0.0012081409941746084
76	0.0011920044105126334
77	0.0010879746668792198
78	9.374327449353582E-4
79	8.005162957653502E-4
80	7.2484964194674E-4
81	7.080037920300388E-4
82	7.350364260589998E-4
83	7.898566378544143E-4
84	8.517791763452223E-4
85	8.989702042374021E-4
86	9.181316321725003E-4
87	9.301083625343394E-4
88	9.642810456423095E-4
89	0.001032712924644744
90	0.0010781976140057457
91	0.0010262113210183594
92	8.369521822525278E-4
93	6.095060513857837E-4
94	4.776807113725563E-4
95	5.334055913395107E-4
96	7.010967051022507E-4
97	8.632917126486146E-4
98	9.289146979844581E-4
99	9.124354411877069E-4
100	8.547101463543033E-4
101	7.91525464182122E-4
102	7.383898317767648E-4
103	7.057421328457658E-4
104	6.996038244255034E-4
105	7.083266568677351E-4
106	7.15844953853063E-4
107	7.111452413614308E-4
108	7.03422854570148E-4
109	7.069253309558661E-4
110	7.325087409029497E-4
111	7.774632864266194E-4
112	8.356877024498091E-4
113	8.969705433545662E-4
114	9.346596413593905E-4
115	9.179926481418961E-4
116	8.313392912956008E-4
117	7.195976020776413E-4
118	6.427976876610588E-4
119	6.429523182787548E-4
120	6.900049164030722E-4
121	7.358815675662144E-4
122	7.453835220571975E-4
123	7.348126891922892E-4
124	7.333461430445709E-4
125	7.602436851579122E-4
126	7.950960269593414E-4
127	8.075766073466754E-4
128	7.774192401604476E-4
129	7.24599239012057E-4
130	6.79152292455618E-4
131	6.616490171662601E-4
132	6.547997423031696E-4
133	6.318497251465473E-4
134	5.773499167078442E-4
135	5.210740429235141E-4
136	5.041015234612613E-4
137	5.529358865097562E-4
138	6.357770943415336E-4
139	7.062492177500945E-4
140	7.280638674470754E-4
141	7.052828138166535E-4
142	6.520553671611416E-4
143	5.837985920084989E-4
144	5.210005697892718E-4
145	4.854171361596531E-4
146	4.907410020090571E-4
147	5.184123791597861E-4
148	5.418083546673637E-4
149	5.414506972344258E-4
150	5.26439902152058E-4
151	5.130211463584582E-4
152	5.13270856216719E-4
153	5.225904557895098E-4
154	5.322126185643951E-4
155	5.36478140050427E-4
156	5.421603038426082E-4
157	5.591405155574289E-4
158	5.912627337131067E-4
159	6.182211284347684E-4
160	6.136724227492677E-4
161	5.628146144558307E-4
162	4.97010800443175E-4
163	4.591653523723909E-4
164	4.7873535439159993E-4
165	5.313887405970506E-4
166	5.793461575720231E-4
167	5.945042503115728E-4
168	5.874636574578572E-4
169	5.785010160648086E-4
170	5.821552058781133E-4
171	5.900140774104708E-4
172	5.879277238663342E-4
173	5.683751394627798E-4
174	5.50350922467376E-4
175	5.594785721603146E-4
176	6.08633899577137E-4
177	6.597019627747856E-4
178	6.618201315655529E-4
179	5.850843461637881E-4
180	4.834248283920686E-4
181	4.3173037047502865E-4
182	4.799037595503127E-4
183	5.779037624076046E-4
184	6.507031407495984E-4
185	6.428388365774733E-4
186	5.771045130863504E-4
187	4.958580137698359E-4
188	4.3480234013494785E-4
189	4.0302112574235136E-4
190	4.029431621661233E-4
191	4.3181672108009056E-4
192	4.6616799455708054E-4
193	4.7734265476967057E-4
194	4.4678171778780824E-4
195	3.9630757527092187E-4
196	3.578379627758101E-4
197	3.561408988673643E-4
198	3.8738553414284835E-4
199	4.40591302207619E-4
200	5.047776366670329E-4
