-300	5.219242092160147E-4
-299	9.249890533156342E-4
-298	8.829859391560606E-4
-297	8.450064940233647E-4
-296	8.093847101002511E-4
-295	7.797248684172993E-4
-294	7.661398161025602E-4
-293	7.86396868660747E-4
-292	8.110163068206814E-4
-291	7.902563608038835E-4
-290	6.761351654485454E-4
-289	5.349986241888492E-4
-288	4.672861686164833E-4
-287	5.527509513723882E-4
-286	7.325492566992091E-4
-285	9.089443365152742E-4
-284	9.937663724408935E-4
-283	9.868075551266204E-4
-282	9.187310746476555E-4
-281	8.442510750819141E-4
-280	7.935016315674057E-4
-279	7.77275872627163E-4
-278	7.684780057643282E-4
-277	7.561995238647954E-4
-276	7.494360319450067E-4
-275	7.961594655111958E-4
-274	9.043234626214515E-4
-273	0.0010526419858928686
-272	0.00116802042776486
-271	0.0012096755112986498
-270	0.0011613328336664336
-269	0.0010585995054813654
-268	9.580294721207834E-4
-267	9.169932172620324E-4
-266	9.700117279483732E-4
-265	0.0010798657558024002
-264	0.001180103770472364
-263	0.0011785406959425881
-262	0.0010544300581082592
-261	8.36411852146411E-4
-260	6.541458466934675E-4
-259	6.120618183030581E-4
-258	7.60265588829411E-4
-257	9.902775183466426E-4
-256	0.0011721956985088755
-255	0.001213951588056951
-254	0.0011553367898884859
-253	0.0010689793653275246
-252	0.001010245039871891
-251	9.682923604283288E-4
-250	9.258718864814934E-4
-249	8.83712356960456E-4
-248	8.898783438485979E-4
-247	9.526802885830466E-4
-246	0.0010449487239873928
-245	0.0010811757225894947
-244	0.0010683457896980195
-243	0.0010619529311215305
-242	0.0011562759430332773
-241	0.0013013984669857871
-240	0.0013925500979378713
-239	0.0013131893662667322
-238	0.0011069358340812772
-237	8.75547777414197E-4
-236	7.504080032973713E-4
-235	7.617319254111149E-4
-234	8.925907265315439E-4
-233	0.001055788166942518
-232	0.001155927676116411
-231	0.0011213286791888087
-230	9.871166546490953E-4
-229	8.973674587000175E-4
-228	9.912629878187343E-4
-227	0.0012654117407284824
-226	0.0015485334785202494
-225	0.0016626042699298246
-224	0.0015766554284320092
-223	0.001420113079010522
-222	0.001334536195671455
-221	0.001360267276477533
-220	0.0014453141816790954
-219	0.0015303468462461492
-218	0.0016010610773739982
-217	0.0016652029750579376
-216	0.001723893703778366
-215	0.0017421460898487426
-214	0.0016830889386128737
-213	0.001528899436853046
-212	0.0013302300832385748
-211	0.0011544811566980499
-210	0.001051213864513551
-209	0.0010034619788924632
-208	9.942514155910768E-4
-207	0.0010190989472812176
-206	0.001091090232081311
-205	0.0011727196254334587
-204	0.0012150413954439842
-203	0.0012005619781421935
-202	0.0011892636951341025
-201	0.001244650166614597
-200	0.0013535453056162494
-199	0.0014216860920731721
-198	0.0013612942881836663
-197	0.0011884043736371222
-196	9.893619388929218E-4
-195	8.473958120622174E-4
-194	7.878302699562163E-4
-193	8.28554544998635E-4
-192	9.818386401137746E-4
-191	0.0012135969091943304
-190	0.001416773926247758
-189	0.0014936896754019209
-188	0.001464211682200572
-187	0.001432243015535564
-186	0.001491634882927379
-185	0.0016329535991237076
-184	0.0018029984603281537
-183	0.0019442099469211506
-182	0.0020053046639405907
-181	0.0019537027709981727
-180	0.001796120364819347
-179	0.001664689186071345
-178	0.0016723025881199738
-177	0.0018602145772909275
-176	0.0020582578268019324
-175	0.002122800689893068
-174	0.001989018347960531
-173	0.0017989738796142956
-172	0.0016577435831750637
-171	0.001613106137747977
-170	0.001605672876745144
-169	0.001652015020669074
-168	0.0017948027811669964
-167	0.0020375477006199624
-166	0.002246648671228151
-165	0.002275686396246548
-164	0.0020969144768572296
-163	0.001840259008671152
-162	0.0016618247811697757
-161	0.0016590701539949656
-160	0.0018142044391610676
-159	0.0020563995983753276
-158	0.0022281658340569718
-157	0.002218576805409143
-156	0.001985716188533926
-155	0.0016821141901474605
-154	0.0014758524723616061
-153	0.001476092838900098
-152	0.0015967674656346797
-151	0.001722447183819884
-150	0.0017803043230704093
-149	0.001842675945719258
-148	0.002001319818953308
-147	0.0023118358715059576
-146	0.0026892579653849578
-145	0.0029612413591949016
-144	0.0029746398578103647
-143	0.0027497275387113516
-142	0.0025035330288628145
-141	0.002455133048929776
-140	0.0026180045325024637
-139	0.002766101784705184
-138	0.0026702371854025243
-137	0.002336177372484041
-136	0.0020041441680460695
-135	0.0019197345149260508
-134	0.0021219088905227736
-133	0.0024453215781659577
-132	0.0026995003197178217
-131	0.0027771824248610153
-130	0.0026702532857347874
-129	0.0024046060752306933
-128	0.002073668978672136
-127	0.0018442762818312284
-126	0.0018686718045031804
-125	0.002137887960850429
-124	0.002443057921520933
-123	0.0025674397156885812
-122	0.0024738050586296237
-121	0.0023227219637156093
-120	0.002287649636579078
-119	0.0024124475116255595
-118	0.0026408795607165293
-117	0.002907620681740486
-116	0.0031760048349794992
-115	0.0033895562609353312
-114	0.0034869733645652907
-113	0.003439480516011015
-112	0.003312895537803431
-111	0.003204230096593714
-110	0.003211491148044864
-109	0.0033146069864362178
-108	0.0034373679760993916
-107	0.0034400540535865485
-106	0.0032976624590014066
-105	0.003057074501972819
-104	0.002891819740294518
-103	0.0029261393235283967
-102	0.003206937174822942
-101	0.0035517018636865446
-100	0.0036965170601760775
-99	0.003444812077101408
-98	0.002924468220547279
-97	0.0024547858842370205
-96	0.0023208499024529876
-95	0.0025251662309239728
-94	0.002894383060058551
-93	0.0032499117089096656
-92	0.003504066151262035
-91	0.003590471867434632
-90	0.0034604871307042304
-89	0.003163018491936566
-88	0.0028655170893914198
-87	0.0027287555527622217
-86	0.00277097513947442
-85	0.002917099318364014
-84	0.0030853328189030514
-83	0.0032189066836744266
-82	0.003231198516073892
-81	0.0030585145477863805
-80	0.0027841547546516867
-79	0.002591024594931919
-78	0.0026269856198467907
-77	0.0028257659082421
-76	0.0030416464406382952
-75	0.003163813907467063
-74	0.003238801234227014
-73	0.0033152857170883543
-72	0.0034095627676230863
-71	0.0034693999966301627
-70	0.0035054133284088684
-69	0.0035429708331151484
-68	0.0035651635187165754
-67	0.0034846130113516476
-66	0.0032319742228742124
-65	0.002885298027360507
-64	0.0026021193969181576
-63	0.002522266895703616
-62	0.002650160599480703
-61	0.002884723179613429
-60	0.0031113110476505843
-59	0.0032564382077146306
-58	0.003328161802244411
-57	0.003356030841140079
-56	0.003382080233831098
-55	0.00346092543663632
-54	0.003646010508400203
-53	0.003940971467064523
-52	0.004205619417104463
-51	0.0042725887807522345
-50	0.004058872100495956
-49	0.003701053020528277
-48	0.0033919165190176557
-47	0.0032928273899692218
-46	0.0033904559676598426
-45	0.0036016273532731772
-44	0.0037702169205436004
-43	0.0038286219750568035
-42	0.00376500742092513
-41	0.003660824657523765
-40	0.003561194542234012
-39	0.0034897250539984125
-38	0.0034604785730349185
-37	0.003533419598006119
-36	0.00377798976931947
-35	0.00422185865825604
-34	0.004776604505921424
-33	0.005302030544763547
-32	0.005597983001823218
-31	0.005578511960802221
-30	0.005248596454597638
-29	0.004824565832735023
-28	0.0045209889053754735
-27	0.004490557958128467
-26	0.004695229744061277
-25	0.005043774280260341
-24	0.005427198550600703
-23	0.005682843173771696
-22	0.00567781739450936
-21	0.0054061981680434265
-20	0.005308982755391393
-19	0.005883074852689032
-18	0.007426250822811455
-17	0.009468619247327113
-16	0.01123323301617296
-15	0.012063077420262469
-14	0.01197899093410861
-13	0.011453683766755105
-12	0.010946042453524573
-11	0.010513690965193157
-10	0.009946191874691179
-9	0.009065849013868848
-8	0.007997065572401967
-7	0.006910540260633769
-6	0.005928500441608461
-5	0.00505963672099879
-4	0.004468645609320961
-3	0.004357205594609605
-2	0.0047903677258994025
-1	0.005469504010194032
0	0.006017836107867033
1	0.006185878656139805
2	0.00608748466995334
3	0.0059336374102185434
4	0.005909483869216765
5	0.00596593280919296
6	0.005970666328851243
7	0.005740113767732309
8	0.005222976730319784
9	0.004449483638622627
10	0.0036088995332324873
11	0.0028840754851267984
12	0.0024132978568089784
13	0.0021985810873467273
14	0.0021806300521354433
15	0.0022831087417555817
16	0.0023977787422714133
17	0.00243543896265313
18	0.0023529752503071008
19	0.002253142257214571
20	0.002238917473253455
21	0.0023552784221031573
22	0.0024674943244683105
23	0.0024470232291439026
24	0.0022286066007598565
25	0.0019363900693692947
26	0.0017073483045303307
27	0.0016252541907707703
28	0.0016106908270712883
29	0.0015914209382754427
30	0.0015428140020093293
31	0.0015464344367393525
32	0.0015864334215537298
33	0.0015939312388235996
34	0.0014712487604516948
35	0.0013051247688702086
36	0.0012341976837888834
37	0.0013522750144249955
38	0.0015618171214489935
39	0.0017222064759083106
40	0.0017408134512885568
41	0.001642570691478405
42	0.0014820643847229657
43	0.001313261588483196
44	0.001165110850910961
45	0.0010607687199083785
46	0.001020659038866883
47	0.001041699930429147
48	0.0011083912973162324
49	0.0011871101848088597
50	0.001266725328766189
51	0.0013397560153731456
52	0.0013810737718489147
53	0.0013482904544173475
54	0.00121466966139906
55	0.0010347989531904632
56	9.023946820240641E-4
57	8.980459139967869E-4
58	0.0010190987561982774
59	0.0012020279769913995
60	0.0013700159880590706
61	0.0014453006634427845
62	0.0013854846809176903
63	0.001184766354507777
64	9.407435766248765E-4
65	7.580817620756636E-4
66	7.029679886455809E-4
67	7.182514632279284E-4
68	7.55475475657433E-4
69	7.934588326758978E-4
70	8.586297665215863E-4
71	9.168356604703159E-4
72	9.209812092403699E-4
73	8.672679194399783E-4
74	8.292920522539131E-4
75	8.76788202889598E-4
76	9.814651557176614E-4
77	0.0010471356478380094
78	9.900190847528748E-4
79	8.314620418428723E-4
80	6.536613697211473E-4
81	5.357333516954183E-4
82	5.001227638722876E-4
83	5.270707941870342E-4
84	5.879907034142565E-4
85	6.562055741834437E-4
86	7.329538384696708E-4
87	8.267832604977648E-4
88	9.333340995917585E-4
89	9.967281872536645E-4
90	9.569716109441212E-4
91	8.050877119460055E-4
92	6.047388010644838E-4
93	4.329900922068431E-4
94	3.487224509157822E-4
95	3.7657442701075696E-4
96	5.155796067901424E-4
97	6.889370852282588E-4
98	7.81797530291033E-4
99	7.091525704279708E-4
100	5.376608108740693E-4
101	4.1667514004307396E-4
102	4.6515827694188004E-4
103	6.242445359624593E-4
104	7.587173100693466E-4
105	7.63300183277942E-4
106	6.862941016226631E-4
107	6.136313123561661E-4
108	6.06680584711353E-4
109	6.3571856172103E-4
110	6.720533947678813E-4
111	7.021484533461941E-4
112	7.373636881130945E-4
113	7.565352623026354E-4
114	7.291060071984033E-4
115	6.424624553944739E-4
116	5.416741931287397E-4
117	4.822881756295593E-4
118	4.927734841305271E-4
119	5.489156822939652E-4
120	6.163424523820013E-4
121	6.711324714682433E-4
122	6.99880420584815E-4
123	6.910818919845296E-4
124	6.421616913541963E-4
125	5.893608308288459E-4
126	5.759405575153255E-4
127	6.183437887931856E-4
128	6.667722109144452E-4
129	6.652234825119766E-4
130	6.100257863974831E-4
131	5.617432216023479E-4
132	5.778159078219913E-4
133	6.426190287451597E-4
134	6.997408547732364E-4
135	7.042964093111057E-4
136	6.80026767519291E-4
137	6.621931993855835E-4
138	6.725205857725212E-4
139	6.877047608067603E-4
140	6.848259361036622E-4
141	6.48100148748371E-4
142	5.803239839903955E-4
143	4.981453943806543E-4
144	4.2395565252108843E-4
145	3.8631701622692416E-4
146	3.8915080444247937E-4
147	4.2402014289850097E-4
148	4.626905180646836E-4
149	4.783750168731607E-4
150	4.4944676345482236E-4
151	3.7865306654148755E-4
152	3.144254563981474E-4
153	3.1174048739551573E-4
154	3.9084275848122354E-4
155	4.932363868564977E-4
156	5.484348749210859E-4
157	5.293509371819793E-4
158	4.8212338703478074E-4
159	4.600565868964586E-4
160	4.70838837273276E-4
161	4.817161391553886E-4
162	4.656588686459104E-4
163	4.4750878765616544E-4
164	4.575744384822112E-4
165	5.078064684858261E-4
166	5.530421369656258E-4
167	5.650293107124868E-4
168	5.388928972228682E-4
169	5.180416398507662E-4
170	5.13119832828781E-4
171	5.128836633287929E-4
172	4.80614781282301E-4
173	4.2667666122695087E-4
174	3.796888184056766E-4
175	3.733904690783668E-4
176	4.019608586583743E-4
177	4.4703855652816976E-4
178	4.847461088670294E-4
179	4.938925251015946E-4
180	4.5992070613885795E-4
181	3.999978071366369E-4
182	3.749415042434373E-4
183	4.4045003994739283E-4
184	5.767411628756684E-4
185	6.817799808290617E-4
186	6.586601871287522E-4
187	5.180570154981961E-4
188	3.705130090197282E-4
189	3.25691808309352E-4
190	3.9405023540645074E-4
191	4.942890720721404E-4
192	5.393410996904558E-4
193	5.053057092881241E-4
194	4.3965139358240825E-4
195	3.988009475422197E-4
196	4.068529636711746E-4
197	4.466044879564338E-4
198	4.949987538080735E-4
199	5.409989399546414E-4
200	6.136522871662132E-4
