-300	0.0011251618271895891
-299	0.0011967356284877473
-298	0.0012567030390830036
-297	0.0012934576682724563
-296	0.0012953931253532034
-295	0.0012566758288879282
-294	0.001194563434501652
-293	0.0011320864070849808
-292	0.0010889336800851326
-291	0.0010714280611757736
-290	0.0010825508265871824
-289	0.001120357437577606
-288	0.0011632000955171676
-287	0.0011845051868039592
-286	0.001168764398180683
-285	0.0011447306177684853
-284	0.001152222034033123
-283	0.0012139359430977906
-282	0.00128408607171544
-281	0.0012997652542964617
-280	0.00122158382495585
-279	0.0011042221166270175
-278	0.0010258779619479812
-277	0.0010412623018265165
-276	0.00111113851024943
-275	0.0011727830694732869
-274	0.001180665268407303
-273	0.001158025622571295
-272	0.001145297454137731
-271	0.0011721336147834467
-270	0.0012250650742027535
-269	0.001279842331594331
-268	0.001317793990425065
-267	0.0013425610712346672
-266	0.0013633626988310548
-265	0.0013866330325340008
-264	0.0014076663697106995
-263	0.0014189720422402002
-262	0.0014167864885563765
-261	0.0014122545733124003
-260	0.0014202482677162672
-259	0.0014506025928418132
-258	0.001493004769226241
-257	0.0015321050672725913
-256	0.0015536967871331497
-255	0.0015481453479571723
-254	0.001506959198643158
-253	0.0014312542292010523
-252	0.0013605760940865912
-251	0.0013440778888669574
-250	0.0014121714400132537
-249	0.0015203034976122682
-248	0.0016051795426547098
-247	0.0016191931860107202
-246	0.0015774905580681776
-245	0.0015109059190943936
-244	0.0014466517435243779
-243	0.0013974533624639327
-242	0.001372414321186558
-241	0.0013766843148207818
-240	0.0013995976379152471
-239	0.0014265347348736254
-238	0.0014462302907720496
-237	0.0014608359533764981
-236	0.0014758576111254126
-235	0.0014953637569121462
-234	0.0015176733014497074
-233	0.0015396677599060168
-232	0.0015592550020612096
-231	0.0015784483161442845
-230	0.0016002873449964539
-229	0.001628725487462171
-228	0.0016713711663988522
-227	0.0017367465606671537
-226	0.0018252568664270663
-225	0.001904839349035917
-224	0.001935314291150369
-223	0.0018928222476699776
-222	0.001818784862465876
-221	0.0017709440516520906
-220	0.0017874188247792287
-219	0.0018278365651442166
-218	0.001832201749480561
-217	0.00175978248626624
-216	0.0016469014109571209
-215	0.001549144790753542
-214	0.0015126894233453128
-213	0.001546074228380127
-212	0.0016484286559951497
-211	0.0018082048520180268
-210	0.001971145745038333
-209	0.002072316959336127
-208	0.0020676533531249633
-207	0.0019965667203523953
-206	0.0019193380888994742
-205	0.0018864957103714134
-204	0.0019095567312700748
-203	0.0019902855218214815
-202	0.0021183297166202796
-201	0.002234870007735612
-200	0.0022689703516052422
-199	0.0021793521709001077
-198	0.0020433667532238366
-197	0.001968022852413228
-196	0.002028154460591044
-195	0.0021698965230239043
-194	0.0023072092232643902
-193	0.00237069959522751
-192	0.002357562074277978
-191	0.002281637946142934
-190	0.0021601228767699106
-189	0.0020236300529880096
-188	0.0019061270418467239
-187	0.0018387523343667564
-186	0.0018413281174536442
-185	0.001930847501984135
-184	0.0021072981650711517
-183	0.00230264604877232
-182	0.0024318516613814427
-181	0.0024359016635959875
-180	0.0023598873257280905
-179	0.002274926070493554
-178	0.0022372833952930137
-177	0.002243817096266448
-176	0.002276533044238667
-175	0.0023208112799447773
-174	0.0023755285237610575
-173	0.0024429356659740812
-172	0.0025183855314952065
-171	0.0025696386837349336
-170	0.002557557620728551
-169	0.002461825763869602
-168	0.002337410227984675
-167	0.0022580990512586145
-166	0.002272892984500535
-165	0.0023316436290166283
-164	0.0023594152987373575
-163	0.002308148836794783
-162	0.0022372912031273723
-161	0.002233165886875192
-160	0.0023504825277837144
-159	0.002517495368020041
-158	0.00263084480035668
-157	0.00261926366470235
-156	0.002539854589510618
-155	0.002481812650371263
-154	0.0025068219166110572
-153	0.0025665224325047554
-152	0.0025850432360641066
-151	0.0025136102833009395
-150	0.002411837202227403
-149	0.002366434538855725
-148	0.002435669884650713
-147	0.002564039012887488
-146	0.002667594742293751
-145	0.0026874893366893218
-144	0.0026652728402625117
-143	0.002667594742293751
-142	0.0027381066915482845
-141	0.0028284689747306146
-140	0.002867344038030057
-139	0.002806584624700299
-138	0.002690804666252515
-137	0.002587808391262252
-136	0.0025494866462585403
-135	0.0025640767495843614
-134	0.002603902637536182
-133	0.0026446855937944202
-132	0.002675736291575308
-131	0.002689762751479028
-130	0.0026853095962414805
-129	0.0026842678571414413
-128	0.002714365167593404
-127	0.002789136479395484
-126	0.0028653460178803014
-125	0.0028855653267640985
-124	0.002815663911924964
-123	0.0027147031278883654
-122	0.002665042291341617
-121	0.002722676583507708
-120	0.002838144643752341
-119	0.0029356209759768947
-118	0.002960266715500956
-117	0.0029411895233169448
-116	0.002928483691835492
-115	0.002956732052277719
-114	0.0029984715911067373
-113	0.0030107278335961486
-112	0.0029641086470255165
-111	0.0028835512666982375
-110	0.0028075752699236642
-109	0.0027682049112903555
-108	0.002771483154503681
-107	0.002816957640548214
-106	0.0028969723920526454
-105	0.00297505695822214
-104	0.0030075372699059815
-103	0.002966693301050833
-102	0.0028886211979928795
-101	0.002825371150165684
-100	0.0028180580007669746
-99	0.0028640552080511383
-98	0.0029498008840367247
-97	0.003053954870774308
-96	0.0031240639304425657
-95	0.003099896555252197
-94	0.0029497767429408793
-93	0.0027562505133541834
-92	0.002630419391864658
-91	0.0026472145881478964
-90	0.0027368860490916886
-89	0.0027935134058868698
-88	0.002745408864699443
-87	0.002657814931596087
-86	0.0026302066876186464
-85	0.0027300259925808687
-84	0.002896581821384115
-83	0.0030371499277016493
-82	0.003082502519739531
-81	0.003057397623835006
-80	0.003010089720858115
-79	0.002982153926845861
-78	0.0029884478985030996
-77	0.0030371499277016493
-76	0.003124894578724214
-75	0.0032021415054970465
-74	0.0032078066343572856
-73	0.003109293264369147
-72	0.0029879541855051582
-71	0.002953629560464925
-70	0.003074139717203191
-69	0.003249225644695262
-68	0.0033366084971715847
-67	0.0032436229782833977
-66	0.003076057989365114
-65	0.0029893159811719395
-64	0.003087045167260502
-63	0.0032658768123931085
-62	0.0033706879441334865
-61	0.003299150631161161
-60	0.0031601171066188475
-59	0.0031152346447650588
-58	0.0032710598629926294
-57	0.0035137867512316876
-56	0.0036745186425466807
-55	0.00363111434345844
-54	0.0034484545543133106
-53	0.0032381754489140217
-52	0.003098391348475076
-51	0.003073129163858087
-50	0.0031928939533364467
-49	0.0034551253695556637
-48	0.0037250014426497254
-47	0.003834634797124737
-46	0.003678045792206472
-45	0.003396885725999378
-44	0.003194713631327571
-43	0.003216680150287794
-42	0.0033743023620673037
-41	0.003520688955125983
-40	0.003547228973627995
-39	0.003498432884554613
-38	0.00345709151059139
-37	0.0034837180972440455
-36	0.0035497155812989675
-35	0.0036042093223627074
-34	0.0036106191691666614
-33	0.0035895429269415927
-32	0.003575872890043107
-31	0.003595594194854076
-30	0.003639063345866447
-29	0.003687729689599431
-28	0.0037205140007183115
-27	0.0037062227664726556
-26	0.003611133902258099
-25	0.003428631137337962
-24	0.0032605214564463037
-23	0.003235717658184864
-22	0.0034333478828559357
-21	0.003733401637564014
-20	0.003966083771114145
-19	0.0040118526265421955
-18	0.00395218052380732
-17	0.003918793277099494
-16	0.00400702550525201
-15	0.00416664704567144
-14	0.004311036540407668
-13	0.004375592408745012
-12	0.00438379217890551
-11	0.004381133156345631
-10	0.004398504640415266
-9	0.004408363906038018
-8	0.004368560222030914
-7	0.004257028808743624
-6	0.004132048692656405
-5	0.004071984851782158
-4	0.004125235170101347
-3	0.004220329155464695
-2	0.0042558292216904854
-1	0.004157999217693369
0	0.003963908732773472
1	0.003738328791327285
2	0.0035373147904416975
3	0.0033820596179651922
4	0.0032850405344366515
5	0.003248243445923969
6	0.003231688840611096
7	0.003184905852210999
8	0.0030749802999436816
9	0.00293922474505731
10	0.002832508434307087
11	0.002789807608028629
12	0.0027665264808792046
13	0.0026981762610964978
14	0.00254387399239455
15	0.0023571600603928444
16	0.002215180686187221
17	0.0021707928441046533
18	0.0021796965213966434
19	0.002173302458545824
20	0.002102864343101318
21	0.0019990076508782095
22	0.0019122008047580711
23	0.0018811575788161984
24	0.0018975731519027775
25	0.001941388054061716
26	0.0019911421871906345
27	0.002019772940601998
28	0.001998817075461987
29	0.0019156166027933382
30	0.0018207345330450424
31	0.0017805391265226511
32	0.0018355701586243835
33	0.0019230534651191312
34	0.0019543863968684554
35	0.0018699911125430444
36	0.0017263890020500982
37	0.0016091262631059455
38	0.0015789769721763591
39	0.0015976267207248923
40	0.0016019889789645426
41	0.0015487280381024102
42	0.0014735114733220023
43	0.001431757680800928
44	0.001462574100646901
45	0.001539824348688055
46	0.001621061084682629
47	0.0016702456044336866
48	0.0016769737479235924
49	0.001637249991179535
50	0.0015531510553774288
51	0.0014510426422880889
52	0.0013633626988310548
53	0.0013160057535025426
54	0.00130869266110547
55	0.0013346008580194318
56	0.001383517623562007
57	0.0014316696088027172
58	0.00145189330774907
59	0.0014256749518730461
60	0.0013690997225045262
61	0.0013069025384378648
62	0.0012591480566692564
63	0.0012272198870022584
64	0.0012078313774422683
65	0.00119782305591747
66	0.0011945441700471954
67	0.0011954711473735626
68	0.001198738957989061
69	0.001205116742187667
70	0.0012160321828137268
71	0.0012321753341577616
72	0.0012512857362949902
73	0.0012703653007468056
74	0.001286044344257714
75	0.0012934668044646738
76	0.0012874050242277564
77	0.0012629743013953024
78	0.0012166617537687312
79	0.001145297454137731
80	0.0010536586855149686
81	9.783115718050267E-4
82	9.637694471354663E-4
83	0.0010360503052984364
84	0.0011471907787444367
85	0.0012307321595885548
86	0.0012388439512268686
87	0.0011982085021794155
88	0.0011541363722472231
89	0.0011396730098914302
90	0.0011388034182136205
91	0.0011232474889754887
92	0.0010760563287590655
93	0.0010256059034277245
94	0.0010116033936651756
95	0.0010582111883293691
96	0.0011274125089752198
97	0.0011656457853318843
98	0.0011369478590307813
99	0.0010757492193123868
100	0.00103407876731944
101	0.001046741765536771
102	0.0010796489218175723
103	0.0010814873053571269
104	0.0010178500607200718
105	9.219546339484593E-4
106	8.439245464536945E-4
107	8.22855867797201E-4
108	8.53734860140474E-4
109	9.205203337950264E-4
110	0.0010037135835481378
111	0.0010699858420901525
112	0.0010825508265871824
113	0.0010212378409722716
114	9.32338536246196E-4
115	8.787601501766646E-4
116	9.04294913266368E-4
117	9.76275026957924E-4
118	0.0010429176854289321
119	0.0010645363281716568
120	0.0010498293759370237
121	0.001019591494790623
122	9.895287147601009E-4
123	9.549925217213253E-4
124	9.062457655122206E-4
125	8.400896067696523E-4
126	7.794784493262539E-4
127	7.539050078136011E-4
128	7.808332145233651E-4
129	8.296118723876028E-4
130	8.575610019984669E-4
131	8.36999521835872E-4
132	8.002419419307783E-4
133	7.946016702019073E-4
134	8.506703861710871E-4
135	9.321528557725712E-4
136	9.860321165437197E-4
137	9.738822380003758E-4
138	9.156414175723146E-4
139	8.458388846677948E-4
140	7.94331085561977E-4
141	7.722833339976332E-4
142	7.861881605844376E-4
143	8.359174013042147E-4
144	8.948601136273904E-4
145	9.297846603965409E-4
146	9.169711476242587E-4
147	8.707466540032057E-4
148	8.149500013960604E-4
149	7.702977881260645E-4
150	7.450177183587132E-4
151	7.442152727200645E-4
152	7.681731860726891E-4
153	7.978832102252058E-4
154	8.095143512227466E-4
155	7.870783978237858E-4
156	7.459582696401712E-4
157	7.093796689970946E-4
158	6.966782114233245E-4
159	7.116291652619436E-4
160	7.541177120596123E-4
161	8.191613719172187E-4
162	8.823070191525618E-4
163	9.142338666376681E-4
164	8.954163056946395E-4
165	8.455094414458815E-4
166	7.939635574638741E-4
167	7.625839688590752E-4
168	7.425961168938532E-4
169	7.175804743685532E-4
170	6.782193523932068E-4
171	6.436024153165901E-4
172	6.399211657971655E-4
173	6.836598961041863E-4
174	7.524740569500705E-4
175	8.14311888658027E-4
176	8.442559120874313E-4
177	8.459257702423237E-4
178	8.300753866629109E-4
179	8.062382644700877E-4
180	7.790662251075048E-4
181	7.519906695995009E-4
182	7.288767342917553E-4
183	7.153244968153087E-4
184	7.17367770122542E-4
185	7.366595956647536E-4
186	7.573299288889123E-4
187	7.591279537409038E-4
188	7.291543777466828E-4
189	6.839160027524761E-4
190	6.472711541845795E-4
191	6.366444279984088E-4
192	6.4372550226586E-4
193	6.537703255879491E-4
194	6.560167595590699E-4
195	6.556303177471255E-4
196	6.617584267133966E-4
197	6.81371359536471E-4
198	7.127307753641674E-4
199	7.519211798616114E-4
200	7.950270786939296E-4
