-300	3.292740733075883E-4
-299	3.531796121979107E-4
-298	3.705869763516574E-4
-297	3.7960611688230093E-4
-296	3.8147738138493933E-4
-295	3.798587371099087E-4
-294	7.135951625079824E-4
-293	8.11800723792391E-4
-292	9.414418682746936E-4
-291	0.0010577102057224414
-290	0.001103468835833836
-289	0.0010452096534482953
-288	9.439397339700979E-4
-287	8.842949479447383E-4
-286	9.259592582539928E-4
-285	0.0010288089971247662
-284	0.0011277685891202447
-283	0.0011696154262279082
-282	0.0011485387701324072
-281	0.001070580849942686
-280	9.502491652862629E-4
-279	8.359122978649617E-4
-278	7.844040998991816E-4
-277	8.317965701351834E-4
-276	9.311142934226767E-4
-275	0.0010146200011372333
-274	0.0010311454414007647
-273	9.957984293205455E-4
-272	9.402557967501909E-4
-271	8.915127546105149E-4
-270	8.578380300911297E-4
-269	8.428187294488462E-4
-268	8.547630773602602E-4
-267	9.208637721811048E-4
-266	0.001073034630686898
-265	0.0013192420284946268
-264	0.0015716625765871618
-263	0.0017185254447888425
-262	0.0016807151758699214
-261	0.0015097378043842976
-260	0.0012897547378317837
-259	0.0010971356758607016
-258	9.770834867134184E-4
-257	9.670093307808114E-4
-256	0.0010877645404539923
-255	0.0012939611361250114
-254	0.0015236513101861532
-253	0.0017155245959203252
-252	0.0018108198901729301
-251	0.001751413430679993
-250	0.001517371629108684
-249	0.001241521592850753
-248	0.0010948806032290942
-247	0.001193322899167481
-246	0.001432150549993205
-245	0.0016515225826344365
-244	0.0017272292853283985
-243	0.0016775859915485252
-242	0.0015565392960773035
-241	0.0014102741587301334
-240	0.0012539289994540732
-239	0.0010948806032290942
-238	9.524830359107057E-4
-237	8.939994868565623E-4
-236	9.986704262998556E-4
-235	0.0013008894864486463
-234	0.0016556629474104734
-233	0.001873150251267746
-232	0.0018233391089775334
-231	0.00161553030699555
-230	0.0014188529006521728
-229	0.0013618837454966537
-228	0.0014109908979537537
-227	0.001491990214667109
-226	0.0015445676767262989
-225	0.0015638897630046713
-224	0.0015589930768215156
-223	0.0015412661551355738
-222	0.0015315052694633963
-221	0.0015528586249609856
-220	0.0016153501196501546
-219	0.0016765064230159596
-218	0.0016807298974092684
-217	0.0015895893334187984
-216	0.0014333192345846676
-215	0.0012593205326848454
-214	0.0011193113024207944
-213	0.0010822781901879573
-212	0.0012215249853052713
-211	0.0015695662839178923
-210	0.001995759909475858
-209	0.0023286744922554254
-208	0.002437928680879857
-207	0.002357341197360439
-206	0.002161780782055462
-205	0.0019295212656199358
-204	0.0017524568398957416
-203	0.0017258867870214786
-202	0.0018968220095868075
-201	0.002119119891985636
-200	0.00219834943906293
-199	0.0020100011153905725
-198	0.0017092512244480944
-197	0.0015211975294419414
-196	0.001600517977659457
-195	0.0018202112527115806
-194	0.0019828562222901506
-193	0.0019525751813828291
-192	0.0018396641341605787
-191	0.0018159625120901875
-190	0.00199507282249395
-189	0.0022576498761161983
-188	0.0024261115595567706
-187	0.002370454306720139
-186	0.002150988740729319
-185	0.0018756040320119577
-184	0.0016394656603298517
-183	0.00148684434278139
-182	0.0014492871057991108
-181	0.0015433949047220438
-180	0.001725984410515191
-179	0.0019389262230500466
-178	0.002130777505071534
-177	0.0022768416708182854
-176	0.0023591086974023637
-175	0.0023740295318799122
-174	0.002375899001083407
-173	0.002433472901789406
-172	0.0025831741514329943
-171	0.002732094150083374
-170	0.0027549914184682727
-169	0.0025746549341970175
-168	0.0023059955024053325
-167	0.0021119543851105395
-166	0.0021045203956104536
-165	0.0021918725523248704
-164	0.0022312374249540807
-163	0.0021235391645321737
-162	0.001944492247428441
-161	0.0018135087313459755
-160	0.0018206096161400627
-159	0.0019382516702747621
-158	0.0021095006043663276
-157	0.0022744680813946965
-156	0.0023614495737945555
-155	0.0022957865063642753
-154	0.0020511176085042534
-153	0.001794270828022997
-152	0.0017403714173310394
-151	0.0020182824801470234
-150	0.0024118185254220293
-149	0.0026185319134152474
-148	0.0024293710854721966
-147	0.0020088688072837147
-146	0.0016149539256269682
-145	0.0014492404893167402
-144	0.0014880833553182762
-143	0.0016515225826344367
-142	0.0018610908474546422
-141	0.0020442912947145606
-140	0.002130119686536418
-139	0.0020777629653130794
-138	0.0019671727945199586
-137	0.0019084920179031082
-136	0.0019861710241213426
-135	0.0021818903814845255
-134	0.0024516382032152844
-133	0.0027423879483036073
-132	0.002965054458808937
-131	0.0030215379225580806
-130	0.002867917332602153
-129	0.0026769869028895068
-128	0.002675719652592806
-127	0.002998396965390872
-126	0.003408533682987168
-125	0.003576953011591317
-124	0.003289627998039753
-123	0.00279313105167617
-122	0.002449184422471073
-121	0.0025134443628563193
-120	0.0028173031351091797
-119	0.0030860870039682753
-118	0.0031158106940091064
-117	0.0029852427691546782
-116	0.002843840253164875
-115	0.002803733913371379
-114	0.0028277494913930795
-113	0.0028413864724206634
-112	0.0027936559654748367
-111	0.0027276155748963728
-110	0.002709834528856062
-109	0.0027825865818618734
-108	0.002890963593770492
-107	0.0029557619507757805
-106	0.002925042827423663
-105	0.0028559265516683017
-104	0.002832798239815921
-103	0.0029107023531622918
-102	0.003027320732961379
-101	0.0030909945654566994
-100	0.003042840164532738
-99	0.0029550743546378783
-98	0.002932689087861478
-97	0.0030422929089822717
-96	0.0031969607335365115
-95	0.0032713840697498288
-94	0.0031875195509005498
-93	0.0030563843104777885
-92	0.0030362606070233524
-91	0.00321880949805463
-90	0.0034292072369913273
-89	0.003426008876228732
-88	0.0030581459930504734
-87	0.0025360562642935637
-86	0.0021605538916833564
-85	0.002148640792261967
-84	0.002382069744338553
-83	0.0026587812415390334
-82	0.0028131248693072943
-81	0.0028250865803590955
-80	0.002711061419228168
-79	0.0025041311565875543
-78	0.002304124467667549
-77	0.0022275567538377625
-76	0.0023514643173833056
-75	0.002594967064251294
-74	0.0028377058013043456
-73	0.0029840425417559787
-72	0.0030372241242233207
-71	0.003025218593674399
-70	0.0029820007174672157
-69	0.0029655721525196793
-68	0.0030399412781396706
-67	0.0032369039295787666
-66	0.0034594057658633303
-65	0.0035781799019634227
-64	0.003509463374842521
-63	0.00335150890943779
-62	0.0032480731526798147
-61	0.003298746290234165
-60	0.0034264526627063607
-59	0.0035099501494369107
-58	0.0034636123480248295
-57	0.003344275729103171
-56	0.003244392481563497
-55	0.003224166996615557
-54	0.0032148124747418618
-53	0.0031152943187431077
-52	0.0028815020781113084
-51	0.002697021889103737
-50	0.0028023640346689833
-49	0.003328064725558466
-48	0.00396476388373494
-47	0.004293127358963987
-46	0.004034022810180212
-45	0.003469125132994305
-44	0.0030203110321859756
-43	0.0030005581828834726
-42	0.003287248141609211
-41	0.0036488634352341474
-40	0.0038910126835793738
-39	0.003967808878266546
-38	0.0038704911038674574
-37	0.003625049846652504
-36	0.0033964811996864946
-35	0.003384532657732839
-34	0.0037085303485139645
-33	0.004166114931588354
-32	0.00447450569947351
-31	0.004420265076169154
-30	0.004067328011603903
-29	0.003548972587188591
-28	0.00301518979746978
-27	0.0026828222895369266
-26	0.0027854256236152105
-25	0.0034574758738032288
-24	0.00443713116969325
-23	0.005363470154750961
-22	0.005951864660100087
-21	0.006222859267496526
-20	0.006273291746354213
-19	0.006183455394417815
-18	0.0059674656227549205
-17	0.005622893370763845
-16	0.005176099383383572
-15	0.004768603627715765
-14	0.0045707158764027485
-13	0.004697200496097146
-12	0.005040640229492767
-11	0.005438072413293715
-10	0.005745804758779617
-9	0.005897226475532164
-8	0.005844997147708577
-7	0.005574008448136784
-6	0.005198080404327583
-5	0.004863265132462494
-4	0.004673751941520456
-3	0.004566278911670114
-2	0.004435721315877541
-1	0.004211664187465864
0	0.003962531601186445
1	0.003791457392147702
2	0.003764766975841585
3	0.0038015520892941703
4	0.003784096049915066
5	0.0036257579368847827
6	0.0033641998764674507
7	0.003068159756698108
8	0.002805047333895026
9	0.002636959837509429
10	0.0026246663652757774
11	0.002788781743045906
12	0.002989303709141145
13	0.0030460757300002006
14	0.0028427956249884047
15	0.0025185786251776085
16	0.0022763943145662907
17	0.0022651173591258424
18	0.0024172427527193005
19	0.0026111705711826115
20	0.0027469456986293052
21	0.0028111922522832335
22	0.002812179157645831
23	0.002758325358643939
24	0.0026586498729060364
25	0.002522321736486009
26	0.0023590992350690006
27	0.002181097652865194
28	0.002001021523716029
29	0.0018364222462057965
30	0.0017242386778901972
31	0.0017062565410677826
32	0.0018028850143463047
33	0.0019490271015703204
34	0.0020582092628935876
35	0.00206629487599009
36	0.0019984949886147157
37	0.0019023575660425782
38	0.0018189816564718557
39	0.0017636706397929833
40	0.001745278978819463
41	0.001764120913173678
42	0.0017863497897135467
43	0.0017695787321058713
44	0.001696477176814536
45	0.001649939811491756
46	0.001737917636586827
47	0.0020161826291692645
48	0.002331790672789457
49	0.002479618627618011
50	0.002320385716379968
51	0.0019781806120181197
52	0.0016429343500296944
53	0.0014652457805295587
54	0.0014383850121031433
55	0.0015162899679535173
56	0.0016464568555523166
57	0.0017506150194454412
58	0.0017440520884473571
59	0.0015771573047340447
60	0.0013407263639275402
61	0.0011606565750113948
62	0.0011253267049251173
63	0.0011730413524320515
64	0.001204586574251499
65	0.0011523466958039503
66	0.0010750991173146549
67	0.0010632195077100502
68	0.0011771397542911161
69	0.001357516617857005
70	0.0015150630775814114
71	0.001579820686175191
72	0.001559145290497848
73	0.001479721310946049
74	0.001365749615263052
75	0.001231496860578484
76	0.0010887461513685642
77	9.568938185231668E-4
78	8.857890985867822E-4
79	9.32894454517555E-4
80	0.0011204311785268468
81	0.0013296558798388848
82	0.001406583996931113
83	0.0012537793608018784
84	9.999993725331466E-4
85	8.305498257277865E-4
86	8.73109589479608E-4
87	0.0010248498348461852
88	0.0011253148083760324
89	0.0010593643031541282
90	8.931202984113065E-4
91	7.380203199148656E-4
92	6.799310476541989E-4
93	7.024357785070805E-4
94	7.6354696357338E-4
95	8.284944532728248E-4
96	8.913776953045742E-4
97	9.535135366876455E-4
98	0.001013956384954445
99	0.0010627108896909326
100	0.0010875192609964583
101	0.0010806560401843378
102	0.0010525250934237502
103	0.00101806261809784
104	9.897455521078473E-4
105	9.702137954273886E-4
106	9.596479885481754E-4
107	9.574797344815253E-4
108	9.601444863171814E-4
109	9.633286596644933E-4
110	9.601019685171428E-4
111	9.330673204061407E-4
112	8.622109212468307E-4
113	7.453704732650652E-4
114	6.517896639287369E-4
115	6.685636770162472E-4
116	8.42277929849011E-4
117	0.0010574787739204962
118	0.001158202794267183
119	0.0010400184915794366
120	8.046220291631647E-4
121	6.052414859781587E-4
122	5.574213912992553E-4
123	6.259720756614708E-4
124	7.380203199148656E-4
125	8.301667086400228E-4
126	8.769070413396136E-4
127	8.622109212468307E-4
128	7.854074170432167E-4
129	7.072634592037129E-4
130	7.039054436516095E-4
131	8.225356928909087E-4
132	9.94660235748459E-4
133	0.0011228610276318206
134	0.0011400081280035193
135	0.0011001240125459463
136	0.0010875192609964583
137	0.0011530074662493223
138	0.0012134142738264477
139	0.0011520683424066527
140	9.046206997219593E-4
141	6.160118497171988E-4
142	4.835046653904057E-4
143	6.324882952450633E-4
144	9.008569898064535E-4
145	0.0010546312751053084
146	9.324083424694352E-4
147	6.630920444149498E-4
148	4.481628987550434E-4
149	4.3574593772427423E-4
150	5.605442512426662E-4
151	7.039054436516095E-4
152	7.793222179969896E-4
153	8.28867672142674E-4
154	9.267600026570252E-4
155	0.001113579942336903
156	0.0012953583688931557
157	0.0013444886962651304
158	0.001179837408992466
159	9.061632740159784E-4
160	6.74698128876777E-4
161	6.01509364507473E-4
162	6.620065854066842E-4
163	7.964349494645303E-4
164	9.488861361330329E-4
165	0.001078837911111825
166	0.001149614561662441
167	0.0011350197340160495
168	0.0010507745102823576
169	9.230793315407074E-4
170	7.796483480186784E-4
171	6.542505465368041E-4
172	5.821686230638564E-4
173	5.874147020283198E-4
174	6.48918621697533E-4
175	7.343396487985476E-4
176	8.180263479141306E-4
177	9.010844750499076E-4
178	9.913090840672197E-4
179	0.0010876720680552683
180	0.001153852677014699
181	0.001144707000174017
182	0.0010330587095405002
183	8.636018082365114E-4
184	6.989978821631857E-4
185	5.913117567213863E-4
186	5.502212153108945E-4
187	5.748072808312204E-4
188	6.533005596147214E-4
189	7.30529991725143E-4
190	7.404741006590775E-4
191	6.412045855412725E-4
192	4.871658480090946E-4
193	3.5689546532806507E-4
194	3.084597167769079E-4
195	5.470638825669406E-4
196	4.984499904584523E-4
197	4.346249305870671E-4
198	3.6850860466519745E-4
199	3.2274540705097234E-4
200	3.1328199449372283E-4
