#Tye7_GEM_1.m4
#KSM version: 1
#196/196
#1.11
#k-mer/r.c.      	Offset	PosCt	wPosCt	NegCt	HgpLg10	CIDs	PosHits (base85 encoding)	NegHits (base85 encoding)
CATCAGCT/AGCTGATG	-4	12	12	0	-4.6	*	z5QCfb!!!'#!<>@b!/MHl"FpIQ~	
ANCTGNTNCAG/CTGNANCAGNT	0	9	9	0	-3.7	-0,1	N.A.	N.A.
CAGCTGTT/AACAGCTG	-1	9	9	0	-3.7	*	zz!!!'#!!!!1!/MHl"FpIQ~	
TGTTCCAG/CTGGAACA	3	9	9	1	-3.1	*	zz!!!'#z!/MHl"FqTq~	zzzz!!i~
GTTCCAGA/TCTGGAAC	4	9	9	2	-2.3	*	zz!!!'#z!/MHl"FqTq~	zzzz+:%~
ACATCAGC/GCTGATGT	-5	8	8	0	-3.4	*	z5QCca!!!'#!<<*"!/MHl!.Y~	
AGCTGTTC/GAACAGCT	0	8	8	0	-3.4	*	zz!!!'#z!/MHl"FpIQ~	
GNTGTNCCAG/CTGGNACANC	1	8	8	0	-3.4	-2,-3	N.A.	N.A.
CTGTTCCA/TGGAACAG	2	8	8	0	-3.4	*	zz!!!'#z!/MHl"FpIQ~	
GCTGTTCC/GGAACAGC	1	8	8	0	-3.4	*	zz!!!'#z!/MHl"FpIQ~	
CNGNTGTNCCA/TGGNACANCNG	-1	8	8	0	-3.4	-4,-5	N.A.	N.A.
GGACATCA/TGATGTCC	-7	5	5	0	-2.4	*	zzzz!/MHl!.Y~	
GGGACATC/GATGTCCC	-8	5	5	0	-2.4	*	zzzz!/MHl!.Y~	
GCTGCGCC/GGCGCAGC	1	4	4	0	-2.1	*	z!W[`Nzz!!*'"!!*~	
GCTTCATC/GATGAAGC	-8	4	4	1	-1.5	*	J,fS"zzzz"98E&~	!.Y~
GGGGTTCC/GGAACCCC	3	4	4	0	-2.1	*	zzJ,fQLz"98Eez!W~	
CCCGTTTT/AAAACGGG	7	3	3	1	-1.5	*	!<<*"&-)\1zzzz"9~	zzzz!!E~
CCTTTCCT/AGGAAAGG	3	3	3	0	-1.8	*	!!E9%!!!!1zzz!!!!A~	
GGGTTCCG/CGGAACCC	4	3	3	0	-1.8	*	zzJ,fQLz!!!!az!W~	
GAGATGCC/GGCATCTC	-8	3	3	0	-1.8	*	z#QOi)zz!!!'#!$D~	
TCAGCTGC/GCAGCTGA	-1	3	3	0	-1.8	*	zzz!<<*"z!!*'B~	
ACTGGGGC/GCCCCAGT	-4	3	3	0	-1.8	*	z!!!Q1zz!!!"L!!3~	
TCATCAGC/GCTGATGA	-5	3	3	0	-1.8	*	z!!#7azzz"98E&~	
GCATCAGC/GCTGATGC	-3	3	3	0	-1.8	*	z!!!<*z!!#7~	
CCCTTTCC/GGAAAGGG	2	3	3	0	-1.8	*	z!!!!1!<<*"!!E~	
GTTCCGGC/GCCGGAAC	4	3	3	0	-1.8	*	zzzz!!!!a!$D7A!W~	
GTTGTGCC/GGCACAAC	1	3	3	1	-1.5	*	!<<*"!!!!%zzzz"9~	zzzz!!#7~
GCAGCTGC/GCAGCTGC	-2	2	2	0	-1.5	*	zzzz5QL~	
$$$
CTGAAGCAGGT/ACCTGCTTCAG	0	3	3	0	-1.8	0	zz!!!'#zz!.Z0~	
AGCTGTTCCAG/CTGGAACAGCT	0	8	8	0	-3.4	1	zz!!!'#z!/MHl"FpIQ~	
CTGGGACATC/GATGTCCCAG	0	5	5	0	-2.4	2	zzzz!/MHl!.Y~	
CTGGAACAGC/GCTGTTCCAG	0	8	8	0	-3.4	3	zz!!!'#z!/MHl"FpIQ~	
TGGAACAGCTG/CAGCTGTTCCA	0	8	8	0	-3.4	4	zz!!!'#z!/MHl"FpIQ~	
TGGGACATCAG/CTGATGTCCCA	0	5	5	0	-2.4	5	zzzz!/MHl!.Y~	
%%%
14 0 0 0 0 0 0 8 0 8 8 0 0 0 0 0 0 0 0 0 0 0 0 0 0 0 0 0 0 0 0 8 0 8 0 0 8 0 9 0 0 0 0 0 0 0 0 0 8 0 0 8 8 0 8 8 0 0 8 0 9 0 0 0 10 0 0 0 0 0 0 9 0 0 0 0 0 0 0 0 0 17 0 0 0 0 0 0 0 0 0 0 0 0 0 0 9 0 0 0 0 0 0 0 0 0 10 0 0 0 0 0 0 0 0 0 0 0 8 0 0 0 0 0 8 0 0 0 0 0 8 0 0 0 8 0 11 0 0 20 0 0 0 20 0 0 0 20 20 0 0 0 0 0 0 0 0 0 9 8 0 0 20 0 0 0 0 0 8 8 0 0 0 8 0 20 0 0 0 0 0 8 0 0 20 0 0 0 0 8 0 0 0 9 14 8 
0 0 0 0 0 0 0 0 0 0 0 0 0 0 0 8 0 0 0 0 0 0 0 0 0 0 0 0 0 0 0 0 0 0 0 0 0 0 0 0 0 0 0 0 0 0 0 0 0 0 0 0 0 0 0 0 0 0 0 0 0 0 0 0 0 0 0 0 0 0 0 0 0 0 0 0 0 0 0 0 0 0 0 0 0 0 0 0 0 0 0 0 0 0 0 0 0 0 0 0 0 0 0 0 0 0 0 0 0 0 0 0 0 0 0 0 0 0 0 0 0 0 0 0 0 0 0 0 0 0 0 0 0 8 0 0 0 0 8 9 0 0 0 0 0 0 0 0 0 0 8 0 0 0 0 0 0 0 0 0 0 0 0 0 0 0 0 0 0 0 0 0 0 0 0 0 0 0 0 0 0 0 0 0 0 0 0 0 0 0 0 0 0 0 0 0 
1.2961 1.4504 1.3654 1.2625 1.1827 1.2181 1.3034 1.1993 1.2130 1.1929 1.2825 1.3190 1.1473 1.2460 1.2545 1.1416 1.1761 1.1922 1.2905 1.1448 1.4232 1.3230 1.2947 1.1754 1.2994 1.2612 1.1249 1.1298 1.1757 1.1769 1.0057 1.2211 1.1668 0.9866 1.2825 1.0569 1.2151 0.9656 1.1456 0.9983 1.2650 1.0355 1.0411 1.1566 1.0902 1.0411 0.9815 0.8821 1.1129 0.7691 0.9121 0.9809 1.0286 0.9580 1.0180 0.9429 0.9550 1.0894 1.0146 1.2682 1.0336 1.0476 0.9580 0.9110 0.8633 1.0875 0.7598 0.9835 0.9494 0.9615 1.1772 0.9390 0.7233 0.9830 0.9871 1.0476 1.0975 0.9024 1.0124 0.9300 1.0080 1.1042 0.8675 0.8715 0.8152 0.8612 0.7578 0.8974 0.9729 1.0107 0.8457 0.9356 0.8803 0.7349 0.8166 0.9866 0.9487 0.8965 0.9804 0.8858 0.9487 1.0221 0.8644 1.1254 0.9206 0.8558 0.8849 0.9475 0.8623 0.8095 0.9221 0.9825 0.9462 0.8840 0.8991 0.8386 0.9820 0.9550 0.8110 0.9016 0.8503 0.8840 0.9598 0.9024 0.9314 0.9667 0.9121 0.7498 1.0100 0.9342 0.9257 0.8052 1.1775 0.8095 0.9113 0.8735 1.0171 0.9272 0.8982 1.0359 0.8180 0.8956 0.9257 0.8435 0.9751 1.0783 0.7425 1.0720 0.8220 0.9113 0.9074 0.9250 0.8664 1.1354 1.1772 0.9627 0.9788 1.0254 0.9065 0.9114 0.8849 0.9740 0.9410 0.8886 1.0133 0.8633 0.8445 0.9369 0.9449 0.9846 1.2829 0.9362 0.9243 0.8904 0.8982 0.9513 0.8774 0.7848 0.8651 0.8735 0.8480 0.9969 0.8781 0.8991 0.8654 0.7210 0.9493 1.0550 0.9328 0.8373 0.9624 1.2182 0.9597 0.8460 1.2750 1.1885 
