Position	IP	CondAna_Present	CondAna_IP	CondAna_Control	CondAna_Fold	CondAna_Expectd	CondAna_Q_-lg10	CondAna_P_-lg10	CondAna_P_poiss	CondAna_IPvsEMP	CondAna_Noise	CondEth_Present	CondEth_IP	CondEth_Control	CondEth_Fold	CondEth_Expectd	CondEth_Q_-lg10	CondEth_P_-lg10	CondEth_P_poiss	CondEth_IPvsEMP	CondEth_Noise	CondGlu_Present	CondGlu_IP	CondGlu_Control	CondGlu_Fold	CondGlu_Expectd	CondGlu_Q_-lg10	CondGlu_P_-lg10	CondGlu_P_poiss	CondGlu_IPvsEMP	CondGlu_Noise	CondNit_Present	CondNit_IP	CondNit_Control	CondNit_Fold	CondNit_Expectd	CondNit_Q_-lg10	CondNit_P_-lg10	CondNit_P_poiss	CondNit_IPvsEMP	CondNit_Noise	KmerGroup	MotifId	KG_score	Strand
1:34622	  234.0	1	   25.0	NaN	NaN	    7.1	   6.46	NaN	   6.86	  -0.92	   0.00	1	  117.0	NaN	NaN	   24.4	  40.72	NaN	  40.95	  -0.96	   0.00	1	   77.0	NaN	NaN	   17.0	  25.48	NaN	  25.84	  -0.96	   0.00	0	   15.0	NaN	NaN	   26.0	  -0.13	NaN	   0.00	  -0.90	   0.00	--------	-1	0.00	*
1:57577	  501.3	1	   18.8	NaN	NaN	    9.0	   2.37	NaN	   2.60	  -0.95	   0.00	1	  406.2	NaN	NaN	   31.6	 289.96	NaN	 290.59	  -0.81	   0.00	1	   66.1	NaN	NaN	   19.4	  16.49	NaN	  16.74	  -1.00	   0.00	0	   10.1	NaN	NaN	   33.4	  -0.02	NaN	   0.00	  -0.79	   0.00	--------	-1	0.00	*
1:57788	  163.7	0	    6.2	NaN	NaN	    8.5	   0.08	NaN	   0.13	  -0.36	   0.00	1	  113.8	NaN	NaN	   25.2	  37.32	NaN	  37.54	  -0.43	   0.00	0	   28.9	NaN	NaN	   18.1	   1.90	NaN	   1.97	  -0.55	   0.00	0	   14.9	NaN	NaN	   34.1	  -0.04	NaN	   0.00	  -0.48	   0.00	--------	-1	0.00	*
1:60491	 1272.3	1	   97.6	NaN	NaN	    8.2	  66.62	NaN	  68.01	  -0.85	   0.00	1	  702.6	NaN	NaN	   25.7	 999.00	NaN	 999.00	  -0.62	   0.00	1	  342.1	NaN	NaN	   17.3	 304.10	NaN	 305.35	  -0.75	   0.00	1	  130.1	NaN	NaN	   39.0	  29.14	NaN	  30.47	  -0.83	   0.00	--------	-1	0.00	*
1:60696	 1915.7	1	   85.4	NaN	NaN	    9.5	  49.47	NaN	  50.58	  -1.08	   0.00	1	 1332.4	NaN	NaN	   32.5	 999.00	NaN	 999.00	  -0.66	   0.00	1	  379.9	NaN	NaN	   20.6	 999.00	NaN	 999.00	  -0.88	   0.00	1	  117.9	NaN	NaN	   37.1	  24.34	NaN	  25.59	  -0.96	   0.00	--------	-1	0.00	*
1:173165	  462.0	1	   22.0	NaN	NaN	    7.1	   4.91	NaN	   5.26	  -0.99	   0.03	1	  348.0	NaN	NaN	   24.4	 262.46	NaN	 263.06	  -0.77	   0.03	1	   58.0	NaN	NaN	   17.0	  14.05	NaN	  14.27	  -1.07	   0.03	0	   34.0	NaN	NaN	   25.3	   0.59	NaN	   1.25	  -0.87	   0.03	--------	-1	0.00	*
10:57774	  289.0	1	   36.0	NaN	NaN	    9.6	   9.83	NaN	  10.30	  -0.84	   0.21	1	  115.0	NaN	NaN	   19.7	  47.83	NaN	  48.09	  -0.95	   0.21	1	  106.0	NaN	NaN	   17.6	  45.15	NaN	  45.63	  -0.90	   0.21	0	   32.0	NaN	NaN	   29.7	  -0.01	NaN	   0.44	  -0.74	   0.21	--------	-1	0.00	*
10:125705	  204.0	1	   45.0	NaN	NaN	    7.4	  19.43	NaN	  20.07	  -1.05	   0.25	1	   72.0	NaN	NaN	   21.0	  17.52	NaN	  17.67	  -0.89	   0.25	1	   68.0	NaN	NaN	   18.2	  18.38	NaN	  18.65	  -0.86	   0.25	0	   19.0	NaN	NaN	   28.0	  -0.19	NaN	   0.01	  -0.83	   0.25	--------	-1	0.00	*
10:321119	 1703.0	1	   86.0	NaN	NaN	    7.4	  57.41	NaN	  58.62	  -0.84	   0.17	1	 1083.0	NaN	NaN	   27.5	 999.00	NaN	 999.00	  -0.61	   0.17	1	  387.0	NaN	NaN	   19.5	 999.00	NaN	 999.00	  -0.86	   0.17	1	  147.0	NaN	NaN	   29.1	  52.00	NaN	  53.69	  -0.82	   0.17	--------	-1	0.00	*
10:375309	  335.0	1	   22.0	NaN	NaN	    9.2	   3.39	NaN	   3.66	  -0.88	   0.00	1	  218.0	NaN	NaN	   38.5	  87.36	NaN	  87.73	  -0.88	   0.00	1	   72.0	NaN	NaN	   18.8	  19.85	NaN	  20.15	  -0.95	   0.00	0	   23.0	NaN	NaN	   26.8	  -0.21	NaN	   0.10	  -0.89	   0.00	--------	-1	0.00	*
10:442298	  181.0	0	    9.0	NaN	NaN	    8.0	   0.30	NaN	   0.39	  -0.94	   0.00	1	   90.0	NaN	NaN	   23.5	  24.76	NaN	  24.94	  -1.11	   0.00	1	   46.0	NaN	NaN	   18.9	   6.87	NaN	   7.01	  -0.82	   0.00	0	   36.0	NaN	NaN	   28.8	   0.35	NaN	   0.96	  -0.77	   0.00	--------	-1	0.00	*
10:445002	 1544.8	0	   16.6	NaN	NaN	   10.0	   1.38	NaN	   1.55	  -0.63	   0.00	1	 1186.8	NaN	NaN	   22.2	 999.00	NaN	 999.00	  -0.63	   0.00	1	  258.5	NaN	NaN	   19.6	 186.98	NaN	 187.95	  -0.85	   0.00	1	   83.0	NaN	NaN	   30.5	  13.77	NaN	  14.92	  -0.96	   0.00	--------	-1	0.00	*
10:445092	 1064.2	1	  100.4	NaN	NaN	    9.7	  63.14	NaN	  64.43	  -1.05	   0.00	1	  604.2	NaN	NaN	   22.3	 999.00	NaN	 999.00	  -0.59	   0.00	1	  217.5	NaN	NaN	   19.5	 143.16	NaN	 144.09	  -0.83	   0.00	1	  142.0	NaN	NaN	   30.3	  46.63	NaN	  48.22	  -0.87	   0.00	--------	-1	0.00	*
10:458761	  240.0	0	    7.0	NaN	NaN	    8.8	   0.07	NaN	   0.11	  -0.60	   0.26	1	  178.0	NaN	NaN	   20.8	  98.67	NaN	  99.07	  -0.89	   0.26	1	   29.0	NaN	NaN	   16.6	   2.37	NaN	   2.45	  -0.79	   0.26	0	   26.0	NaN	NaN	   26.0	  -0.11	NaN	   0.28	  -0.86	   0.26	--------	-1	0.00	*
10:540398	  118.0	0	    9.0	NaN	NaN	    8.3	   0.26	NaN	   0.34	  -0.79	   0.00	1	   41.0	NaN	NaN	   19.7	   4.63	NaN	   4.72	  -0.92	   0.00	1	   50.0	NaN	NaN	   16.6	  10.38	NaN	  10.54	  -1.06	   0.00	0	   18.0	NaN	NaN	   28.4	  -0.16	NaN	   0.01	  -0.89	   0.00	--------	-1	0.00	*
10:634327	  236.0	1	   20.0	NaN	NaN	    7.4	   3.70	NaN	   4.00	  -0.95	   0.00	1	  132.0	NaN	NaN	   20.5	  59.51	NaN	  59.83	  -0.88	   0.00	1	   68.0	NaN	NaN	   20.6	  15.74	NaN	  15.97	  -0.84	   0.00	0	   16.0	NaN	NaN	   26.0	  -0.15	NaN	   0.01	  -0.82	   0.00	--------	-1	0.00	*
11:27204	  324.0	0	   17.0	NaN	NaN	    9.3	   1.65	NaN	   1.83	  -0.93	   0.31	1	  204.0	NaN	NaN	   35.7	  82.63	NaN	  82.98	  -0.87	   0.31	1	   70.0	NaN	NaN	   22.7	  14.65	NaN	  14.87	  -0.88	   0.31	0	   33.0	NaN	NaN	   27.1	   0.25	NaN	   0.83	  -0.72	   0.31	--------	-1	0.00	*
11:171070	 2167.0	1	  156.0	NaN	NaN	   11.7	 112.25	NaN	 114.07	  -0.92	   0.09	1	 1324.0	NaN	NaN	   42.5	 999.00	NaN	 999.00	  -0.60	   0.09	1	  557.0	NaN	NaN	   28.5	 999.00	NaN	 999.00	  -0.73	   0.09	1	  130.0	NaN	NaN	   36.3	  31.30	NaN	  32.75	  -0.89	   0.09	--------	-1	0.00	*
11:290927	  166.0	1	   30.0	NaN	NaN	    9.0	   7.11	NaN	   7.54	  -0.98	   0.00	1	   46.0	NaN	NaN	   23.7	   4.42	NaN	   4.51	  -0.94	   0.00	1	   64.0	NaN	NaN	   17.9	  16.42	NaN	  16.67	  -0.90	   0.00	0	   26.0	NaN	NaN	   27.4	  -0.17	NaN	   0.20	  -0.92	   0.00	--------	-1	0.00	*
11:314907	  210.0	0	   14.0	NaN	NaN	    7.5	   1.48	NaN	   1.66	  -0.83	   0.26	1	  141.0	NaN	NaN	   23.7	  59.46	NaN	  59.77	  -0.89	   0.26	1	   40.0	NaN	NaN	   18.7	   4.78	NaN	   4.89	  -0.80	   0.26	0	   15.0	NaN	NaN	   27.6	  -0.11	NaN	   0.00	  -0.66	   0.26	--------	-1	0.00	*
11:333833	 4388.5	1	   75.5	NaN	NaN	   10.2	  38.05	NaN	  38.93	  -0.98	   0.01	1	 3402.7	NaN	NaN	   32.8	 999.00	NaN	 999.00	  -0.54	   0.01	1	  823.4	NaN	NaN	   22.0	 999.00	NaN	 999.00	  -0.68	   0.01	1	   86.9	NaN	NaN	   40.4	   8.87	NaN	   9.84	  -0.93	   0.01	--------	-1	0.00	*
11:333891	  863.5	1	  108.5	NaN	NaN	   10.1	  69.54	NaN	  71.06	  -0.96	   0.01	1	  306.3	NaN	NaN	   32.7	 180.67	NaN	 181.22	  -0.45	   0.01	1	  343.6	NaN	NaN	   21.9	 272.23	NaN	 273.44	  -0.66	   0.01	1	  105.1	NaN	NaN	   40.4	  16.14	NaN	  17.32	  -0.95	   0.01	--------	-1	0.00	*
11:388212	  855.0	1	   34.0	NaN	NaN	    7.7	  11.05	NaN	  11.54	  -0.93	   0.11	1	  617.0	NaN	NaN	   65.6	 999.00	NaN	 999.00	  -0.74	   0.11	1	  163.0	NaN	NaN	   25.4	  72.68	NaN	  73.33	  -0.97	   0.11	0	   41.0	NaN	NaN	   27.1	   1.43	NaN	   2.13	  -0.71	   0.11	--------	-1	0.00	*
11:391031	  705.0	1	   96.0	NaN	NaN	    7.5	  68.03	NaN	  69.48	  -1.03	   0.02	1	  424.0	NaN	NaN	   63.4	 194.52	NaN	 195.08	  -0.83	   0.02	1	  151.0	NaN	NaN	   24.9	  64.42	NaN	  65.01	  -1.03	   0.02	0	   34.0	NaN	NaN	   27.1	   0.35	NaN	   0.96	  -0.85	   0.02	--------	-1	0.00	*
12:14583	  311.0	0	   11.0	NaN	NaN	    7.0	   0.85	NaN	   0.99	  -1.38	   0.30	1	  218.0	NaN	NaN	   21.7	 134.22	NaN	 134.68	  -0.85	   0.30	1	   69.0	NaN	NaN	   16.5	  21.12	NaN	  21.43	  -0.93	   0.30	0	   13.0	NaN	NaN	   26.0	  -0.08	NaN	   0.00	  -0.78	   0.30	--------	-1	0.00	*
12:34647	  155.0	1	   18.0	NaN	NaN	    7.0	   3.16	NaN	   3.42	  -0.73	   0.34	1	   81.0	NaN	NaN	   19.6	  24.47	NaN	  24.65	  -0.96	   0.34	1	   35.0	NaN	NaN	   16.5	   4.22	NaN	   4.32	  -1.03	   0.34	0	   21.0	NaN	NaN	   26.3	  -0.20	NaN	   0.06	  -0.85	   0.34	--------	-1	0.00	*
12:69218	  233.0	1	   20.0	NaN	NaN	    7.2	   3.86	NaN	   4.17	  -0.89	   0.00	1	  126.0	NaN	NaN	   25.0	  45.85	NaN	  46.10	  -0.97	   0.00	1	   72.0	NaN	NaN	   19.0	  19.68	NaN	  19.98	  -0.99	   0.00	0	   15.0	NaN	NaN	   27.7	  -0.11	NaN	   0.00	  -1.07	   0.00	--------	-1	0.00	*
12:213480	 1287.8	1	   21.4	NaN	NaN	    9.5	   3.18	NaN	   3.43	  -0.78	   0.00	1	 1057.5	NaN	NaN	   34.3	 999.00	NaN	 999.00	  -0.57	   0.00	1	  147.9	NaN	NaN	   19.9	  74.17	NaN	  74.84	  -0.66	   0.00	0	   61.0	NaN	NaN	   44.0	   1.50	NaN	   2.23	  -0.59	   0.00	--------	-1	0.00	*
12:213711	 2058.2	1	   26.6	NaN	NaN	    9.1	   5.58	NaN	   5.94	  -1.07	   0.00	1	 1619.5	NaN	NaN	   33.9	 999.00	NaN	 999.00	  -0.66	   0.00	1	  324.1	NaN	NaN	   20.8	 256.65	NaN	 257.80	  -0.89	   0.00	1	   88.0	NaN	NaN	   42.7	   8.14	NaN	   9.07	  -0.96	   0.00	--------	-1	0.00	*
12:221195	  188.0	1	   46.0	NaN	NaN	    7.0	  21.17	NaN	  21.82	  -1.08	   0.27	1	   43.0	NaN	NaN	   19.6	   5.40	NaN	   5.50	  -1.08	   0.27	1	   81.0	NaN	NaN	   17.4	  27.46	NaN	  27.85	  -0.93	   0.27	0	   18.0	NaN	NaN	   33.1	  -0.08	NaN	   0.00	  -0.62	   0.27	--------	-1	0.00	*
12:349858	  462.0	1	   27.0	NaN	NaN	   10.7	   4.39	NaN	   4.72	  -0.80	   0.20	1	  265.0	NaN	NaN	   27.0	 160.40	NaN	 160.93	  -0.86	   0.20	1	  131.0	NaN	NaN	   21.0	  57.20	NaN	  57.76	  -0.89	   0.20	0	   39.0	NaN	NaN	   31.1	   0.38	NaN	   1.01	  -1.07	   0.20	--------	-1	0.00	*
12:369777	  325.0	1	   49.0	NaN	NaN	    7.0	  23.64	NaN	  24.32	  -1.00	   0.33	1	  121.0	NaN	NaN	   19.6	  52.86	NaN	  53.14	  -0.82	   0.33	1	  122.0	NaN	NaN	   16.5	  61.13	NaN	  61.71	  -0.83	   0.33	0	   33.0	NaN	NaN	   26.0	   0.36	NaN	   0.98	  -0.74	   0.33	--------	-1	0.00	*
12:428753	  199.0	0	    8.0	NaN	NaN	    7.0	   0.30	NaN	   0.39	  -0.91	   0.46	1	  108.0	NaN	NaN	   19.6	  42.91	NaN	  43.15	  -0.86	   0.46	1	   67.0	NaN	NaN	   16.5	  19.89	NaN	  20.19	  -0.90	   0.46	0	   16.0	NaN	NaN	   26.0	  -0.14	NaN	   0.01	  -0.90	   0.46	--------	-1	0.00	*
12:460562	  160.0	0	   10.0	NaN	NaN	    7.5	   0.52	NaN	   0.64	  -0.78	   0.00	1	   57.0	NaN	NaN	   19.6	  11.20	NaN	  11.32	  -0.86	   0.00	1	   65.0	NaN	NaN	   16.5	  18.69	NaN	  18.98	  -0.90	   0.00	0	   28.0	NaN	NaN	   29.9	  -0.18	NaN	   0.18	  -0.75	   0.00	--------	-1	0.00	*
12:687447	  328.0	0	    6.0	NaN	NaN	   11.7	  -0.01	NaN	   0.01	  -0.81	   0.14	1	  212.0	NaN	NaN	   28.6	 105.88	NaN	 106.29	  -0.82	   0.14	1	   79.0	NaN	NaN	   25.6	  16.55	NaN	  16.81	  -0.92	   0.14	0	   31.0	NaN	NaN	   29.4	  -0.03	NaN	   0.39	  -0.95	   0.14	--------	-1	0.00	*
12:690207	  323.0	1	   37.0	NaN	NaN	   14.1	   6.16	NaN	   6.56	  -1.20	   0.16	1	  148.0	NaN	NaN	   26.9	  58.17	NaN	  58.46	  -0.99	   0.16	1	  110.0	NaN	NaN	   23.2	  37.71	NaN	  38.15	  -1.02	   0.16	0	   28.0	NaN	NaN	   32.7	  -0.21	NaN	   0.09	  -0.71	   0.16	--------	-1	0.00	*
12:706974	  617.0	0	    9.0	NaN	NaN	    7.0	   0.45	NaN	   0.56	  -0.93	   0.09	1	  499.0	NaN	NaN	   19.6	 999.00	NaN	 999.00	  -0.80	   0.09	1	   72.0	NaN	NaN	   17.3	  21.76	NaN	  22.10	  -0.87	   0.09	0	   37.0	NaN	NaN	   28.3	   0.54	NaN	   1.18	  -0.73	   0.09	--------	-1	0.00	*
12:797097	  184.0	0	   14.0	NaN	NaN	    8.2	   1.23	NaN	   1.39	  -0.70	   0.00	1	   88.0	NaN	NaN	   23.4	  23.82	NaN	  23.99	  -0.93	   0.00	1	   61.0	NaN	NaN	   20.4	  12.35	NaN	  12.55	  -0.88	   0.00	0	   21.0	NaN	NaN	   26.3	  -0.21	NaN	   0.06	  -0.78	   0.00	--------	-1	0.00	*
12:966159	  145.0	0	    9.0	NaN	NaN	    7.0	   0.46	NaN	   0.56	  -1.09	   0.24	1	   64.0	NaN	NaN	   19.6	  14.66	NaN	  14.80	  -0.95	   0.24	1	   59.0	NaN	NaN	   17.8	  13.78	NaN	  13.99	  -0.97	   0.24	0	   13.0	NaN	NaN	   26.9	  -0.07	NaN	   0.00	  -0.87	   0.24	--------	-1	0.00	*
13:113971	  199.0	0	    5.0	NaN	NaN	    7.8	   0.02	NaN	   0.05	  -0.90	   0.00	1	  130.0	NaN	NaN	   19.9	  59.20	NaN	  59.50	  -0.97	   0.00	1	   50.0	NaN	NaN	   18.7	   8.65	NaN	   8.81	  -0.92	   0.00	0	   14.0	NaN	NaN	   31.0	  -0.05	NaN	   0.00	  -0.42	   0.00	--------	-1	0.00	*
13:162227	  442.0	1	   26.0	NaN	NaN	    9.7	   4.65	NaN	   4.97	  -0.85	   0.23	1	  243.0	NaN	NaN	   21.6	 160.42	NaN	 160.95	  -0.89	   0.23	1	  138.0	NaN	NaN	   20.5	  64.16	NaN	  64.75	  -0.95	   0.23	0	   35.0	NaN	NaN	   30.2	   0.17	NaN	   0.67	  -0.83	   0.23	--------	-1	0.00	*
13:330178	  198.0	0	    6.0	NaN	NaN	    7.6	   0.07	NaN	   0.11	  -0.83	   0.36	1	  109.0	NaN	NaN	   19.5	  43.84	NaN	  44.08	  -0.82	   0.36	1	   57.0	NaN	NaN	   16.8	  13.71	NaN	  13.92	  -1.00	   0.36	0	   26.0	NaN	NaN	   28.2	  -0.18	NaN	   0.17	  -0.70	   0.36	--------	-1	0.00	*
13:332808	  140.0	0	   11.0	NaN	NaN	    8.9	   0.46	NaN	   0.56	  -0.99	   0.00	1	   53.0	NaN	NaN	   23.2	   7.02	NaN	   7.12	  -0.96	   0.00	1	   54.0	NaN	NaN	   17.1	  11.82	NaN	  12.01	  -0.90	   0.00	0	   22.0	NaN	NaN	   28.6	  -0.19	NaN	   0.04	  -0.67	   0.00	--------	-1	0.00	*
13:403032	  392.2	1	   17.0	NaN	NaN	    8.4	   2.01	NaN	   2.21	  -0.85	   0.00	1	  322.4	NaN	NaN	   25.2	 229.51	NaN	 230.08	  -0.84	   0.00	1	   40.7	NaN	NaN	   22.9	   3.30	NaN	   3.39	  -0.87	   0.00	0	   12.1	NaN	NaN	   26.5	  -0.07	NaN	   0.00	  -0.65	   0.00	--------	-1	0.00	*
13:403130	  248.8	0	    7.0	NaN	NaN	    8.4	   0.15	NaN	   0.22	  -0.51	   0.00	1	  145.6	NaN	NaN	   24.9	  60.79	NaN	  61.11	  -0.71	   0.00	1	   84.3	NaN	NaN	   23.9	  21.37	NaN	  21.70	  -0.82	   0.00	0	   11.9	NaN	NaN	   26.5	  -0.06	NaN	   0.00	  -0.55	   0.00	--------	-1	0.00	*
13:405643	  390.0	1	   32.0	NaN	NaN	    7.7	   9.77	NaN	  10.23	  -0.89	   0.28	1	  260.0	NaN	NaN	   24.9	 163.98	NaN	 164.52	  -0.86	   0.28	1	   70.0	NaN	NaN	   21.6	  15.86	NaN	  16.10	  -0.89	   0.28	0	   28.0	NaN	NaN	   27.9	  -0.11	NaN	   0.28	  -0.79	   0.28	--------	-1	0.00	*
13:652624	 1624.0	1	   83.0	NaN	NaN	    9.7	  45.90	NaN	  46.91	  -0.92	   0.20	1	 1028.0	NaN	NaN	   26.8	 999.00	NaN	 999.00	  -0.64	   0.20	1	  431.0	NaN	NaN	   19.4	 999.00	NaN	 999.00	  -0.82	   0.20	1	   82.0	NaN	NaN	   30.5	  12.93	NaN	  14.04	  -0.87	   0.20	--------	-1	0.00	*
13:728894	  115.0	0	   11.0	NaN	NaN	    7.3	   0.77	NaN	   0.92	  -0.97	   0.00	1	   60.0	NaN	NaN	   19.0	  13.16	NaN	  13.30	  -0.98	   0.00	0	   23.0	NaN	NaN	   17.9	   0.81	NaN	   0.86	  -0.98	   0.00	0	   21.0	NaN	NaN	   32.0	  -0.16	NaN	   0.01	  -0.83	   0.00	--------	-1	0.00	*
13:750922	  429.0	1	   37.0	NaN	NaN	    7.3	  13.77	NaN	  14.34	  -1.00	   0.09	1	  206.0	NaN	NaN	   27.0	 105.07	NaN	 105.48	  -0.82	   0.09	1	  152.0	NaN	NaN	   19.8	  77.93	NaN	  78.61	  -0.98	   0.09	0	   34.0	NaN	NaN	   28.0	   0.26	NaN	   0.82	  -0.72	   0.09	--------	-1	0.00	*
13:775052	  139.0	0	   15.0	NaN	NaN	    7.5	   1.80	NaN	   2.00	  -0.94	   0.03	1	   69.0	NaN	NaN	   19.0	  18.11	NaN	  18.26	  -0.91	   0.03	1	   49.0	NaN	NaN	   16.8	   9.70	NaN	   9.87	  -0.89	   0.03	0	    6.0	NaN	NaN	   26.5	  -0.01	NaN	   0.00	  -1.05	   0.03	--------	-1	0.00	*
13:829137	  185.0	1	   18.0	NaN	NaN	    7.3	   3.01	NaN	   3.26	  -0.66	   0.36	1	   79.0	NaN	NaN	   19.0	  24.02	NaN	  24.20	  -0.94	   0.36	1	   64.0	NaN	NaN	   16.8	  17.72	NaN	  17.99	  -0.79	   0.36	0	   24.0	NaN	NaN	   28.6	  -0.21	NaN	   0.08	  -0.86	   0.36	--------	-1	0.00	*
13:851503	  190.0	0	   10.0	NaN	NaN	    7.3	   0.57	NaN	   0.71	  -0.72	   0.29	1	  122.0	NaN	NaN	   21.2	  50.18	NaN	  50.45	  -0.84	   0.29	1	   46.0	NaN	NaN	   17.9	   7.53	NaN	   7.68	  -1.04	   0.29	0	   12.0	NaN	NaN	   26.6	  -0.05	NaN	   0.00	  -1.02	   0.29	--------	-1	0.00	*
14:187798	  296.0	0	   16.0	NaN	NaN	    8.2	   1.80	NaN	   1.99	  -0.72	   0.29	1	  160.0	NaN	NaN	   30.3	  60.44	NaN	  60.76	  -0.90	   0.29	1	   79.0	NaN	NaN	   23.5	  18.57	NaN	  18.85	  -0.96	   0.29	0	   41.0	NaN	NaN	   26.7	   1.50	NaN	   2.21	  -0.76	   0.29	--------	-1	0.00	*
14:223972	  614.0	1	   68.0	NaN	NaN	    7.8	  38.27	NaN	  39.17	  -0.89	   0.09	1	  370.0	NaN	NaN	   19.4	 322.70	NaN	 323.31	  -0.85	   0.09	1	  143.0	NaN	NaN	   16.5	  79.87	NaN	  80.56	  -0.91	   0.09	0	   33.0	NaN	NaN	   27.3	   0.27	NaN	   0.80	  -0.93	   0.09	--------	-1	0.00	*
14:291841	  447.0	1	   25.0	NaN	NaN	   10.2	   3.86	NaN	   4.17	  -0.97	   0.32	1	  240.0	NaN	NaN	   26.1	 139.52	NaN	 139.99	  -0.74	   0.32	1	  144.0	NaN	NaN	   21.2	  67.41	NaN	  68.03	  -0.83	   0.32	0	   38.0	NaN	NaN	   28.5	   0.62	NaN	   1.29	  -0.91	   0.32	--------	-1	0.00	*
14:409743	  200.0	1	   24.0	NaN	NaN	    8.5	   4.67	NaN	   5.00	  -0.83	   0.46	1	   59.0	NaN	NaN	   19.0	  12.67	NaN	  12.80	  -0.99	   0.46	1	   95.0	NaN	NaN	   16.6	  38.82	NaN	  39.27	  -0.98	   0.46	0	   22.0	NaN	NaN	   28.4	  -0.19	NaN	   0.04	  -0.88	   0.46	--------	-1	0.00	*
14:430751	  172.0	1	   16.0	NaN	NaN	    7.4	   2.19	NaN	   2.40	  -1.17	   0.00	1	   94.0	NaN	NaN	   17.8	  36.05	NaN	  36.26	  -0.95	   0.00	1	   45.0	NaN	NaN	   16.7	   7.99	NaN	   8.14	  -0.91	   0.00	0	   17.0	NaN	NaN	   27.2	  -0.15	NaN	   0.01	  -0.75	   0.00	--------	-1	0.00	*
14:434254	  197.0	1	   44.0	NaN	NaN	    8.3	  16.92	NaN	  17.53	  -0.91	   0.19	1	   43.0	NaN	NaN	   17.8	   6.43	NaN	   6.54	  -0.91	   0.19	1	   88.0	NaN	NaN	   18.2	  30.92	NaN	  31.34	  -1.05	   0.19	0	   22.0	NaN	NaN	   26.2	  -0.21	NaN	   0.09	  -0.88	   0.19	--------	-1	0.00	*
14:509470	  244.0	1	   51.0	NaN	NaN	    7.2	  24.77	NaN	  25.47	  -0.93	   0.00	1	  135.0	NaN	NaN	   17.8	  69.07	NaN	  69.41	  -0.83	   0.00	1	   52.0	NaN	NaN	   16.1	  11.84	NaN	  12.02	  -0.74	   0.00	0	    6.0	NaN	NaN	   26.0	  -0.02	NaN	   0.00	  -0.82	   0.00	--------	-1	0.00	*
14:557199	  670.0	1	  114.0	NaN	NaN	    7.2	  89.81	NaN	  91.50	  -0.78	   0.00	1	  362.0	NaN	NaN	   17.8	 999.00	NaN	 999.00	  -0.59	   0.00	1	  169.0	NaN	NaN	   16.1	 107.03	NaN	 107.81	  -0.71	   0.00	0	   25.0	NaN	NaN	   26.0	  -0.16	NaN	   0.22	  -0.82	   0.00	--------	-1	0.00	*
15:109488	  384.5	1	   24.3	NaN	NaN	   10.4	   3.75	NaN	   4.05	  -0.85	   0.00	1	  250.8	NaN	NaN	   23.4	 160.81	NaN	 161.35	  -0.74	   0.00	1	   87.5	NaN	NaN	   18.8	  29.83	NaN	  30.24	  -0.92	   0.00	0	   22.0	NaN	NaN	   32.8	  -0.17	NaN	   0.01	  -0.77	   0.00	--------	-1	0.00	*
15:109678	  290.5	0	    7.7	NaN	NaN	    9.9	   0.07	NaN	   0.12	  -0.50	   0.00	1	  249.2	NaN	NaN	   24.4	 155.70	NaN	 156.21	  -0.72	   0.00	0	   26.5	NaN	NaN	   19.3	   1.20	NaN	   1.26	  -0.52	   0.00	0	    7.0	NaN	NaN	   32.0	  -0.01	NaN	   0.00	  -0.51	   0.00	--------	-1	0.00	*
15:154938	 1311.0	1	  118.0	NaN	NaN	   10.9	  75.28	NaN	  76.87	  -0.87	   0.29	1	  828.0	NaN	NaN	   74.2	 999.00	NaN	 999.00	  -0.70	   0.29	1	  243.0	NaN	NaN	   27.7	 136.28	NaN	 137.17	  -0.93	   0.29	1	  122.0	NaN	NaN	   31.3	  32.64	NaN	  34.16	  -0.88	   0.29	--------	-1	0.00	*
15:210588	 2008.0	1	   80.0	NaN	NaN	    9.3	  44.46	NaN	  45.45	  -0.85	   0.07	1	 1439.0	NaN	NaN	   23.1	 999.00	NaN	 999.00	  -0.63	   0.07	1	  422.0	NaN	NaN	   19.4	 999.00	NaN	 999.00	  -0.84	   0.07	1	   67.0	NaN	NaN	   27.0	   9.13	NaN	  10.14	  -0.93	   0.07	--------	-1	0.00	*
15:430026	  326.0	0	   16.0	NaN	NaN	    7.8	   1.98	NaN	   2.18	  -1.21	   0.22	1	  202.0	NaN	NaN	   23.2	 113.24	NaN	 113.68	  -0.82	   0.22	1	   85.0	NaN	NaN	   20.5	  25.50	NaN	  25.87	  -0.99	   0.22	0	   23.0	NaN	NaN	   30.1	  -0.19	NaN	   0.04	  -0.94	   0.22	--------	-1	0.00	*
15:633580	  268.0	0	   10.0	NaN	NaN	    7.7	   0.50	NaN	   0.61	  -0.76	   0.00	1	  160.0	NaN	NaN	   21.9	  79.41	NaN	  79.76	  -1.00	   0.00	1	   76.0	NaN	NaN	   19.4	  21.50	NaN	  21.83	  -0.88	   0.00	0	   22.0	NaN	NaN	   26.5	  -0.21	NaN	   0.08	  -0.69	   0.00	--------	-1	0.00	*
15:665388	  759.0	1	   17.0	NaN	NaN	    7.9	   2.25	NaN	   2.47	  -0.88	   0.12	1	  594.0	NaN	NaN	   23.5	 999.00	NaN	 999.00	  -0.73	   0.12	1	  122.0	NaN	NaN	   18.3	  56.36	NaN	  56.92	  -0.90	   0.12	0	   26.0	NaN	NaN	   31.4	  -0.21	NaN	   0.07	  -0.84	   0.12	--------	-1	0.00	*
15:673464	  179.0	1	   20.0	NaN	NaN	    7.7	   3.53	NaN	   3.81	  -0.84	   0.49	1	   62.0	NaN	NaN	   21.9	  11.61	NaN	  11.73	  -0.96	   0.49	1	   74.0	NaN	NaN	   17.4	  22.90	NaN	  23.24	  -1.05	   0.49	0	   23.0	NaN	NaN	   26.5	  -0.21	NaN	   0.11	  -0.70	   0.49	--------	-1	0.00	*
15:686562	  170.0	1	   23.0	NaN	NaN	    7.7	   4.86	NaN	   5.21	  -1.07	   0.47	1	   62.0	NaN	NaN	   21.9	  11.61	NaN	  11.73	  -1.04	   0.47	1	   60.0	NaN	NaN	   17.4	  14.67	NaN	  14.89	  -0.92	   0.47	0	   25.0	NaN	NaN	   26.5	  -0.17	NaN	   0.19	  -0.76	   0.47	--------	-1	0.00	*
15:703856	  356.0	1	   36.0	NaN	NaN	    7.7	  12.37	NaN	  12.91	  -0.82	   0.03	1	  193.0	NaN	NaN	   21.9	 109.26	NaN	 109.70	  -0.75	   0.03	1	  118.0	NaN	NaN	   17.4	  55.24	NaN	  55.78	  -0.79	   0.03	0	    9.0	NaN	NaN	   26.5	  -0.03	NaN	   0.00	  -0.80	   0.03	--------	-1	0.00	*
15:764607	  395.0	1	   51.0	NaN	NaN	    7.7	  23.64	NaN	  24.33	  -1.00	   0.00	1	  191.0	NaN	NaN	   21.9	 107.39	NaN	 107.81	  -0.87	   0.00	1	  121.0	NaN	NaN	   20.6	  50.30	NaN	  50.82	  -0.88	   0.00	0	   32.0	NaN	NaN	   26.5	   0.26	NaN	   0.78	  -0.79	   0.00	--------	-1	0.00	*
15:876648	 1021.0	1	   60.0	NaN	NaN	    7.8	  31.01	NaN	  31.78	  -0.89	   0.12	1	  712.0	NaN	NaN	   27.5	 999.00	NaN	 999.00	  -0.69	   0.12	1	  197.0	NaN	NaN	   19.8	 120.48	NaN	 121.33	  -0.89	   0.12	1	   52.0	NaN	NaN	   26.5	   4.28	NaN	   5.11	  -0.93	   0.12	--------	-1	0.00	*
15:906369	  285.9	1	   24.5	NaN	NaN	   11.0	   3.44	NaN	   3.71	  -0.72	   0.00	1	  212.5	NaN	NaN	   26.3	 113.40	NaN	 113.85	  -0.43	   0.00	1	   44.1	NaN	NaN	   23.8	   4.06	NaN	   4.16	  -0.67	   0.00	0	    4.7	NaN	NaN	   33.1	  -0.01	NaN	   0.00	  -0.30	   0.00	--------	-1	0.00	*
15:906574	 1019.1	1	   52.5	NaN	NaN	   10.9	  18.73	NaN	  19.36	  -1.11	   0.00	1	  773.5	NaN	NaN	   26.5	 999.00	NaN	 999.00	  -0.64	   0.00	1	  124.9	NaN	NaN	   24.2	  46.23	NaN	  46.72	  -0.96	   0.00	1	   68.3	NaN	NaN	   33.8	   6.22	NaN	   7.13	  -0.85	   0.00	--------	-1	0.00	*
15:973522	  835.0	1	   44.0	NaN	NaN	    8.5	  16.68	NaN	  17.28	  -0.93	   0.44	1	  565.0	NaN	NaN	   40.3	 999.00	NaN	 999.00	  -0.73	   0.44	1	  151.0	NaN	NaN	   21.2	  73.28	NaN	  73.94	  -0.90	   0.44	1	   75.0	NaN	NaN	   29.2	  10.85	NaN	  11.94	  -0.96	   0.44	--------	-1	0.00	*
15:981788	  607.0	1	   86.0	NaN	NaN	   18.2	  29.17	NaN	  29.93	  -0.93	   0.40	1	  366.0	NaN	NaN	   68.0	 139.28	NaN	 139.75	  -0.79	   0.40	1	  121.0	NaN	NaN	   36.2	  27.60	NaN	  28.00	  -0.91	   0.40	0	   34.0	NaN	NaN	   31.0	   0.02	NaN	   0.50	  -0.65	   0.40	--------	-1	0.00	*
15:983673	  313.0	0	   15.0	NaN	NaN	   16.1	   0.13	NaN	   0.19	  -1.00	   0.08	1	  212.0	NaN	NaN	   68.5	  43.02	NaN	  43.26	  -0.93	   0.08	1	   67.0	NaN	NaN	   36.1	   5.46	NaN	   5.58	  -0.92	   0.08	0	   19.0	NaN	NaN	   31.6	  -0.13	NaN	   0.00	  -0.79	   0.08	--------	-1	0.00	*
15:1033612	 1032.0	1	   34.0	NaN	NaN	    8.3	  10.19	NaN	  10.67	  -0.65	   0.31	1	  786.0	NaN	NaN	   35.2	 999.00	NaN	 999.00	  -0.61	   0.31	1	  192.0	NaN	NaN	   27.3	  91.85	NaN	  92.62	  -0.74	   0.31	0	   20.0	NaN	NaN	   30.8	  -0.16	NaN	   0.01	  -0.76	   0.31	--------	-1	0.00	*
15:1037603	  262.0	1	   29.0	NaN	NaN	   10.9	   5.03	NaN	   5.38	  -0.97	   0.21	1	  137.0	NaN	NaN	   30.0	  45.14	NaN	  45.39	  -0.89	   0.21	1	   77.0	NaN	NaN	   24.9	  16.26	NaN	  16.51	  -0.87	   0.21	0	   19.0	NaN	NaN	   35.5	  -0.06	NaN	   0.00	  -0.86	   0.21	--------	-1	0.00	*
16:83801	  298.0	1	   24.0	NaN	NaN	    8.9	   4.38	NaN	   4.70	  -1.02	   0.25	1	  180.0	NaN	NaN	   22.8	  94.36	NaN	  94.74	  -0.86	   0.25	1	   74.0	NaN	NaN	   21.0	  18.48	NaN	  18.76	  -0.82	   0.25	0	   20.0	NaN	NaN	   30.1	  -0.18	NaN	   0.01	  -0.76	   0.25	--------	-1	0.00	*
16:265534	  119.0	0	   11.0	NaN	NaN	    7.4	   0.75	NaN	   0.90	  -1.09	   0.00	1	   60.0	NaN	NaN	   19.8	  12.42	NaN	  12.55	  -0.87	   0.00	0	   26.0	NaN	NaN	   16.7	   1.62	NaN	   1.68	  -0.86	   0.00	0	   22.0	NaN	NaN	   29.1	  -0.18	NaN	   0.03	  -0.98	   0.00	--------	-1	0.00	*
16:389853	  259.0	1	   27.0	NaN	NaN	    7.6	   6.99	NaN	   7.41	  -0.89	   0.00	1	   81.0	NaN	NaN	   19.8	  24.16	NaN	  24.33	  -0.90	   0.00	1	  114.0	NaN	NaN	   22.5	  41.50	NaN	  41.96	  -0.93	   0.00	0	   37.0	NaN	NaN	   30.9	   0.26	NaN	   0.81	  -0.84	   0.00	--------	-1	0.00	*
16:420312	 1173.0	1	   67.0	NaN	NaN	    9.6	  32.19	NaN	  33.02	  -0.76	   0.25	1	  685.0	NaN	NaN	   35.9	 999.00	NaN	 999.00	  -0.72	   0.25	1	  301.0	NaN	NaN	   22.9	 216.29	NaN	 217.35	  -0.81	   0.25	1	  120.0	NaN	NaN	   33.1	  29.48	NaN	  30.87	  -0.94	   0.25	--------	-1	0.00	*
16:433490	  214.5	1	   39.8	NaN	NaN	    7.7	  15.17	NaN	  15.77	  -1.08	   0.00	1	   68.6	NaN	NaN	   19.8	  17.22	NaN	  17.36	  -1.03	   0.00	1	   76.6	NaN	NaN	   16.7	  25.90	NaN	  26.28	  -0.87	   0.00	0	   29.5	NaN	NaN	   26.6	   0.07	NaN	   0.56	  -0.83	   0.00	--------	-1	0.00	*
16:433856	   79.5	0	   13.2	NaN	NaN	    8.0	   1.28	NaN	   1.45	  -0.50	   0.00	1	   36.4	NaN	NaN	   19.8	   3.38	NaN	   3.45	  -0.75	   0.00	0	   15.4	NaN	NaN	   16.7	   0.18	NaN	   0.22	  -0.58	   0.00	0	   14.5	NaN	NaN	   26.6	  -0.12	NaN	   0.00	  -0.81	   0.00	--------	-1	0.00	*
16:439647	  380.0	0	    7.0	NaN	NaN	    9.0	   0.06	NaN	   0.10	  -1.11	   0.27	1	  320.0	NaN	NaN	   44.5	 155.59	NaN	 156.10	  -0.80	   0.27	0	   27.0	NaN	NaN	   21.0	   0.87	NaN	   0.92	  -0.88	   0.27	0	   26.0	NaN	NaN	   26.9	  -0.16	NaN	   0.23	  -0.71	   0.27	--------	-1	0.00	*
16:461841	  286.0	1	   22.0	NaN	NaN	   10.2	   2.78	NaN	   3.02	  -0.79	   0.00	1	  196.0	NaN	NaN	   27.2	  96.00	NaN	  96.39	  -0.95	   0.00	1	   49.0	NaN	NaN	   20.4	   7.13	NaN	   7.28	  -0.96	   0.00	0	   19.0	NaN	NaN	   27.9	  -0.19	NaN	   0.01	  -0.87	   0.00	--------	-1	0.00	*
16:490499	  161.0	0	    3.0	NaN	NaN	    7.4	  -0.01	NaN	   0.01	  -1.08	   0.00	1	   86.0	NaN	NaN	   20.9	  25.74	NaN	  25.93	  -0.93	   0.00	1	   51.0	NaN	NaN	   18.0	   9.62	NaN	   9.78	  -0.86	   0.00	0	   21.0	NaN	NaN	   26.6	  -0.20	NaN	   0.05	  -0.71	   0.00	--------	-1	0.00	*
16:511002	  912.0	1	   51.0	NaN	NaN	    8.3	  22.19	NaN	  22.85	  -0.94	   0.21	1	  614.0	NaN	NaN	   32.6	 999.00	NaN	 999.00	  -0.71	   0.21	1	  210.0	NaN	NaN	   24.4	 116.28	NaN	 117.11	  -0.86	   0.21	0	   37.0	NaN	NaN	   28.1	   0.56	NaN	   1.21	  -0.89	   0.21	--------	-1	0.00	*
16:594418	  575.0	1	   39.8	NaN	NaN	   10.4	  11.14	NaN	  11.64	  -1.14	   0.00	1	  415.8	NaN	NaN	   37.0	 273.50	NaN	 274.12	  -0.80	   0.00	1	  104.2	NaN	NaN	   28.8	  26.96	NaN	  27.35	  -1.08	   0.00	0	   15.3	NaN	NaN	   27.8	  -0.13	NaN	   0.00	  -1.04	   0.00	--------	-1	0.00	*
16:594534	  146.0	0	   10.2	NaN	NaN	   10.7	   0.22	NaN	   0.30	  -0.46	   0.00	1	   59.2	NaN	NaN	   38.6	   3.00	NaN	   3.08	  -0.49	   0.00	1	   51.8	NaN	NaN	   29.2	   3.96	NaN	   4.06	  -0.80	   0.00	0	   24.7	NaN	NaN	   27.7	  -0.19	NaN	   0.14	  -0.80	   0.00	--------	-1	0.00	*
16:687265	  215.0	1	   26.0	NaN	NaN	    8.1	   6.00	NaN	   6.39	  -0.96	   0.21	1	  105.0	NaN	NaN	   19.8	  40.27	NaN	  40.49	  -0.88	   0.21	1	   67.0	NaN	NaN	   17.5	  18.61	NaN	  18.90	  -0.89	   0.21	0	   17.0	NaN	NaN	   27.2	  -0.16	NaN	   0.01	  -0.62	   0.21	--------	-1	0.00	*
16:818793	  123.0	1	   16.0	NaN	NaN	    7.4	   2.19	NaN	   2.41	  -0.98	   0.00	1	   53.0	NaN	NaN	   19.8	   9.20	NaN	   9.31	  -0.84	   0.00	1	   31.0	NaN	NaN	   16.7	   2.87	NaN	   2.96	  -0.87	   0.00	0	   23.0	NaN	NaN	   26.6	  -0.21	NaN	   0.11	  -0.77	   0.00	--------	-1	0.00	*
2:30428	  144.1	1	   37.4	NaN	NaN	    7.4	  14.19	NaN	  14.76	  -0.78	   0.00	1	   63.5	NaN	NaN	   18.8	  15.39	NaN	  15.54	  -0.71	   0.00	1	   28.5	NaN	NaN	   16.9	   2.27	NaN	   2.35	  -0.73	   0.00	0	   14.7	NaN	NaN	   26.1	  -0.13	NaN	   0.00	  -0.95	   0.00	--------	-1	0.00	*
2:30628	  268.9	1	   76.6	NaN	NaN	    7.4	  48.28	NaN	  49.34	  -1.03	   0.00	1	  116.5	NaN	NaN	   18.8	  51.45	NaN	  51.73	  -0.93	   0.00	1	   69.5	NaN	NaN	   16.9	  21.21	NaN	  21.53	  -1.00	   0.00	0	    6.3	NaN	NaN	   26.1	  -0.02	NaN	   0.00	  -0.75	   0.00	--------	-1	0.00	*
2:193885	  278.0	1	   34.0	NaN	NaN	   13.1	   5.59	NaN	   5.96	  -0.94	   0.32	1	  139.0	NaN	NaN	   38.2	  35.41	NaN	  35.61	  -0.92	   0.32	1	   85.0	NaN	NaN	   28.1	  17.22	NaN	  17.48	  -1.03	   0.32	0	   20.0	NaN	NaN	   26.7	  -0.19	NaN	   0.03	  -0.64	   0.32	--------	-1	0.00	*
2:231842	  172.0	1	   24.0	NaN	NaN	   10.2	   3.49	NaN	   3.77	  -1.02	   0.00	1	   72.0	NaN	NaN	   18.8	  20.08	NaN	  20.24	  -0.94	   0.00	1	   61.0	NaN	NaN	   19.3	  13.34	NaN	  13.55	  -1.05	   0.00	0	   15.0	NaN	NaN	   35.2	  -0.04	NaN	   0.00	  -0.74	   0.00	--------	-1	0.00	*
2:362855	  320.0	0	   16.0	NaN	NaN	   12.8	   0.53	NaN	   0.65	  -0.84	   0.53	1	  192.0	NaN	NaN	   41.7	  63.33	NaN	  63.66	  -0.79	   0.53	1	   98.0	NaN	NaN	   26.0	  26.27	NaN	  26.66	  -1.02	   0.53	0	   14.0	NaN	NaN	   27.1	  -0.10	NaN	   0.00	  -1.05	   0.53	--------	-1	0.00	*
2:492405	  283.0	1	   32.0	NaN	NaN	    7.6	   9.88	NaN	  10.35	  -0.92	   0.45	1	  119.0	NaN	NaN	   21.4	  47.37	NaN	  47.63	  -0.98	   0.45	1	   97.0	NaN	NaN	   16.9	  39.86	NaN	  40.31	  -0.94	   0.45	0	   35.0	NaN	NaN	   29.0	   0.26	NaN	   0.82	  -0.80	   0.45	--------	-1	0.00	*
2:521301	  359.0	1	   60.0	NaN	NaN	    8.7	  28.47	NaN	  29.22	  -1.05	   0.04	1	  162.0	NaN	NaN	   18.8	  90.53	NaN	  90.91	  -0.90	   0.04	1	   97.0	NaN	NaN	   16.9	  39.85	NaN	  40.31	  -0.89	   0.04	0	   40.0	NaN	NaN	   28.6	   0.90	NaN	   1.59	  -0.88	   0.04	--------	-1	0.00	*
2:601915	 1125.1	1	   79.4	NaN	NaN	    7.5	  50.92	NaN	  52.10	  -0.97	   0.09	1	  712.7	NaN	NaN	   24.8	 999.00	NaN	 999.00	  -0.74	   0.09	1	  256.9	NaN	NaN	   19.2	 186.66	NaN	 187.61	  -0.96	   0.09	1	   76.0	NaN	NaN	   31.1	  10.08	NaN	  11.11	  -0.87	   0.09	--------	-1	0.00	*
2:602061	  290.9	1	   20.6	NaN	NaN	    7.6	   4.04	NaN	   4.36	  -0.49	   0.09	1	  186.3	NaN	NaN	   24.7	  95.12	NaN	  95.51	  -0.52	   0.09	1	   68.1	NaN	NaN	   18.6	  18.45	NaN	  18.73	  -0.58	   0.09	0	   16.0	NaN	NaN	   30.9	  -0.10	NaN	   0.00	   1.19	   0.09	--------	-1	0.00	*
2:602936	  403.0	1	   26.0	NaN	NaN	    8.2	   5.84	NaN	   6.23	  -0.79	   0.27	1	  239.0	NaN	NaN	   24.2	 145.58	NaN	 146.07	  -0.81	   0.27	1	  103.0	NaN	NaN	   20.9	  36.67	NaN	  37.11	  -0.88	   0.27	0	   35.0	NaN	NaN	   29.0	   0.27	NaN	   0.82	  -0.88	   0.27	--------	-1	0.00	*
2:638103	  256.0	1	   24.0	NaN	NaN	    7.4	   5.59	NaN	   5.97	  -0.88	   0.00	1	  182.0	NaN	NaN	   18.8	 109.73	NaN	 110.17	  -0.83	   0.00	1	   37.0	NaN	NaN	   16.9	   4.71	NaN	   4.82	  -0.79	   0.00	0	   13.0	NaN	NaN	   26.1	  -0.08	NaN	   0.00	  -0.62	   0.00	--------	-1	0.00	*
3:50271	 1130.0	1	   77.0	NaN	NaN	    9.8	  40.06	NaN	  40.99	  -0.87	   0.10	1	  690.0	NaN	NaN	   25.6	 999.00	NaN	 999.00	  -0.72	   0.10	1	  261.0	NaN	NaN	   18.4	 195.61	NaN	 196.65	  -0.84	   0.10	1	  102.0	NaN	NaN	   27.0	  26.36	NaN	  27.66	  -0.84	   0.10	--------	-1	0.00	*
3:68274	  644.0	1	   27.0	NaN	NaN	    7.5	   7.12	NaN	   7.56	  -0.71	   0.02	1	  511.0	NaN	NaN	   25.6	 999.00	NaN	 999.00	  -0.76	   0.02	1	   74.0	NaN	NaN	   16.6	  24.14	NaN	  24.49	  -0.98	   0.02	0	   32.0	NaN	NaN	   31.6	  -0.10	NaN	   0.31	  -0.73	   0.02	--------	-1	0.00	*
3:90452	  554.0	1	   70.0	NaN	NaN	    7.2	  42.15	NaN	  43.10	  -1.01	   0.00	1	  361.0	NaN	NaN	   25.6	 270.30	NaN	 270.91	  -0.80	   0.00	1	  110.0	NaN	NaN	   16.6	  50.75	NaN	  51.28	  -0.96	   0.00	0	   13.0	NaN	NaN	   23.9	  -0.12	NaN	   0.00	  -0.74	   0.00	--------	-1	0.00	*
3:142574	 5154.0	1	  176.0	NaN	NaN	   10.8	 141.17	NaN	 143.17	  -0.94	   0.04	1	 3827.0	NaN	NaN	   32.0	 999.00	NaN	 999.00	  -0.51	   0.04	1	  934.0	NaN	NaN	   21.6	 999.00	NaN	 999.00	  -0.64	   0.04	1	  217.0	NaN	NaN	   38.7	  84.71	NaN	  86.70	  -0.86	   0.04	--------	-1	0.00	*
3:328320	  335.0	1	   32.0	NaN	NaN	    7.2	  10.48	NaN	  10.97	  -0.93	   0.09	1	  129.0	NaN	NaN	   25.6	  46.90	NaN	  47.16	  -0.96	   0.09	1	  135.0	NaN	NaN	   16.6	  72.39	NaN	  73.03	  -0.91	   0.09	0	   39.0	NaN	NaN	   23.9	   1.79	NaN	   2.55	  -0.79	   0.09	--------	-1	0.00	*
4:1510	  124.0	0	   13.0	NaN	NaN	   10.2	   0.53	NaN	   0.65	  -0.64	   0.00	1	   42.0	NaN	NaN	   26.8	   2.32	NaN	   2.39	  -0.87	   0.00	1	   42.0	NaN	NaN	   23.3	   3.42	NaN	   3.52	  -0.99	   0.00	0	   27.0	NaN	NaN	   40.0	  -0.14	NaN	   0.01	  -0.62	   0.00	--------	-1	0.00	*
4:62263	  242.0	0	   11.0	NaN	NaN	    7.6	   0.69	NaN	   0.82	  -0.63	   0.19	1	  163.0	NaN	NaN	   21.2	  83.88	NaN	  84.24	  -0.91	   0.19	1	   50.0	NaN	NaN	   18.2	   9.06	NaN	   9.22	  -0.92	   0.19	0	   18.0	NaN	NaN	   26.8	  -0.18	NaN	   0.01	  -0.87	   0.19	--------	-1	0.00	*
4:233894	  268.0	1	   26.0	NaN	NaN	    8.9	   5.27	NaN	   5.64	  -0.77	   0.25	1	  108.0	NaN	NaN	   21.2	  39.82	NaN	  40.04	  -0.80	   0.25	1	  107.0	NaN	NaN	   18.9	  43.19	NaN	  43.66	  -0.94	   0.25	0	   27.0	NaN	NaN	   31.1	  -0.21	NaN	   0.10	  -0.86	   0.25	--------	-1	0.00	*
4:314826	  413.0	1	   64.0	NaN	NaN	    8.6	  32.20	NaN	  33.02	  -1.08	   0.16	1	  170.0	NaN	NaN	   21.2	  90.14	NaN	  90.51	  -0.87	   0.16	1	  156.0	NaN	NaN	   18.5	  85.58	NaN	  86.30	  -0.87	   0.16	0	   23.0	NaN	NaN	   27.6	  -0.21	NaN	   0.08	  -0.65	   0.16	--------	-1	0.00	*
4:366140	 1334.0	1	   75.0	NaN	NaN	    9.7	  38.83	NaN	  39.75	  -1.10	   0.10	1	  941.0	NaN	NaN	   23.4	 999.00	NaN	 999.00	  -0.71	   0.10	1	  271.0	NaN	NaN	   22.1	 187.36	NaN	 188.38	  -0.86	   0.10	1	   47.0	NaN	NaN	   29.1	   2.07	NaN	   2.86	  -0.95	   0.10	--------	-1	0.00	*
4:368738	  421.0	1	   21.0	NaN	NaN	    8.3	   3.55	NaN	   3.84	  -0.95	   0.00	1	  311.0	NaN	NaN	   21.8	 234.52	NaN	 235.10	  -0.82	   0.00	1	   75.0	NaN	NaN	   18.0	  22.78	NaN	  23.12	  -0.88	   0.00	0	   14.0	NaN	NaN	   27.3	  -0.09	NaN	   0.00	  -0.89	   0.00	--------	-1	0.00	*
4:410450	  804.9	0	   11.0	NaN	NaN	    9.7	   0.33	NaN	   0.43	   2.16	   0.45	1	  609.2	NaN	NaN	   27.5	 999.00	NaN	 999.00	  -0.56	   0.45	1	  169.7	NaN	NaN	   22.0	  87.43	NaN	  88.17	  -0.83	   0.45	0	   15.0	NaN	NaN	   28.0	  -0.10	NaN	   0.00	   1.63	   0.45	--------	-1	0.00	*
4:410714	 1916.1	1	   78.0	NaN	NaN	    9.4	  42.30	NaN	  43.27	  -0.96	   0.45	1	 1464.8	NaN	NaN	   27.4	 999.00	NaN	 999.00	  -0.60	   0.45	1	  329.3	NaN	NaN	   20.9	 261.68	NaN	 262.86	  -0.82	   0.45	0	   44.0	NaN	NaN	   28.0	   1.75	NaN	   2.50	  -0.72	   0.45	--------	-1	0.00	*
4:411055	 1690.0	1	   61.0	NaN	NaN	    9.5	  27.37	NaN	  28.11	  -0.95	   0.08	1	 1261.0	NaN	NaN	   29.4	 999.00	NaN	 999.00	  -0.59	   0.08	1	  311.0	NaN	NaN	   23.5	 224.41	NaN	 225.52	  -0.79	   0.08	1	   57.0	NaN	NaN	   28.8	   4.77	NaN	   5.64	  -0.88	   0.08	--------	-1	0.00	*
4:413415	  480.0	1	   32.0	NaN	NaN	   10.2	   7.00	NaN	   7.42	  -0.90	   0.37	1	  305.0	NaN	NaN	   24.6	 212.55	NaN	 213.12	  -0.80	   0.37	1	  109.0	NaN	NaN	   20.5	  41.54	NaN	  42.01	  -0.93	   0.37	0	   34.0	NaN	NaN	   29.9	   0.10	NaN	   0.60	  -0.85	   0.37	--------	-1	0.00	*
4:464898	  204.0	0	   14.0	NaN	NaN	    8.6	   1.10	NaN	   1.25	  -1.05	   0.21	1	   86.0	NaN	NaN	   21.2	  25.30	NaN	  25.49	  -0.88	   0.21	1	   77.0	NaN	NaN	   17.6	  24.55	NaN	  24.91	  -0.89	   0.21	0	   27.0	NaN	NaN	   26.8	  -0.11	NaN	   0.29	  -0.87	   0.21	--------	-1	0.00	*
4:507054	  216.0	0	   11.0	NaN	NaN	    9.8	   0.32	NaN	   0.41	  -0.67	   0.41	1	  125.0	NaN	NaN	   21.7	  51.33	NaN	  51.60	  -0.84	   0.41	1	   57.0	NaN	NaN	   18.5	  12.08	NaN	  12.27	  -0.82	   0.41	0	   23.0	NaN	NaN	   33.8	  -0.18	NaN	   0.01	  -0.62	   0.41	--------	-1	0.00	*
4:542954	 1311.5	1	   17.7	NaN	NaN	    7.6	   2.78	NaN	   3.01	  -0.92	   0.06	1	 1063.0	NaN	NaN	   26.9	 999.00	NaN	 999.00	  -0.67	   0.06	1	  223.7	NaN	NaN	   22.8	 135.67	NaN	 136.55	  -0.83	   0.06	0	    7.2	NaN	NaN	   35.5	  -0.01	NaN	   0.00	  -1.12	   0.06	--------	-1	0.00	*
4:543001	 1023.5	1	   63.3	NaN	NaN	    7.6	  35.06	NaN	  35.90	  -1.11	   0.06	1	  604.0	NaN	NaN	   27.1	 999.00	NaN	 999.00	  -0.66	   0.06	1	  272.3	NaN	NaN	   22.6	 187.07	NaN	 188.07	  -0.80	   0.06	1	   83.8	NaN	NaN	   35.9	  10.19	NaN	  11.25	  -0.98	   0.06	--------	-1	0.00	*
4:548903	  183.0	1	   20.0	NaN	NaN	    7.6	   3.56	NaN	   3.85	  -0.83	   0.00	1	   79.0	NaN	NaN	   21.2	  21.19	NaN	  21.35	  -1.03	   0.00	1	   61.0	NaN	NaN	   17.6	  15.05	NaN	  15.27	  -0.90	   0.00	0	   23.0	NaN	NaN	   29.5	  -0.19	NaN	   0.04	  -0.84	   0.00	--------	-1	0.00	*
4:578038	  401.0	1	   53.0	NaN	NaN	    8.5	  23.39	NaN	  24.06	  -0.90	   0.00	1	  220.0	NaN	NaN	   29.9	 109.23	NaN	 109.66	  -0.94	   0.00	1	  109.0	NaN	NaN	   24.7	  34.62	NaN	  35.05	  -0.85	   0.00	0	   19.0	NaN	NaN	   29.7	  -0.15	NaN	   0.01	  -0.93	   0.00	--------	-1	0.00	*
4:659686	  264.0	1	   20.0	NaN	NaN	    8.1	   3.29	NaN	   3.56	  -0.97	   0.51	1	  113.0	NaN	NaN	   21.2	  43.39	NaN	  43.63	  -0.97	   0.51	1	  110.0	NaN	NaN	   17.6	  48.34	NaN	  48.85	  -0.87	   0.51	0	   21.0	NaN	NaN	   27.1	  -0.19	NaN	   0.04	  -0.87	   0.51	--------	-1	0.00	*
4:906810	  203.0	0	   10.0	NaN	NaN	    7.9	   0.46	NaN	   0.56	  -0.91	   0.00	1	  111.0	NaN	NaN	   21.2	  41.95	NaN	  42.18	  -0.93	   0.00	1	   62.0	NaN	NaN	   17.6	  15.69	NaN	  15.92	  -0.82	   0.00	0	   20.0	NaN	NaN	   26.8	  -0.18	NaN	   0.03	  -0.76	   0.00	--------	-1	0.00	*
4:910104	  162.0	0	   10.0	NaN	NaN	    7.6	   0.51	NaN	   0.62	  -0.59	   0.00	1	   86.0	NaN	NaN	   21.2	  25.30	NaN	  25.49	  -0.94	   0.00	1	   36.0	NaN	NaN	   17.6	   4.00	NaN	   4.11	  -0.78	   0.00	0	   30.0	NaN	NaN	   26.8	   0.06	NaN	   0.53	  -0.85	   0.00	--------	-1	0.00	*
4:934810	  757.0	1	   37.0	NaN	NaN	    8.1	  12.46	NaN	  13.00	  -0.91	   0.23	1	  485.0	NaN	NaN	   24.2	 999.00	NaN	 999.00	  -0.80	   0.23	1	  180.0	NaN	NaN	   17.6	 111.97	NaN	 112.77	  -0.92	   0.23	1	   55.0	NaN	NaN	   27.9	   4.57	NaN	   5.44	  -0.89	   0.23	--------	-1	0.00	*
4:956285	  480.0	1	   54.0	NaN	NaN	    8.2	  24.88	NaN	  25.59	  -1.04	   0.32	1	  250.0	NaN	NaN	   26.5	 147.72	NaN	 148.21	  -0.81	   0.32	1	  144.0	NaN	NaN	   21.7	  66.06	NaN	  66.67	  -0.92	   0.32	0	   32.0	NaN	NaN	   31.3	  -0.09	NaN	   0.32	  -0.76	   0.32	--------	-1	0.00	*
4:961233	  272.1	1	   66.2	NaN	NaN	    7.6	  37.85	NaN	  38.71	  -0.50	   0.00	1	  138.2	NaN	NaN	   21.2	  63.43	NaN	  63.76	  -0.51	   0.00	1	   56.7	NaN	NaN	   17.6	  12.91	NaN	  13.10	  -0.51	   0.00	0	   10.9	NaN	NaN	   26.8	  -0.05	NaN	   0.00	  -0.55	   0.00	--------	-1	0.00	*
4:961449	 1029.9	1	  211.8	NaN	NaN	    7.6	 216.48	NaN	 218.77	  -0.95	   0.00	1	  598.8	NaN	NaN	   21.2	 999.00	NaN	 999.00	  -0.70	   0.00	1	  206.3	NaN	NaN	   17.6	 139.99	NaN	 140.90	  -0.93	   0.00	0	   13.1	NaN	NaN	   26.8	  -0.10	NaN	   0.00	  -1.06	   0.00	--------	-1	0.00	*
4:1137039	  216.0	1	   38.0	NaN	NaN	    9.4	  11.19	NaN	  11.71	  -0.89	   0.00	1	   57.0	NaN	NaN	   21.2	   9.88	NaN	  10.00	  -0.77	   0.00	1	   88.0	NaN	NaN	   18.2	  30.93	NaN	  31.36	  -0.91	   0.00	0	   33.0	NaN	NaN	   26.8	   0.28	NaN	   0.87	  -1.06	   0.00	--------	-1	0.00	*
4:1221792	  246.0	1	   16.0	NaN	NaN	    7.6	   2.05	NaN	   2.26	  -0.93	   0.12	1	  159.0	NaN	NaN	   21.2	  80.36	NaN	  80.71	  -0.83	   0.12	1	   54.0	NaN	NaN	   17.6	  11.41	NaN	  11.59	  -0.83	   0.12	0	   17.0	NaN	NaN	   26.8	  -0.17	NaN	   0.01	  -1.18	   0.12	--------	-1	0.00	*
4:1268629	  278.0	1	   34.0	NaN	NaN	    7.6	  11.15	NaN	  11.66	  -0.78	   0.28	1	  100.0	NaN	NaN	   21.2	  34.30	NaN	  34.50	  -0.88	   0.28	1	  111.0	NaN	NaN	   17.6	  49.13	NaN	  49.65	  -0.90	   0.28	0	   33.0	NaN	NaN	   27.2	   0.27	NaN	   0.81	  -0.86	   0.28	--------	-1	0.00	*
5:160240	  122.0	0	    7.0	NaN	NaN	    7.9	   0.11	NaN	   0.17	  -1.10	   0.00	1	   41.0	NaN	NaN	   19.7	   4.63	NaN	   4.72	  -1.09	   0.00	1	   49.0	NaN	NaN	   17.4	   9.18	NaN	   9.34	  -1.11	   0.00	0	   25.0	NaN	NaN	   26.6	  -0.17	NaN	   0.19	  -0.99	   0.00	--------	-1	0.00	*
5:281525	  375.0	1	   39.0	NaN	NaN	    7.7	  14.35	NaN	  14.93	  -1.09	   0.03	1	  175.0	NaN	NaN	   19.7	  99.55	NaN	  99.96	  -0.88	   0.03	1	  115.0	NaN	NaN	   17.5	  52.62	NaN	  53.16	  -0.81	   0.03	1	   46.0	NaN	NaN	   27.5	   2.32	NaN	   3.12	  -0.98	   0.03	--------	-1	0.00	*
5:292148	  248.0	1	   21.0	NaN	NaN	    8.3	   3.53	NaN	   3.80	  -1.17	   0.06	1	  145.0	NaN	NaN	   19.7	  72.33	NaN	  72.67	  -0.92	   0.06	1	   55.0	NaN	NaN	   17.4	  12.05	NaN	  12.24	  -1.00	   0.06	0	   27.0	NaN	NaN	   30.1	  -0.20	NaN	   0.13	  -0.78	   0.06	--------	-1	0.00	*
5:312161	  507.0	1	   28.0	NaN	NaN	    7.9	   7.17	NaN	   7.61	  -0.78	   0.14	1	  316.0	NaN	NaN	   19.7	 253.00	NaN	 253.60	  -0.80	   0.14	1	  121.0	NaN	NaN	   17.4	  57.70	NaN	  58.26	  -0.88	   0.14	0	   42.0	NaN	NaN	   26.6	   1.73	NaN	   2.47	  -0.88	   0.14	--------	-1	0.00	*
5:539222	  851.0	1	   71.0	NaN	NaN	   11.3	  31.20	NaN	  31.98	  -0.92	   0.25	1	  513.0	NaN	NaN	   31.1	 999.00	NaN	 999.00	  -0.76	   0.25	1	  198.0	NaN	NaN	   21.2	 116.18	NaN	 116.99	  -0.90	   0.25	1	   69.0	NaN	NaN	   28.5	   9.04	NaN	  10.03	  -0.93	   0.25	--------	-1	0.00	*
6:257527	  183.0	1	   21.0	NaN	NaN	    9.0	   3.12	NaN	   3.37	  -1.04	   0.00	1	   73.0	NaN	NaN	   16.7	  23.52	NaN	  23.69	  -1.00	   0.00	1	   68.0	NaN	NaN	   16.1	  20.98	NaN	  21.29	  -0.94	   0.00	0	   21.0	NaN	NaN	   29.0	  -0.18	NaN	   0.02	  -0.98	   0.00	--------	-1	0.00	*
6:258046	  283.0	1	   56.0	NaN	NaN	    8.5	  25.73	NaN	  26.45	  -0.90	   0.00	1	   49.0	NaN	NaN	   16.7	   9.86	NaN	   9.97	  -0.78	   0.00	1	  146.0	NaN	NaN	   16.5	  82.73	NaN	  83.44	  -0.95	   0.00	0	   32.0	NaN	NaN	   28.2	   0.09	NaN	   0.59	  -0.89	   0.00	--------	-1	0.00	*
7:26759	  162.0	0	   15.0	NaN	NaN	    8.2	   1.50	NaN	   1.68	  -0.93	   0.00	1	   86.0	NaN	NaN	   22.2	  24.11	NaN	  24.29	  -0.93	   0.00	1	   44.0	NaN	NaN	   19.9	   5.52	NaN	   5.65	  -0.82	   0.00	0	   17.0	NaN	NaN	   32.1	  -0.07	NaN	   0.00	  -1.19	   0.00	--------	-1	0.00	*
7:30057	  327.0	1	   33.0	NaN	NaN	    9.4	   8.29	NaN	   8.74	  -0.91	   0.18	1	  144.0	NaN	NaN	   25.1	  58.72	NaN	  59.02	  -0.91	   0.18	1	  126.0	NaN	NaN	   24.3	  46.82	NaN	  47.32	  -1.00	   0.18	0	   24.0	NaN	NaN	   30.3	  -0.20	NaN	   0.05	  -0.77	   0.18	--------	-1	0.00	*
7:80243	   87.0	0	    9.4	NaN	NaN	    7.5	   0.53	NaN	   0.66	  -1.87	   0.00	1	   42.2	NaN	NaN	   22.2	   4.17	NaN	   4.25	  -1.03	   0.00	0	   12.0	NaN	NaN	   17.4	  -0.00	NaN	   0.03	  -1.10	   0.00	0	   23.4	NaN	NaN	   26.0	  -0.19	NaN	   0.17	  -1.08	   0.00	--------	-1	0.00	*
7:80469	   70.0	0	   12.6	NaN	NaN	    7.5	   1.22	NaN	   1.38	  -1.24	   0.00	1	   42.8	NaN	NaN	   22.2	   4.17	NaN	   4.25	  -0.90	   0.00	0	    8.0	NaN	NaN	   17.4	  -0.02	NaN	   0.00	  -0.84	   0.00	0	    6.6	NaN	NaN	   26.0	  -0.02	NaN	   0.00	  -0.49	   0.00	--------	-1	0.00	*
7:309886	  163.0	1	   23.0	NaN	NaN	    7.5	   5.05	NaN	   5.40	  -0.72	   0.00	1	   53.0	NaN	NaN	   22.2	   7.60	NaN	   7.71	  -0.96	   0.00	1	   65.0	NaN	NaN	   17.4	  17.63	NaN	  17.89	  -0.85	   0.00	0	   22.0	NaN	NaN	   26.5	  -0.20	NaN	   0.08	  -0.68	   0.00	--------	-1	0.00	*
7:416107	  331.0	0	   15.0	NaN	NaN	    7.7	   1.72	NaN	   1.91	  -0.75	   0.34	1	  243.0	NaN	NaN	   22.8	 155.14	NaN	 155.64	  -0.91	   0.34	1	   58.0	NaN	NaN	   20.8	  10.61	NaN	  10.79	  -0.91	   0.34	0	   15.0	NaN	NaN	   30.2	  -0.06	NaN	   0.00	  -0.84	   0.34	--------	-1	0.00	*
7:431267	  200.0	0	   16.0	NaN	NaN	   10.2	   1.09	NaN	   1.24	  -0.98	   0.43	1	  130.0	NaN	NaN	   22.2	  54.21	NaN	  54.51	  -0.99	   0.43	1	   44.0	NaN	NaN	   17.4	   7.08	NaN	   7.22	  -1.09	   0.43	0	   10.0	NaN	NaN	   30.2	  -0.03	NaN	   0.00	  -0.78	   0.43	--------	-1	0.00	*
7:446135	  227.0	1	   26.0	NaN	NaN	    7.5	   6.59	NaN	   7.00	  -1.03	   0.00	1	   89.0	NaN	NaN	   22.2	  25.88	NaN	  26.08	  -0.97	   0.00	1	   85.0	NaN	NaN	   19.0	  27.62	NaN	  28.03	  -0.98	   0.00	0	   27.0	NaN	NaN	   32.8	  -0.21	NaN	   0.06	  -0.79	   0.00	--------	-1	0.00	*
7:633032	  118.0	0	   15.0	NaN	NaN	    8.6	   1.34	NaN	   1.51	  -0.92	   0.00	1	   35.0	NaN	NaN	   22.2	   2.08	NaN	   2.15	  -0.91	   0.00	1	   44.0	NaN	NaN	   19.9	   5.52	NaN	   5.65	  -0.97	   0.00	0	   24.0	NaN	NaN	   30.2	  -0.20	NaN	   0.05	  -0.91	   0.00	--------	-1	0.00	*
7:649033	 1030.0	1	   37.0	NaN	NaN	    7.5	  13.40	NaN	  13.96	  -0.96	   0.24	1	  775.0	NaN	NaN	   38.2	 999.00	NaN	 999.00	  -0.70	   0.24	1	  188.0	NaN	NaN	   19.7	 111.95	NaN	 112.74	  -0.92	   0.24	0	   30.0	NaN	NaN	   27.9	  -0.01	NaN	   0.43	  -0.95	   0.24	--------	-1	0.00	*
7:664117	  165.0	1	   37.0	NaN	NaN	    7.5	  13.30	NaN	  13.85	  -0.94	   0.00	1	   35.0	NaN	NaN	   22.2	   2.08	NaN	   2.15	  -0.86	   0.00	1	   78.0	NaN	NaN	   17.4	  25.54	NaN	  25.91	  -0.96	   0.00	0	   15.0	NaN	NaN	   28.0	  -0.11	NaN	   0.00	  -0.55	   0.00	--------	-1	0.00	*
7:833371	  148.0	0	   15.0	NaN	NaN	    8.4	   1.43	NaN	   1.61	  -1.05	   0.00	1	   85.0	NaN	NaN	   22.8	  22.79	NaN	  22.95	  -0.89	   0.00	1	   39.0	NaN	NaN	   20.7	   3.56	NaN	   3.66	  -0.77	   0.00	0	    9.0	NaN	NaN	   26.0	  -0.03	NaN	   0.00	  -0.85	   0.00	--------	-1	0.00	*
7:835375	  448.0	1	   76.0	NaN	NaN	    7.5	  47.08	NaN	  48.11	  -1.02	   0.03	1	  226.0	NaN	NaN	   22.2	 140.49	NaN	 140.97	  -0.85	   0.03	1	  130.0	NaN	NaN	   17.4	  65.62	NaN	  66.22	  -0.88	   0.03	0	   16.0	NaN	NaN	   26.0	  -0.14	NaN	   0.01	  -0.61	   0.03	--------	-1	0.00	*
7:906372	  266.0	1	   20.0	NaN	NaN	    9.7	   2.37	NaN	   2.60	  -0.72	   0.45	1	  139.0	NaN	NaN	   25.5	  54.20	NaN	  54.49	  -0.93	   0.45	1	   80.0	NaN	NaN	   19.4	  23.86	NaN	  24.20	  -0.95	   0.45	0	   27.0	NaN	NaN	   33.2	  -0.20	NaN	   0.06	  -1.05	   0.45	--------	-1	0.00	*
7:910407	 2076.1	1	  101.7	NaN	NaN	   11.0	  59.39	NaN	  60.64	  -1.01	   0.05	1	 1229.8	NaN	NaN	   26.7	 999.00	NaN	 999.00	  -0.57	   0.05	1	  520.7	NaN	NaN	   20.4	 999.00	NaN	 999.00	  -0.77	   0.05	1	  223.9	NaN	NaN	   39.1	  88.81	NaN	  91.11	  -0.89	   0.05	--------	-1	0.00	*
7:910425	 1832.9	1	   70.3	NaN	NaN	   11.0	  32.03	NaN	  32.83	  -0.94	   0.05	1	 1470.2	NaN	NaN	   26.7	 999.00	NaN	 999.00	  -0.57	   0.05	1	  292.3	NaN	NaN	   20.6	 220.23	NaN	 221.32	  -0.78	   0.05	0	    0.1	NaN	NaN	   39.5	  -0.00	NaN	   0.00	  -0.90	   0.05	--------	-1	0.00	*
7:1000647	  969.0	1	   45.0	NaN	NaN	    8.2	  17.93	NaN	  18.55	  -0.95	   0.10	1	  666.0	NaN	NaN	   24.4	 999.00	NaN	 999.00	  -0.72	   0.10	1	  213.0	NaN	NaN	   20.1	 135.13	NaN	 135.99	  -0.86	   0.10	1	   45.0	NaN	NaN	   27.8	   2.01	NaN	   2.78	  -1.24	   0.10	--------	-1	0.00	*
7:1026530	 1028.4	1	   36.3	NaN	NaN	    8.5	  11.76	NaN	  12.28	  -0.90	   0.00	1	  780.6	NaN	NaN	   28.0	 999.00	NaN	 999.00	  -0.45	   0.00	1	  154.3	NaN	NaN	   20.0	  79.98	NaN	  80.68	  -0.70	   0.00	1	   57.2	NaN	NaN	   31.3	   4.07	NaN	   4.89	  -1.04	   0.00	--------	-1	0.00	*
7:1026845	 3122.6	1	   80.7	NaN	NaN	    8.4	  48.51	NaN	  49.60	  -0.99	   0.00	1	 2256.4	NaN	NaN	   28.0	 999.00	NaN	 999.00	  -0.60	   0.00	1	  607.7	NaN	NaN	   20.3	 999.00	NaN	 999.00	  -0.79	   0.00	1	  177.8	NaN	NaN	   32.5	  67.95	NaN	  69.77	  -0.94	   0.00	--------	-1	0.00	*
8:53019	  176.0	0	    8.0	NaN	NaN	    7.6	   0.22	NaN	   0.30	  -0.91	   0.26	1	  113.0	NaN	NaN	   19.0	  47.86	NaN	  48.12	  -0.96	   0.26	1	   44.0	NaN	NaN	   19.3	   5.89	NaN	   6.03	  -1.02	   0.26	0	   11.0	NaN	NaN	   27.0	  -0.04	NaN	   0.00	  -0.91	   0.26	--------	-1	0.00	*
8:129305	  127.0	1	   17.0	NaN	NaN	    6.9	   2.85	NaN	   3.10	  -1.15	   0.00	1	   61.0	NaN	NaN	   19.0	  13.67	NaN	  13.81	  -0.96	   0.00	1	   35.0	NaN	NaN	   16.0	   4.47	NaN	   4.58	  -1.07	   0.00	0	   14.0	NaN	NaN	   25.5	  -0.12	NaN	   0.00	  -0.84	   0.00	--------	-1	0.00	*
8:451326	 2432.0	1	   95.0	NaN	NaN	    7.9	  65.00	NaN	  66.34	  -1.06	   0.06	1	 1840.0	NaN	NaN	   31.8	 999.00	NaN	 999.00	  -0.62	   0.06	1	  422.0	NaN	NaN	   18.4	 999.00	NaN	 999.00	  -0.79	   0.06	1	   75.0	NaN	NaN	   32.9	   8.69	NaN	   9.64	  -0.93	   0.06	--------	-1	0.00	*
8:506161	  150.0	1	   30.0	NaN	NaN	    6.9	   9.72	NaN	  10.17	  -1.10	   0.00	1	   43.0	NaN	NaN	   19.0	   5.72	NaN	   5.81	  -1.08	   0.00	1	   58.0	NaN	NaN	   16.0	  15.14	NaN	  15.37	  -1.03	   0.00	0	   19.0	NaN	NaN	   26.4	  -0.18	NaN	   0.03	  -0.97	   0.00	--------	-1	0.00	*
8:538388	  102.0	1	   16.0	NaN	NaN	    6.9	   2.46	NaN	   2.69	  -1.03	   0.00	0	   25.0	NaN	NaN	   19.0	   0.92	NaN	   0.97	  -0.96	   0.00	1	   51.0	NaN	NaN	   16.0	  11.41	NaN	  11.59	  -0.93	   0.00	0	   10.0	NaN	NaN	   25.5	  -0.04	NaN	   0.00	  -0.86	   0.00	--------	-1	0.00	*
8:549349	  164.0	1	   76.0	NaN	NaN	    6.9	  49.44	NaN	  50.59	  -0.77	   0.00	1	   43.0	NaN	NaN	   19.0	   5.71	NaN	   5.81	  -0.81	   0.00	1	   38.0	NaN	NaN	   16.0	   5.57	NaN	   5.70	  -0.86	   0.00	0	    7.0	NaN	NaN	   25.5	  -0.03	NaN	   0.00	  -1.09	   0.00	--------	-1	0.00	*
9:242793	  778.8	1	   29.3	NaN	NaN	    9.4	   6.77	NaN	   7.19	  -0.86	   0.00	1	  542.7	NaN	NaN	   38.2	 999.00	NaN	 999.00	  -0.49	   0.00	1	  152.6	NaN	NaN	   24.1	  67.61	NaN	  68.24	  -0.77	   0.00	1	   54.2	NaN	NaN	   28.1	   4.48	NaN	   5.33	  -0.90	   0.00	--------	-1	0.00	*
9:242960	 1728.2	1	   38.7	NaN	NaN	    9.7	  11.46	NaN	  11.98	  -0.92	   0.00	1	 1469.3	NaN	NaN	   38.3	 999.00	NaN	 999.00	  -0.54	   0.00	1	  182.4	NaN	NaN	   24.7	  91.19	NaN	  91.93	  -0.91	   0.00	0	   37.8	NaN	NaN	   28.0	   0.71	NaN	   1.39	  -0.76	   0.00	--------	-1	0.00	*
mit:38994	  329.0	0	   25.0	NaN	NaN	   24.7	   0.22	NaN	   0.30	  -1.21	   0.00	0	   63.0	NaN	NaN	   62.1	   0.28	NaN	   0.33	  -0.87	   0.00	1	  163.0	NaN	NaN	  132.7	   2.15	NaN	   2.22	  -0.98	   0.00	0	   78.0	NaN	NaN	   74.1	   0.01	NaN	   0.47	  -0.85	   0.00	--------	-1	0.00	*
mit:54254	  336.0	0	   24.0	NaN	NaN	   24.7	   0.16	NaN	   0.23	  -1.00	   0.14	0	   64.0	NaN	NaN	   62.1	   0.33	NaN	   0.38	  -0.94	   0.14	1	  172.0	NaN	NaN	  132.7	   3.13	NaN	   3.22	  -0.98	   0.14	0	   76.0	NaN	NaN	   74.1	  -0.05	NaN	   0.37	  -0.80	   0.14	--------	-1	0.00	*
plasmid-2-micron:1144	 2116.0	0	  227.0	NaN	NaN	  203.4	   1.11	NaN	   1.26	  -0.59	   0.64	0	  492.0	NaN	NaN	  539.9	  -0.02	NaN	   0.01	  -0.59	   0.64	0	  469.0	NaN	NaN	  443.9	   0.86	NaN	   0.91	  -0.63	   0.64	1	  928.0	NaN	NaN	  782.2	   5.76	NaN	   6.66	  -0.57	   0.64	--------	-1	0.00	*
plasmid-2-micron:3520	 2376.0	1	  269.0	NaN	NaN	  203.4	   4.85	NaN	   5.19	  -0.74	   0.76	0	  540.0	NaN	NaN	  490.1	   1.80	NaN	   1.86	  -0.64	   0.76	1	  530.0	NaN	NaN	  443.9	   4.29	NaN	   4.40	  -0.62	   0.76	1	 1037.0	NaN	NaN	  782.2	  17.03	NaN	  18.24	  -0.57	   0.76	--------	-1	0.00	*
plasmid-2-micron:4548	 1920.0	0	  191.0	NaN	NaN	  203.4	   0.05	NaN	   0.09	  -0.76	   0.56	0	  538.0	NaN	NaN	  492.9	   1.57	NaN	   1.63	  -0.68	   0.56	1	  497.0	NaN	NaN	  443.9	   2.08	NaN	   2.15	  -0.69	   0.56	0	  694.0	NaN	NaN	  782.2	  -0.06	NaN	   0.00	  -0.56	   0.56	--------	-1	0.00	*
