DE Gcr1_GEM_2_m0 7.95 3 k10_c474
1 140 0 334 0 G
2 424 0 0 49 A
3 473 0 0 0 A
4 355 0 114 5 A
5 473 0 0 0 A
6 261 33 111 69 A
7 328 28 62 56 A
8 308 46 50 70 A
XX

DE Gcr1_GEM_2_m1 9.12 12 k9_c250
1 6 7 3 235 T
2 9 180 3 57 C
3 102 115 2 32 C
4 1 17 38 194 T
5 0 118 0 131 T
6 5 14 0 231 T
7 34 1 0 215 T
8 3 161 2 84 C
9 8 99 1 142 T
XX

DE Gcr1_GEM_2_m2 7.73 6 k8_c206
1 16 112 8 70 C
2 130 24 19 33 A
3 14 22 15 154 T
4 7 10 10 179 T
5 56 8 13 129 T
6 11 13 9 173 T
7 8 151 9 38 C
8 142 23 13 28 A
XX

DE Gcr1_GEM_2_m3 7.89 9 k8_c183
1 24 11 2 145 T
2 0 1 0 181 T
3 0 69 0 114 T
4 54 115 7 7 C
5 62 5 6 110 T
6 0 0 1 181 T
7 0 0 84 99 T
8 71 6 104 3 G
XX

DE Gcr1_GEM_2_m4 7.56 8 k6_c186
1 17 0 2 167 T
2 9 0 14 162 T
3 0 180 4 2 C
4 155 27 4 0 A
5 0 0 181 5 G
6 10 127 17 33 C
XX

DE Gcr1_GEM_2_m5 7.29 4 k7_c303
1 19 5 268 11 G
2 261 12 25 5 A
3 276 0 20 6 A
4 183 1 118 0 A
5 116 149 37 0 C
6 51 21 73 157 T
7 41 3 254 5 G
XX

DE Gcr1_GEM_2_m6 7.11 2 k6_c206
1 63 126 6 11 C
2 204 0 0 1 A
3 169 16 2 19 A
4 2 17 3 184 T
5 0 2 199 4 G
6 188 2 12 4 A
XX

DE Gcr1_GEM_2_m7 7.25 -1 k7_c145
1 14 94 4 33 C
2 0 0 0 144 T
3 0 0 8 136 T
4 4 140 0 0 C
5 17 127 0 0 C
6 134 10 0 0 A
7 115 19 9 1 A
XX

DE Gcr1_GEM_2_m8 6.54 2 k6_c278
1 277 0 0 0 A
2 276 0 0 2 A
3 4 1 0 273 T
4 225 22 0 31 A
5 43 149 0 86 C
6 23 48 0 207 T
XX

DE Gcr1_GEM_2_m9 5.57 -1 k5_c374
1 2 201 0 171 C
2 68 0 304 1 G
3 2 0 371 0 G
4 138 0 0 235 T
5 0 0 373 0 G
XX

DE Gcr1_GEM_2_m10 7.95 0 k6_c327
1 326 0 0 0 A
2 0 89 0 237 T
3 1 0 324 1 G
4 149 0 67 111 A
5 324 0 1 1 A
6 326 0 0 0 A
XX

