-300	6.409546500698029E-4
-299	5.482260566634457E-4
-298	5.88671898249223E-4
-297	6.868108882297537E-4
-296	8.776960591043515E-4
-295	0.0011036481639297112
-294	0.0014177449471160103
-293	0.001222442813803729
-292	0.0010187282764068384
-291	8.916735072858631E-4
-290	9.39617773467436E-4
-289	0.0012103807762794611
-288	0.001549703954254928
-287	0.0017528091802280967
-286	0.0016797146284229848
-285	0.0014496236786226402
-284	0.0012465360119998672
-283	0.0012042861358836279
-282	0.0012560478622275152
-281	0.00128482982914128
-280	0.0012114959097363812
-279	0.001108330917131114
-278	0.0010854748994454815
-277	0.0012157192711167943
-276	0.0014224609118515896
-275	0.0015917480676737109
-274	0.0016385102937732396
-273	0.0015932023820052078
-272	0.001515160433390885
-271	0.001452715246952004
-270	0.0014101764137121509
-269	0.0013808482226953763
-268	0.0013568540192455336
-267	0.0013255933739856967
-266	0.0012732849138587436
-265	0.0011963387055918754
-264	0.0011319305750495876
-263	0.0011274277878806978
-262	0.0012069546627668504
-261	0.0013016637305209905
-260	0.0013194645749888898
-259	0.0012089564231128537
-258	0.001081497074221326
-257	0.0010891339707392851
-256	0.0013305407138083007
-255	0.001690895539436311
-254	0.002002002842347845
-253	0.002131073933221268
-252	0.0020869477865502963
-251	0.0019138702927824817
-250	0.001666270268272248
-249	0.0014393082330015048
-248	0.001338327632859033
-247	0.0014280746361574686
-246	0.001610906300904874
-245	0.0017485824075331663
-244	0.001740425825102261
-243	0.001636011777184067
-242	0.0015224785759784915
-241	0.0014664957843172606
-240	0.001452857967559378
-239	0.0014458909416956655
-238	0.0014266797680407282
-237	0.0014433464892043021
-236	0.0015607723931199045
-235	0.0018086589039397907
-234	0.002075987990691169
-233	0.002216561758619983
-232	0.002144349885474354
-231	0.0020139923390111105
-230	0.0020402966594892575
-229	0.002354293478351022
-228	0.0027519057917715175
-227	0.0029452796871090835
-226	0.002743983838261471
-225	0.0023472772652840973
-224	0.0020518415747717944
-223	0.002075957691764827
-222	0.0023243038150851914
-221	0.0026231574620003127
-220	0.0028280728712007813
-219	0.0029117111670698323
-218	0.0028760101954138644
-217	0.0027428841877191992
-216	0.002614152918191856
-215	0.0026116125467177767
-214	0.002800103665078779
-213	0.0030166445926401823
-212	0.00304129808066318
-211	0.0027296115653177937
-210	0.002239071222409361
-209	0.0018026479126520458
-208	0.001594961701166458
-207	0.0015572294706989803
-206	0.0015723173084024411
-205	0.001560443528690094
-204	0.001591235355016898
-203	0.0017716722380982394
-202	0.0021560113842984067
-201	0.0025876210225772994
-200	0.002857147137543721
-199	0.002818811826206907
-198	0.0025811416351778265
-197	0.002316239223467882
-196	0.0021685138410394876
-195	0.002171601101659108
-194	0.002331443210044222
-193	0.0026329968676784337
-192	0.002977276763109869
-191	0.0032443120816527814
-190	0.0033422332351554286
-189	0.0032915755416020975
-188	0.0031409755455110793
-187	0.0029432505578898083
-186	0.002767940955702304
-185	0.0026887678824017293
-184	0.0027475283158234936
-183	0.0028583225713319916
-182	0.0029033267986738674
-181	0.002805325036674563
-180	0.002649532880474732
-179	0.0025617738142938266
-178	0.0026227229801051555
-177	0.0027324621508974466
-176	0.0027459247574132856
-175	0.0025649740516613647
-174	0.002279192570714825
-173	0.0020250926729129177
-172	0.0019102471434996329
-171	0.0019264704753379164
-170	0.002036637588195454
-169	0.0021980325772165137
-168	0.002345576239051693
-167	0.0024085985457281745
-166	0.0023521101301229334
-165	0.0022838442685121224
-164	0.002347214898021689
-163	0.0026182409747139922
-162	0.002903361530397047
-161	0.00294162061581528
-160	0.0025791169542480987
-159	0.0020901679591148344
-158	0.0018561457163697988
-157	0.002123464078791109
-156	0.002598703966452101
-155	0.002853488066249918
-154	0.0025977202068892427
-153	0.0020944287843049267
-152	0.0017449233362393632
-151	0.0018396508424126734
-150	0.0022256080504558916
-149	0.0026389291499777797
-148	0.0028694176036517965
-147	0.0029215539664101935
-146	0.002853488066249918
-145	0.0027227585073076655
-144	0.002584458998279125
-143	0.002493072023999734
-142	0.0024901495088226516
-141	0.002565521135171928
-140	0.0026960860249893356
-139	0.0028578593698984273
-138	0.003023320640249881
-137	0.003164065376076152
-136	0.003247944199602931
-135	0.0032278280618288357
-134	0.003052842995945716
-133	0.0027138419683698403
-132	0.0023685856784151442
-131	0.002216561758619983
-130	0.002388590000573051
-129	0.0027408188320644064
-128	0.0030607288399344497
-127	0.0031980783619429323
-126	0.003251736739527017
-125	0.0033828510650432205
-124	0.0036889483631201937
-123	0.004013075387475139
-122	0.004134658824097395
-121	0.003930248768235397
-120	0.003664888952173976
-119	0.003700746517457061
-118	0.004257576647597692
-117	0.004985486693985362
-116	0.005392172049978672
-115	0.005157932271683637
-114	0.00465348356619591
-113	0.004422146303358556
-112	0.004852962127833312
-111	0.005717857783556623
-110	0.006634481289283608
-109	0.007281142043388383
-108	0.007578794962721061
-107	0.0075090563437507545
-106	0.0071055980131894585
-105	0.0066103139187207016
-104	0.006317153538270894
-103	0.006434780046973547
-102	0.006830711408790579
-101	0.00728717928489101
-100	0.00762250510211428
-99	0.007799369349981528
-98	0.007816542283684313
-97	0.007686930369124592
-96	0.007479984915045928
-95	0.0072792934409022765
-94	0.007138944915117336
-93	0.00699503410199375
-92	0.006754157214803905
-91	0.006362485155543375
-90	0.005924487581100515
-89	0.005584208837086863
-88	0.005462505365220323
-87	0.005587481991644241
-86	0.005964055638608316
-85	0.00653759538164815
-84	0.007015278909442931
-83	0.007044736063957742
-82	0.006420615585141779
-81	0.005525641804880694
-80	0.004889557953044246
-79	0.004889283647017649
-78	0.0052904440542479335
-77	0.005705840729697581
-76	0.00583513628972571
-75	0.005725437596277987
-74	0.005510712572696714
-73	0.005297365239437413
-72	0.005081544005408488
-71	0.0048318333766315625
-70	0.004545563107807953
-69	0.004335043948357765
-68	0.0043413318963808
-67	0.004634886733337435
-66	0.005003783374130366
-65	0.00516550051702287
-64	0.004934455364062188
-63	0.0045128191324314325
-62	0.004199701543097684
-61	0.004197078628514134
-60	0.004318391667078424
-59	0.004279948248674313
-58	0.0038954704091758844
-57	0.003368337968418529
-56	0.0029993451922279636
-55	0.0029929675073570743
-54	0.003168404984267417
-53	0.003248538854347711
-52	0.0030460180719787933
-51	0.002732562483509945
-50	0.00256965965828256
-49	0.0027332915466498765
-48	0.0030574176230125116
-47	0.003290491742782927
-46	0.003260074401861053
-45	0.0031101526580966945
-44	0.0030638202098271262
-43	0.0032612963029282423
-42	0.003511302373430424
-41	0.0035396854049026755
-40	0.003169795628493162
-39	0.0026149962656667083
-38	0.0021861537854673033
-37	0.0021019218422708374
-36	0.0022121028317808214
-35	0.0022742863350326656
-34	0.00211673019413884
-33	0.0018503652955200356
-32	0.0016567907866740002
-31	0.0016629275029253706
-30	0.0017769830309063408
-29	0.0018524866450759956
-28	0.0017810519697652758
-27	0.001606630028792553
-26	0.0014112561958480557
-25	0.0012618712786671292
-24	0.001165037821165587
-23	0.001112223801304358
-22	0.0010920053851080698
-21	0.0010813914908561378
-20	0.0010544992248916751
-19	9.936907694268794E-4
-18	9.143086101502913E-4
-17	8.399403086195367E-4
-16	8.053718781779764E-4
-15	8.901831393119121E-4
-14	0.001185152364293381
-13	0.0017159529684415567
-12	0.002247838939264166
-11	0.0024809594073160702
-10	0.00221816140809036
-9	0.0016730835968330313
-8	0.0011620625337283076
-7	9.253818682044576E-4
-6	8.991136066659351E-4
-5	9.432768447612393E-4
-4	9.463404076626956E-4
-3	9.105720386379347E-4
-2	8.666892104784132E-4
-1	8.3886575815887E-4
0	8.251009653871709E-4
1	8.168504780544636E-4
2	8.115544845972387E-4
3	8.305913436333571E-4
4	9.013239563260229E-4
5	0.0010335641443369383
6	0.0011669194113217974
7	0.0012234461814347938
8	0.0011534937747863358
9	0.001020583095311696
10	9.165279429023627E-4
11	9.109712347737846E-4
12	9.848723574372527E-4
13	0.0010970198147280184
14	0.001203905303180243
15	0.0012528332901237278
16	0.0011888114355871843
17	9.91532757915602E-4
18	7.794317087190882E-4
19	7.056280979240277E-4
20	8.660133584385174E-4
21	0.0011275654150974977
22	0.0013000338157176199
23	0.0012473594718341273
24	0.0010502487498566327
25	8.4359937991334E-4
26	7.355818315368489E-4
27	7.274575318773405E-4
28	7.937606474893905E-4
29	9.101729073699973E-4
30	0.0010569662902858504
31	0.0012155603374460605
32	0.0013680807108924639
33	0.0014994775559977953
34	0.0015954071389675144
35	0.0016459068702394462
36	0.001658538737180878
37	0.0016452458713914638
38	0.0016126828855371426
39	0.001546350316548997
40	0.0014264601824243955
41	0.0012437611639542344
42	0.0010311485931035244
43	8.320544646308036E-4
44	6.859863943742989E-4
45	6.167544824909891E-4
46	6.442444502175416E-4
47	7.756071925056331E-4
48	9.670542991669799E-4
49	0.0011620625337283076
50	0.001308977064215816
51	0.0013756166766536006
52	0.0013346685615652297
53	0.0011810520708060654
54	9.986152015586428E-4
55	8.934381123372896E-4
56	9.340775120550877E-4
57	0.0010389963112201355
58	0.001089133970739285
59	0.0010014976723398189
60	8.373654810307422E-4
61	6.940831826414912E-4
62	6.450846929985203E-4
63	6.681564479163613E-4
64	7.171730132065644E-4
65	7.541541188097991E-4
66	7.737001511832073E-4
67	7.785566609130507E-4
68	7.714666963514826E-4
69	7.551632969142278E-4
70	7.323769997829042E-4
71	7.069536078175832E-4
72	6.871999865921528E-4
73	6.825382673589546E-4
74	6.96492705389046E-4
75	7.089960520283465E-4
76	6.940831826414913E-4
77	6.422999844488958E-4
78	6.102363920940985E-4
79	6.709933520764181E-4
80	8.57423744741559E-4
81	0.0010413881858207675
82	0.0010544992248916751
83	7.97847231960483E-4
84	4.504338587476701E-4
85	2.607385774022846E-4
86	3.9964805699824955E-4
87	7.27677754308988E-4
88	0.0010277503230327987
89	0.0011323669747761
90	0.0010723431527777931
91	9.280728581848993E-4
92	7.721403755593347E-4
93	6.458911231225912E-4
94	5.828608025110555E-4
95	6.020937288875952E-4
96	6.646686715210058E-4
97	7.171730132065644E-4
98	7.178337462678698E-4
99	6.714363011418094E-4
100	5.944057177935919E-4
101	5.050664898932306E-4
102	4.293409259299536E-4
103	3.950507880977936E-4
104	4.180073830210552E-4
105	4.659801950451327E-4
106	4.947282529456928E-4
107	4.7335472191145086E-4
108	4.2433931278331875E-4
109	3.83505872815257E-4
110	3.7797487018078566E-4
111	4.00053256731663E-4
112	4.333446052392066E-4
113	4.6275272077716406E-4
114	4.783823376290027E-4
115	4.7163842238061966E-4
116	4.4055703883202397E-4
117	4.0969863963967245E-4
118	4.1025477467413336E-4
119	4.639156412747161E-4
120	5.543660266556933E-4
121	6.557893655000782E-4
122	7.431976156965055E-4
123	7.949168279560949E-4
124	7.901015761955873E-4
125	7.177854519978272E-4
126	6.065181176100745E-4
127	4.947282529456928E-4
128	4.150295600065215E-4
129	3.7677582914830333E-4
130	3.83505872815257E-4
131	4.3125059207452303E-4
132	4.860092424849302E-4
133	5.062731682282294E-4
134	4.6591912100384504E-4
135	4.0036548258189824E-4
136	3.6041604225018383E-4
137	3.795084338359346E-4
138	4.2161566932413477E-4
139	4.333446052392066E-4
140	3.7871374919709074E-4
141	2.9138821317980146E-4
142	2.224447602608716E-4
143	2.0946418913810264E-4
144	2.3604344100637084E-4
145	2.722834926848212E-4
146	2.968772744281544E-4
147	3.228855302332942E-4
148	3.719609575327204E-4
149	4.5213239914805006E-4
150	5.169332794574512E-4
151	5.062731682282294E-4
152	3.874852844711161E-4
153	2.375974441705474E-4
154	1.610611125543854E-4
155	2.273485918982572E-4
156	3.660155326688509E-4
157	4.7163842238061955E-4
158	4.674815133450063E-4
159	3.915601170614137E-4
160	3.105773098262342E-4
161	2.7665417254516147E-4
162	2.835838045610946E-4
163	3.105773098262342E-4
164	3.412068139712167E-4
165	3.7648852934042297E-4
166	4.2179968995667E-4
167	4.79655438519729E-4
168	5.411225524371888E-4
169	5.944057177935919E-4
170	6.275489695315988E-4
171	6.279537380263381E-4
172	5.828608025110555E-4
173	4.938198696635032E-4
174	4.196163559394588E-4
175	4.333446052392066E-4
176	5.76866208528195E-4
177	7.671117450325311E-4
178	8.897790410434864E-4
179	8.620652274048212E-4
180	7.271646531702515E-4
181	5.597709719459822E-4
182	4.3528067445291064E-4
183	3.408980174731358E-4
184	2.49193662119748E-4
185	2.0817111453936237E-4
186	2.0730972327746722E-4
187	2.607385774022846E-4
188	3.7128318449062246E-4
189	4.965547261536332E-4
190	5.828608025110555E-4
191	5.875541176474027E-4
192	5.121677915062873E-4
193	3.692800479960969E-4
194	1.8109369498377098E-4
195	4.924713755907932E-4
196	5.061024820044488E-4
197	6.179215461061205E-4
198	7.573859864821358E-4
199	8.283953933370002E-4
200	7.673877547212823E-4
