DE Gcr1_GEM_1_m0 6.15 7 k8_c42
1 2 0 5 35 T
2 0 0 0 41 T
3 11 0 0 30 T
4 2 19 2 20 T
5 5 2 0 34 T
6 1 0 0 40 T
XX

DE Gcr1_GEM_1_m1 7.03 0 k7_c38
1 9 4 21 5 G
2 0 1 37 0 G
3 36 0 2 0 A
4 33 0 0 4 A
5 1 0 25 11 G
6 8 20 6 5 C
7 9 9 6 14 T
XX

DE Gcr1_GEM_1_m2 6.59 4 k6_c46
1 38 7 0 1 A
2 45 0 0 0 A
3 0 8 35 3 G
4 40 5 0 0 A
5 42 1 3 0 A
6 42 0 3 1 A
XX

DE Gcr1_GEM_1_m3 7.03 12 k7_c37
1 6 0 0 31 T
2 0 29 0 7 C
3 0 31 0 5 C
4 21 6 0 10 A
5 4 26 2 4 C
6 5 6 5 22 T
7 21 0 1 15 A
XX

DE Gcr1_GEM_1_m4 5.11 7 k5_c70
1 8 36 0 25 C
2 63 2 0 4 A
3 17 1 1 51 T
4 1 64 0 5 C
5 52 17 0 0 A
XX

DE Gcr1_GEM_1_m5 6.60 6 k6_c34
1 30 4 0 0 A
2 33 0 0 0 A
3 30 0 3 0 A
4 2 0 0 31 T
5 0 6 4 24 T
6 33 0 0 0 A
XX

DE Gcr1_GEM_1_m6 5.67 8 k6_c37
1 24 7 1 5 A
2 5 24 5 3 C
3 0 8 2 26 T
4 21 0 1 14 A
5 32 1 0 4 A
6 12 23 1 1 C
XX

DE Gcr1_GEM_1_m7 7.46 8 k7_c35
1 4 21 3 7 C
2 0 34 0 0 C
3 22 4 1 7 A
4 1 11 23 0 G
5 0 3 2 30 T
6 0 1 0 34 T
7 2 6 3 24 T
XX

DE Gcr1_GEM_1_m8 6.08 3 k6_c32
1 26 6 0 0 A
2 6 0 0 26 T
3 19 0 3 9 A
4 5 0 0 27 T
5 24 5 0 3 A
6 5 27 0 0 C
XX

DE Gcr1_GEM_1_m9 7.36 3 k7_c24
1 2 0 1 21 T
2 2 4 9 9 G
3 0 0 1 22 T
4 0 1 20 3 G
5 1 0 20 3 G
6 2 1 18 3 G
7 1 4 2 17 T
XX

DE Gcr1_GEM_1_m10 8.19 12 k12_c30
1 17 12 0 1 A
2 19 2 0 8 A
3 4 2 0 23 T
4 3 26 0 0 C
5 13 9 0 8 A
6 25 0 0 5 A
7 4 21 0 4 C
8 1 6 0 22 T
9 22 0 0 7 A
10 8 3 0 19 T
11 2 27 0 0 C
12 14 7 5 4 A
XX

DE Gcr1_GEM_1_m11 8.68 -9 k8_c16
1 0 12 0 4 C
2 0 0 15 0 G
3 0 0 15 0 G
4 0 1 3 12 T
5 0 0 13 3 G
6 1 0 6 8 T
7 0 0 2 14 T
8 9 0 4 3 A
XX

