#Gcr1_GEM_1.m7
#KSM version: 1
#100/100
#1.22
#k-mer/r.c.    	Offset	PosCt	wPosCt	NegCt	HgpLg10	CIDs	PosHits (base85 encoding)	NegHits (base85 encoding)
CCANTTTC/GAAANTGG	1	9	10	0	-4.1	-0,1	N.A.	N.A.
TCCNCTTT/AAAGNGGA	0	8	9	0	-3.8	-2,3	N.A.	N.A.
TCNTCTTT/AAAGANGA	0	9	9	0	-3.8	3,4	N.A.	N.A.
TCCANTTT/AAANTGGA	0	7	8	0	-3.4	5,-2	N.A.	N.A.
CCAGTTT/AAACTGG	1	8	8	0	-3.4	*	"98E5!<<Eo!!!!A~	
CAGTTTT/AAAACTG	2	6	6	0	-2.8	*	z!JCJA~	
CCACTTT/AAAGTGG	1	6	6	0	-3.1	*	O:`$)~	
CCTCTTT/AAAGAGG	1	6	6	0	-2.8	*	!Y>tEz+92BC~	
CACTTTC/GAAAGTG	2	6	6	0	-3.1	*	O:`$)~	
CAGCTTC/GAAGCTG	2	5	5	0	-2.5	*	!!!$B5RI~	
TCCGTTT/AAACGGA	1	4	4	1	-1.5	*	z5R7>i&-)\9~	zz!!!!)~
TCCACTT/AAGTGGA	0	4	4	0	-2.5	*	J.W=~	
CAGTTTC/GAAACTG	2	4	4	1	-1.5	*	"98E55QD&~	z!!i~
TCAGCTG/CAGCTGA	1	4	4	0	-2.2	*	J,g,\"98E%!!!$~	
AATCTCA/TGAGATT	-3	3	3	0	-1.8	*	z5l^lb!!!"L~	
GCCAGCT/AGCTGGC	0	3	3	0	-1.8	*	J,g,\z!!i~	
CCAGCTG/CAGCTGG	1	3	3	0	-1.8	*	J,g,\z!!i~	
$$$
GAAAGTGG/CCACTTTC	0	6	6	0	-3.1	0	O:`$)~	
CCAGTTTC/GAAACTGG	0	3	3	0	-1.8	1	"98E5!!!9~	
AAAGTGGA/TCCACTTT	0	4	4	0	-2.5	2	J.W=~	
TCCTCTTT/AAAGAGGA	0	6	6	0	-2.8	3	!Y>tEz+92BC~	
TCTTCTTT/AAAGAAGA	0	3	3	0	-1.5	4	zz8c~	
TCCAGTTT/AAACTGGA	0	3	3	0	-1.8	5	z!!!$b!!!!A~	
%%%
0 8 8 0 8 0 0 9 9 0 0 0 9 0 0 0 7 8 0 0 9 0 0 0 8 0 0 0 8 8 0 0 8 0 0 0 0 0 8 0 0 7 7 8 0 0 0 7 9 0 0 8 0 0 0 0 0 0 8 0 0 0 9 0 0 7 0 7 0 8 7 0 0 0 0 0 0 0 0 0 0 0 0 0 0 0 0 0 0 8 0 0 0 8 0 7 0 0 0 0 
0 0 0 0 0 0 0 0 0 0 0 0 0 0 0 0 0 0 0 0 0 0 0 0 0 0 0 0 0 0 0 0 0 0 0 0 0 0 0 0 0 0 0 7 0 0 0 0 0 0 0 0 0 0 0 0 0 0 0 0 0 0 0 0 0 0 0 0 0 0 0 0 0 0 0 0 0 0 0 0 0 0 0 0 0 0 0 0 0 0 0 0 0 0 0 0 0 0 0 0 
1.2296 1.2036 1.2188 1.2012 1.1940 1.1430 1.2297 1.1640 1.1607 1.1822 1.1367 1.1392 1.1602 1.1472 1.0959 1.1402 1.1581 1.1244 1.0722 1.1216 1.0823 1.1125 1.1241 1.0915 1.1036 1.0766 1.1210 1.0601 1.0627 1.0930 1.1166 1.0507 1.0618 1.0039 1.0566 1.0074 0.9020 0.9698 0.9436 1.0408 0.9741 0.9700 0.9835 0.9769 1.0034 0.9113 0.9766 1.0290 0.9880 1.0568 0.9980 1.0069 1.0320 0.8998 0.9741 0.8894 1.0350 0.9509 0.9733 0.9160 0.7717 0.8194 0.9738 0.9174 0.8786 0.7833 0.9442 0.9573 0.9045 0.9530 0.7452 0.7085 0.9327 0.8697 0.9287 0.8899 0.9063 0.7519 0.9268 0.9071 0.8835 0.8928 0.9261 0.8672 0.6767 0.8783 0.9011 0.8411 0.9253 0.7887 0.8689 0.7505 0.7598 1.1588 1.1354 1.1378 1.1004 1.0598 1.0859 1.0438 
