-300	7.677343272997813E-4
-299	0.0013193417848629504
-298	0.001863774788282241
-297	0.0020145152443786
-296	0.0015620027535899169
-295	8.156725413667285E-4
-294	2.1810334979424281E-4
-293	1.0710484161658E-4
-292	3.0328241912707456E-4
-291	5.521289671004207E-4
-290	4.974678800410863E-4
-289	2.472919191166817E-4
-288	1.254442247530124E-4
-287	2.5408824082518485E-4
-286	3.129689206346569E-4
-285	2.5351574153778035E-4
-284	1.6246915517135346E-4
-283	4.3132062317253415E-5
-282	2.6957538948283384E-5
-281	2.595293663205233E-23
-280	0.0011042579342008414
-279	0.0010856841756272649
-278	0.0010740743998487146
-277	0.0010348243479166082
-276	9.334310067714911E-4
-275	7.435965010102559E-4
-274	4.7032481751826775E-4
-273	1.5146263581040681E-4
-272	5.3683494196804645E-6
-271	2.595293663205233E-23
-270	2.067658921009935E-4
-269	6.53769224456886E-4
-268	0.001003429519220438
-267	0.0010573072755244136
-266	8.801205799693677E-4
-265	6.431057560214657E-4
-264	5.521289671004207E-4
-263	5.309153139129654E-4
-262	8.047539528013772E-4
-261	0.0013455503182266024
-260	0.0019947352467380697
-259	0.0021907824444425982
-258	0.0017020918434802288
-257	0.0011232557556203374
-256	7.620666818274393E-4
-255	8.599635735936256E-4
-254	0.0010918159959586392
-253	0.0011552609914015778
-252	9.149283102027328E-4
-251	7.991839689795348E-4
-250	9.389067619039707E-4
-249	0.0015499783090698151
-248	0.0024585091907828862
-247	0.003134654721087993
-246	0.003278421258352638
-245	0.003113383295689183
-244	0.0029226022906690746
-243	0.0028718091867415653
-242	0.002782657210486706
-241	0.0025748261559320283
-240	0.002277524521642678
-239	0.002107180842598943
-238	0.0021223572180365836
-237	0.002334215508750237
-236	0.0028087255579764842
-235	0.0037234069359432355
-234	0.005123158266049311
-233	0.006429579272402081
-232	0.006951779209902837
-231	0.006278764335566896
-230	0.005041488216522458
-229	0.004013575651105855
-228	0.003694886425323086
-227	0.0036482075291622805
-226	0.0033232475682148446
-225	0.0023814664435401938
-224	0.001286106523701238
-223	3.129689206346569E-4
-222	2.595293663205233E-23
-221	1.7708953147013947E-4
-220	3.814785886486166E-4
-219	9.029533884665468E-4
-218	0.0013422370142692963
-217	0.0015761122190560066
-216	0.0015242544575906412
-215	0.001238660535679884
-214	8.243682375816038E-4
-213	3.856587771629218E-4
-212	1.6497052562141536E-4
-211	2.595293663205233E-23
-210	2.595293663205233E-23
-209	4.2547615267148715E-4
-208	8.833046054482175E-4
-207	0.0012378851950010088
-206	0.00116790134579566
-205	7.668301667078938E-4
-204	2.4153533019314412E-4
-203	1.0818559150904451E-4
-202	2.595293663205233E-23
-201	2.595293663205233E-23
-200	5.395473552069239E-4
-199	0.0012065659298077724
-198	0.0017264072712775492
-197	0.0018217425933599637
-196	0.0015765106692279015
-195	0.0012381682297590594
-194	0.0011948369714700159
-193	0.0014024527394126325
-192	0.0016563869013012623
-191	0.0015199660562811646
-190	0.0012023321859582266
-189	9.632471694653882E-4
-188	0.0010675868502220346
-187	0.0012833372110063381
-186	0.0012612469092789487
-185	8.296424709752232E-4
-184	3.2101960311580743E-4
-183	1.5484437233629478E-4
-182	4.939823574863548E-4
-181	0.0010094406479141905
-180	0.0012826498983254824
-179	0.0011016315208744439
-178	7.135830069273312E-4
-177	4.8164444479455724E-4
-176	6.818801869352116E-4
-175	0.0011330262476403762
-174	0.001507299781114196
-173	0.001465971007512843
-172	0.001082067695283926
-171	5.722197136991016E-4
-170	4.383580701330553E-4
-169	3.129689206346569E-4
-168	2.638968820619988E-4
-167	5.541661037297592E-4
-166	8.240121671286536E-4
-165	8.948667810011637E-4
-164	6.74493895635098E-4
-163	3.612437106224175E-4
-162	2.3137394463798328E-4
-161	4.7561630085122414E-4
-160	8.499983898376266E-4
-159	0.0011042579342008414
-158	8.656216421006784E-4
-157	3.7573597835723944E-4
-156	2.8612391371271546E-4
-155	6.476975795077701E-4
-154	0.0012034647471134547
-153	0.0016263651081111935
-152	0.0017483873540261555
-151	0.001611208606091882
-150	0.00130112358163877
-149	9.006870007857246E-4
-148	4.879343722425785E-4
-147	1.3747866714621743E-4
-146	2.590751550265428E-5
-145	2.595293663205233E-23
-144	6.888081446528136E-5
-143	4.524530567694995E-4
-142	8.21091135631094E-4
-141	9.38936505937201E-4
-140	6.859942470707763E-4
-139	3.129689206346569E-4
-138	1.5737958045065317E-4
-137	5.401857215675029E-4
-136	0.001233412898304516
-135	0.0018339795156755603
-134	0.0019107066322461785
-133	0.0015876120343695371
-132	0.0011796748832959359
-131	0.0010505032051885811
-130	0.001142684120004121
-129	0.0012679762652713568
-128	0.0012436214074506991
-127	0.0011385085754075312
-126	0.0011042579342008414
-125	0.0011684099086921584
-124	0.0012213488832017404
-123	0.001109079600906072
-122	7.505309162831031E-4
-121	4.380497289608019E-4
-120	5.521289671004207E-4
-119	0.0013021839673675085
-118	0.002241003556903469
-117	0.0027606448355021033
-116	0.0024507994278761516
-115	0.0017018630484448914
-114	0.0011185263452173498
-113	0.0011040995637472306
-112	0.0014010961822175183
-111	0.0016563869013012623
-110	0.0015606745866087036
-109	0.0012824250442471348
-108	0.0013275331218288954
-107	0.0017644020718861596
-106	0.0026020174196104786
-105	0.0038874190946074053
-104	0.005765136315885521
-103	0.007819020507636667
-102	0.009376607900414769
-101	0.009645516147860399
-100	0.008858216031859448
-99	0.0076460613377737595
-98	0.00685736404996671
-97	0.006444354986563081
-96	0.006073418638104629
-95	0.00538909588930946
-94	0.005165737093482349
-93	0.006435199269034664
-92	0.009463520255678938
-91	0.012687839105522769
-90	0.014291486581716199
-89	0.013735347171378805
-88	0.0126902023331927
-87	0.013026292135290817
-86	0.014991374611516985
-85	0.01691343467907691
-84	0.01701177588872837
-83	0.014958614884006717
-82	0.011811430744013135
-81	0.008801177923871329
-80	0.006710072716335665
-79	0.00601138477383075
-78	0.0069836691906495245
-77	0.00915114420534344
-76	0.011154350606523221
-75	0.011687633377596865
-74	0.010643760777469109
-73	0.009121758301051164
-72	0.00825077521335573
-71	0.008124651775295241
-70	0.00787074134838776
-69	0.006675790741401359
-68	0.004884384000326788
-67	0.003750913817818283
-66	0.004331730464544882
-65	0.0061039486001665645
-64	0.007679774119516195
-63	0.00790565068531657
-62	0.007116137153595698
-61	0.006204287186954194
-60	0.005872540492725168
-59	0.005849794432477422
-58	0.005575850346720188
-57	0.004651191956469397
-56	0.0033872730507586014
-55	0.0023463502446173833
-54	0.0019951656109643777
-53	0.0022951797319942856
-52	0.0029116865946367736
-51	0.003450427715632644
-50	0.0035604429270709743
-49	0.003277867484930657
-48	0.0029228048465508097
-47	0.0033574062326510944
-46	0.004857574277280947
-45	0.0071342282924171385
-44	0.008648337560686364
-43	0.0084487789683436
-42	0.006331151383652038
-41	0.0039425955826259814
-40	0.002737170686024162
-39	0.003522385651261679
-38	0.005310753990067111
-37	0.007009191352803977
-36	0.007883227698656374
-35	0.008198414649910566
-34	0.008213779849179112
-33	0.008102711268407567
-32	0.008029098647794488
-31	0.008377316278758413
-30	0.00939298750054299
-29	0.010629300147973886
-28	0.01095391222221299
-27	0.009797717547150687
-26	0.008121195233964158
-25	0.006859294595974482
-24	0.006779937929900615
-23	0.0074207244208983215
-22	0.007814806959228114
-21	0.007125251516550883
-20	0.005368630824354189
-19	0.0032393863644086425
-18	0.0015031559372539996
-17	8.578291968495764E-4
-16	6.259378412693138E-4
-15	8.011794058819422E-4
-14	0.0011886914437182574
-13	0.0012988171761412063
-12	9.719327766620047E-4
-11	4.603924440048697E-4
-10	2.595293663205233E-23
-9	2.595293663205233E-23
-8	4.958121346027362E-6
-7	3.3427951195910517E-6
-6	1.7630962738214342E-4
-5	3.019676929443942E-4
-4	3.129689206346569E-4
-3	1.8167918936555573E-4
-2	2.6046030944520954E-5
-1	2.595293663205233E-23
0	1.9816055812942637E-4
1	4.7606152625204445E-4
2	6.273073972803514E-4
3	5.093830907551122E-4
4	2.4090708432299306E-4
5	2.595293663205233E-23
6	2.595293663205233E-23
7	1.3522978920486832E-5
8	1.997389245234864E-5
9	2.595293663205233E-23
10	2.595293663205233E-23
11	2.595293663205233E-23
12	1.1199952987266852E-4
13	4.5490520932438174E-4
14	7.548276269862546E-4
15	8.047981596953447E-4
16	5.621880350663221E-4
17	2.0890243563305102E-4
18	2.595293663205233E-23
19	2.595293663205233E-23
20	2.595293663205233E-23
21	1.8751300599160754E-5
22	3.8570398246575045E-5
23	1.360754001324591E-5
24	2.595293663205233E-23
25	2.595293663205233E-23
26	2.595293663205233E-23
27	1.1417198933821212E-4
28	2.4571428196036864E-4
29	3.1502126619076796E-4
30	2.6913149505448545E-4
31	1.4615155172757995E-4
32	2.595293663205233E-23
33	2.595293663205233E-23
34	1.0298893436522024E-5
35	1.512529777230892E-5
36	3.0914999986971794E-4
37	6.74304732913396E-4
38	9.389067619039707E-4
39	9.857362640211512E-4
40	0.0010173911663693904
41	9.99233432555282E-4
42	9.250190716360275E-4
43	8.045291358475996E-4
44	7.919895045186605E-4
45	0.0011042579342008414
46	0.0016507665686190031
47	0.0021436298296733524
48	0.002208515868401683
49	0.0016158338669155494
50	7.149571316215396E-4
51	1.1489011158452094E-4
52	2.4817921462591433E-4
53	4.218158154049677E-4
54	8.031061870523962E-4
55	0.001062200789013756
56	0.0011604172627174964
57	0.0011042579342008414
58	7.397864565399719E-4
59	2.7999242127464794E-4
60	4.9340378023403965E-6
61	8.463909879371441E-5
62	3.575625616636999E-4
63	5.731877473196635E-4
64	5.093346920902882E-4
65	2.3243332742388487E-4
66	2.595293663205233E-23
67	2.595293663205233E-23
68	2.595293663205233E-23
69	3.703921790129651E-4
70	8.059613770676705E-4
71	9.68293100028134E-4
72	6.940599135251637E-4
73	2.7052674750805783E-4
74	2.595293663205233E-23
75	1.1056322978780873E-4
76	5.722359874219594E-4
77	9.889562366171886E-4
78	0.0010849837111421919
79	9.206973781087369E-4
80	6.705004813447199E-4
81	5.521289671004207E-4
82	3.1677880820748166E-4
83	8.371049284229647E-5
84	2.595293663205233E-23
85	1.548104835104911E-4
86	4.0565379654272497E-4
87	6.636758380444514E-4
88	7.002287858296734E-4
89	5.288700159710734E-4
90	2.527943423760616E-4
91	1.204116741313475E-4
92	2.595293663205233E-23
93	2.595293663205233E-23
94	2.595293663205233E-23
95	2.595293663205233E-23
96	1.881791160167212E-5
97	1.3573877180476416E-4
98	3.1082750038203345E-4
99	5.521289671004207E-4
100	8.057992026037432E-4
101	0.0010118872915490297
102	0.0012192373277930752
103	0.0012805678857359586
104	0.0011486943890012037
105	8.18249348952953E-4
106	3.866951096409072E-4
107	2.1344129780710797E-5
108	2.595293663205233E-23
109	2.540763644381056E-4
110	6.739372508007144E-4
111	0.0013598794115523604
112	0.0019576497787848583
113	0.0023872241081002695
114	0.002678459800632627
115	0.0030214707809824433
116	0.003323497023883878
117	0.0033449761577598533
118	0.002756638141709486
119	0.0017806651292733699
120	8.343251686191943E-4
121	3.6560646857465866E-4
122	3.146059082907367E-4
123	5.521289671004207E-4
124	6.911088106528339E-4
125	6.889000658194606E-4
126	7.061881442009534E-4
127	6.023806183993818E-4
128	3.9194278363884766E-4
129	1.622328831657119E-4
130	1.562401272440121E-4
131	4.0620073142040694E-4
132	8.619166418158204E-4
133	0.0011732994494594814
134	0.0011573567475677646
135	7.778074209102998E-4
136	3.8538341172421363E-4
137	2.595293663205233E-23
138	2.595293663205233E-23
139	2.0973335965716944E-5
140	1.418889074963019E-5
141	2.7159077207994885E-4
142	5.244740060801083E-4
143	6.259378412693138E-4
144	4.916150707438243E-4
145	2.3176895630315264E-4
146	6.437058347478077E-7
147	2.595293663205233E-23
148	5.488837655832865E-7
149	1.133325807103268E-6
150	2.2019733846410445E-5
151	1.4943528580413872E-5
152	2.595293663205233E-23
153	2.595293663205233E-23
154	1.3240670057984973E-5
155	1.9574710445540253E-5
156	2.124267185718658E-6
157	1.8751802261751028E-6
158	2.595293663205233E-23
159	2.595293663205233E-23
160	2.0526971804992562E-4
161	4.3650638846021454E-4
162	5.598489738540715E-4
163	4.6669867438553996E-4
164	2.2887383222403536E-4
165	2.595293663205233E-23
166	2.595293663205233E-23
167	2.595293663205233E-23
168	1.1754726887037943E-4
169	4.7803912086038657E-4
170	7.683319059768911E-4
171	8.058453404479013E-4
172	5.597916552885676E-4
173	2.053740691101558E-4
174	2.595293663205233E-23
175	2.595293663205233E-23
176	2.595293663205233E-23
177	6.499304136710362E-5
178	1.619049356342937E-4
179	2.3996214232867145E-4
180	3.129689206346569E-4
181	2.595293663205233E-23
182	2.595293663205233E-23
183	2.595293663205233E-23
184	1.4890678375588833E-5
185	2.086336574667214E-5
186	2.4857820650345843E-4
187	5.043149851193592E-4
188	6.259378412693138E-4
189	5.17603986703096E-4
190	4.7354577138062926E-4
191	4.409817303507993E-4
192	5.521289671004207E-4
193	4.442274512005001E-4
194	2.1241346395962585E-4
195	3.54577535444487E-4
196	7.325873744601476E-4
197	9.389067619039707E-4
198	8.427268040129579E-4
199	6.442638477915631E-4
200	5.393277495730863E-4
