DE Sut1_GEM_2_m0 7.80 5 k8_c460
1 277 39 54 91 A
2 28 354 16 62 C
3 0 80 380 0 G
4 0 459 0 0 C
5 0 420 39 0 C
6 0 3 456 0 G
XX

DE Sut1_GEM_2_m1 5.90 0 k8_c340
1 61 161 26 92 C
2 20 16 10 294 T
3 10 8 8 314 T
4 8 10 2 319 T
5 5 158 1 176 T
6 4 16 3 317 T
XX

DE Sut1_GEM_2_m2 8.76 2 k8_c204
1 0 66 138 0 G
2 0 188 15 0 C
3 0 81 122 0 G
4 41 11 151 0 G
5 184 11 9 0 A
6 107 0 97 0 A
7 164 3 36 0 A
8 119 2 48 35 A
XX

DE Sut1_GEM_2_m3 3.78 6 k6_c483
1 347 133 1 1 A
2 462 4 14 4 A
3 36 433 6 8 C
4 3 39 430 11 G
XX

DE Sut1_GEM_2_m4 6.80 8 k6_c262
1 12 6 242 2 G
2 261 0 0 0 A
3 200 2 39 21 A
4 253 0 6 3 A
5 244 3 8 6 A
6 197 6 31 28 A
XX

DE Sut1_GEM_2_m5 5.42 6 k5_c398
1 397 0 0 0 A
2 388 4 0 5 A
3 234 114 0 50 A
4 0 2 395 0 G
5 17 313 21 46 C
XX

DE Sut1_GEM_2_m6 5.20 -6 k5_c354
1 19 3 325 7 G
2 233 71 47 4 A
3 29 0 0 325 T
4 0 2 325 27 G
5 184 44 88 39 A
XX

DE Sut1_GEM_2_m7 18.03 18 k13_c13
1 0 11 0 1 C
2 0 10 3 0 C
3 0 12 0 0 C
4 0 10 3 0 C
5 0 4 8 0 G
6 0 12 0 0 C
7 0 0 12 0 G
8 0 2 10 0 G
9 1 1 10 0 G
10 0 0 12 0 G
11 0 12 0 0 C
12 1 2 9 0 G
13 0 1 11 0 G
XX

DE Sut1_GEM_2_m8 27.58 -11 k16_c7
1 6 0 0 0 A
2 0 0 0 6 T
3 0 0 0 6 T
4 0 0 0 6 T
5 0 0 6 0 G
6 0 6 0 0 C
7 0 0 0 6 T
8 0 0 0 6 T
9 6 0 0 0 A
10 6 0 0 0 A
11 0 0 6 0 G
12 0 6 0 0 C
13 6 0 0 0 A
14 6 0 0 0 A
15 0 0 6 0 G
16 0 0 6 0 G
XX

DE Sut1_GEM_2_m9 30.68 18 k17_c7
1 6 0 0 0 A
2 0 0 6 0 G
3 0 0 0 6 T
4 0 0 0 6 T
5 0 0 6 0 G
6 0 0 6 0 G
7 0 0 0 6 T
8 6 0 0 0 A
9 0 0 6 0 G
10 6 0 0 0 A
11 0 0 6 0 G
12 0 6 0 0 C
13 0 0 6 0 G
14 0 0 0 6 T
15 0 0 0 6 T
16 0 6 0 0 C
17 0 0 6 0 G
XX

