#Sut1_GEM_1.m5
#KSM version: 1
#77/77
#1.47
#k-mer/r.c.              	Offset	PosCt	wPosCt	NegCt	HgpLg10	CIDs	PosHits (base85 encoding)	NegHits (base85 encoding)
CGGCTTTTAAGC/GCTTAAAAGCCG	1	4	4	0	-2.2	*	TKiV~	
CTTTTAAGCGCA/TGCGCTTAAAAG	4	4	4	0	-2.2	*	TKiV~	
GCTTTTAAGCGC/GCGCTTAAAAGC	3	4	4	0	-2.2	*	TKiV~	
GGCTTTTAAGCG/CGCTTAAAAGCC	2	4	4	0	-2.2	*	TKiV~	
GTTCGGCTTTTA/TAAAAGCCGAAC	-2	4	4	0	-2.2	*	TKiV~	
TCGGCTTTTAAG/CTTAAAAGCCGA	0	4	4	0	-2.2	*	TKiV~	
TTCGGCTTTTAA/TTAAAAGCCGAA	-1	4	4	0	-2.2	*	TKiV~	
TTTTAAGCGCAT/ATGCGCTTAAAA	5	4	4	0	-2.2	*	TKiV~	
$$$
%%%
0 0 0 0 0 19 0 19 0 0 0 0 0 0 19 0 0 0 19 0 0 0 0 0 0 0 0 0 0 0 0 0 0 0 0 0 0 0 0 0 0 0 0 0 0 0 0 0 0 0 0 0 0 0 0 0 0 0 0 0 0 0 0 0 0 0 0 0 0 0 0 0 0 0 0 0 0 
0 0 0 0 0 0 0 0 0 0 0 0 0 0 0 0 0 0 0 0 0 0 0 0 0 0 0 0 0 0 0 0 0 0 0 0 0 0 0 0 0 0 0 0 0 0 0 0 0 0 0 0 0 0 0 0 0 0 0 0 0 0 0 0 0 0 0 0 0 0 0 0 0 0 0 0 0 
1.1975 1.1149 1.1957 1.2138 1.2646 1.0669 1.0967 1.0518 1.1788 1.0138 1.0654 1.0826 0.8607 1.2056 0.9897 1.0483 1.1891 1.0747 1.0355 1.1136 1.2044 0.7981 1.0343 0.8919 0.8089 0.8243 0.8990 0.9286 1.0841 0.8133 0.8193 1.1464 0.8729 1.0429 1.1552 0.9728 0.9255 0.9652 1.0259 0.8955 0.8919 1.0219 1.0392 1.0678 1.0620 0.9965 0.8882 0.9434 1.0702 0.9943 0.9915 0.8608 1.0392 0.9765 1.0636 0.8845 0.9652 0.9802 0.9943 0.9943 0.9599 1.0035 0.8769 0.8807 0.8321 0.9376 0.9920 0.8433 0.8003 1.0279 1.0199 0.9346 0.8807 0.9093 0.8812 0.8736 1.4526 
