-300	8.275313576926563E-4
-299	0.0010090210322106284
-298	0.0010396863248855887
-297	0.0010640741460926913
-296	0.0010849733117004683
-295	0.0011050620458788374
-294	0.001120521343508196
-293	0.0011102589237108134
-292	0.0010811331230494855
-291	0.0010594964722396671
-290	0.0010943091183493801
-289	0.0011616245070872418
-288	0.0012129000639668037
-287	0.0012059350510301016
-286	0.001178601957568942
-285	0.0011762072288926037
-284	0.0011859031064288554
-283	0.0011646667482879136
-282	0.0010896213796627086
-281	0.0010233058568073746
-280	0.001005184424591451
-279	0.0010414392238362437
-278	0.001067177269246778
-277	0.0010547225551868823
-276	0.0010073467166480314
-275	9.846391062660563E-4
-274	0.0010271883825910119
-273	0.0011499247623116683
-272	0.0013015188942881266
-271	0.0014181592899976186
-270	0.0014516469141273233
-269	0.0014130883905681868
-268	0.0013329572001742204
-267	0.0012403690228415724
-266	0.0011580002538993082
-265	0.0011212989334245759
-264	0.0011599252806714364
-263	0.0012571787023978231
-262	0.0013552585312828886
-261	0.0014026873908206733
-260	0.0014085256827352744
-259	0.0014110960756287525
-258	0.0014354327873356428
-257	0.0014441687511647506
-256	0.0014061698131166054
-255	0.0013168391937309718
-254	0.001244748058805333
-253	0.0012404116723721261
-252	0.0013261344994467143
-251	0.0014527117687438682
-250	0.0015626721967141764
-249	0.001612551000932845
-248	0.0016106104273847079
-247	0.001600366506067716
-246	0.0016201518540756644
-245	0.001658001309012264
-244	0.0016677978917260434
-243	0.001616799744035805
-242	0.0015452256024626296
-241	0.0014982002802519634
-240	0.001494900459317028
-239	0.0014783989952867438
-238	0.0014232391208313403
-237	0.0013352098676549541
-236	0.0012788962116391757
-235	0.0012873652543163568
-234	0.0013670219516409893
-233	0.0014701965223657219
-232	0.001547984978529288
-231	0.0015728356731826419
-230	0.00158763871952039
-229	0.001645904066474623
-228	0.001772475540887019
-227	0.0018945959821789831
-226	0.0019511336942532802
-225	0.001915213178327696
-224	0.001841526896035402
-223	0.0017412990362914375
-222	0.0016067845060713925
-221	0.0014473478063312146
-220	0.0013698899917520893
-219	0.0014871419974491007
-218	0.0017998950423668608
-217	0.002146769895180264
-216	0.0023431445850633508
-215	0.0022968545059540023
-214	0.0020974635184498446
-213	0.0018886995612591826
-212	0.0018238517655094608
-211	0.0019164493622196152
-210	0.0021143478960304147
-209	0.0022757624482629547
-208	0.0023168507497789877
-207	0.00220131919947697
-206	0.0019962205783009036
-205	0.0017901742363087031
-204	0.0016552006823261276
-203	0.001597629619706167
-202	0.001592930042803137
-201	0.0016194233066469923
-200	0.0016759904612845113
-199	0.0017432138961732376
-198	0.001795897599087732
-197	0.0018265618257980423
-196	0.0018915135919271358
-195	0.002056447985997402
-194	0.0023346189383142064
-193	0.0026261254242396963
-192	0.0027985122241308133
-191	0.0027335317296066416
-190	0.002457901040856991
-189	0.0020735133576984337
-188	0.0017980370064687237
-187	0.0017502505482096212
-186	0.0019611299748095736
-185	0.002262966185375933
-184	0.0024990140574861863
-183	0.002563151194429988
-182	0.0024868658504221494
-181	0.002335289004357219
-180	0.0021720012360859895
-179	0.002051770689431275
-178	0.002014331997554053
-177	0.0020798324279917447
-176	0.0022046213855582363
-175	0.002332345701907264
-174	0.002419794477577545
-173	0.0024695649815681202
-172	0.0024833406935274886
-171	0.002458808750958857
-170	0.0023923333803164692
-169	0.0022854689701756
-168	0.0021360596653851446
-167	0.001946843869326224
-166	0.0018178742349376407
-165	0.001881210503757938
-164	0.002223031508016685
-163	0.0026502488534099204
-162	0.0028876847731022213
-161	0.0027233796345629956
-160	0.0023583989336277487
-159	0.00211241470151356
-158	0.002242280896823555
-157	0.0025633635361409822
-156	0.0027739788680915534
-155	0.0026592276442141895
-154	0.002403961451598106
-153	0.002280149704304481
-152	0.0024236198388672726
-151	0.0026310828164201497
-150	0.002650396431675755
-149	0.002420163262223342
-148	0.0021544385893999913
-147	0.002082635369673796
-146	0.0022169351856122627
-145	0.0023812950293300643
-144	0.0024087333035693425
-143	0.0023240116508243774
-142	0.0022472765252751904
-141	0.0022775644708264834
-140	0.0023715554871928807
-139	0.002422948058449299
-138	0.002345008078469436
-137	0.0021783107331294124
-136	0.0020695877109645584
-135	0.0021578787311888714
-134	0.002434918217435172
-133	0.002715915669465954
-132	0.002798600596160898
-131	0.0026065088068303213
-130	0.0022698067758491762
-129	0.0019643075266572853
-128	0.0018302362266917826
-127	0.0018814847432338656
-126	0.002090500619715379
-125	0.002384209014745352
-124	0.0026593650607607856
-123	0.0028138280082572334
-122	0.0027995697636895014
-121	0.0026932933666057777
-120	0.0025988471224490405
-119	0.0025799994300462494
-118	0.002577831949752802
-117	0.0025148255788123163
-116	0.0023813912824608686
-115	0.0022680046973107973
-114	0.002266599441389933
-113	0.0023711521785551013
-112	0.002494270652259319
-111	0.002551005004348198
-110	0.0025371474735759168
-109	0.00250730398299779
-108	0.002518550618507467
-107	0.0025814574359459773
-106	0.0026380305686647845
-105	0.0026137594399427196
-104	0.002457527985520163
-103	0.002231799182167546
-102	0.002033405491638487
-101	0.0019525546873898356
-100	0.0019683351666022197
-99	0.002038429948713867
-98	0.002161558490940178
-97	0.0023838138509331397
-96	0.0027211815677660686
-95	0.0030322522871079655
-94	0.003146107823659806
-93	0.0029564131865926235
-92	0.0026092371282637693
-91	0.002330875026257202
-90	0.0022980390857908826
-89	0.002458631763137038
-88	0.0026575668619950883
-87	0.0027607482546296185
-86	0.002772082774715326
-85	0.0027494932117443317
-84	0.0027354913518399093
-83	0.0027010560262746156
-82	0.0026402601593104144
-81	0.002577272870481645
-80	0.002586815199660502
-79	0.0026582822657932503
-78	0.0027322006260649366
-77	0.0026930833750704423
-76	0.0025425625794207245
-75	0.002344984059547058
-74	0.0022433357913327207
-73	0.002278957415818637
-72	0.0024295523273137097
-71	0.0025704810839062646
-70	0.0026370411049612187
-69	0.0026191801635938442
-68	0.0026111604091113654
-67	0.0026468364706604347
-66	0.0027075413106071667
-65	0.002693662480985188
-64	0.0026236864373720124
-63	0.0025712733903298477
-62	0.0026368617645179814
-61	0.0027537375407216498
-60	0.002807062104630256
-59	0.0027127907761586518
-58	0.002536535548967681
-57	0.002378064066534198
-56	0.0023051840057044483
-55	0.002313361190320631
-54	0.0023856441098029074
-53	0.002516857862143769
-52	0.0026777865505700107
-51	0.0028113719570780106
-50	0.002804381527646843
-49	0.0026285795950074836
-48	0.002330966340251539
-47	0.0021281044104547245
-46	0.002182430474244571
-45	0.0025527125327589662
-44	0.0029952518956718266
-43	0.0032254467393690177
-42	0.003062122804452995
-41	0.0027003504408670215
-40	0.002427619130980495
-39	0.002443944886568692
-38	0.0026078036573479037
-37	0.0027170451240740405
-36	0.0026452446095746635
-35	0.0025295217915304127
-34	0.002524324122176994
-33	0.0027181794775799012
-32	0.002997114088669989
-31	0.0032317079917598746
-30	0.0033318382681607134
-29	0.0033176630702915905
-28	0.00320172602668697
-27	0.0029860518878190106
-26	0.00268975836939126
-25	0.002417379052321012
-24	0.0022836858026969156
-23	0.0023392835566504867
-22	0.0025491057485378587
-21	0.0028600410165504605
-20	0.0031977392745338273
-19	0.0033950484042760596
-18	0.0032912114797204327
-17	0.002959526274121959
-16	0.0029636120717710813
-15	0.003947709157598033
-14	0.006215089392429401
-13	0.009223067275910319
-12	0.012186175791552789
-11	0.014296646849516101
-10	0.015256369787923562
-9	0.014981711204427678
-8	0.013721784407069363
-7	0.011900461437713943
-6	0.00996308116519116
-5	0.008265456761929106
-4	0.006849584435192198
-3	0.005648862338228448
-2	0.004527370446158084
-1	0.0035351446675832977
0	0.00277394635387995
1	0.002302830105610647
2	0.002047283790535539
3	0.0019171991713263325
4	0.0018899041156017885
5	0.001954852306698932
6	0.0020737848759668173
7	0.002124182723885122
8	0.002043241265201582
9	0.0018299624934492067
10	0.0016289608807073552
11	0.0015633204194032435
12	0.0016995639989319715
13	0.0019376971906498732
14	0.0021283384420849876
15	0.002146422934793472
16	0.001992896063990635
17	0.0017769618918321633
18	0.001621896824162676
19	0.0015987645213319855
20	0.001665716960479053
21	0.0017502514189533136
22	0.001781441024914912
23	0.0017550488192611495
24	0.0016908952797243452
25	0.0016314663544978634
26	0.0016142321212318472
27	0.0016598486633549717
28	0.0017268259421389443
29	0.0017345703909156782
30	0.001626342376319277
31	0.0014733237808037323
32	0.0014063055609675537
33	0.0015267133834398182
34	0.0017788776451143713
35	0.0020297417942438164
36	0.0021497078435701662
37	0.0020828446365861136
38	0.0018635573476161766
39	0.0015706624095947431
40	0.0013564239838969516
41	0.0012884067590895262
42	0.0013630697712755414
43	0.0014356188429367229
44	0.0014505861093496962
45	0.0014200057488307708
46	0.0014569590327752732
47	0.0015647434241003008
48	0.0016913619194002234
49	0.001736023358644926
50	0.0016919946231553093
51	0.0015936505045963656
52	0.0015174973990706238
53	0.0015169757872979456
54	0.0016208779935787114
55	0.001782127028230868
56	0.0018854957259666775
57	0.0018246803517318747
58	0.0016060566902364284
59	0.0013561357633048467
60	0.0012072207542578016
61	0.0012011598838290608
62	0.0012989605286562011
63	0.0014506301997895092
64	0.001618462091686997
65	0.0017459817024490152
66	0.0017758120528395425
67	0.0016895497377172998
68	0.0015508663395272307
69	0.0014421527630353447
70	0.0014275395053179557
71	0.0015066519741267236
72	0.0016465155994949332
73	0.0017511012979191767
74	0.0017214016479159757
75	0.0015009094561016134
76	0.001197253224397716
77	9.882419760673098E-4
78	0.0010078353028977836
79	0.0011750513997808528
80	0.0013234707362203468
81	0.0013263246857195853
82	0.0012460067563021817
83	0.0011799859294246969
84	0.0011923703493485806
85	0.0012429115011579677
86	0.0013254865503658931
87	0.0014492594093102754
88	0.00159732249776618
89	0.0016600404437769037
90	0.0015315260302596915
91	0.0012409924229043387
92	9.569923210173952E-4
93	8.463533465464759E-4
94	9.275600009553849E-4
95	0.0010738582158511397
96	0.0011504131638472163
97	0.0011275295467061501
98	0.001084670408746494
99	0.0011078485512086972
100	0.001205813625891651
101	0.0013115101740745103
102	0.0013563160527755962
103	0.0013344525573480458
104	0.0012890577077593866
105	0.0012605532221816077
106	0.001240083684257176
107	0.0011952531265663586
108	0.0011019668975095368
109	9.855046297685389E-4
110	8.992382861299982E-4
111	8.918541910111485E-4
112	9.681171731872351E-4
113	0.001090385690544303
114	0.001212167402463725
115	0.0012894492987990242
116	0.0012951936809475892
117	0.0012164170489987608
118	0.0010861194926789677
119	9.758443955870362E-4
120	9.561389729399728E-4
121	0.0010466961958171144
122	0.0011869241703269396
123	0.0012934122705563654
124	0.001285005838824578
125	0.0011615698549574938
126	9.643089129355555E-4
127	8.015123065534337E-4
128	7.515364983394724E-4
129	8.549803825755987E-4
130	0.0010437808767973802
131	0.0011947744903716383
132	0.0011995677926319509
133	0.00106244783123164
134	9.051330116730305E-4
135	8.54707837216858E-4
136	9.418594071123245E-4
137	0.0010882386912626052
138	0.0012056858646067477
139	0.0012634213742562285
140	0.0012676015671015662
141	0.001226504770689681
142	0.0011422054133035393
143	0.0010504959432680126
144	9.896715227944292E-4
145	9.60415074739209E-4
146	9.164958356738662E-4
147	8.202954507276035E-4
148	7.099620124266697E-4
149	6.474807687354582E-4
150	6.737212439579082E-4
151	7.468195041366284E-4
152	8.302958115312381E-4
153	9.055081224741056E-4
154	9.834418978537309E-4
155	0.001030297448821279
156	0.0010041005461616833
157	9.020140034224389E-4
158	7.915988071893248E-4
159	7.474380852967939E-4
160	7.937090172017644E-4
161	8.900885195114544E-4
162	9.756222638179233E-4
163	9.796803301267035E-4
164	8.948040043033281E-4
165	7.576608178064277E-4
166	6.878938380877552E-4
167	7.375150077016144E-4
168	9.050744909820304E-4
169	0.0010855459857930217
170	0.0012080239618398236
171	0.0012320986171814356
172	0.0011728604775134335
173	0.0010500250076061236
174	8.839353551358049E-4
175	7.109419976238788E-4
176	5.85008917044602E-4
177	5.594292736979708E-4
178	6.560709833762913E-4
179	8.356099969213381E-4
180	0.0010317399306083443
181	0.0011445659331621744
182	0.0011312316863099198
183	9.958761444774132E-4
184	8.464842915114071E-4
185	7.63238738020497E-4
186	7.817905153342517E-4
187	8.276103183379597E-4
188	8.383656629516383E-4
189	7.815493931025415E-4
190	6.962994729308341E-4
191	6.199220479029463E-4
192	5.775069489443857E-4
193	5.670325876322374E-4
194	5.823040213558888E-4
195	6.167270038568113E-4
196	6.596701663058086E-4
197	7.007612069073759E-4
198	7.321534205615736E-4
199	7.547495847626054E-4
200	7.429320500819117E-4
