#Sut1_GEM_2.m7
#KSM version: 1
#653/653
#1.41
#k-mer/r.c.                	Offset	PosCt	wPosCt	NegCt	HgpLg10	CIDs	PosHits (base85 encoding)	NegHits (base85 encoding)
TCCTTCGGGGTCC/GGACCCCGAAGGA	-11	8	8	0	-3.3	*	zzz!!",Azz!!!!Azzzzzzzz#QOi)&.egA!!!0&zz!!E~	
CCGCCCCNGCGGGG/CCCCGCNGGGGCGG	-3	7	7	0	-3.0	0,1	N.A.	N.A.
CCCGCNGGGGCGGG/CCCGCCCCNGCGGG	1	6	6	0	-2.7	-2,3	N.A.	N.A.
CCNCCNCGGNGNGGACC/GGTCCNCNCCGNGGNGG	0	6	6	0	-2.7	4,-5	N.A.	N.A.
CNCCNCGGNGNGGACCC/GGGTCCNCNCCGNGGNG	1	6	6	0	-2.7	6,-7	N.A.	N.A.
CCCCCGCGGGGCG/CGCCCCGCGGGGG	0	5	5	0	-2.4	*	zzzzzz!!!!Azzzzzzzzz&.egA!!!0~	
CCCCGCGGGGCGG/CCGCCCCGCGGGG	1	5	5	0	-2.4	*	zzzzzz!!!!Azzzzzzzzz&.egA!!!0~	
CGGACCCCGAAGG/CCTTCGGGGTCCG	11	5	5	0	-2.4	*	zzzzzz!!!!Azzzzzzzzz&.egA!!!0~	
GCGGACCCCGAAG/CTTCGGGGTCCGC	10	5	5	0	-2.4	*	zzzzzz!!!!Azzzzzzzzz&.egA!!!0~	
CCGCCCCCGCGGG/CCCGCGGGGGCGG	-3	4	4	0	-2.1	*	zzzzzz!!!!Azzzzzzzzz&.egA!!!$~	
CGCCCCNNNGGGGCGG/CCGCCCCNNNGGGGCG	-2	4	4	0	-2.1	-8,9	N.A.	N.A.
CGCCCCCGCGGGG/CCCCGCGGGGGCG	-2	4	4	0	-2.1	*	zzzzzz!!!!Azzzzzzzzz&.egA!!!$~	
GCCCCCGCGGGGC/GCCCCGCGGGGGC	-1	4	4	0	-2.1	*	zzzzzz!!!!Azzzzzzzzz&.egA!!!$~	
TCCGGCCCGCCCC/GGGGCGGGCCGGA	-9	4	4	0	-2.1	*	zzzzzz!!!!Azzzzzzzzz&.egA!!!$~	
CGGGGCGGGGACT/AGTCCCCGCCCCG	6	3	3	0	-1.8	*	zzz!!",Azzzzzzzzzzz#QOi)zzzz!!E~	
CGCCGGGGCGGGG/CCCCGCCCCGGCG	3	3	3	0	-1.8	*	zzz!!",Azzzzzzzzzzz#QOi)zzzz!!E~	
CCCCGCCNNGGCGGG/CCCGCCNNGGCGGGG	0	3	3	0	-1.8	-10,11	N.A.	N.A.
CCCCGCGGGGNNGNNCC/GGNNCNNCCCCGCGGGG	1	3	3	0	-1.8	12,-7	N.A.	N.A.
GTCCCCGCCGGGG/CCCCGGCGGGGAC	-2	3	3	0	-1.8	*	zzz!!",Azzzzzzzzzzz#QOi)zzzz!!E~	
CCCCNNNGGGGCGGNCC/GGNCCGCCCCNNNGGGG	0	3	3	0	-1.8	-5,12	N.A.	N.A.
CCGCCGGGGCGGG/CCCGCCCCGGCGG	2	3	3	0	-1.8	*	zzz!!",Azzzzzzzzzzz#QOi)zzzz!!E~	
GGTCCCCGCCGGG/CCCGGCGGGGACC	-3	3	3	0	-1.8	*	zzz!!",Azzzzzzzzzzz#QOi)zzzz!!E~	
CCCGCCGGGGCGG/CCGCCCCGGCGGG	1	3	3	0	-1.8	*	zzz!!",Azzzzzzzzzzz#QOi)zzzz!!E~	
TCCCCGCCNNGGCGG/CCGCCNNGGCGGGGA	-1	3	3	0	-1.8	13,-14	N.A.	N.A.
CCCGCCCCCGCGG/CCGCGGGGGCGGG	-4	3	3	0	-1.8	*	zzzzzz!!!!Azzzzzzzzz&.e~	
GGGTCCCCGCCGG/CCGGCGGGGACCC	-4	3	3	0	-1.8	*	zzz!!",Azzzzzzzzzzz#QOi)zzzz!!E~	
CCCCGCCGGGGCG/CGCCCCGGCGGGG	0	3	3	0	-1.8	*	zzz!!",Azzzzzzzzzzz#QOi)zzzz!!E~	
GTCCCCGCCNNGGCG/CGCCNNGGCGGGGAC	-2	3	3	0	-1.8	-15,16	N.A.	N.A.
GCCCGCCCCCGCG/CGCGGGGGCGGGC	-5	3	3	0	-1.8	*	zzzzzz!!!!Azzzzzzzzz&.e~	
CGGCCCGCCCCCG/CGGGGGCGGGCCG	-7	3	3	0	-1.8	*	zzzzzz!!!!Azzzzzzzzz&.e~	
TCCCCGCCGGGGC/GCCCCGGCGGGGA	-1	3	3	0	-1.8	*	zzz!!",Azzzzzzzzzzz#QOi)zzzz!!E~	
GCCCCNNNGGGGCGGNC/GNCCGCCCCNNNGGGGC	-1	3	3	0	-1.8	-17,18	N.A.	N.A.
CCGGCCCGCCCCC/GGGGGCGGGCCGG	-8	3	3	0	-1.8	*	zzzzzz!!!!Azzzzzzzzz&.e~	
CGCGGGGCGGACC/GGTCCGCCCCGCG	4	3	3	0	-1.8	*	zzzzzz!!!!Azzzzzzzzz&.e~	
CCGGGGCGGGGAC/GTCCCCGCCCCGG	5	3	3	0	-1.8	*	zzz!!",Azzzzzzzzzzz#QOi)zzzz!!E~	
CCGCGGGGCGGAC/GTCCGCCCCGCGG	3	3	3	0	-1.8	*	zzzzzz!!!!Azzzzzzzzz&.e~	
GCCGGGGCGGGGA/TCCCCGCCCCGGC	4	3	3	0	-1.8	*	zzz!!",Azzzzzzzzzzz#QOi)zzzz!!E~	
CCCGCGGGGCGGA/TCCGCCCCGCGGG	2	3	3	0	-1.8	*	zzzzzz!!!!Azzzzzzzzz&.e~	
$$$
CCGCCCCGGCGGGG/CCCCGCCGGGGCGG	0	3	3	0	-1.8	0	zzz!!",Azzzzzzzzzzz#QOi)zzzz!!E~	
CCGCCCCCGCGGGG/CCCCGCGGGGGCGG	0	4	4	0	-2.1	1	zzzzzz!!!!Azzzzzzzzz&.egA!!!$~	
CCCGCCCCGGCGGG/CCCGCCGGGGCGGG	0	3	3	0	-1.8	2	zzz!!",Azzzzzzzzzzz#QOi)zzzz!!E~	
CCCGCGGGGGCGGG/CCCGCCCCCGCGGG	0	3	3	0	-1.8	3	zzzzzz!!!!Azzzzzzzzz&.e~	
CCGCCCCGGCGGGGACC/GGTCCCCGCCGGGGCGG	0	3	3	0	-1.8	4	zzz!!",Azzzzzzzzzzz#QOi)zzzz!!E~	
GGTCCGCCCCGCGGGGG/CCCCCGCGGGGCGGACC	0	3	3	0	-1.8	5	zzzzzz!!!!Azzzzzzzzz&.e~	
CGCCCCGGCGGGGACCC/GGGTCCCCGCCGGGGCG	0	3	3	0	-1.8	6	zzz!!",Azzzzzzzzzzz#QOi)zzzz!!E~	
GGGTCCGCCCCGCGGGG/CCCCGCGGGGCGGACCC	0	3	3	0	-1.8	7	zzzzzz!!!!Azzzzzzzzz&.e~	
CCGCCCCGCGGGGGCG/CGCCCCCGCGGGGCGG	0	4	4	0	-2.1	8	zzzzzz!!!!Azzzzzzzzz&.egA!!!$~	
CGCCCCGCGGGGGCGG/CCGCCCCCGCGGGGCG	0	4	4	0	-2.1	9	zzzzzz!!!!Azzzzzzzzz&.egA!!!$~	
CCCGCCCCGGCGGGG/CCCCGCCGGGGCGGG	0	3	3	0	-1.8	10	zzz!!",Azzzzzzzzzzz#QOi)zzzz!!E~	
CCCCGCCCCGGCGGG/CCCGCCGGGGCGGGG	0	3	3	0	-1.8	11	zzz!!",Azzzzzzzzzzz#QOi)zzzz!!E~	
CCCCGCGGGGGCGGGCC/GGCCCGCCCCCGCGGGG	0	3	3	0	-1.8	12	zzzzzz!!!!Azzzzzzzzz&.e~	
TCCCCGCCCCGGCGG/CCGCCGGGGCGGGGA	0	3	3	0	-1.8	13	zzz!!",Azzzzzzzzzzz#QOi)zzzz!!E~	
CCGCCCCGGCGGGGA/TCCCCGCCGGGGCGG	0	3	3	0	-1.8	14	zzz!!",Azzzzzzzzzzz#QOi)zzzz!!E~	
CGCCCCGGCGGGGAC/GTCCCCGCCGGGGCG	0	3	3	0	-1.8	15	zzz!!",Azzzzzzzzzzz#QOi)zzzz!!E~	
GTCCCCGCCCCGGCG/CGCCGGGGCGGGGAC	0	3	3	0	-1.8	16	zzz!!",Azzzzzzzzzzz#QOi)zzzz!!E~	
GTCCGCCCCGCGGGGGC/GCCCCCGCGGGGCGGAC	0	3	3	0	-1.8	17	zzzzzz!!!!Azzzzzzzzz&.e~	
GCCCCGCGGGGGCGGGC/GCCCGCCCCCGCGGGGC	0	3	3	0	-1.8	18	zzzzzz!!!!Azzzzzzzzz&.e~	
%%%
0 0 0 0 0 0 0 0 0 0 0 0 0 0 0 0 0 0 0 0 0 0 0 0 0 0 0 0 0 0 0 0 0 0 0 0 0 0 0 0 0 0 0 0 0 0 0 0 0 0 0 0 0 0 0 0 0 0 0 0 0 0 0 0 0 0 0 0 0 0 0 0 0 0 0 0 0 0 0 0 0 0 0 0 0 0 0 0 0 0 0 0 13 0 0 0 0 0 0 0 0 0 0 0 0 0 0 0 0 0 0 0 0 0 0 0 0 33 0 0 0 0 0 0 0 0 0 0 0 0 0 0 0 0 0 0 0 0 0 0 0 0 0 0 0 0 0 0 0 0 0 0 0 0 0 0 0 0 0 0 0 0 0 0 0 0 0 0 0 0 0 0 0 0 0 0 0 0 0 0 0 0 0 0 0 0 0 0 0 0 0 0 0 0 0 0 0 0 0 0 0 0 0 0 0 0 0 0 0 0 0 0 0 0 0 0 0 0 0 0 0 33 0 0 0 0 0 0 0 0 0 0 0 0 0 0 0 0 0 0 0 0 0 0 0 0 0 0 0 0 0 0 0 0 0 0 0 0 0 0 0 0 0 0 0 0 0 0 0 0 0 0 0 0 0 0 0 0 0 0 0 0 0 0 0 0 0 0 0 0 0 0 0 0 0 0 0 0 0 0 0 0 0 0 0 0 0 0 0 0 0 0 0 0 0 0 0 0 0 0 0 0 0 0 0 0 0 0 0 0 0 0 0 0 0 0 0 0 0 0 0 0 0 0 0 0 0 0 0 0 0 0 0 0 0 0 0 0 0 0 0 0 0 0 0 0 0 0 0 0 0 0 0 0 0 0 0 0 0 0 0 0 0 0 0 0 0 0 0 0 0 0 0 0 0 0 0 0 0 0 0 0 0 0 0 0 0 0 0 0 0 0 0 0 0 0 0 0 0 0 0 0 0 0 0 0 0 0 0 0 0 0 0 0 0 0 0 0 0 0 0 0 0 0 0 0 0 0 0 0 0 0 0 0 0 0 0 0 0 0 0 0 0 0 0 0 0 0 0 0 0 0 0 0 0 0 0 0 0 0 0 0 0 33 0 0 0 0 0 0 0 0 0 0 0 0 0 0 0 0 0 0 0 0 0 0 0 0 0 0 0 0 0 0 0 0 33 0 0 0 0 0 0 0 33 0 0 0 0 0 0 0 0 0 0 0 0 0 0 0 0 0 0 0 0 0 0 0 0 0 0 0 0 0 0 0 0 0 0 0 16 0 13 0 0 0 0 0 0 0 0 0 0 0 0 0 0 0 0 0 0 0 0 0 0 0 0 0 0 0 0 0 0 0 0 0 0 0 0 0 0 0 0 0 0 0 0 0 0 0 0 0 0 0 0 0 0 0 0 0 0 0 0 0 0 0 0 0 0 0 0 0 0 0 0 0 0 0 0 0 0 0 0 0 0 0 0 0 0 0 33 0 0 
0 0 0 0 0 0 0 0 0 0 0 0 0 0 0 0 0 0 0 0 0 0 0 0 0 0 0 0 0 0 0 0 0 0 0 0 0 0 0 0 0 0 0 0 0 0 0 0 0 0 0 0 0 0 0 0 0 0 0 0 0 0 0 0 0 0 0 0 0 0 0 0 0 0 0 0 0 0 0 0 0 0 0 0 0 0 0 0 0 0 0 0 0 0 0 0 0 0 0 0 0 0 0 0 0 0 0 0 0 0 0 0 0 0 0 0 0 0 0 0 0 0 0 0 0 0 0 0 0 0 0 0 0 0 0 0 0 0 0 0 0 0 0 0 0 0 0 0 0 0 0 0 0 0 0 0 0 0 0 0 0 0 0 0 0 0 0 0 0 0 0 0 0 0 0 0 0 0 0 0 0 0 0 0 0 0 0 0 0 0 0 0 0 0 0 0 0 0 0 0 0 0 0 0 0 0 0 0 0 0 0 0 0 0 0 0 0 0 0 0 0 0 0 0 0 0 0 0 0 0 0 0 0 0 0 0 0 0 0 0 0 0 0 0 0 0 0 0 0 0 0 0 0 0 0 0 0 0 0 0 0 0 0 0 0 0 0 0 0 0 0 0 0 0 0 0 0 0 0 0 0 0 0 0 0 0 0 0 0 0 0 0 0 0 0 0 0 0 0 0 0 0 0 0 0 0 0 0 0 0 0 0 0 0 0 0 0 0 0 0 0 0 0 0 0 0 0 0 0 0 0 0 0 0 0 0 0 0 0 0 0 0 0 0 0 0 0 0 0 0 0 0 0 0 0 0 0 0 0 0 0 0 0 0 0 0 0 0 0 0 0 0 0 0 0 0 0 0 0 0 0 0 0 0 0 0 0 0 0 0 0 0 0 0 0 0 0 0 0 0 0 0 0 0 0 0 0 0 0 0 0 0 0 0 0 0 0 0 0 0 0 0 0 0 0 0 0 0 0 0 0 0 0 0 0 0 0 0 0 0 0 0 0 0 0 0 0 0 0 0 0 0 0 0 0 0 0 0 0 0 0 0 0 0 0 0 0 0 0 0 0 0 0 0 0 0 0 0 0 0 0 0 0 0 0 0 0 0 0 0 0 0 0 0 0 0 0 0 0 0 0 0 0 0 0 0 0 0 0 0 0 0 0 0 0 0 0 0 0 0 0 0 0 0 0 0 0 0 0 0 0 0 0 0 0 0 0 0 0 0 0 0 0 0 0 0 0 0 0 0 0 0 0 0 0 0 0 0 0 0 0 0 0 0 0 0 0 0 0 0 0 0 0 0 0 0 0 0 0 0 0 0 0 0 0 0 0 0 0 0 0 0 0 0 0 0 0 0 0 0 0 0 0 0 0 0 0 0 0 0 0 0 0 0 0 0 0 0 0 0 0 0 0 0 0 0 0 0 0 0 0 0 0 0 0 0 0 0 0 0 0 0 0 0 0 0 0 0 0 0 0 0 0 
1.2965 1.2616 1.7262 1.2554 1.3058 1.3177 1.3635 1.1712 1.3851 0.9099 1.4491 1.0242 1.1178 0.9735 1.0364 1.1569 1.2347 0.9631 1.1289 1.4240 0.9228 1.4279 0.9581 1.2037 1.2137 0.9735 1.1142 0.9099 0.9631 1.2475 0.9466 0.9323 0.9577 0.9522 0.9978 0.9408 0.9350 0.9099 0.9350 1.0591 0.9228 0.9735 0.9350 0.9703 0.9408 0.9228 0.9289 0.9164 0.9466 0.9164 0.9522 0.9688 1.1520 0.9522 0.9835 0.9099 0.9204 1.2303 0.9164 0.9228 0.9099 0.9522 0.9164 0.9164 1.0992 0.9354 0.9931 1.3387 0.9289 0.9099 1.2192 0.9350 1.0069 0.9169 0.9164 1.2054 0.9406 0.9228 1.1976 0.9408 1.0698 0.9099 0.9099 0.9408 1.1803 0.9786 0.9735 0.9099 0.9099 0.9234 0.9466 1.1846 1.1087 0.9228 0.9931 0.9164 0.9452 0.9099 1.1758 0.9577 0.9099 0.9289 0.9228 0.9408 0.9099 0.9289 0.9577 0.9164 0.9099 0.9350 0.9884 0.9192 1.3253 1.1053 0.9164 1.7068 0.9408 1.0866 1.0618 0.9164 0.9099 1.0364 1.2726 0.9099 0.9099 0.9350 0.9350 0.9228 1.2616 0.9763 1.1022 0.9228 0.9350 0.9350 1.1228 0.9408 0.9522 0.9164 0.9913 0.9164 0.9289 0.9631 0.9099 1.1955 0.9289 1.3683 0.9099 0.9943 0.9835 0.9164 1.0157 1.0345 0.9228 1.0242 0.9289 0.9522 1.2289 0.9735 0.9164 0.9099 0.9099 0.9228 1.0403 0.9164 0.9099 0.9099 1.0274 1.1689 0.9631 0.9408 0.9173 0.9289 0.9164 1.1689 1.1469 0.9522 0.9164 0.9466 0.9164 0.9164 0.9164 1.0069 1.0621 0.9350 0.9099 0.9099 1.0555 0.9884 0.9099 0.9099 0.9631 1.1469 1.3291 0.9164 1.0442 1.0701 0.9170 0.9132 1.0930 0.9228 0.9164 0.9289 0.9211 0.9408 0.9099 1.1891 1.1053 0.9164 0.9228 1.0069 1.1228 1.0157 0.9408 0.9228 1.0317 0.9300 0.9164 0.9289 0.9164 0.9099 0.9099 1.0200 0.9164 1.1177 0.9228 0.9325 0.9164 1.0242 0.9466 0.9631 0.9408 0.9335 1.0157 0.9228 0.9328 0.9164 0.9350 0.9164 0.9164 1.2176 0.9408 0.9228 0.9099 0.9099 1.0961 0.9164 0.9099 0.9631 0.9931 1.1225 0.9577 0.9099 0.9228 0.9350 0.9835 0.9099 0.9894 0.9735 0.9404 0.9289 0.9350 0.9765 1.2182 0.9164 0.9164 0.9289 0.9228 1.1468 0.9549 0.9884 0.9350 1.0442 0.9350 0.9673 0.9408 1.2991 0.9786 0.9228 0.9350 0.9164 1.0442 0.9164 1.1486 0.9631 0.9164 1.3058 1.0555 1.0283 0.9164 0.9353 1.3203 0.9350 0.9931 1.0157 0.9289 0.9164 1.1315 0.9124 1.2262 0.9614 0.9289 0.9835 1.1103 0.9164 0.9099 0.9228 0.9099 0.9522 1.0361 0.9735 0.9835 0.9408 0.9099 1.0732 0.9228 0.9139 0.9350 0.9099 1.1050 1.0200 0.9931 0.9099 0.9835 0.9228 0.9978 0.9228 0.9099 0.9631 0.9099 0.9289 0.9370 0.9631 0.9522 0.9784 0.9099 0.9099 1.0039 1.1085 0.9805 0.9631 0.9466 0.9835 0.9577 0.9099 0.9339 1.0899 1.2026 1.1764 0.9099 1.0555 0.9350 0.9299 0.9774 0.9108 1.0732 0.9350 1.0480 0.9099 0.9350 1.1142 0.9289 0.9835 0.9164 0.9835 0.9099 1.1758 0.9522 1.0069 0.9684 0.9099 0.9466 1.2600 0.9401 0.9228 1.2760 0.9884 1.1825 0.9936 1.0283 1.2449 0.9350 0.9228 0.9602 0.9164 0.9408 0.9164 1.2233 1.0627 1.0364 0.9577 1.0743 1.2137 0.9408 0.9099 0.9228 0.9289 0.9684 1.0113 0.9099 1.1365 0.9289 0.9121 0.9577 1.1955 1.0961 0.9099 1.0200 0.9641 0.9466 1.0518 0.9408 1.0791 0.9164 0.9228 0.9416 0.9350 1.0518 1.0800 0.9931 0.9735 0.9835 0.9786 0.9701 1.0113 0.9786 1.0344 0.9522 0.9239 0.9962 0.9720 0.9466 1.0364 0.9099 1.2612 0.9577 0.9382 0.9144 0.9835 1.1391 0.9978 0.9228 0.9228 1.0135 0.9462 1.0200 0.9931 0.9631 1.1391 1.0732 1.0283 1.0113 0.9099 0.9611 0.9835 0.9684 0.9408 0.9735 1.0403 0.9106 0.9684 0.9099 0.9577 1.0208 0.9786 1.0242 0.9776 0.9099 1.0157 1.0349 0.9684 1.1618 0.9301 0.9099 0.9735 1.0442 0.9675 0.9969 0.9466 0.9099 0.9610 1.0360 1.2058 1.0107 0.9307 0.9423 1.0518 0.9099 0.9289 0.9099 0.9164 1.0464 0.9170 0.9289 0.9835 0.9350 1.0698 0.9931 1.1171 1.2527 1.1520 0.9228 0.9884 0.9695 0.9684 1.0254 0.9873 0.9350 0.9611 0.9289 0.9466 0.9228 0.9786 0.9397 0.9884 1.0283 1.0443 0.9978 0.9350 0.9164 1.1758 1.0663 0.9099 1.0113 1.1385 0.9577 0.9099 0.9466 0.9408 1.1417 1.0876 0.9791 0.9466 1.0898 1.0158 1.2117 0.9658 0.9466 0.9598 0.9305 0.9844 0.9289 1.1672 0.9577 0.9577 0.9099 0.9631 1.2754 1.0953 1.1212 0.9289 0.9315 1.1111 1.0691 0.9357 1.0965 0.9289 0.9884 1.0200 0.9507 0.9108 0.9843 1.0283 0.9467 0.9644 1.1469 1.0671 0.9474 1.0627 0.9159 0.9646 0.9514 1.1417 1.0322 0.9350 0.9164 0.9931 0.9976 0.9201 0.9532 0.9774 1.1369 0.9466 0.9931 0.9113 1.0157 0.9411 0.9245 0.9925 0.9237 1.1240 1.1171 0.9522 1.1391 1.0654 0.9251 0.9691 1.0635 0.9223 1.1933 0.9577 0.9556 1.1618 0.9684 1.0800 1.0017 1.0663 1.0732 0.9931 0.9164 0.9350 1.0442 0.9289 0.9350 0.9577 0.9860 0.9289 0.9228 0.9164 0.9466 0.9631 1.0285 0.9438 0.9408 0.9228 0.9301 0.9164 1.0992 0.9289 0.9735 0.9630 0.9449 1.0322 0.9978 1.0622 0.9667 0.9907 1.0442 1.0035 0.9684 1.0200 1.1053 0.9466 1.0705 0.9289 0.9665 0.9810 0.9285 0.9613 1.0257 0.9281 0.9450 1.5935 1.4332 
