#Sip4_GEM_2.m3
#KSM version: 1
#429/429
#1.28
#k-mer/r.c.      	Offset	PosCt	wPosCt	NegCt	HgpLg10	CIDs	PosHits (base85 encoding)	NegHits (base85 encoding)
TATCCANAT/ATNTGGATA	0	8	9	1	-3.0	-0,-1	N.A.	N.A.
ATCCAAAT/ATTTGGAT	1	8	8	1	-3.3	*	!!!<*!!!!"zzzzzz!!3-#zz!'gO?!!!9~	!!!!"~
AATGGAAC/GTTCCATT	6	6	6	2	-1.5	*	z!"],1!!ii1zzzz&-)\1zz!!!!#z!!!!a~	zz+92BAzzzz!'g~
TATCNATAT/ATATNGATA	0	6	6	0	-2.7	-2,-1	N.A.	N.A.
CCAAAAAT/ATTTTTGG	3	6	6	2	-1.5	*	zz!WW3#zzz+92BA!It.M!!!!#zz&-~	zzzz!!!-%zzzzzzz&-~
AAGAGGAG/CTCCTCTT	6	6	6	1	-2.1	*	zzzzzz!!",A!!!!A!!#7az!!!!i!$D~	zzzz!!!$~
AACAAAAG/CTTTTGTT	8	6	6	2	-1.7	*	zz!!!Q1z!WW3#J,fQLzzzzz!!!"\!.Y~	z+92BAzzzzzzzzzz!!#7~
TAATGGAA/TTCCATTA	5	6	6	0	-3.0	*	z!"],1!!iQ)zzz!<<*"&-)\1z!!!!"5Q~	
TCCAAATG/CATTTGGA	2	6	6	1	-2.1	*	z!!!!"!!E9%5l^lbzzz!!*'"!!3~	zz!!%N~
TNCAAATAT/ATATTTGNA	2	5	6	0	-2.7	3,4	N.A.	N.A.
ACCAAGTT/AACTTGGT	2	5	5	0	-2.4	*	zzz#Qt,-J,hh7zzzzzzzzJ,~	
CCAAATAT/ATATTTGG	3	5	5	1	-2.1	*	zzzzzzzzzz&-)b3!!!"T!!!9~	zzzzzz!!!!%~
TCNAAATAT/ATATTTNGA	2	5	5	0	-2.4	3,5	N.A.	N.A.
TTCCAGAA/TTCTGGAA	1	5	5	1	-1.8	*	z!!!Q5&-)\1z!!",Azzz+9~	zzzzzz!W~
GTATCCAA/TTGGATAC	-1	5	5	0	-2.7	*	!!!9)"98E%!!!$"z!!!!azzzzzz!'g~	
AACCAAAA/TTTTGGTT	1	5	5	1	-1.8	*	zzzz+92BAz+92BAzzzz&-)\1!!!!A!"]~	zzzzzzJ,~
AAACCCAA/TTGGGTTT	0	4	4	1	-1.5	*	z!!!'#zzzz!'gMa!!3-#zzzzz!!*~	zz!!!9~
AACCTAAT/ATTAGGTT	1	4	4	0	-2.1	*	z!"],1!!iQ)zz!!!'#zzzz!!",~	
ACACAAAC/GTTTGTGT	-4	4	4	0	-2.1	*	!!!!)!"],1!!iQ)!!!!%~	
AACTTCAT/ATGAAGTT	-8	4	4	1	-2.1	*	!!3-#z!!!Q1!!3-#zzzzzzz!!%N~	zzzzzzzzzzz!!!Q~
ATGGAACT/AGTTCCAT	7	4	4	0	-2.1	*	z!"],1!!iQ)zzzz&-)\1z!!!!%~	
ATTGGCCC/GGGCCAAT	-3	4	4	0	-2.1	*	+92BAzz!!!9)zzzzzzzz!!!!a!<~	
CCAAATAA/TTATTTGG	3	4	4	0	-2.1	*	!!**#zzz!.Y%Lz!!!!1~	
CCCAAAAT/ATTTTGGG	2	4	4	0	-2.1	*	z!!!!)z63$uczzzzzzzz!!#7~	
GCCCAAAA/TTTTGGGC	1	4	4	1	-1.8	*	zzz!!!9)zzzzzzz+92BA5QF%~	zzzzzzzzz&-~
ATGGAAGC/GCTTCCAT	7	4	4	1	-1.8	*	!!3-#zz!!!$"zzzzzz!WW3#!!%N~	zzzzzzzz!!!$~
AATTTGCC/GGCAAATT	-3	4	4	1	-1.5	*	z!!!9izzzzzz!!#7az!!",~	z!!!'~
AATGGTAC/GTACCATT	6	4	4	1	-1.5	*	z!$D7Az5QCcaz#QOi)zz!!!$~	zzzzz#Q~
TCCAAATA/TATTTGGA	2	4	4	0	-2.1	*	!!!$"zzzzzzzzzz!!!"T!!!9~	
TCTCCAAA/TTTGGAGA	0	4	4	1	-1.5	*	!!!!azz5QCcazzzJ,fQLzzz!!!$~	zzzzzzzzzz!!!'~
TATCCAAA/TTTGGATA	0	4	4	1	-1.8	*	!!!9)zzzzzzz!!3-#zz!'gMi~	!!!!"~
TAACCAAA/TTTGGTTA	0	4	4	0	-2.1	*	zzzz+92BAz+92BAzzzz&-)\1z!"]~	
AAAGGGAA/TTCCCTTT	6	3	3	1	-1.5	*	zzzz!'gMaz!<<*"z!!i~	zzz!!!'~
AAAGTGGA/TCCACTTT	6	3	3	0	-1.8	*	zz!!!!"zz!!%NLzzzz!!!!"~	
AACCCAAT/ATTGGGTT	1	3	3	0	-1.8	*	!!*'"zzzzz!'gMa!!3~	
AACCTTCT/AGAAGGTT	-5	3	3	0	-1.8	*	!!!Q1!!#7azzzzzJ,~	
AACCTTGT/ACAAGGTT	7	3	3	0	-1.8	*	!!!Q1zzz!"],1zzzz!!%N~	
AATCCAAA/TTTGGATT	0	3	3	0	-1.8	*	zzz!!!"Lzzzz!!#7azz!!!"L~	
CCCAGATT/AATCTGGG	2	3	3	1	-1.5	*	zzzz!!!!1zzzzz!!3-#!!!"L~	zzzzzzzzz!!!!)~
AATGGGTC/GACCCATT	-5	3	3	0	-1.8	*	!W`9$zzzzzzzz5Q~	
GCCCAATT/AATTGGGC	2	3	3	0	-1.8	*	z!!!!)zzzzzzz!!!!#z!!!!#~	
ACCAGAAT/ATTCTGGT	2	3	3	0	-1.8	*	zzzzzz!!iQ)!.Y%L!!i~	
ACCCAAAT/ATTTGGGT	1	3	3	0	-1.8	*	zzzz!.Y%Lzzz!!%NLzzzz!!*~	
ACCTAATG/CATTAGGT	2	3	3	0	-1.8	*	z!"],1!!iQ)zz!!!'~	
AGCATATT/AATATGCT	-5	3	3	0	-1.8	*	zz!<<*"zzzzz+92BAzz!!!"L~	
AGGTCGAG/CTCGACCT	-7	3	3	0	-2.1	*	zzzzz!"],1zzzzzz!!%NM~	
ATGGTACT/AGTACCAT	7	3	3	0	-1.8	*	z!$D7Az5QCcaz#Q~	
ATCCAACT/AGTTGGAT	1	3	3	0	-1.8	*	zzz!!!-%z#QOi)!!*~	
CTTGCTAT/ATAGCAAG	-5	3	3	0	-1.8	*	!!!"M!!",~	
ATCTCCAA/TTGGAGAT	-1	3	3	0	-1.8	*	!.Y%Lzz5QCcazzzzz!!!!1~	
ACATTCAT/ATGAATGT	5	3	3	1	-1.5	*	zzzzJ,fQLzz!!!!)zzzz!!!-~	zzzzz!!%N~
ATCCACAT/ATGTGGAT	1	3	3	1	-1.5	*	zzzzzzz!!!$"!!",Azzz!!",~	zzzzz!$D~
GGCCCAAT/ATTGGGCC	1	3	3	0	-2.4	*	!!3-#zzzzz!!!!Azzzz!!%N~	
CATCCAAT/ATTGGATG	0	3	3	0	-1.8	*	z!!",Azzzzz&-)\1zzzzz!!3~	
ATGCAATG/CATTGCAT	7	3	3	0	-1.8	*	z!!3-#zzzzz#QOi)zz!!!!A~	
GCCCAATG/CATTGGGC	2	3	3	1	-1.8	*	!!3-#zzzzz!!!!Azzzz!!%N~	z!!!!)~
CATTTGAC/GTCAAATG	-4	3	3	0	-1.8	*	!!!Q1!.Y%Lzz!!!!A~	
CCATCCAA/TTGGATGG	-1	3	3	0	-1.8	*	zzzz!!%NLzz&-)\1zzzzz!!3~	
CGCCACCT/AGGTGGCG	-6	3	3	0	-1.8	*	zzzzzzzzzz63%!.~	
TCCAACTC/GAGTTGGA	2	3	3	0	-1.8	*	zz!!iQ)!!!-%z#Q~	
TATAGATC/GATCTATA	-7	3	3	0	-1.8	*	zzzzJ,fQLzzzz!WW3#z!<~	
GGCCTAAA/TTTAGGCC	1	3	3	0	-2.1	*	zzzzzzz+92BA!!iQ)zzz&-~	
ACTTCTAC/GTAGAAGT	-7	3	3	0	-2.1	*	!!E9%!<<*"zzzzzzzzzz!$D~	
CCAAATTA/TAATTTGG	3	3	3	0	-2.1	*	!!!9)zzzzzz!!!'#zzz!'g~	
TATAGAAT/ATTCTATA	8	3	3	0	-2.1	*	zzz"98E%z!!!"Lzzzzzz!!",~	
TATTACAT/ATGTAATA	-6	3	3	0	-1.8	*	!!#7azzz!<<*"zz!!!!A~	
TCCAGAAA/TTTCTGGA	2	3	3	0	-1.8	*	z!!!!%z!!!!1!!",~	
GTTTGCCA/TGGCAAAC	-2	3	3	0	-1.8	*	zzzzz!!!$"z!!",Azz!!!'~	
TTACCAAA/TTTGGTAA	0	3	3	0	-1.8	*	zzzzzzz!!!Q1zzz!!#7az!"]~	
CTCCCTAA/TTAGGGAG	0	3	3	0	-1.8	*	zzzz!!!$"!!!'#zzzz!!i~	
TACCAGAA/TTCTGGTA	1	3	3	0	-1.8	*	z!.Y%Lzzz!!*'"zz!!i~	
TTTCTGGT/ACCAGAAA	-5	3	3	0	-1.8	*	z!.Y%L&-)\1!!!!%~	
GATCCAAA/TTTGGATC	0	3	3	0	-1.8	*	!!!$"!!!!"zzzz!.Y~	
TTGCCAAA/TTTGGCAA	0	3	3	0	-2.1	*	z!!!!azzzzzzzz&-)b~	
$$$
ATTTGGATA/TATCCAAAT	0	4	4	1	-1.8	0	!!!9)zzzzzzz!!3-#zz!'gMi~	!!!!"~
ATATGGATA/TATCCATAT	0	4	4	0	-2.1	1	z!!",Azzzz!'gMa!!"-l~	
ATATAGATA/TATCTATAT	0	3	3	0	-1.8	2	zzzzzzz!!!%M!!",~	
TCCAAATAT/ATATTTGGA	0	3	3	0	-1.8	3	zzzzzzzzzzz!!!"T!!!9~	
TGCAAATAT/ATATTTGCA	0	3	3	0	-1.8	4	zzzzzzz!!!!#zz&-)\1!!!"L~	
TCAAAATAT/ATATTTTGA	0	3	3	0	-1.8	5	z!<<*"zzzzzz!!*'"zz!!!!)~	
%%%
0 8 0 0 0 8 0 0 8 22 8 0 0 0 0 8 11 0 0 12 8 0 8 0 8 0 0 8 0 0 8 8 8 0 8 0 0 0 0 0 0 8 0 0 19 9 8 9 0 8 0 8 8 13 8 0 10 0 9 8 0 0 11 0 8 12 0 0 8 0 0 0 8 0 8 19 0 0 0 8 8 0 0 8 8 0 0 0 8 0 0 0 0 0 0 0 8 0 8 8 0 0 16 8 0 8 8 0 0 0 0 0 8 0 0 8 0 0 8 0 0 0 8 0 8 0 0 8 8 8 0 0 0 9 0 8 0 0 8 0 8 0 12 10 8 0 0 0 0 9 8 0 0 0 0 0 8 0 8 0 0 0 0 9 0 8 0 8 8 0 0 0 8 0 0 0 8 8 0 0 0 0 0 8 0 8 0 0 0 0 0 8 8 0 0 0 0 15 0 0 0 0 0 8 0 0 9 8 0 0 0 0 0 14 0 0 0 0 0 0 8 9 0 0 8 0 0 8 9 0 0 13 8 9 0 0 0 0 0 8 8 8 0 0 8 8 8 0 0 8 0 8 0 8 0 8 0 0 0 0 0 14 0 8 8 10 0 9 0 0 0 0 8 0 0 0 8 8 8 8 0 8 0 8 0 0 0 0 0 8 0 0 0 0 8 0 0 0 0 0 0 0 0 0 0 0 0 0 0 0 0 8 8 8 8 0 8 8 0 8 0 8 8 0 11 0 9 0 8 8 0 8 0 0 0 0 0 13 0 0 0 8 0 0 8 8 0 9 0 16 8 0 8 0 0 8 11 8 0 0 0 0 0 0 0 8 12 0 8 0 0 0 0 0 8 22 0 8 0 11 8 0 0 11 0 0 0 0 8 0 8 0 0 0 0 0 0 8 0 8 0 0 8 10 0 8 8 20 20 0 0 0 0 8 8 0 8 0 0 0 8 0 0 8 8 0 0 0 8 
0 0 0 0 0 0 0 0 0 0 8 0 0 0 0 0 0 0 0 0 0 0 0 0 9 0 0 0 0 0 0 0 0 0 0 0 0 8 0 0 0 0 0 0 0 0 0 0 0 8 0 0 0 0 0 0 0 0 0 8 8 0 0 0 0 0 0 0 0 8 0 0 0 0 0 0 0 0 0 0 0 0 0 8 0 0 0 8 0 0 0 0 0 0 0 0 0 0 0 0 0 0 0 0 0 0 0 0 0 0 0 0 0 8 0 0 8 0 0 0 0 0 0 0 0 0 0 0 0 0 0 0 0 0 0 0 0 0 0 0 0 0 0 0 8 0 8 0 0 0 0 0 0 0 0 0 0 0 0 0 0 0 0 8 0 0 0 0 0 0 0 0 0 8 0 0 0 0 0 0 0 0 0 8 0 0 0 0 0 0 0 0 0 8 8 0 0 0 0 8 0 0 0 0 0 0 0 0 0 0 0 0 0 0 0 0 0 0 8 0 0 0 0 0 0 0 0 0 0 0 0 0 0 0 0 0 0 0 8 0 0 0 0 0 0 0 0 0 0 0 0 0 0 0 0 0 0 0 0 0 0 0 0 0 0 0 0 0 0 0 0 0 8 0 0 0 0 0 0 0 0 0 0 0 0 0 0 0 0 0 0 0 8 0 0 0 0 0 0 0 0 0 0 0 0 0 0 0 0 0 0 0 0 0 0 8 0 0 0 0 0 0 0 0 0 0 0 0 0 0 0 0 0 0 8 0 0 8 0 0 0 0 8 0 0 0 0 0 0 0 0 0 0 0 0 0 0 0 0 0 0 0 0 0 0 0 0 8 0 0 0 0 8 0 0 0 0 0 0 8 0 8 0 0 0 0 0 0 8 0 0 0 0 0 0 0 0 0 0 0 0 0 0 0 0 0 8 0 0 0 0 0 0 0 0 0 0 0 0 0 0 0 0 0 0 0 0 0 0 
0.9657 0.9277 0.9887 0.9703 0.8869 0.9438 1.0262 0.9164 0.8842 1.8380 0.9667 0.9164 1.0082 0.9168 0.9372 0.8842 0.9181 0.8905 0.9423 1.7359 0.9722 0.8842 0.8842 0.9164 0.8891 0.9164 0.9289 0.9456 1.0132 1.0301 0.9007 0.8842 0.9847 1.0696 0.8842 0.8843 0.9164 0.9449 0.9007 0.8842 0.9722 0.9313 0.9456 0.9164 0.8842 0.9722 0.8842 0.8842 0.9007 0.9206 1.7459 0.9164 0.9798 0.8842 0.9313 0.9007 1.2313 0.9102 0.9007 0.9164 0.8842 0.9313 0.9456 0.9591 0.8842 0.8842 0.9456 0.9722 0.9289 0.9456 0.9164 0.8842 0.8842 0.8842 0.9263 0.8842 0.9046 0.9007 0.9164 1.0443 0.9164 0.9313 0.9387 0.9313 0.9456 0.9007 0.8842 0.8842 0.8842 0.9456 0.9164 0.9164 0.9007 0.8842 0.9057 0.9007 0.9001 0.9595 0.9007 0.9007 0.9041 0.8971 0.8842 0.8842 0.9288 1.0329 0.9456 0.9456 1.0578 0.8918 0.9164 0.8842 0.8842 0.9722 0.9007 0.9082 0.9065 0.8998 1.0892 0.8959 0.8842 1.0082 0.9313 0.8996 0.9164 0.9394 0.9007 0.9034 0.9964 0.9456 0.8842 0.9007 0.8862 0.9007 0.9007 0.8842 0.8842 0.9007 0.8842 0.9007 0.9164 0.9456 1.7045 0.9007 1.1127 0.9007 0.8842 0.9007 0.9164 0.9164 0.9164 0.8842 0.8842 0.9007 0.9164 0.8875 0.8842 0.9007 0.8953 0.9164 0.8842 0.8989 0.8842 0.9456 0.8995 0.8842 0.9007 0.8842 0.8842 1.1576 0.9007 0.8842 0.9722 0.8842 0.9103 0.9007 1.1284 0.9385 1.0082 0.9442 1.1131 0.9104 0.9125 0.9378 0.8842 1.0114 1.6858 0.9007 0.9007 0.8842 0.8998 0.9189 1.1527 0.8876 0.8842 0.8842 0.9456 1.0784 0.9164 0.9313 0.9164 0.9222 0.9456 0.9252 0.8979 0.8842 0.9164 0.8842 0.9007 0.9313 0.8878 0.9007 0.9153 0.9313 0.8842 0.9259 0.9007 0.8842 0.9596 0.8861 1.0193 0.9319 0.9456 0.8842 0.9007 0.8842 0.9164 0.8842 1.6428 1.5467 0.8921 0.9164 0.9164 0.9456 1.3405 1.0505 0.8842 0.9313 0.9320 0.9007 0.9942 0.9157 0.9057 0.9889 0.9313 0.8842 0.9274 0.9007 0.9007 0.9164 0.9007 0.9847 1.1284 0.8842 0.9007 0.9722 0.9530 0.9248 0.8842 0.9456 0.8842 0.8842 1.0837 0.9313 0.9164 0.8889 0.9456 0.9378 0.9007 0.9967 1.1301 0.9164 0.8918 0.9660 0.9160 0.9483 0.9007 0.9164 0.8842 0.9620 0.9007 0.9756 0.9007 0.9007 0.8842 0.9053 0.8842 0.8842 0.8842 0.9164 0.8874 0.8842 0.9313 1.1085 0.9007 0.8842 0.8842 0.8842 0.9164 0.8842 1.2519 0.9313 0.9516 0.8974 0.9164 1.6147 0.9007 0.9007 0.8941 1.0389 0.9456 0.9841 1.4282 0.9456 0.9313 0.9164 0.8853 0.8937 0.8842 0.8842 0.9007 0.8842 0.9164 0.9434 1.3991 0.8842 0.9313 0.9271 1.2421 1.7461 0.9847 0.9164 0.9313 0.9360 0.9456 0.8996 0.9164 1.3781 0.9351 1.0082 1.0876 0.9007 0.9007 0.9279 0.9164 0.8842 1.2463 0.9164 0.9699 0.9046 1.1166 0.9076 0.9313 1.1673 1.1284 0.9274 0.9456 0.9591 0.9313 1.4890 0.8842 1.3541 1.2416 0.9313 0.8887 1.2762 1.7510 0.9313 0.8842 0.9187 0.9313 0.8842 0.9007 1.8632 1.2433 1.7836 0.8842 0.9007 1.1675 0.8842 0.9184 0.8842 0.8842 0.9007 1.3852 0.9313 1.2218 0.8842 1.3480 0.9797 0.9694 1.2742 1.0046 0.9847 1.5517 0.9354 0.9391 1.9218 1.9798 1.9480 1.6528 1.7209 1.8224 1.6688 1.7195 1.7980 1.6649 1.6196 1.6328 1.5233 1.6163 1.5482 1.5593 0.9792 1.0301 0.9847 1.5782 1.0082 1.3138 1.3719 0.9456 0.9164 0.8842 0.8842 0.9313 0.8842 0.8942 0.9106 0.9967 
