DE Sip4_GEM_1_m0 5.44 6 k6_c54
1 22 17 9 6 A
2 34 8 10 2 A
3 47 2 1 4 A
4 53 0 0 0 A
5 18 0 0 35 T
6 1 0 47 6 G
XX

DE Sip4_GEM_1_m1 4.55 -3 k6_c56
1 34 17 4 0 A
2 25 1 0 29 T
3 2 3 0 51 T
4 0 36 0 19 C
5 31 9 5 11 A
6 18 5 10 23 T
XX

DE Sip4_GEM_1_m2 8.40 4 k8_c31
1 2 9 2 17 T
2 1 9 16 5 G
3 28 0 2 0 A
4 30 0 0 0 A
5 2 0 2 26 T
6 0 0 30 0 G
7 5 0 25 0 G
8 24 0 6 0 A
XX

DE Sip4_GEM_1_m3 7.61 12 k8_c20
1 1 2 16 1 G
2 1 0 17 1 G
3 10 0 6 4 A
4 2 2 3 13 T
5 1 3 14 2 G
6 14 3 1 3 A
7 16 0 3 0 A
8 7 0 1 12 T
XX

DE Sip4_GEM_1_m4 6.94 11 k6_c26
1 0 0 0 25 T
2 0 0 0 25 T
3 0 0 0 25 T
4 0 13 0 12 C
5 0 0 0 25 T
6 1 20 2 3 C
XX

DE Sip4_GEM_1_m5 5.61 1 k5_c33
1 0 3 0 29 T
2 11 0 2 20 T
3 0 0 29 3 G
4 0 29 4 0 C
5 2 22 8 0 C
XX

DE Sip4_GEM_1_m6 7.53 0 k7_c22
1 21 0 0 0 A
2 21 0 0 0 A
3 21 0 0 0 A
4 21 0 0 0 A
5 17 0 4 1 A
6 20 1 0 0 A
7 19 0 0 3 A
XX

DE Sip4_GEM_1_m7 5.98 9 k6_c30
1 24 3 0 3 A
2 4 13 3 9 C
3 4 2 0 24 T
4 0 4 0 25 T
5 0 20 0 9 C
6 0 2 4 24 T
XX

DE Sip4_GEM_1_m8 4.94 3 k5_c47
1 32 1 4 9 A
2 14 1 32 1 G
3 1 25 14 8 C
4 25 20 1 1 A
5 10 1 35 1 G
XX

DE Sip4_GEM_1_m9 6.90 8 k8_c21
1 15 3 1 1 A
2 2 1 16 1 G
3 9 0 4 7 A
4 8 7 5 2 A
5 18 2 0 1 A
6 18 1 1 1 A
7 18 1 2 1 A
8 15 1 4 1 A
XX

DE Sip4_GEM_1_m10 5.37 6 k5_c44
1 0 0 33 10 G
2 43 0 0 0 A
3 0 0 43 0 G
4 31 12 0 0 A
5 34 9 0 0 A
XX

DE Sip4_GEM_1_m11 8.26 -1 k7_c13
1 0 1 11 0 G
2 1 9 0 2 C
3 0 0 0 12 T
4 0 0 0 12 T
5 0 10 1 1 C
6 0 12 0 0 C
7 9 0 0 3 A
XX

DE Sip4_GEM_1_m12 9.83 4 k10_c32
1 0 31 0 0 C
2 0 31 0 0 C
3 21 0 3 8 A
4 0 0 0 31 T
5 0 2 0 30 T
6 7 14 8 3 C
7 12 2 16 1 G
8 4 8 11 9 G
9 0 31 0 0 C
10 0 31 0 0 C
XX

DE Sip4_GEM_1_m13 7.77 1 k9_c14
1 12 0 0 1 A
2 3 0 9 2 G
3 1 1 1 10 T
4 8 1 3 1 A
5 13 0 0 0 A
6 0 0 1 12 T
7 2 0 2 10 T
8 0 2 11 1 G
9 0 12 1 0 C
XX

DE Sip4_GEM_1_m14 9.04 20 k8_c7
1 0 0 6 0 G
2 0 1 6 0 G
3 5 1 0 1 A
4 5 1 0 0 A
5 6 0 0 0 A
6 1 0 0 5 T
7 0 6 1 0 C
8 0 6 0 0 C
XX

