#Oaf1_GEM_1.m12
#KSM version: 1
#178/178
#1.32
#k-mer/r.c.          	Offset	PosCt	wPosCt	NegCt	HgpLg10	CIDs	PosHits (base85 encoding)	NegHits (base85 encoding)
AATAATAACC/GGTTATTATT	1	3	3	0	-2.1	*	TE"rlz!"]~	
ATTATCCCCG/CGGGGATAAT	4	3	3	0	-1.8	*	!!!!)zz!!"8~	
$$$
%%%
0 0 0 0 0 10 0 10 0 0 0 0 0 0 0 0 0 0 0 0 0 0 0 0 0 0 0 10 0 0 0 0 0 0 0 0 0 0 0 0 0 0 0 0 0 0 0 0 0 0 0 0 0 0 0 0 0 0 0 0 0 0 0 0 0 0 0 0 0 0 0 0 0 0 0 0 10 0 0 0 0 0 0 0 0 0 0 0 0 0 0 0 0 0 0 0 0 0 0 0 0 0 0 0 0 0 0 0 0 0 0 0 0 0 10 0 0 10 0 0 0 0 0 0 0 0 0 0 0 0 0 0 0 0 0 0 0 0 0 0 0 0 0 0 0 0 0 0 0 0 0 0 0 0 0 0 0 0 0 0 0 0 0 0 0 0 0 0 0 0 0 0 0 0 0 0 0 0 
0 0 0 0 0 0 0 0 0 0 0 0 0 0 0 0 0 0 0 0 0 0 0 0 0 0 0 0 0 0 0 0 0 0 0 0 0 0 0 0 0 0 0 0 0 0 0 0 0 0 0 0 0 0 0 0 0 0 0 0 0 0 0 0 0 0 0 0 0 0 0 0 0 0 0 0 0 0 0 0 0 0 0 0 0 0 0 0 0 0 0 0 0 0 0 0 0 0 0 0 0 0 0 0 0 0 0 0 0 0 0 0 0 0 0 0 0 0 0 0 0 0 0 0 0 0 0 0 0 0 0 0 0 0 0 0 0 0 0 0 0 0 0 0 0 0 0 0 0 0 0 0 0 0 0 0 0 0 0 0 0 0 0 0 0 0 0 0 0 0 0 0 0 0 0 0 0 0 
1.3587 1.3888 1.2689 1.3182 1.2917 1.2889 1.3007 1.2166 1.2914 1.2989 1.2588 1.2097 1.2007 1.2201 1.1549 1.1517 1.1825 1.2211 1.1209 1.0884 1.1284 1.2253 1.1542 1.1987 1.0664 1.2245 1.1825 1.1889 1.1694 1.1341 1.1069 1.0700 1.0485 1.1208 1.1454 1.1036 1.0515 1.0324 1.0799 1.0700 1.0783 1.0654 0.9824 1.0301 1.0006 1.0515 1.0559 1.0458 1.0964 1.2751 1.0772 0.9250 1.1450 1.0694 1.1133 1.1434 1.0717 0.9474 1.0969 0.9779 1.0914 0.9418 1.0082 1.3612 1.0063 1.0006 1.1142 1.0071 1.0079 1.0477 1.0172 1.0055 0.9384 0.9571 0.9842 1.1139 1.0393 0.9202 0.9163 0.9202 1.0365 1.0324 1.0302 1.0310 0.9797 0.9913 1.0268 1.0268 1.0194 0.9684 0.9592 0.9797 0.9740 0.9692 0.9602 0.9851 1.0014 1.1142 1.0694 1.0079 0.9028 0.8805 0.9396 0.9124 0.9956 0.9111 0.9430 0.9778 0.9507 0.8852 0.8789 0.9150 0.9004 0.9750 1.0028 1.0157 0.9372 0.9124 0.9313 0.8971 0.9485 0.9150 0.9212 0.8691 0.9720 0.9518 0.8757 0.9384 0.8926 0.8623 0.9441 0.9252 0.8570 0.8605 0.8171 0.9653 0.8008 0.9189 0.8496 0.8459 0.8215 0.8279 0.8805 0.8496 0.8496 0.8741 0.8102 0.9084 0.7571 0.8148 0.8420 0.8258 0.8171 0.8496 0.8420 0.8215 0.7631 0.7829 0.7958 0.8193 0.7158 0.7908 0.7079 0.7508 0.7631 0.7882 0.7829 1.2852 0.7958 0.8300 0.7039 0.7233 0.7376 0.7829 0.7443 1.3013 1.2399 1.2646 
