-300	8.626221703634155E-4
-299	9.069337457671137E-4
-298	9.48745675809688E-4
-297	9.855583151300144E-4
-296	0.0010148720183669692
-295	0.0010329101069715724
-294	0.001030787769643422
-293	9.983431618942602E-4
-292	9.33628920623976E-4
-291	8.675556082850496E-4
-290	8.392482687181089E-4
-289	8.752681223442232E-4
-288	9.519210959062312E-4
-287	0.0010329492927274133
-286	0.0010879300744682258
-285	0.001109781836137829
-284	0.001097258231082559
-283	0.001053860495783467
-282	0.0010020801992604647
-281	9.691564936681792E-4
-280	9.741469536015767E-4
-279	0.0010033828434169822
-278	0.00103501384991106
-277	0.0010532300424949286
-276	0.0010663830210375215
-275	0.0010888647680222265
-274	0.0011299486118422656
-273	0.0011784332645302011
-272	0.0012179987840284293
-271	0.0012341572049605802
-270	0.0012197484686752144
-269	0.0011694444932021254
-268	0.0010874686258893268
-267	0.0010162499313577176
-266	0.0010077689035464159
-265	0.0010906888208376759
-264	0.0012004040993862939
-263	0.001248991939790201
-262	0.0011794597657766703
-261	0.001058535893590342
-260	9.838788626051977E-4
-259	0.0010259388694418626
-258	0.0011463327397075362
-257	0.0012794689562560606
-256	0.001369700797980657
-255	0.0014011607279320593
-254	0.0013679260052003803
-253	0.0012731450897726549
-252	0.001156251245223605
-251	0.0010657489360248757
-250	0.001038578802776621
-249	0.0010654261905930337
-248	0.0011254126207168164
-247	0.0012021050455045766
-246	0.001296852141768546
-245	0.001415448017434861
-244	0.0015529401179258935
-243	0.0016613892386489572
-242	0.0016821095125075993
-241	0.001581100540875147
-240	0.001423103799004042
-239	0.001297546230616505
-238	0.0012679637489935811
-237	0.001294328145651618
-236	0.0013107201816657881
-235	0.0012713714082774191
-234	0.001211116537392459
-233	0.0011849410710830111
-232	0.0012288077958547286
-231	0.0013025886359474674
-230	0.001347132800034632
-229	0.0013227896110150055
-228	0.0012679088486888769
-227	0.0012403404070819128
-226	0.0012811927596365082
-225	0.0013646086974619782
-224	0.0014479895910843674
-223	0.0014968403444866238
-222	0.0015090799954793114
-221	0.0014907311153298975
-220	0.0014508539694509394
-219	0.0014106595998353566
-218	0.0013943967426211568
-217	0.0014179256453482753
-216	0.0014635526011643539
-215	0.0015051954146189598
-214	0.0015244504228743951
-213	0.0015336280935438979
-212	0.0015527174268534405
-211	0.0015962124077383202
-210	0.0016566269599711306
-209	0.0017209799920337918
-208	0.001776028429306362
-207	0.0018074812647614548
-206	0.0018007855082698232
-205	0.0017492128259497155
-204	0.0016773335089093646
-203	0.0016175425045044977
-202	0.0015950786010088293
-201	0.00160655595036802
-200	0.0016414325454457163
-199	0.0016877694858263412
-198	0.0017280402979774248
-197	0.001743321615087275
-196	0.0017213834602516534
-195	0.0016767694161961427
-194	0.0016307164555537815
-193	0.001601497045617931
-192	0.0015955256323232497
-191	0.0016162521562647185
-190	0.0016632231890694883
-189	0.0017203718264933853
-188	0.0017677277953244048
-187	0.0017905355266994818
-186	0.001794898269151313
-185	0.001792133975561535
-184	0.001792369356047805
-183	0.0018009661496718665
-182	0.001822094852731483
-181	0.0018567976542889749
-180	0.001893603514464885
-179	0.001917913086144312
-178	0.0019208012399919375
-177	0.0019160397177907767
-176	0.0019230744791034285
-175	0.0019551989958259412
-174	0.002001096789188162
-173	0.0020432988927533875
-172	0.0020691673518049587
-171	0.0020853882585063904
-170	0.00210347871674124
-169	0.0021322295614989925
-168	0.002169526552192844
-167	0.002210529179341915
-166	0.0022453898614060684
-165	0.0022442327286081214
-164	0.002172174839111634
-163	0.002015490221980937
-162	0.0018450807898834551
-161	0.0017530054263873867
-160	0.001800113122316759
-159	0.0019224132975189162
-158	0.0020247054790970315
-157	0.0020392442350815713
-156	0.0020081042972121847
-155	0.0020008154381558133
-154	0.0020631985541428926
-153	0.0021462390356578338
-152	0.002177213396748541
-151	0.002111760674494789
-150	0.002018969998103838
-149	0.0019962930198148183
-148	0.002107255520663223
-147	0.0022796797968699938
-146	0.002407462273452435
-145	0.002414191328497569
-144	0.00234222315237129
-143	0.0022636058885092143
-142	0.0022354703543820097
-141	0.002255278063600578
-140	0.002305573203810877
-139	0.0023718403499449143
-138	0.002451325626078902
-137	0.002544215543575103
-136	0.0026483136381646004
-135	0.0027518915430537654
-134	0.0028408379158177894
-133	0.0028995312189422106
-132	0.00290630913455395
-131	0.0028379991496902757
-130	0.0026908526287565005
-129	0.002538816445630139
-128	0.0024752613515567528
-127	0.0025615416843326735
-126	0.0027309461279573224
-125	0.0028847469529808887
-124	0.002947643661351986
-123	0.002938044680612922
-122	0.0028977856697044264
-121	0.0028621027918758098
-120	0.0028398342276107053
-119	0.002833218661701324
-118	0.0028424720507788095
-117	0.002859719438830028
-116	0.002875063141680777
-115	0.002880726391066929
-114	0.00287741608236466
-113	0.002867960026860224
-112	0.0028552970498490846
-111	0.002842810032663563
-110	0.0028339928706451922
-109	0.002832620558106587
-108	0.002843592485244688
-107	0.0028720891412275166
-106	0.0029188121829709715
-105	0.0029665479383824567
-104	0.0029936039031172547
-103	0.002987074098778849
-102	0.002969198650763537
-101	0.002971004210415816
-100	0.0030066867917006523
-99	0.0030231198590648834
-98	0.002950346239575813
-97	0.002757301310252181
-96	0.002568490647918463
-95	0.0025473123793505735
-94	0.002796777289375255
-93	0.0031783467950225784
-92	0.003493094971373446
-91	0.0035891206184215955
-90	0.0035026214358121143
-89	0.0033168198481029277
-88	0.003109116547420553
-87	0.002933625296165882
-86	0.002838638124308397
-85	0.002850458864577759
-84	0.002907438560744339
-83	0.0029259400593386834
-82	0.002852900992821945
-81	0.0027575581373776924
-80	0.002739723055120098
-79	0.0028639959126830076
-78	0.003054131294778956
-77	0.003198672390640152
-76	0.0032197973390981505
-75	0.003174224077381902
-74	0.0031523054923197043
-73	0.0032141978169413473
-72	0.0032992706690825996
-71	0.003316697012780718
-70	0.0032077935659858723
-69	0.0030424520622998803
-68	0.0029227079892374676
-67	0.002926021896302702
-66	0.00303155458095702
-65	0.0031938919026512002
-64	0.003368596071870928
-63	0.0035151347032415154
-62	0.003593951762423181
-61	0.0035830183758407716
-60	0.003530414312977632
-59	0.0035017465040817343
-58	0.003541966866727167
-57	0.0036134072677924995
-56	0.0036577445614824158
-55	0.003633302971604072
-54	0.0035649962003745064
-53	0.0034943853196132252
-52	0.003450964836488846
-51	0.003415962999566436
-50	0.0033585414927601704
-49	0.0032598988544114997
-48	0.0031493810405709647
-47	0.0030683708617163796
-46	0.0030473434024250066
-45	0.003073142843671917
-44	0.0031217056405316345
-43	0.0031748971557489843
-42	0.0032382983827500215
-41	0.003323419222631106
-40	0.003434643336964126
-39	0.0035478494292230938
-38	0.0036317899633575503
-37	0.0036696922026386455
-36	0.003702682607623966
-35	0.0037863624381927062
-34	0.003954457165300775
-33	0.004153189104210918
-32	0.004306904781262602
-31	0.004360406697815723
-30	0.004340321255311931
-29	0.004293730830213318
-28	0.004260758077663055
-27	0.00425368676752866
-26	0.004277840948358731
-25	0.004329599902544033
-24	0.004369563847843988
-23	0.004349388235860176
-22	0.004256468869587738
-21	0.004221162957596046
-20	0.0044095680598480284
-19	0.004926301378997164
-18	0.005630058688459136
-17	0.006318055404340184
-16	0.006816659791603887
-15	0.007068851510643204
-14	0.007046763070708446
-13	0.0067527593278881555
-12	0.006310134525623817
-11	0.0058724152541951595
-10	0.005553842702780003
-9	0.005311516456148578
-8	0.0050632506979692085
-7	0.004753389109507773
-6	0.00443239336242033
-5	0.004177254625960487
-4	0.00405046899830096
-3	0.004056552293290911
-2	0.00418552525369861
-1	0.004414751487907351
0	0.004670966066760537
1	0.0048682469267165894
2	0.004940577153948777
3	0.004901560433489742
4	0.0047847056000869664
5	0.00461933398697234
6	0.004418016921315377
7	0.004189138228769991
8	0.00393736812926726
9	0.0036525224198469034
10	0.0033207032918258013
11	0.002944338513667282
12	0.002591158162420469
13	0.0023452178922809368
14	0.0022642812672541007
15	0.0023009434905847635
16	0.0023815076753275705
17	0.002441381108861071
18	0.0024523877758594317
19	0.002395455835320721
20	0.0022651832987276715
21	0.002110847587501664
22	0.0019953959755487412
23	0.001963744072862208
24	0.001988680833784418
25	0.0020249635487449872
26	0.0020365920499686094
27	0.0020245363368602927
28	0.0019990089506201226
29	0.0019670089838594172
30	0.001922681734834416
31	0.0018569590532125921
32	0.001768555061907971
33	0.0016873129768207975
34	0.001650858287097872
35	0.0016804366736552822
36	0.0017317745844862666
37	0.0017442186593533522
38	0.0016779969905550082
39	0.0015768634805334697
40	0.0015054534842669155
41	0.0015102644274532953
42	0.0015652420186696488
43	0.001626194037212786
44	0.0016560477598491486
45	0.001646208453223695
46	0.0015952008814510146
47	0.00150947501332072
48	0.0014271816363225223
49	0.0013943967426211568
50	0.0014394154287784599
51	0.0015194092089446745
52	0.0015737687016671447
53	0.0015582686522157578
54	0.0014942203127505742
55	0.0014193190621541985
56	0.001364058756994479
57	0.0013301271645802441
58	0.001312010529905567
59	0.0013071175663349316
60	0.0013245468607144672
61	0.0013763194682607127
62	0.0014630575185720154
63	0.0015397874387739457
64	0.0015501367303738824
65	0.0014598541733053202
66	0.0013231736612062288
67	0.0012164503661406944
68	0.0011948641979249595
69	0.0012288940173838913
70	0.0012678434230945124
71	0.00127255408213257
72	0.0012500199355687084
73	0.0012187729929722967
74	0.0011931300275919506
75	0.0011705468673932763
76	0.001144264104021128
77	0.0011119986221139258
78	0.001089372478284361
79	0.0010964840221386915
80	0.0011426737617636542
81	0.001194250839167906
82	0.0012067665548405827
83	0.0011510061800643061
84	0.0010586908692956428
85	9.767757477846444E-4
86	9.4347133652953E-4
87	9.620097395211907E-4
88	0.0010268784564986832
89	0.0011250858566650963
90	0.001213723787079641
91	0.0012424049642655592
92	0.001180578126131053
93	0.0010770360961241672
94	0.0010004077190779066
95	9.997420628968755E-4
96	0.0010457690877720722
97	0.001089638976966094
98	0.00109500368447774
99	0.0010755222472506195
100	0.0010573554729645432
101	0.0010590600241035426
102	0.001068775982368534
103	0.0010670392842646549
104	0.0010395787129789363
105	9.928944384259895E-4
106	9.386794772023194E-4
107	8.898842934541965E-4
108	8.644891415269521E-4
109	8.817317233156828E-4
110	9.494218603660291E-4
111	0.001029657852825809
112	0.0010731101204933848
113	0.0010470865166662226
114	9.854446286382055E-4
115	9.386794772023194E-4
116	9.415362815128537E-4
117	9.657610541693092E-4
118	9.673500061324884E-4
119	9.172951983878382E-4
120	8.465720920193812E-4
121	8.011519981357838E-4
122	8.132346198155002E-4
123	8.599332280161343E-4
124	9.045894856650778E-4
125	9.184759303184476E-4
126	9.045885980472614E-4
127	8.738543995512621E-4
128	8.366961701557822E-4
129	8.015204436885148E-4
130	7.762296786027423E-4
131	7.658294183482911E-4
132	7.637375463611623E-4
133	7.604750310739008E-4
134	7.492948231561907E-4
135	7.343778022262739E-4
136	7.226368301395316E-4
137	7.194729049404122E-4
138	7.242395694296362E-4
139	7.347785025969918E-4
140	7.487453644323159E-4
141	7.630517389256419E-4
142	7.744231910670516E-4
143	7.79670151320453E-4
144	7.759425120450573E-4
145	7.604750310739007E-4
146	7.332092018541669E-4
147	7.049134602896277E-4
148	6.890629778982019E-4
149	6.939746991480984E-4
150	7.073326603086904E-4
151	7.11662670599641E-4
152	6.969614041482896E-4
153	6.831089947126806E-4
154	6.974564409585344E-4
155	7.561507246731185E-4
156	8.305227601298917E-4
157	8.806994447238596E-4
158	8.778091093587736E-4
159	8.369858189733671E-4
160	7.84365072015119E-4
161	7.415660979666498E-4
162	7.121430504511449E-4
163	6.951338141269318E-4
164	6.900443007879812E-4
165	6.982525307708425E-4
166	7.216045515477084E-4
167	7.568092878220801E-4
168	7.800271732226933E-4
169	7.622815186095915E-4
170	6.895105728216449E-4
171	6.073123366130305E-4
172	5.761997487167523E-4
173	6.339300242024845E-4
174	7.272374834865844E-4
175	7.801007233220797E-4
176	7.426938326799329E-4
177	6.699728694028464E-4
178	6.430893835514561E-4
179	7.15079659466778E-4
180	8.265189186113427E-4
181	8.898671167280595E-4
182	8.441369699529938E-4
183	7.34552235994836E-4
184	6.328894329554329E-4
185	5.941492577164725E-4
186	6.062291222790098E-4
187	6.40250617423942E-4
188	6.723498331467514E-4
189	6.987208563012623E-4
190	7.20572272955885E-4
191	7.384945006694238E-4
192	7.506052829622603E-4
193	7.544041948451707E-4
194	7.484792833721094E-4
195	7.357724837697464E-4
196	7.203142033079292E-4
197	7.054098261110981E-4
198	6.914646437220624E-4
199	6.781589245382239E-4
200	6.651729369569836E-4
