#Oaf1_GEM_2.m3
#KSM version: 1
#837/837
#1.53
#k-mer/r.c.	Offset	PosCt	wPosCt	NegCt	HgpLg10	CIDs	PosHits (base85 encoding)	NegHits (base85 encoding)
GATAA/TTATC	1	147	147	100	-3.5	*	:B1BJ!XJgY%KK@Z&jZL!#QPS>J0Ys8!C_)5!!"El0d.)."9O*%&4Jj7-q$<):]Z6"#Q]V^5R@EB7"GMl5QDu680Ba>!'gNL!?hFG8-8'!5QH<7+T`nh!$Fft!!NE,&O6==&-~	#f$H@(]Y1V!!3-#'EeCA!eET;5Tg%lKE)"6!"otH(Baj@#!`.g&-)\1!!3]4M,4`b!!iQ-J-H9'!!iZ<!!!'%!.]S"!+J2A!`0.*!$D7K!!"/B9E7>.!)O46">g)Z!!!'~
ATAAC/GTTAT	1	116	116	91	-1.5	*	5_/oc!5JR9!!3^&!<<*"!!%N\Muit^!C6_$!!"tqYQ,dK!rr<,cpD+?!"&i=,_5q"!!iQ)!&4NX!6L595QO+M"sAGH!.Y'"!J,cO&--VK5Qh'X"J>_p!$D:R!$D:B&tfFW#l~	#f&\*&3pd,"X3pH!!E</!.[<7!!!$"JJ9Mo!!#7a+[uG3"@)tg"9AK&!'pSr!<<ZR!"],AJc[%p!!%QML]@DXz!5Li#&mu+J!!"-$5R[Z1"98Q)!*G<e*2!93!.Y%L!W~
TAACG/CGTTA	2	115	115	78	-2.8	*	!'gYhO?`jK!!!RD-n,]-!W[`_a8c2?!'gNN";#M`+@mUTK)blOJ,t0#!#%UM&-rgI&-+rq!!!'%KL!TY#Qt,-!!&+S!2U6W!.b+UJ,j/2!!IgC#+u)g!+5dP!$VCC,+o&H#Q~	!5S^>!&+BQ!$DgQ!&O]WJ:KlbM#[SWTF_)G!!#7b!!!"N!(6hk!!3E+5XPN++FjFl!!!!1z!/1CQ#QOi/"98Q)5U$1.!'gei#_2mf!!iQ=,QIfI!!!-)&:al`+92P#~
ATTAC/GTAAT	1	97	97	67	-2.3	*	!!*+.'S$/`(,,_"!'pSb!!!'##ljr*z!WkUj5YqL^!)Y-QJHDPK!!!9)!%:58!!*'*^bc02!<RcO$ig8-!!E95!'j!Z('#NY!WW3S&-*7A#nScj!!j-(&-)\1+i43r$3~	zJ:I\$6i[4;z+:8,\!!!!1+A)b:z!!",A!'hY2!W[`N!#,P9+@#o<63%&e&-)\1!"j_]"9K\G6i[Jo!!!Q1"pi$FJ,k6(8,rVm&:a`\!.YXm!$D7A!"],A~
ATAGC/GCTAT	1	87	87	60	-2.5	*	!=/Z*KEqQS:]LJd3Ii5;!'p`B!!%Q]!WWQ-!'gMeBFk.D-istl"9SW(!WrE05QCd,!(d/U!!",A&-)\1!!!!Q!!!9)#QOi*5_oC@!!!!1!g!CI!!*'"!WW3E#QOi1,p4<3)u~	ci=%G"98FP5X5;L+TMKbz!!!Q1!'n=Bz+92BA+oi2T!!*3>!X1gp!!!9)!<<*&)@?HI!$DQ#z!!!9i"FpOR5QF1P!'gMq!.Y%L!.Y%L!$hOE!!!'#!!NB~
TAACC/GGTTA	2	82	82	66	-1.4	*	cj9[P,TmWu#U1Gn!>#56Ka<2/!'gNL$%N!U!'gei'*&"5!!!$""98Q1J,fS:"FpIP&:b$/!&+BQ!.g4s5QF%l"pb82z5QO-#!>#5R&-)\4!!iT2J:IV"!!!%M!.Y+~	!'idO+92ZIKE)"&":tS>&-+rq!!E9%(]XQ_z#XeXm!>#M:#QXuN"@)quz#Qb!V!Wi?I!!!$"!!%NL!'gfT5S-0\"CM30!=AfT5QLibzJ3X;=J-5~
ATGAC/GTCAT	1	81	81	50	-2.8	*	z"onW+&-OH_#R;LR&3p6r(dJ'$6id8h!0@0\!.b1OVuQeu!!!"P!hf_s?iY]W!$EEb!<Ge0!#P\[!>#53!!#Oiz!.Y%L0E;(q#!`.g!!3-#!'hA$5S*on!%7~	(]XO9^]4?X":+u-z!WWLV!'idP!!30$#QOi)!!!!A!WW4N!!EQ-+9;HB5QH<G"onW'!'gMa!<<*B!'gT.!"_Bq!!3-#&-*gQ:]LIqJ,fQLJ,g,\z!!IfRz$3~
ATNANGC/GCNTNAT	1	34	34	9	-4.8	0,1	N.A.	N.A.
CNATANC/GNTATNG	-1	33	33	9	-4.6	2,-3,4,-5	N.A.	N.A.
ATNACNC/GNGTNAT	1	32	32	8	-4.8	6,0	N.A.	N.A.
ATANCNC/GNGNTAT	1	32	31	8	-4.5	7,0	N.A.	N.A.
CNATNAC/GTNATNG	-1	29	27	6	-4.5	2,4,-8	N.A.	N.A.
$$$
ATAACGC/GCGTTAT	0	28	28	7	-4.3	0	z!'gMc!!!Q9zz#QOi)!'gNL!!!Q1+93Ma!rr<$z!!!!/zz!!!'#!'geiz!!%NL!.Y'"z!!!0&!!!!izzz!WW?/~	zzz!!!!"zz!"],1zz!!!$"z!!!!1zzzz!!!!%zzzz!!!!1z!!!!%~
ATCATGC/GCATGAT	0	6	6	2	-1.7	1	!!!!%zz5QCca!!!!Azzzzzzz!$D7A!!!!)!!!!1~	zzzzzzzzzzzzz!"],1z!!!9~
CAATAAC/GTTATTG	0	15	15	3	-3.0	2	z!'gMazz!!%NL#QOi)!'gMazz!WW3#5QCcazzzz!!!9iz!!%NL!!!"L!!*'"z!!!!i!.Y%Lzzz!<~	zzzzzzzzzzzzzzzzJ,fQLzzzz!!iQ)zz!.Y~
GCTATCG/CGATAGC	0	5	5	2	-1.5	3	!<<*"!!!!1z+92BAz!!!$2~	zzzzzzzzzz!!!-%zzzzzzzzzzzzz!!!'~
CCATAAC/GTTATGG	0	4	4	1	-1.5	4	zzzzzzzzzzz!!!!)zzz!!!$"!!*'"zzzzzzzz!$D~	zzzzzzzzzzzzzzzzzzzzzzzz#Q~
GATATGG/CCATATC	0	9	9	3	-1.5	5	zzzzzz!!3-#zz#QOi)z!!!!az!!*(Mz!!%NLzzz!"],1zz!!!"Lzz!.Y~	zzzzzzzzzzzz!"],1zzzz!!3-#zzzzJ,~
ATGACTC/GAGTCAT	0	4	4	1	-1.5	6	zzz!!*'"zzzzzzzzz!!",Azz!<<*"zzzzzz!'g~	zzzzzzzzzzzzzzzzzzzzzzzz!!%N~
ATAGCAC/GTGCTAT	0	4	4	1	-1.5	7	zzzz!!*'"zz!!!!%zzzzz!!!!azzzz!!!!"~	zzzzz!!!Q~
GTAATTG/CAATTAC	0	10	10	2	-2.2	8	zzzzzzzzzz!!!'#!!!9)!!#7azJ,fQL!<@WMzzz!!",Azzzz&-)\1!It~	zzzzzzzzz!'gMazzzzzzzzzzzz!.Y~
%%%
6 5 5 5 5 0 5 5 5 0 0 5 0 0 5 5 5 0 5 0 0 0 0 0 5 5 5 0 0 5 5 6 0 5 5 0 5 5 0 5 0 0 0 5 0 5 8 5 5 5 0 0 5 0 0 0 0 8 5 0 6 0 5 5 0 5 5 5 5 0 5 0 0 6 5 0 5 5 0 0 5 5 0 5 8 5 5 0 5 0 5 5 5 5 5 5 5 5 0 5 5 6 5 0 6 5 5 5 5 5 5 5 5 0 0 0 5 5 0 0 5 5 5 0 0 0 5 0 5 5 5 5 5 0 0 5 6 0 0 5 0 0 5 0 5 5 5 0 5 0 0 7 5 0 0 0 5 5 0 0 5 0 5 8 5 0 5 7 0 5 5 0 0 5 5 0 6 0 0 5 5 0 0 5 5 0 6 0 6 0 5 0 5 5 5 5 0 0 5 0 5 5 5 0 0 0 8 5 0 5 5 5 5 5 5 0 0 5 5 0 0 0 7 5 0 5 5 0 0 0 0 0 0 5 0 0 5 0 5 5 0 0 0 7 7 7 5 0 5 0 6 6 6 5 5 0 5 5 0 5 6 8 5 5 5 0 0 5 5 5 5 5 0 5 0 0 5 7 0 0 5 0 5 0 0 0 0 0 7 8 5 5 0 5 0 5 5 5 0 0 5 0 5 0 5 0 0 5 5 5 0 5 5 0 5 6 5 5 0 0 5 0 5 0 5 0 6 5 5 5 5 0 0 0 5 0 0 6 5 0 0 5 6 5 0 0 5 5 0 0 0 5 0 5 0 5 0 5 0 5 5 5 5 5 5 5 5 5 0 0 5 6 0 0 5 0 0 8 8 8 5 5 5 5 0 0 6 0 5 5 5 0 5 0 0 5 0 5 0 6 0 0 5 0 5 0 6 5 0 5 5 0 0 5 0 5 0 0 0 5 5 0 0 0 5 0 0 5 0 5 5 5 5 0 5 5 0 6 5 5 0 0 5 5 0 5 6 5 5 0 0 0 0 0 5 6 5 0 5 5 5 5 0 0 0 5 5 5 0 5 5 0 5 5 6 5 5 5 0 0 6 0 5 0 5 0 5 5 5 5 0 5 5 0 7 7 5 0 5 8 5 0 5 5 0 5 0 0 0 5 7 6 6 0 5 5 0 0 7 0 6 0 5 0 5 0 0 0 0 5 0 0 0 5 6 0 5 0 0 5 5 5 0 0 0 6 6 5 0 0 5 0 0 0 5 5 0 5 0 0 0 5 5 5 5 5 5 8 5 0 0 0 5 5 0 7 0 0 0 5 0 0 0 0 5 0 5 0 0 5 5 7 0 5 5 0 5 0 5 0 6 0 0 5 0 0 5 8 6 5 5 0 5 0 5 0 7 0 0 5 5 5 0 5 0 5 0 0 0 6 5 5 5 0 5 5 0 0 0 6 5 5 0 5 5 5 5 5 0 5 0 0 5 0 0 0 7 6 7 6 0 7 7 5 0 0 0 0 5 5 0 5 0 5 5 0 5 0 6 0 0 0 6 0 5 0 5 5 0 0 0 0 5 0 0 5 5 5 0 8 0 0 8 0 5 5 5 5 0 5 0 0 5 5 0 5 5 6 0 5 5 0 5 0 5 5 0 0 0 5 5 5 0 0 5 5 0 5 0 0 0 0 0 5 0 0 0 5 0 7 6 5 5 0 0 5 5 0 5 0 0 5 5 0 5 5 5 0 0 0 0 5 6 0 5 0 5 5 5 0 5 6 0 0 6 5 0 0 0 0 0 0 0 5 5 5 5 0 5 5 5 7 5 0 6 5 0 0 0 5 0 5 0 5 5 5 0 6 7 0 0 5 0 0 5 5 0 7 5 6 0 0 6 5 5 5 5 
0 0 0 5 5 0 5 5 5 0 0 0 0 0 7 7 5 5 0 0 0 0 6 0 5 5 5 0 0 0 0 0 0 0 5 5 6 5 5 5 0 0 0 0 5 5 5 5 0 5 0 5 6 0 0 0 5 0 0 0 0 5 5 5 5 0 5 0 0 0 5 5 0 6 0 5 0 6 5 0 0 0 0 0 5 0 0 0 0 0 0 0 0 0 0 5 5 0 5 0 5 5 0 0 0 0 5 0 5 5 0 0 5 0 0 0 0 0 0 0 7 0 0 7 0 5 0 0 0 5 0 0 5 5 0 5 5 5 0 5 0 0 0 7 5 0 0 5 0 0 7 0 5 0 0 0 5 0 0 5 5 0 0 5 0 0 5 5 0 0 5 0 0 5 5 0 5 5 0 0 6 0 5 0 0 0 5 0 5 0 5 0 5 0 5 5 5 5 0 5 0 5 5 5 7 0 5 0 5 0 5 5 0 5 5 5 0 0 0 0 7 5 5 7 0 0 0 5 0 0 0 0 0 5 0 0 5 0 0 0 0 0 5 0 5 0 6 0 5 0 0 0 0 0 0 0 6 5 5 5 5 5 0 0 0 5 7 0 0 0 5 0 0 0 5 0 0 5 0 0 0 5 0 0 0 5 0 5 5 5 6 0 0 5 0 0 0 0 5 0 5 0 6 0 5 0 0 5 5 5 0 0 6 5 5 0 0 0 0 5 0 5 5 5 5 0 0 0 5 5 5 0 0 0 0 0 0 5 6 5 0 0 0 5 0 5 0 5 5 5 0 0 0 5 5 0 0 5 5 0 5 5 5 0 5 0 5 0 0 0 5 0 5 0 5 0 5 0 0 5 7 5 0 0 6 0 0 5 0 5 5 5 0 0 0 0 5 0 5 5 0 0 0 5 6 0 0 5 0 5 0 0 5 5 0 0 5 5 5 5 0 0 5 0 0 5 0 5 5 0 0 0 0 5 0 0 0 0 0 0 0 0 5 0 5 0 0 5 0 5 0 5 5 0 0 5 0 5 5 5 0 0 5 0 0 0 0 5 0 5 0 0 0 5 5 0 0 5 0 0 5 0 0 0 0 0 0 0 5 0 5 5 5 5 0 5 5 5 0 5 0 0 0 5 0 0 5 0 5 5 0 5 0 0 5 6 0 0 0 6 0 5 0 0 0 0 5 0 0 5 0 0 0 5 0 5 0 5 7 0 0 5 0 0 0 0 5 0 0 0 5 0 0 5 0 0 5 0 5 5 0 0 5 5 0 0 5 5 0 5 0 0 0 0 5 0 0 0 5 0 0 0 5 0 0 5 0 0 5 5 5 5 0 5 0 0 5 0 6 0 5 0 0 5 0 5 0 0 0 6 5 0 5 0 5 0 0 0 0 5 5 6 7 0 5 0 5 7 0 5 5 5 0 0 5 0 0 0 0 0 5 0 0 5 5 0 5 5 0 5 0 5 0 5 5 5 0 0 5 0 0 5 0 5 0 5 0 7 5 5 0 0 0 0 0 5 0 0 5 5 5 0 5 7 0 0 0 5 6 0 0 0 0 5 0 0 0 0 5 5 7 0 0 0 0 0 7 5 5 5 5 5 0 0 0 0 0 0 0 6 0 0 5 0 5 0 5 0 0 0 5 0 0 0 0 5 0 0 0 0 0 0 0 5 0 0 5 5 5 5 5 5 5 5 5 0 6 0 0 5 0 6 7 5 5 0 0 0 0 0 6 6 5 0 0 5 0 0 5 0 5 5 0 7 0 6 5 0 0 0 0 6 5 5 0 0 0 0 0 0 0 0 0 0 0 5 0 0 5 0 5 0 5 0 0 5 5 5 5 0 0 0 0 0 0 0 0 5 5 0 0 5 0 5 0 5 0 
1.7296 1.6455 1.6021 1.6382 1.5604 1.6191 1.5265 1.6139 1.5759 1.5036 1.5612 1.5168 1.4369 1.4188 1.4261 1.5149 1.4488 1.5150 1.4472 1.4052 1.4038 1.3538 1.5726 1.5135 1.4327 1.4858 1.4709 1.3441 1.4058 1.3731 1.4551 1.4971 1.4135 1.3277 1.3947 1.5183 1.2838 1.3255 1.3725 1.3015 1.3320 1.3103 1.2097 1.4755 1.2635 1.3627 1.2435 1.3874 1.4394 1.3411 1.2986 1.2907 1.2635 1.1442 1.2816 1.5482 1.3836 1.3334 1.2148 1.1785 1.3621 1.2864 1.2010 1.3755 1.6916 1.2427 1.1768 1.2976 1.3864 1.2466 1.2536 1.1393 1.2587 1.2168 1.2257 1.1703 1.2238 1.2180 1.2145 1.2244 1.1567 1.2811 1.2599 1.2654 1.2766 1.1292 1.0322 1.2683 1.0886 1.2106 1.2035 1.2338 1.1772 1.1474 1.2616 1.0996 1.2414 1.2060 1.3284 1.1168 1.6806 1.2010 1.2462 1.1409 1.1697 1.1394 1.1593 1.0878 1.2063 1.0360 1.1025 1.2338 1.1222 1.2121 1.1908 1.1230 1.1257 1.0945 1.1131 1.2145 1.0979 1.0959 1.2097 1.0707 1.1592 1.0399 1.1907 1.1257 1.1094 1.1075 1.1309 1.0450 1.0727 1.0919 0.9891 1.0912 1.0822 1.1894 1.0939 1.2148 1.1409 1.0187 1.1933 1.1274 1.0187 1.2468 1.1281 1.1150 0.9509 1.1092 1.1192 1.0722 1.0322 1.0916 1.1078 0.9968 1.0187 1.1457 1.1772 1.1972 1.1686 1.1292 1.0200 1.0751 0.9901 1.0663 1.1425 0.9477 0.9153 0.9557 0.9955 0.9065 1.1163 0.9280 0.9515 0.9022 0.9880 1.0878 1.0794 1.0701 1.0875 0.9401 0.9361 0.8827 0.9616 0.9923 0.8972 1.0653 0.9860 1.1018 0.9619 0.9846 1.0751 1.0425 1.0215 1.0816 0.9401 1.0322 1.1360 1.0242 1.1136 0.9065 0.8724 1.1567 1.0899 1.1623 0.9477 1.0450 1.0743 1.0751 0.8925 1.0570 0.8866 1.0523 1.0296 0.9984 1.2469 1.0242 0.9065 0.9473 0.8925 1.0072 1.0329 1.1133 0.9515 1.0592 1.0858 0.9694 0.9136 1.0187 0.9153 0.9624 0.9280 0.9679 0.9889 0.9337 0.9728 0.9019 1.0103 0.9439 1.0617 0.9321 0.9385 0.9280 1.1113 0.9891 0.9552 0.9109 0.9280 0.8827 0.9610 1.1900 1.0246 1.0270 0.9065 0.9109 1.0348 0.9728 0.9954 0.9065 0.8876 0.8876 0.9728 1.0322 1.0074 0.8949 0.9019 1.0939 0.8827 1.0269 0.9624 0.9860 0.9196 1.2173 0.9196 1.1168 1.0374 1.1145 1.0017 0.9239 1.0640 1.0523 0.9649 0.9019 1.0594 0.9196 1.0187 0.9795 0.9109 1.0640 0.9789 0.9196 0.9019 0.8827 0.9382 0.9588 0.9552 0.8827 1.0773 0.9401 0.9984 1.0474 0.9065 0.9611 1.0074 0.9132 0.8827 0.8876 0.9529 0.8725 0.9196 0.8986 0.9101 1.0089 0.9588 0.9588 1.1167 0.8975 0.9401 1.0530 0.9624 0.8776 0.9401 0.9019 0.9109 1.0075 1.0044 1.0159 0.9109 0.8827 0.8876 0.8925 0.8724 0.8776 0.8724 0.9321 0.9515 0.9019 0.9109 0.9239 0.9109 0.8776 0.9196 0.9624 0.9799 0.9746 0.9762 0.8876 0.8902 0.9477 1.0242 0.8827 0.9153 0.9401 0.9694 0.8876 0.9439 0.9109 0.8724 1.0159 0.9439 0.9728 0.9153 0.9624 0.8876 1.0296 0.8831 1.0178 0.9361 0.9280 0.9984 0.9515 1.0707 0.9109 0.8925 0.9280 0.9401 0.9298 0.9439 0.8776 0.8972 0.9872 0.9153 0.9860 0.8972 1.0159 0.9494 0.9065 0.8923 0.9923 0.9168 0.8776 0.8797 0.9731 0.9514 0.8776 0.8791 0.8999 0.8827 0.8776 1.0363 1.0296 0.8925 0.9153 0.9065 0.8776 0.9984 0.8724 0.9694 0.8776 0.9065 0.8812 0.8876 0.9401 0.9065 0.9153 0.8972 0.9153 0.9019 0.8827 0.9588 0.8925 0.9109 0.9504 0.8776 0.8925 0.8827 1.1037 0.8843 0.9109 0.9024 0.9019 0.9110 0.9115 0.8972 0.9065 0.9380 0.9239 0.8827 0.8908 0.9795 0.8827 0.9361 0.8724 0.8925 1.1113 0.9205 0.9647 0.8876 1.0617 0.9065 0.8925 0.9019 0.9239 1.0187 0.9239 0.8724 0.8724 1.0103 0.8925 0.8972 0.9694 0.8776 0.9495 0.8776 0.8827 0.8767 0.9019 0.9019 0.9280 0.9065 0.9688 0.9361 1.0215 0.8827 0.8876 0.9109 1.0374 0.8883 0.9624 0.9239 0.9401 0.9477 0.9065 0.8752 0.9205 0.8964 0.8724 0.9891 0.9065 0.8925 0.9515 0.8835 0.8776 0.8827 0.8743 0.8925 1.0523 0.8925 0.8876 0.8827 0.8724 0.9552 0.9321 0.8724 0.8972 0.8776 0.8724 0.8876 0.8724 0.8827 0.9019 0.9848 0.9019 0.9280 0.9624 0.9196 0.9065 0.9239 0.8827 1.0592 0.9239 1.0074 0.9065 0.8827 0.9401 0.8972 0.9439 1.0044 0.9153 0.8724 0.9239 1.0284 0.8972 0.8776 0.8902 0.9813 0.9477 0.9552 0.9827 0.8972 0.8925 0.9196 0.9236 1.0425 0.9019 1.0400 0.8925 0.8776 0.8877 1.0400 1.0617 0.9694 1.0187 0.8724 0.8776 0.8972 0.9019 0.9361 0.9280 0.9477 0.8876 0.8728 0.8724 1.6005 0.8827 0.8724 0.8724 0.9196 0.8724 0.8925 0.8724 0.8827 0.8972 0.8827 0.9207 0.8827 0.8827 0.8827 0.9624 0.9239 0.8876 0.9795 0.9196 0.8724 0.8827 0.8827 0.9280 0.8827 0.8925 0.8960 0.9153 0.9065 0.8827 0.8827 0.9153 0.8724 0.9401 0.8741 0.8724 0.8876 0.8899 0.9196 0.8876 1.0739 0.8776 0.8776 0.8827 0.9515 0.8925 0.8910 0.9361 0.8724 0.8776 0.9401 0.8724 0.9019 0.8776 0.8827 0.9302 0.8776 0.9019 0.8972 0.8733 1.0159 0.9065 0.8876 0.8827 0.8724 0.8724 1.0018 0.8876 0.9019 0.9185 0.8827 0.8724 0.9065 0.8876 0.8867 0.9477 0.9626 0.9019 0.8876 1.0074 0.9065 0.8776 0.9019 0.8925 0.9472 1.0103 0.9227 0.8776 0.8876 0.8724 0.9153 0.8827 0.9019 0.9065 0.8981 0.8876 0.8776 0.8925 0.9196 0.9065 0.9552 0.9153 0.8724 0.8724 1.0400 0.9795 0.9860 0.9153 0.9280 0.8876 0.8925 0.9809 0.9019 0.8925 0.8805 0.8884 0.9823 0.9361 0.8776 0.9109 0.9065 0.9401 0.9196 0.8876 0.9007 0.9694 0.9321 0.8827 0.8925 0.8993 0.8919 0.8824 0.9552 0.8724 0.8724 0.9515 0.8827 0.9019 0.8925 0.9620 0.8972 0.9019 0.9019 0.8876 0.9150 0.9795 0.8827 0.9153 0.9217 0.9019 0.8876 0.8750 0.8776 0.9361 0.9827 0.8823 0.8724 0.8827 0.9065 0.9369 0.8925 0.9323 0.9439 0.9401 0.9328 0.8837 0.8827 0.8827 0.8724 0.8724 0.9147 0.8827 0.8876 0.8972 0.9515 0.9019 0.9065 0.8820 1.0294 0.8876 0.9109 0.8872 0.9280 1.0187 0.8776 0.8724 0.9770 0.8724 0.9065 0.8776 0.9280 0.8827 0.8724 0.8776 0.9196 0.9688 0.8724 0.9239 0.9153 0.8993 0.9280 0.8827 0.9040 0.9515 0.9126 0.8925 0.8866 0.9694 0.9019 0.8925 0.8775 0.8724 0.8856 0.8859 0.8764 0.8724 0.9280 0.9019 0.9725 0.8724 0.8724 0.8724 0.8876 0.9426 0.8724 0.8776 0.9070 0.8876 0.8827 0.9361 0.9153 0.8876 0.8776 0.9439 0.9065 0.8724 0.9439 0.8724 0.9141 0.8855 0.8776 0.8972 0.8925 0.8793 0.9544 0.8972 0.8933 0.8876 0.9071 0.8803 0.8977 0.8876 0.9153 0.9515 0.8861 0.8752 0.8876 0.9417 0.9827 0.8776 0.8776 0.9263 0.8876 0.8876 0.8724 1.0551 0.8877 0.9361 0.9247 0.9239 1.5654 1.5364 1.4585 
