Position	IP	CondAna_Present	CondAna_IP	CondAna_Control	CondAna_Fold	CondAna_Expectd	CondAna_Q_-lg10	CondAna_P_-lg10	CondAna_P_poiss	CondAna_IPvsEMP	CondAna_Noise	CondEth_Present	CondEth_IP	CondEth_Control	CondEth_Fold	CondEth_Expectd	CondEth_Q_-lg10	CondEth_P_-lg10	CondEth_P_poiss	CondEth_IPvsEMP	CondEth_Noise	CondGlu_Present	CondGlu_IP	CondGlu_Control	CondGlu_Fold	CondGlu_Expectd	CondGlu_Q_-lg10	CondGlu_P_-lg10	CondGlu_P_poiss	CondGlu_IPvsEMP	CondGlu_Noise	CondNit_Present	CondNit_IP	CondNit_Control	CondNit_Fold	CondNit_Expectd	CondNit_Q_-lg10	CondNit_P_-lg10	CondNit_P_poiss	CondNit_IPvsEMP	CondNit_Noise	KmerGroup	MotifId	KG_score	Strand
1:34514	   56.5	0	    8.9	NaN	NaN	   15.3	  -0.02	NaN	   0.01	  -0.56	   0.00	1	   42.1	NaN	NaN	   12.0	  10.51	NaN	  11.45	  -0.66	   0.00	0	    5.6	NaN	NaN	   11.3	  -0.00	NaN	   0.01	  -0.33	   0.00	0	    0.0	NaN	NaN	    8.7	  -0.01	NaN	   0.00	  -0.77	   0.00	GCGGCAA_3/0	0	1.34	+
1:34667	  424.5	1	   30.1	NaN	NaN	   15.3	   2.40	NaN	   3.58	  -1.03	   0.00	1	  225.9	NaN	NaN	   11.8	 196.54	NaN	 198.20	  -0.92	   0.00	1	  157.4	NaN	NaN	   10.9	 119.54	NaN	 121.13	  -0.94	   0.00	0	   11.0	NaN	NaN	    8.8	   0.15	NaN	   0.57	  -0.92	   0.00	--------	-1	0.00	*
1:173103	   63.3	0	   11.4	NaN	NaN	   15.3	   0.00	NaN	   0.08	  -0.20	   0.00	1	   29.0	NaN	NaN	    8.5	   7.20	NaN	   8.09	  -0.16	   0.00	0	   15.4	NaN	NaN	    9.9	   0.77	NaN	   1.35	  -0.13	   0.00	0	    7.5	NaN	NaN	    7.3	   0.08	NaN	   0.36	  -0.32	   0.00	ATTCCGCACG_5/0	0	1.57	+
1:173316	  585.7	1	   94.6	NaN	NaN	   15.3	  40.30	NaN	  42.19	  -0.92	   0.00	1	  287.0	NaN	NaN	    8.5	 317.26	NaN	 319.26	  -0.84	   0.00	1	  174.6	NaN	NaN	    9.9	 146.10	NaN	 147.83	  -0.94	   0.00	1	   29.5	NaN	NaN	    7.3	   7.95	NaN	   9.65	  -0.99	   0.00	--------	-1	0.00	*
10:125014	  111.0	0	   20.0	NaN	NaN	   16.7	   0.20	NaN	   0.76	  -0.88	   0.00	1	   56.3	NaN	NaN	   10.5	  21.82	NaN	  22.93	  -1.11	   0.00	1	   30.6	NaN	NaN	   10.3	   5.83	NaN	   6.80	  -0.99	   0.00	0	    4.1	NaN	NaN	    9.6	  -0.02	NaN	   0.02	  -0.81	   0.00	CCGGAACA_4/0	0	1.45	+
10:148486	   72.7	1	   38.4	NaN	NaN	   19.1	   3.11	NaN	   4.37	  -0.97	   0.00	0	    8.0	NaN	NaN	    8.0	   0.05	NaN	   0.26	  -0.69	   0.00	0	   15.3	NaN	NaN	   13.8	   0.22	NaN	   0.51	  -0.95	   0.00	0	   11.0	NaN	NaN	    9.5	   0.10	NaN	   0.44	  -1.18	   0.00	TTGCCCG_4/1	0	1.31	+
10:148795	   90.3	0	   29.6	NaN	NaN	   19.2	   0.91	NaN	   1.86	  -1.12	   0.00	1	   27.0	NaN	NaN	    8.0	   6.61	NaN	   7.50	  -1.15	   0.00	0	   25.7	NaN	NaN	   13.8	   1.88	NaN	   2.66	  -0.92	   0.00	0	    8.0	NaN	NaN	    9.3	   0.03	NaN	   0.24	  -1.02	   0.00	CCCGCCC_4/1	0	1.31	+
10:161659	   67.0	0	   22.0	NaN	NaN	   15.9	   0.36	NaN	   1.06	  -0.76	   0.00	0	   11.0	NaN	NaN	    8.1	   0.34	NaN	   0.72	  -0.75	   0.00	0	   13.0	NaN	NaN	   10.3	   0.28	NaN	   0.62	  -0.72	   0.00	1	   21.0	NaN	NaN	    8.3	   2.40	NaN	   3.79	  -0.81	   0.00	CTTCCGT_2/0	0	1.22	+
10:184366	   59.0	0	   13.0	NaN	NaN	   16.9	  -0.01	NaN	   0.07	  -0.99	   0.00	1	   23.0	NaN	NaN	    8.0	   4.14	NaN	   4.92	  -0.75	   0.00	0	   16.0	NaN	NaN	   10.3	   0.67	NaN	   1.21	  -0.88	   0.00	0	    7.0	NaN	NaN	    8.4	  -0.00	NaN	   0.14	  -0.85	   0.00	CAACAAC_2/0	0	1.22	+
10:204081	  143.0	0	   32.0	NaN	NaN	   17.1	   1.98	NaN	   3.10	  -0.82	   0.19	1	   45.0	NaN	NaN	    9.0	  15.99	NaN	  17.02	  -0.81	   0.19	1	   48.0	NaN	NaN	   12.3	  12.90	NaN	  14.01	  -0.72	   0.19	0	   18.0	NaN	NaN	    7.8	   1.69	NaN	   2.94	  -0.99	   0.19	CCGGAGA_2/0	0	1.22	+
10:248921	  440.0	1	   88.0	NaN	NaN	   16.6	  32.42	NaN	  34.18	  -0.82	   0.15	1	  148.0	NaN	NaN	   11.9	 103.07	NaN	 104.48	  -0.97	   0.15	1	  172.0	NaN	NaN	   13.0	 123.89	NaN	 125.50	  -0.85	   0.15	1	   32.0	NaN	NaN	    7.8	   8.46	NaN	  10.19	  -0.86	   0.15	--------	-1	0.00	*
10:375170	  154.0	1	   39.0	NaN	NaN	   17.9	   3.69	NaN	   4.97	  -0.79	   0.34	1	   39.0	NaN	NaN	    8.0	  13.41	NaN	  14.41	  -1.21	   0.34	1	   52.0	NaN	NaN	   10.8	  17.71	NaN	  18.87	  -0.82	   0.34	1	   24.0	NaN	NaN	    9.8	   2.62	NaN	   4.03	  -0.97	   0.34	TTGCCCG_4/1	0	1.31	+
10:386685	   76.0	0	   14.3	NaN	NaN	   16.6	   0.02	NaN	   0.16	  -0.87	   0.00	1	   31.7	NaN	NaN	   11.1	   5.80	NaN	   6.64	  -0.78	   0.00	0	   20.9	NaN	NaN	   10.9	   1.61	NaN	   2.37	  -1.20	   0.00	0	    9.0	NaN	NaN	    8.4	   0.06	NaN	   0.34	  -0.59	   0.00	GCGCCGG_4/0	0	1.45	+
10:604122	  762.9	1	  104.9	NaN	NaN	   21.8	  35.15	NaN	  36.95	  -1.02	   0.03	1	  295.1	NaN	NaN	   18.4	 236.71	NaN	 238.43	  -0.80	   0.03	1	  310.2	NaN	NaN	   16.6	 267.12	NaN	 269.27	  -0.76	   0.03	1	   52.8	NaN	NaN	   10.3	  18.31	NaN	  20.37	  -0.90	   0.03	--------	-1	0.00	*
10:604178	  696.1	0	   28.1	NaN	NaN	   21.8	   0.36	NaN	   1.09	  -1.06	   0.03	1	  326.9	NaN	NaN	   17.8	 278.94	NaN	 280.83	  -0.80	   0.03	1	  337.8	NaN	NaN	   16.6	 301.87	NaN	 304.11	  -0.78	   0.03	0	    3.2	NaN	NaN	   10.5	  -0.02	NaN	   0.00	  -0.39	   0.03	CCCGCCC_4/1	0	1.31	+
10:634528	   54.0	0	   16.0	NaN	NaN	   16.1	   0.05	NaN	   0.26	  -0.62	   0.00	1	   20.0	NaN	NaN	    8.6	   2.49	NaN	   3.19	  -0.67	   0.00	0	   16.0	NaN	NaN	   10.6	   0.61	NaN	   1.13	  -0.74	   0.00	0	    2.0	NaN	NaN	    7.8	  -0.01	NaN	   0.00	  -1.56	   0.00	CCCGCCC_4/1	0	1.31	+
10:700347	  209.0	1	   32.0	NaN	NaN	   15.9	   2.40	NaN	   3.59	  -0.74	   0.13	1	  135.0	NaN	NaN	    8.2	 109.01	NaN	 110.45	  -0.85	   0.13	1	   29.0	NaN	NaN	   10.3	   4.89	NaN	   5.85	  -0.90	   0.13	0	   13.0	NaN	NaN	    7.9	   0.42	NaN	   1.23	  -0.73	   0.13	CCGGAAC_4/0	0	1.45	+
11:27462	  217.0	1	   33.0	NaN	NaN	   16.2	   2.59	NaN	   3.80	  -0.91	   0.24	1	  121.0	NaN	NaN	   12.0	  74.30	NaN	  75.64	  -0.94	   0.24	1	   53.0	NaN	NaN	   12.8	  15.32	NaN	  16.47	  -0.87	   0.24	0	   10.0	NaN	NaN	    8.0	   0.16	NaN	   0.55	  -0.61	   0.24	--------	-1	0.00	*
11:28154	  364.7	1	   55.3	NaN	NaN	   16.6	  12.03	NaN	  13.59	  -0.88	   0.00	1	  161.1	NaN	NaN	   12.3	 116.27	NaN	 117.77	  -0.86	   0.00	1	  132.0	NaN	NaN	   11.8	  86.15	NaN	  87.67	  -0.92	   0.00	0	   16.4	NaN	NaN	    8.2	   1.20	NaN	   2.32	  -0.95	   0.00	--------	-1	0.00	*
11:74985	   80.3	0	   21.2	NaN	NaN	   18.8	   0.17	NaN	   0.58	  -0.81	   0.00	1	   26.8	NaN	NaN	   14.4	   2.03	NaN	   2.72	  -0.76	   0.00	0	   16.3	NaN	NaN	   14.2	   0.26	NaN	   0.58	  -0.68	   0.00	0	   15.9	NaN	NaN	    8.9	   0.70	NaN	   1.68	  -0.59	   0.00	GCGCCGG_4/0	0	1.45	+
11:98447	  144.0	0	   17.0	NaN	NaN	   16.9	   0.05	NaN	   0.28	  -0.85	   0.00	1	   63.0	NaN	NaN	   13.9	  20.20	NaN	  21.27	  -0.87	   0.00	1	   51.0	NaN	NaN	   16.4	  10.12	NaN	  11.20	  -0.78	   0.00	0	   13.0	NaN	NaN	    8.6	   0.31	NaN	   1.00	  -1.01	   0.00	ATTCCGC_2/0	0	1.22	+
11:177841	  100.0	0	   17.0	NaN	NaN	   16.2	   0.08	NaN	   0.35	  -0.77	   0.00	1	   36.0	NaN	NaN	    8.6	  10.55	NaN	  11.49	  -0.62	   0.00	1	   34.0	NaN	NaN	   10.9	   6.74	NaN	   7.75	  -0.81	   0.00	0	   13.0	NaN	NaN	    8.0	   0.41	NaN	   1.20	  -0.60	   0.00	CCCGCCC_4/1	0	1.31	+
11:237556	   83.5	0	   12.8	NaN	NaN	   18.9	  -0.02	NaN	   0.03	  -1.06	   0.00	1	   37.9	NaN	NaN	   11.2	   8.61	NaN	   9.53	  -1.19	   0.00	1	   30.4	NaN	NaN	   12.6	   4.19	NaN	   5.09	  -1.11	   0.00	0	    2.4	NaN	NaN	   12.0	  -0.01	NaN	   0.00	  -1.19	   0.00	CCCGGAG_3/0	0	1.34	+
11:237890	   80.5	0	   16.2	NaN	NaN	   19.4	   0.02	NaN	   0.13	  -1.38	   0.00	1	   28.1	NaN	NaN	   10.1	   5.25	NaN	   6.07	  -1.00	   0.00	1	   25.6	NaN	NaN	   12.6	   2.41	NaN	   3.22	  -1.40	   0.00	0	   10.6	NaN	NaN	   11.7	   0.02	NaN	   0.21	  -1.34	   0.00	GAGCGGG_3/0	0	1.34	+
11:265180	   72.4	0	   17.4	NaN	NaN	   17.2	   0.07	NaN	   0.34	  -1.28	   0.00	0	   18.4	NaN	NaN	   19.6	   0.05	NaN	   0.24	  -1.32	   0.00	1	   29.7	NaN	NaN	   14.6	   2.72	NaN	   3.55	  -1.07	   0.00	0	    7.0	NaN	NaN	   10.4	  -0.03	NaN	   0.05	  -0.98	   0.00	GCCGGAAC_5/0	0	1.57	+
11:333241	   84.0	1	   34.0	NaN	NaN	   18.2	   2.10	NaN	   3.24	  -0.71	   0.43	0	    8.0	NaN	NaN	   10.5	   0.01	NaN	   0.08	  -0.86	   0.43	0	   18.0	NaN	NaN	   12.6	   0.55	NaN	   1.06	  -0.62	   0.43	1	   24.0	NaN	NaN	    9.3	   2.90	NaN	   4.40	  -0.66	   0.43	ATTGCCG_2/0	0	1.22	+
11:523318	  127.0	0	   18.0	NaN	NaN	   19.4	   0.03	NaN	   0.18	  -0.66	   0.00	1	   63.0	NaN	NaN	   13.6	  20.63	NaN	  21.72	  -0.87	   0.00	1	   37.0	NaN	NaN	   13.4	   6.11	NaN	   7.09	  -0.83	   0.00	0	    9.0	NaN	NaN	   15.8	  -0.02	NaN	   0.01	  -0.87	   0.00	--------	-1	0.00	*
11:636357	 1287.9	1	  267.4	NaN	NaN	   16.3	 215.30	NaN	 218.15	  -0.89	   0.00	1	  423.6	NaN	NaN	    8.7	 999.00	NaN	 999.00	  -0.85	   0.00	1	  537.6	NaN	NaN	   13.4	 999.00	NaN	 999.00	  -0.75	   0.00	1	   59.3	NaN	NaN	    8.0	  28.44	NaN	  31.28	  -0.98	   0.00	--------	-1	0.00	*
11:636433	  240.7	1	   38.1	NaN	NaN	   16.3	   4.58	NaN	   5.89	  -0.63	   0.00	1	   88.2	NaN	NaN	    8.7	  55.03	NaN	  56.31	  -0.72	   0.00	1	  102.9	NaN	NaN	   13.2	  52.77	NaN	  54.20	  -0.62	   0.00	0	   11.4	NaN	NaN	    8.0	   0.30	NaN	   0.96	  -0.73	   0.00	GCGCCGG_4/0	0	1.45	+
12:69206	  108.0	0	   26.0	NaN	NaN	   20.4	   0.26	NaN	   0.88	  -0.94	   0.00	1	   35.0	NaN	NaN	    8.3	  10.45	NaN	  11.39	  -0.86	   0.00	1	   34.0	NaN	NaN	   12.0	   5.87	NaN	   6.85	  -0.87	   0.00	0	   13.0	NaN	NaN	    8.6	   0.30	NaN	   1.01	  -0.77	   0.00	CTTCCGT_2/0	0	1.22	+
12:71935	   98.0	0	   24.0	NaN	NaN	   23.3	   0.07	NaN	   0.33	  -0.71	   0.10	1	   29.0	NaN	NaN	    8.7	   6.41	NaN	   7.29	  -0.91	   0.10	1	   31.0	NaN	NaN	   13.3	   3.74	NaN	   4.61	  -1.08	   0.10	0	   14.0	NaN	NaN	    9.3	   0.32	NaN	   1.05	  -0.79	   0.10	CCCGCCC_4/1	0	1.31	+
12:93409	  198.0	0	   27.0	NaN	NaN	   16.0	   1.12	NaN	   2.13	  -0.79	   0.26	1	   79.0	NaN	NaN	    8.1	  47.62	NaN	  48.86	  -0.84	   0.26	1	   80.0	NaN	NaN	   14.1	  31.81	NaN	  33.10	  -0.92	   0.26	0	   12.0	NaN	NaN	    9.4	   0.16	NaN	   0.62	  -0.78	   0.26	GCGGCAA_3/0	0	1.34	+
12:349578	   89.0	0	   29.0	NaN	NaN	   19.9	   0.63	NaN	   1.49	  -0.70	   0.00	1	   23.0	NaN	NaN	   10.7	   2.43	NaN	   3.13	  -0.77	   0.00	0	   28.0	NaN	NaN	   16.1	   1.58	NaN	   2.34	  -0.85	   0.00	0	    9.0	NaN	NaN	   10.3	  -0.00	NaN	   0.15	  -0.65	   0.00	GCGGCAA_3/0	0	1.34	+
12:424187	   86.7	0	   13.8	NaN	NaN	   18.7	  -0.01	NaN	   0.05	  -1.28	   0.00	1	   41.5	NaN	NaN	   10.6	  11.61	NaN	  12.58	  -1.16	   0.00	0	   14.1	NaN	NaN	   12.3	   0.26	NaN	   0.59	  -0.92	   0.00	0	   17.3	NaN	NaN	    7.8	   1.66	NaN	   2.90	  -0.83	   0.00	ATTGCCG_2/0	0	1.22	+
12:427490	  305.8	0	   27.4	NaN	NaN	   15.8	   1.38	NaN	   2.45	  -0.77	   0.00	1	  137.3	NaN	NaN	   11.1	  96.19	NaN	  97.59	  -0.96	   0.00	1	  120.5	NaN	NaN	   10.9	  78.49	NaN	  79.99	  -0.91	   0.00	1	   20.6	NaN	NaN	    7.8	   2.72	NaN	   4.16	  -0.85	   0.00	ATTCCGC_2/0	0	1.22	+
12:464178	  158.7	0	   26.8	NaN	NaN	   16.5	   1.00	NaN	   1.98	  -0.91	   0.00	1	   56.9	NaN	NaN	    9.0	  25.02	NaN	  26.14	  -1.13	   0.00	1	   56.1	NaN	NaN	   11.7	  19.60	NaN	  20.80	  -1.08	   0.00	0	   18.9	NaN	NaN	    8.3	   1.71	NaN	   3.00	  -1.23	   0.00	CCCGGAG_3/0	0	1.34	+
12:683110	   87.5	0	   19.2	NaN	NaN	   19.5	   0.06	NaN	   0.32	  -1.01	   0.00	1	   33.8	NaN	NaN	   11.9	   6.08	NaN	   6.92	  -0.92	   0.00	1	   31.3	NaN	NaN	   12.2	   4.82	NaN	   5.77	  -1.01	   0.00	0	    3.2	NaN	NaN	   10.6	  -0.01	NaN	   0.00	  -1.79	   0.00	--------	-1	0.00	*
12:688041	   51.0	0	   14.0	NaN	NaN	   17.8	  -0.00	NaN	   0.07	  -0.84	   0.00	1	   21.0	NaN	NaN	    8.0	   3.25	NaN	   4.00	  -0.82	   0.00	0	   10.0	NaN	NaN	   11.3	   0.06	NaN	   0.16	  -0.98	   0.00	0	    6.0	NaN	NaN	   10.8	  -0.02	NaN	   0.02	  -1.41	   0.00	GCGGCAA_3/0	0	1.34	+
12:697449	   75.0	0	   12.0	NaN	NaN	   17.6	  -0.02	NaN	   0.03	  -0.89	   0.00	1	   24.0	NaN	NaN	    8.0	   4.60	NaN	   5.40	  -0.96	   0.00	1	   29.0	NaN	NaN	   11.9	   3.83	NaN	   4.72	  -0.92	   0.00	0	   10.0	NaN	NaN	    9.4	   0.06	NaN	   0.34	  -0.64	   0.00	TTGCCCG_4/1	0	1.31	+
12:707074	  252.6	0	   28.4	NaN	NaN	   15.8	   1.63	NaN	   2.73	  -0.86	   0.00	1	  160.4	NaN	NaN	    9.3	 133.73	NaN	 135.27	  -0.71	   0.00	1	   55.5	NaN	NaN	   11.2	  19.71	NaN	  20.92	  -0.58	   0.00	0	    8.3	NaN	NaN	    7.9	   0.09	NaN	   0.41	  -0.59	   0.00	--------	-1	0.00	*
12:707191	  628.1	1	   49.5	NaN	NaN	   15.8	   9.71	NaN	  11.22	  -1.06	   0.00	1	  317.5	NaN	NaN	    9.3	 999.00	NaN	 999.00	  -0.89	   0.00	1	  231.4	NaN	NaN	   10.9	 211.39	NaN	 213.27	  -0.90	   0.00	1	   29.6	NaN	NaN	    8.0	   6.98	NaN	   8.64	  -0.98	   0.00	--------	-1	0.00	*
12:718709	   70.3	0	   11.2	NaN	NaN	   17.2	  -0.02	NaN	   0.04	  -0.92	   0.00	1	   39.5	NaN	NaN	    8.0	  14.11	NaN	  15.13	  -1.06	   0.00	0	   19.6	NaN	NaN	   10.4	   1.53	NaN	   2.27	  -1.50	   0.00	0	    0.0	NaN	NaN	    9.0	  -0.01	NaN	   0.00	  -0.84	   0.00	GTCCGGA_2/0	0	1.22	+
12:834715	  484.4	0	   31.6	NaN	NaN	   17.7	   1.76	NaN	   2.86	  -0.71	   0.02	1	  268.9	NaN	NaN	    9.0	 283.30	NaN	 285.24	  -0.78	   0.02	1	  183.8	NaN	NaN	   13.8	 133.05	NaN	 134.71	  -0.79	   0.02	0	    0.0	NaN	NaN	    7.8	  -0.01	NaN	   0.00	  -0.88	   0.02	CCGCACG_2/0	0	1.22	+
12:834797	  632.6	1	  120.4	NaN	NaN	   17.7	  55.65	NaN	  57.65	  -0.97	   0.02	1	  201.1	NaN	NaN	    9.0	 189.34	NaN	 190.98	  -0.80	   0.02	1	  252.2	NaN	NaN	   13.8	 215.48	NaN	 217.47	  -0.83	   0.02	1	   59.0	NaN	NaN	    7.8	  28.29	NaN	  30.83	  -0.97	   0.02	GCAGAAG_4/0	0	1.45	+
12:966121	   50.8	0	   13.7	NaN	NaN	   15.8	   0.02	NaN	   0.15	  -0.94	   0.00	1	   21.3	NaN	NaN	   10.4	   2.23	NaN	   2.92	  -1.05	   0.00	0	   13.2	NaN	NaN	   12.2	   0.21	NaN	   0.47	  -1.00	   0.00	0	    2.6	NaN	NaN	    7.8	  -0.02	NaN	   0.01	  -2.42	   0.00	--------	-1	0.00	*
13:113805	   49.1	0	   10.8	NaN	NaN	   16.8	  -0.01	NaN	   0.02	  -0.88	   0.00	1	   19.9	NaN	NaN	    8.2	   2.74	NaN	   3.47	  -0.93	   0.00	0	   15.4	NaN	NaN	    9.9	   0.76	NaN	   1.33	  -0.99	   0.00	0	    3.0	NaN	NaN	    9.3	  -0.01	NaN	   0.00	  -1.32	   0.00	GAGCGGG_3/0	0	1.34	+
13:180993	   88.4	0	   13.2	NaN	NaN	   18.8	  -0.01	NaN	   0.05	  -0.70	   0.08	1	   38.9	NaN	NaN	   10.8	   9.67	NaN	  10.60	  -0.56	   0.08	1	   30.7	NaN	NaN	   15.2	   2.78	NaN	   3.62	  -0.70	   0.08	0	    5.7	NaN	NaN	    8.0	  -0.02	NaN	   0.09	  -0.45	   0.08	GCGGCAA_3/0	0	1.34	+
13:181107	  244.6	0	   30.8	NaN	NaN	   18.5	   1.26	NaN	   2.30	  -0.84	   0.08	1	  132.1	NaN	NaN	   11.3	  89.86	NaN	  91.24	  -1.01	   0.08	1	   68.3	NaN	NaN	   14.7	  22.88	NaN	  24.11	  -1.00	   0.08	0	   13.3	NaN	NaN	    8.0	   0.58	NaN	   1.46	  -0.77	   0.08	CCCGCCC_4/1	0	1.31	+
13:329995	   48.0	0	    9.0	NaN	NaN	   17.9	  -0.01	NaN	   0.00	  -1.06	   0.00	1	   24.0	NaN	NaN	    8.5	   4.21	NaN	   5.00	  -1.03	   0.00	0	    9.0	NaN	NaN	   11.1	   0.04	NaN	   0.11	  -1.23	   0.00	0	    6.0	NaN	NaN	    8.9	  -0.03	NaN	   0.06	  -0.77	   0.00	CCGGAGA_2/0	0	1.22	+
13:534543	  114.0	0	   14.0	NaN	NaN	   16.4	   0.01	NaN	   0.12	  -0.74	   0.00	1	   48.0	NaN	NaN	    9.3	  17.63	NaN	  18.67	  -0.79	   0.00	1	   40.0	NaN	NaN	   12.0	   8.73	NaN	   9.79	  -1.03	   0.00	0	   12.0	NaN	NaN	    7.8	   0.31	NaN	   1.00	  -0.67	   0.00	CCCGCCC_4/1	0	1.31	+
13:751156	   69.3	0	    9.6	NaN	NaN	   16.0	  -0.02	NaN	   0.02	  -1.41	   0.00	1	   28.3	NaN	NaN	    9.1	   6.04	NaN	   6.89	  -1.07	   0.00	1	   24.1	NaN	NaN	   11.5	   2.60	NaN	   3.42	  -1.17	   0.00	0	    7.2	NaN	NaN	   11.1	  -0.03	NaN	   0.06	  -1.54	   0.00	CCGCACG_2/0	0	1.22	+
13:851492	  192.0	0	   11.0	NaN	NaN	   20.9	  -0.01	NaN	   0.00	  -0.87	   0.00	1	  135.0	NaN	NaN	   15.6	  74.72	NaN	  76.07	  -0.85	   0.00	1	   40.0	NaN	NaN	   11.8	   8.99	NaN	  10.06	  -0.99	   0.00	0	    6.0	NaN	NaN	    7.9	  -0.02	NaN	   0.10	  -1.00	   0.00	GCCGGAACA_5/0	0	1.57	+
14:207368	   48.2	0	   12.3	NaN	NaN	   15.4	   0.01	NaN	   0.12	  -0.92	   0.00	1	   17.7	NaN	NaN	    7.8	   2.22	NaN	   2.90	  -0.91	   0.00	0	   13.6	NaN	NaN	   10.1	   0.41	NaN	   0.85	  -0.91	   0.00	0	    4.7	NaN	NaN	    7.8	  -0.03	NaN	   0.05	  -0.50	   0.00	ATTCCGCG_5/0	0	1.57	+
14:291276	  113.0	0	   22.0	NaN	NaN	   23.1	   0.03	NaN	   0.21	  -0.55	   0.00	1	   48.0	NaN	NaN	   11.6	  13.88	NaN	  14.89	  -0.75	   0.00	1	   34.0	NaN	NaN	   13.2	   4.91	NaN	   5.87	  -0.85	   0.00	0	    9.0	NaN	NaN	    9.8	   0.01	NaN	   0.19	  -0.79	   0.00	GCCGGAAC_5/0	0	1.57	+
14:395687	 1637.0	1	  193.0	NaN	NaN	   16.9	 126.83	NaN	 129.37	  -0.93	   0.04	1	  565.0	NaN	NaN	   12.4	 999.00	NaN	 999.00	  -0.75	   0.04	1	  821.0	NaN	NaN	   13.3	 999.00	NaN	 999.00	  -0.71	   0.04	1	   58.0	NaN	NaN	    8.6	  25.43	NaN	  27.79	  -1.00	   0.04	--------	-1	0.00	*
14:416987	   92.0	0	   21.0	NaN	NaN	   16.8	   0.19	NaN	   0.75	  -0.75	   0.67	1	   46.0	NaN	NaN	    7.8	  19.00	NaN	  20.05	  -0.83	   0.67	0	   20.0	NaN	NaN	   12.3	   0.93	NaN	   1.56	  -0.58	   0.67	0	    5.0	NaN	NaN	    8.1	  -0.03	NaN	   0.04	  -0.84	   0.67	GAGCGGG_3/0	0	1.34	+
14:493117	   72.0	0	   20.0	NaN	NaN	   20.7	   0.04	NaN	   0.23	  -0.86	   0.00	0	   15.0	NaN	NaN	    8.0	   1.19	NaN	   1.77	  -0.66	   0.00	1	   23.0	NaN	NaN	   10.1	   2.65	NaN	   3.48	  -0.70	   0.00	0	   14.0	NaN	NaN	    9.1	   0.33	NaN	   1.09	  -0.58	   0.00	CGGAACA_2/0	0	1.22	+
14:508464	   52.8	1	   32.4	NaN	NaN	   15.4	   2.94	NaN	   4.18	  -0.88	   0.00	0	    6.6	NaN	NaN	    7.8	   0.03	NaN	   0.18	  -0.87	   0.00	0	    8.3	NaN	NaN	   10.1	   0.07	NaN	   0.17	  -0.91	   0.00	0	    5.4	NaN	NaN	    7.7	  -0.01	NaN	   0.11	  -1.72	   0.00	CAACAAC_2/0	0	1.22	+
14:594921	   70.0	0	   14.0	NaN	NaN	   16.4	   0.01	NaN	   0.12	  -0.66	   0.80	1	   20.0	NaN	NaN	    8.3	   2.66	NaN	   3.38	  -0.77	   0.80	1	   24.0	NaN	NaN	   10.1	   3.01	NaN	   3.87	  -0.78	   0.80	0	   12.0	NaN	NaN	    8.2	   0.27	NaN	   0.90	  -0.87	   0.80	CCCGCCC_4/1	0	1.31	+
15:80783	   70.0	1	   32.0	NaN	NaN	   16.5	   2.20	NaN	   3.35	  -0.73	   0.00	0	   12.0	NaN	NaN	   11.1	   0.12	NaN	   0.36	  -0.82	   0.00	0	   17.0	NaN	NaN	   13.5	   0.33	NaN	   0.70	  -0.79	   0.00	0	    9.0	NaN	NaN	    7.9	   0.09	NaN	   0.40	  -0.49	   0.00	GCAGAAG_4/0	0	1.45	+
15:83237	 1886.8	1	  123.8	NaN	NaN	   17.1	  59.64	NaN	  61.78	  -1.05	   0.00	1	  967.0	NaN	NaN	   14.9	 999.00	NaN	 999.00	  -0.60	   0.00	1	  738.3	NaN	NaN	   17.9	 999.00	NaN	 999.00	  -0.71	   0.00	1	   57.7	NaN	NaN	    8.9	  24.98	NaN	  27.22	  -0.97	   0.00	--------	-1	0.00	*
15:226099	   63.5	0	   15.4	NaN	NaN	   16.9	   0.04	NaN	   0.21	  -0.84	   0.00	0	   16.0	NaN	NaN	    8.5	   1.25	NaN	   1.84	  -1.23	   0.00	1	   24.9	NaN	NaN	   11.5	   2.58	NaN	   3.40	  -0.79	   0.00	0	    7.2	NaN	NaN	    7.8	   0.04	NaN	   0.28	  -0.61	   0.00	CTTCCGT_2/0	0	1.22	+
15:304288	   66.3	0	   12.7	NaN	NaN	   18.8	  -0.02	NaN	   0.03	  -0.98	   0.00	1	   22.1	NaN	NaN	    8.9	   3.50	NaN	   4.26	  -1.09	   0.00	1	   25.0	NaN	NaN	   11.1	   3.18	NaN	   4.05	  -0.96	   0.00	0	    6.5	NaN	NaN	    9.6	  -0.02	NaN	   0.08	  -1.08	   0.00	CCCGCCC_4/1	0	1.31	+
15:504547	  403.0	1	   52.0	NaN	NaN	   18.3	   8.54	NaN	  10.02	  -0.93	   0.21	1	  131.0	NaN	NaN	    8.4	 103.09	NaN	 104.51	  -0.98	   0.21	1	  193.0	NaN	NaN	   15.3	 135.15	NaN	 136.84	  -0.87	   0.21	1	   27.0	NaN	NaN	   11.5	   2.72	NaN	   4.19	  -0.74	   0.21	--------	-1	0.00	*
15:514404	  173.6	0	   22.9	NaN	NaN	   16.3	   0.42	NaN	   1.18	  -0.64	   0.00	1	   78.9	NaN	NaN	    9.4	  42.89	NaN	  44.08	  -0.89	   0.00	1	   53.9	NaN	NaN	   11.1	  18.62	NaN	  19.80	  -0.82	   0.00	0	   17.9	NaN	NaN	    7.9	   1.61	NaN	   2.84	  -0.78	   0.00	GCGGCAA_3/0	0	1.34	+
15:665490	   76.0	0	   11.0	NaN	NaN	   16.3	  -0.02	NaN	   0.03	  -0.72	   0.00	1	   26.0	NaN	NaN	    9.6	   4.29	NaN	   5.08	  -0.87	   0.00	1	   28.0	NaN	NaN	   10.5	   4.32	NaN	   5.25	  -0.70	   0.00	0	   11.0	NaN	NaN	    8.4	   0.17	NaN	   0.65	  -0.86	   0.00	TTCCGCG_3/0	0	1.34	+
15:826136	   51.0	0	    9.0	NaN	NaN	   17.8	  -0.01	NaN	   0.00	  -0.74	   0.00	1	   28.0	NaN	NaN	    8.4	   6.26	NaN	   7.11	  -0.73	   0.00	0	   12.0	NaN	NaN	   11.7	   0.12	NaN	   0.29	  -0.82	   0.00	0	    2.0	NaN	NaN	    7.8	  -0.01	NaN	   0.00	  -1.44	   0.00	GTCCGGA_2/0	0	1.22	+
15:876717	   61.0	0	   16.0	NaN	NaN	   20.8	  -0.01	NaN	   0.06	  -0.80	   0.00	1	   22.0	NaN	NaN	    8.4	   3.42	NaN	   4.17	  -0.84	   0.00	0	   17.0	NaN	NaN	   12.4	   0.44	NaN	   0.90	  -0.94	   0.00	0	    6.0	NaN	NaN	    9.3	  -0.03	NaN	   0.05	  -0.80	   0.00	GCGCCGG_4/0	0	1.45	+
15:962437	   97.0	0	   20.0	NaN	NaN	   17.9	   0.13	NaN	   0.47	  -0.79	   0.00	1	   45.0	NaN	NaN	    8.4	  17.10	NaN	  18.14	  -0.92	   0.00	1	   28.0	NaN	NaN	   12.3	   3.18	NaN	   4.05	  -0.88	   0.00	0	    4.0	NaN	NaN	    8.7	  -0.02	NaN	   0.01	  -0.78	   0.00	GAGCGGG_3/0	0	1.34	+
15:981198	   78.3	0	   21.5	NaN	NaN	   15.9	   0.36	NaN	   1.07	  -0.75	   0.00	0	   17.6	NaN	NaN	    8.4	   1.91	NaN	   2.58	  -0.85	   0.00	0	   12.9	NaN	NaN	   11.9	   0.17	NaN	   0.39	  -1.05	   0.00	1	   26.3	NaN	NaN	   10.9	   3.04	NaN	   4.56	  -0.83	   0.00	CCACCGG_2/0	0	1.22	+
15:983483	   45.3	0	    7.6	NaN	NaN	   15.9	  -0.02	NaN	   0.00	  -0.28	   0.00	1	   21.1	NaN	NaN	   10.9	   2.02	NaN	   2.70	  -0.34	   0.00	0	   12.9	NaN	NaN	   14.7	   0.06	NaN	   0.15	  -0.19	   0.00	0	    3.7	NaN	NaN	   11.6	  -0.01	NaN	   0.00	  -0.57	   0.00	GCAGAAG_4/0	0	1.45	+
15:983631	  226.7	1	   41.4	NaN	NaN	   15.9	   5.98	NaN	   7.41	  -0.80	   0.00	1	   90.9	NaN	NaN	   10.4	  50.69	NaN	  51.95	  -0.83	   0.00	1	   77.1	NaN	NaN	   14.0	  30.47	NaN	  31.74	  -0.87	   0.00	0	   17.3	NaN	NaN	   11.1	   0.58	NaN	   1.46	  -1.09	   0.00	GCCGGAACA_5/0	0	1.57	+
15:1033897	   74.3	0	   10.8	NaN	NaN	   21.5	  -0.01	NaN	   0.00	  -0.72	   0.00	1	   38.2	NaN	NaN	   12.7	   7.73	NaN	   8.63	  -0.85	   0.00	0	   16.7	NaN	NaN	   12.7	   0.41	NaN	   0.85	  -0.87	   0.00	0	    8.7	NaN	NaN	    9.3	   0.02	NaN	   0.23	  -0.74	   0.00	CCCGCCC_4/1	0	1.31	+
15:1037686	   83.0	0	   18.0	NaN	NaN	   20.7	   0.01	NaN	   0.12	  -0.81	   0.15	1	   29.0	NaN	NaN	   11.5	   4.16	NaN	   4.94	  -0.95	   0.15	0	   24.0	NaN	NaN	   13.5	   1.46	NaN	   2.19	  -0.78	   0.15	0	   12.0	NaN	NaN	   11.2	   0.07	NaN	   0.35	  -0.89	   0.15	GCGCCGGAAC_10/0	0	2.20	+
16:85190	   54.1	0	   11.6	NaN	NaN	   20.7	  -0.02	NaN	   0.01	  -0.62	   0.00	1	   20.9	NaN	NaN	    8.5	   2.94	NaN	   3.67	  -0.90	   0.00	0	   12.7	NaN	NaN	   11.5	   0.19	NaN	   0.43	  -0.77	   0.00	0	    8.8	NaN	NaN	    9.2	   0.03	NaN	   0.25	  -0.80	   0.00	TTCCGCG_3/0	0	1.34	+
16:223205	   60.3	0	   14.9	NaN	NaN	   15.7	   0.04	NaN	   0.22	  -0.86	   0.00	1	   20.9	NaN	NaN	    8.9	   2.71	NaN	   3.43	  -0.97	   0.00	0	   18.5	NaN	NaN	   11.2	   1.03	NaN	   1.68	  -0.93	   0.00	0	    6.0	NaN	NaN	    9.4	  -0.03	NaN	   0.04	  -1.60	   0.00	TTGCCCG_4/1	0	1.31	+
16:265651	  590.0	1	  158.0	NaN	NaN	   21.3	  77.37	NaN	  79.61	  -0.83	   0.10	1	  137.0	NaN	NaN	    8.5	 109.50	NaN	 110.96	  -0.85	   0.10	1	  243.0	NaN	NaN	   12.6	 212.17	NaN	 214.11	  -0.82	   0.10	1	   52.0	NaN	NaN	   11.2	  16.32	NaN	  18.21	  -0.79	   0.10	GCGCCGG_4/0	0	1.45	+
16:308114	   77.0	0	   12.0	NaN	NaN	   18.2	  -0.01	NaN	   0.02	  -0.96	   0.00	1	   36.0	NaN	NaN	   11.6	   7.26	NaN	   8.15	  -1.10	   0.00	0	   20.0	NaN	NaN	   13.2	   0.73	NaN	   1.30	  -0.97	   0.00	0	    9.0	NaN	NaN	    8.5	   0.06	NaN	   0.32	  -0.89	   0.00	GGCCCGA_3/0	0	1.34	+
16:348881	   55.5	0	    8.7	NaN	NaN	   15.7	  -0.02	NaN	   0.01	  -1.05	   0.00	1	   31.1	NaN	NaN	   11.2	   5.70	NaN	   6.53	  -1.06	   0.00	0	   11.7	NaN	NaN	   10.8	   0.18	NaN	   0.40	  -1.35	   0.00	0	    4.0	NaN	NaN	    8.2	  -0.02	NaN	   0.02	  -0.59	   0.00	CCGGAGA_2/0	0	1.22	+
16:387075	   92.0	0	   19.0	NaN	NaN	   15.7	   0.17	NaN	   0.63	  -0.89	   0.00	1	   23.0	NaN	NaN	    8.5	   3.76	NaN	   4.53	  -0.83	   0.00	1	   35.0	NaN	NaN	   10.4	   7.72	NaN	   8.76	  -0.78	   0.00	0	   15.0	NaN	NaN	    8.5	   0.62	NaN	   1.57	  -0.87	   0.00	GCGCCGG_4/0	0	1.45	+
16:440128	  795.0	1	  117.0	NaN	NaN	   22.7	  41.91	NaN	  43.85	  -0.91	   0.32	1	  352.0	NaN	NaN	   15.4	 999.00	NaN	 999.00	  -0.72	   0.32	1	  276.0	NaN	NaN	   19.0	 209.04	NaN	 210.84	  -0.80	   0.32	1	   50.0	NaN	NaN	   11.1	  15.25	NaN	  17.09	  -1.00	   0.32	TTGCCCG_4/1	0	1.31	+
16:463324	  112.8	0	    9.0	NaN	NaN	   21.0	  -0.01	NaN	   0.00	  -0.79	   0.00	1	   65.6	NaN	NaN	   12.0	  25.54	NaN	  26.68	  -1.10	   0.00	0	   30.2	NaN	NaN	   17.7	   1.80	NaN	   2.58	  -0.98	   0.00	0	    8.0	NaN	NaN	   10.6	  -0.00	NaN	   0.14	  -1.49	   0.00	CCCGCCC_4/1	0	1.31	+
16:635687	  184.0	1	   47.0	NaN	NaN	   19.4	   5.68	NaN	   7.09	  -0.87	   0.21	1	   53.0	NaN	NaN	   10.4	  19.22	NaN	  20.28	  -0.96	   0.21	1	   64.0	NaN	NaN	   10.7	  26.72	NaN	  27.97	  -1.05	   0.21	1	   20.0	NaN	NaN	    7.9	   2.30	NaN	   3.68	  -0.75	   0.21	GAGCGGG_3/0	0	1.34	+
16:649537	  124.6	0	   16.4	NaN	NaN	   17.5	   0.05	NaN	   0.24	  -0.74	   0.00	1	   62.7	NaN	NaN	    9.9	  27.77	NaN	  28.93	  -1.12	   0.00	1	   44.4	NaN	NaN	   12.5	  10.94	NaN	  12.04	  -1.10	   0.00	0	    1.1	NaN	NaN	   12.5	  -0.00	NaN	   0.00	  -0.76	   0.00	GCCGGAACA_5/0	0	1.57	+
16:649684	  135.4	0	   27.6	NaN	NaN	   17.9	   0.85	NaN	   1.78	  -0.84	   0.00	1	   49.3	NaN	NaN	    9.9	  18.00	NaN	  19.05	  -0.88	   0.00	1	   31.6	NaN	NaN	   12.7	   4.48	NaN	   5.41	  -0.90	   0.00	1	   26.9	NaN	NaN	   12.5	   2.23	NaN	   3.60	  -0.76	   0.00	CCGGACG_3/0	0	1.34	+
16:653663	  140.6	0	   24.8	NaN	NaN	   21.6	   0.16	NaN	   0.59	  -0.63	   0.00	1	   84.7	NaN	NaN	   10.2	  45.93	NaN	  47.14	  -0.82	   0.00	0	   28.5	NaN	NaN	   15.8	   1.94	NaN	   2.74	  -0.68	   0.00	0	    2.6	NaN	NaN	    8.6	  -0.02	NaN	   0.00	  -0.78	   0.00	CCCGCCC_4/1	0	1.31	+
16:653760	  385.7	1	   64.7	NaN	NaN	   21.1	  12.28	NaN	  13.87	  -0.98	   0.00	1	   72.5	NaN	NaN	    9.9	  36.16	NaN	  37.34	  -0.93	   0.00	1	  229.5	NaN	NaN	   15.6	 175.28	NaN	 177.04	  -0.90	   0.00	1	   19.0	NaN	NaN	    8.2	   2.11	NaN	   3.44	  -0.89	   0.00	TTCCGCG_3/0	0	1.34	+
16:653810	  344.1	1	   76.6	NaN	NaN	   21.2	  18.48	NaN	  20.21	  -0.93	   0.00	1	  186.8	NaN	NaN	   10.0	 160.62	NaN	 162.20	  -0.94	   0.00	1	   55.5	NaN	NaN	   15.0	  14.26	NaN	  15.39	  -0.89	   0.00	1	   25.2	NaN	NaN	    8.3	   4.56	NaN	   6.17	  -0.97	   0.00	ATTCCGCG_5/0	0	1.57	+
16:923242	   81.1	0	    6.9	NaN	NaN	   15.7	  -0.01	NaN	   0.00	  -1.26	   0.00	1	   32.0	NaN	NaN	    8.5	   8.89	NaN	   9.82	  -0.81	   0.00	1	   42.2	NaN	NaN	   12.0	  10.33	NaN	  11.42	  -0.81	   0.00	0	    0.0	NaN	NaN	    9.5	  -0.01	NaN	   0.00	  -0.70	   0.00	--------	-1	0.00	*
2:194010	  215.0	1	   35.0	NaN	NaN	   16.4	   3.12	NaN	   4.37	  -0.97	   0.09	1	   80.0	NaN	NaN	    8.6	  46.66	NaN	  47.89	  -0.87	   0.09	1	   84.0	NaN	NaN	   11.4	  41.35	NaN	  42.71	  -0.94	   0.09	0	   16.0	NaN	NaN	    7.7	   1.10	NaN	   2.21	  -0.97	   0.09	TTGCCCG_4/1	0	1.31	+
2:198406	   91.5	1	   34.3	NaN	NaN	   15.6	   3.54	NaN	   4.82	  -0.75	   0.00	0	   14.8	NaN	NaN	    8.9	   0.90	NaN	   1.42	  -1.07	   0.00	1	   24.4	NaN	NaN	   10.1	   3.38	NaN	   4.26	  -0.93	   0.00	0	   17.9	NaN	NaN	    7.7	   1.69	NaN	   2.95	  -1.04	   0.00	--------	-1	0.00	*
2:328238	  701.0	1	   52.0	NaN	NaN	   18.7	   8.27	NaN	   9.73	  -0.85	   0.09	1	  487.0	NaN	NaN	   13.0	 999.00	NaN	 999.00	  -0.74	   0.09	1	  137.0	NaN	NaN	   12.7	  87.64	NaN	  89.18	  -0.84	   0.09	1	   25.0	NaN	NaN	    8.9	   3.56	NaN	   5.10	  -0.88	   0.09	TTGCCCG_4/1	0	1.31	+
2:362954	   87.2	0	   16.9	NaN	NaN	   18.7	   0.02	NaN	   0.17	  -0.66	   0.00	1	   35.2	NaN	NaN	   11.1	   7.66	NaN	   8.56	  -0.91	   0.00	0	   27.3	NaN	NaN	   15.1	   1.94	NaN	   2.73	  -0.78	   0.00	0	    7.8	NaN	NaN	    7.7	   0.04	NaN	   0.29	  -0.78	   0.00	CCGGACG_3/0	0	1.34	+
2:398359	   76.8	0	   22.7	NaN	NaN	   19.3	   0.17	NaN	   0.64	  -0.97	   0.00	1	   25.4	NaN	NaN	    8.5	   5.12	NaN	   5.93	  -1.07	   0.00	1	   24.1	NaN	NaN	   11.1	   2.81	NaN	   3.66	  -1.17	   0.00	0	    4.7	NaN	NaN	    8.7	  -0.03	NaN	   0.03	  -0.96	   0.00	ATTCCGCG_5/0	0	1.57	+
2:638692	   79.0	0	   28.0	NaN	NaN	   15.6	   1.48	NaN	   2.55	  -0.85	   0.00	1	   20.0	NaN	NaN	    8.1	   2.82	NaN	   3.54	  -0.86	   0.00	0	   17.0	NaN	NaN	    9.8	   1.00	NaN	   1.64	  -0.71	   0.00	0	   14.0	NaN	NaN	    7.7	   0.62	NaN	   1.56	  -0.87	   0.00	ATTGCCG_2/0	0	1.22	+
2:673775	  346.0	1	   63.0	NaN	NaN	   19.1	  13.11	NaN	  14.72	  -0.95	   0.15	1	  139.0	NaN	NaN	   12.7	  89.69	NaN	  91.06	  -0.97	   0.15	1	  114.0	NaN	NaN	   15.4	  56.18	NaN	  57.62	  -0.93	   0.15	1	   30.0	NaN	NaN	   11.1	   4.14	NaN	   5.72	  -0.74	   0.15	--------	-1	0.00	*
2:792773	   54.8	0	   12.9	NaN	NaN	   18.2	  -0.02	NaN	   0.04	  -0.99	   0.00	1	   19.8	NaN	NaN	    8.6	   2.50	NaN	   3.21	  -0.60	   0.00	0	   12.6	NaN	NaN	   11.7	   0.18	NaN	   0.40	  -1.06	   0.00	0	    9.5	NaN	NaN	    7.7	   0.15	NaN	   0.60	  -0.83	   0.00	ATTCCGC_2/0	0	1.22	+
3:127850	  189.0	1	   64.0	NaN	NaN	   31.5	   5.23	NaN	   6.60	  -0.80	   0.00	1	   68.0	NaN	NaN	   16.8	  19.36	NaN	  20.43	  -0.79	   0.00	1	   47.0	NaN	NaN	   15.5	   8.95	NaN	  10.01	  -0.82	   0.00	0	   10.0	NaN	NaN	   10.5	   0.02	NaN	   0.22	  -0.75	   0.00	CCACCGG_2/0	0	1.22	+
3:128340	  503.0	1	   78.0	NaN	NaN	   30.6	  10.71	NaN	  12.25	  -0.84	   0.46	1	  284.0	NaN	NaN	   17.1	 230.85	NaN	 232.54	  -0.76	   0.46	1	  120.0	NaN	NaN	   15.1	  62.56	NaN	  64.02	  -0.83	   0.46	0	   21.0	NaN	NaN	   10.5	   1.40	NaN	   2.58	  -0.89	   0.46	--------	-1	0.00	*
3:138658	  209.5	0	   33.9	NaN	NaN	   19.7	   1.59	NaN	   2.67	  -0.69	   0.00	1	  116.5	NaN	NaN	   11.0	  74.22	NaN	  75.54	  -0.87	   0.00	1	   38.4	NaN	NaN	   12.0	   8.23	NaN	   9.28	  -0.66	   0.00	1	   20.7	NaN	NaN	    8.0	   2.60	NaN	   4.03	  -0.99	   0.00	CCCGCCC_4/1	0	1.31	+
3:138741	  504.5	1	  127.1	NaN	NaN	   19.6	  56.74	NaN	  58.81	  -0.89	   0.00	1	  186.5	NaN	NaN	   11.0	 153.65	NaN	 155.21	  -0.92	   0.00	1	  173.6	NaN	NaN	   12.1	 130.75	NaN	 132.39	  -0.95	   0.00	0	   17.3	NaN	NaN	    8.0	   1.60	NaN	   2.80	  -1.16	   0.00	--------	-1	0.00	*
4:74113	   84.5	0	   14.6	NaN	NaN	   15.9	   0.03	NaN	   0.21	  -0.89	   0.00	1	   37.9	NaN	NaN	   11.7	   8.10	NaN	   9.01	  -0.96	   0.00	1	   26.6	NaN	NaN	   10.1	   4.20	NaN	   5.11	  -0.90	   0.00	0	    5.4	NaN	NaN	    8.1	  -0.02	NaN	   0.09	  -0.57	   0.00	ATTCCGC_2/0	0	1.22	+
4:76921	   44.2	0	    6.0	NaN	NaN	   16.0	  -0.01	NaN	   0.00	  -0.98	   0.00	1	   22.5	NaN	NaN	    9.5	   3.11	NaN	   3.84	  -0.84	   0.00	0	    6.6	NaN	NaN	   10.1	   0.02	NaN	   0.06	  -0.64	   0.00	0	    9.0	NaN	NaN	    8.3	   0.13	NaN	   0.49	  -0.82	   0.00	CCACCGG_2/0	0	1.22	+
4:132711	   86.0	0	   21.0	NaN	NaN	   17.8	   0.17	NaN	   0.60	  -0.64	   0.44	1	   22.0	NaN	NaN	    8.2	   3.56	NaN	   4.32	  -0.94	   0.44	1	   31.0	NaN	NaN	   12.2	   4.42	NaN	   5.35	  -0.61	   0.44	0	   12.0	NaN	NaN	    9.8	   0.16	NaN	   0.55	  -0.76	   0.44	ATTCCGC_2/0	0	1.22	+
4:301617	  154.0	1	   31.0	NaN	NaN	   15.9	   2.16	NaN	   3.30	  -0.62	   0.40	1	   96.0	NaN	NaN	    9.2	  60.36	NaN	  61.67	  -0.76	   0.40	0	   14.0	NaN	NaN	   11.6	   0.25	NaN	   0.56	  -0.69	   0.40	0	   13.0	NaN	NaN	    7.9	   0.42	NaN	   1.22	  -0.85	   0.40	--------	-1	0.00	*
4:368612	   63.0	0	   13.0	NaN	NaN	   16.0	   0.01	NaN	   0.09	  -0.76	   0.00	1	   19.0	NaN	NaN	    8.3	   2.29	NaN	   2.98	  -0.83	   0.00	1	   25.0	NaN	NaN	   10.7	   3.02	NaN	   3.87	  -0.85	   0.00	0	    6.0	NaN	NaN	    8.5	  -0.03	NaN	   0.07	  -0.68	   0.00	CCGGAAC_4/0	0	1.45	+
4:386714	  619.0	1	  144.0	NaN	NaN	   16.8	  78.23	NaN	  80.59	  -0.93	   0.06	1	  193.0	NaN	NaN	    8.1	 185.38	NaN	 186.99	  -0.98	   0.06	1	  230.0	NaN	NaN	   10.8	 210.13	NaN	 211.97	  -0.80	   0.06	1	   52.0	NaN	NaN	    7.9	  22.46	NaN	  24.60	  -1.08	   0.06	CAACAAC_2/0	0	1.22	+
4:462815	  127.3	0	   27.2	NaN	NaN	   20.1	   0.49	NaN	   1.26	  -1.08	   0.00	1	   47.3	NaN	NaN	   10.8	  15.22	NaN	  16.24	  -1.08	   0.00	1	   36.5	NaN	NaN	   11.5	   7.65	NaN	   8.69	  -1.02	   0.00	0	   16.3	NaN	NaN	    8.9	   0.93	NaN	   2.02	  -1.02	   0.00	--------	-1	0.00	*
4:465003	   98.0	0	   30.0	NaN	NaN	   17.5	   1.35	NaN	   2.39	  -0.67	   0.00	1	   27.0	NaN	NaN	    8.5	   5.61	NaN	   6.44	  -0.87	   0.00	1	   30.0	NaN	NaN	   10.2	   5.42	NaN	   6.39	  -0.74	   0.00	0	   11.0	NaN	NaN	    7.9	   0.22	NaN	   0.75	  -0.72	   0.00	TTCCGCG_3/0	0	1.34	+
4:549085	   50.0	0	   11.0	NaN	NaN	   17.6	  -0.02	NaN	   0.02	  -1.01	   0.00	1	   20.0	NaN	NaN	    9.4	   2.06	NaN	   2.75	  -0.81	   0.00	0	   13.0	NaN	NaN	   11.1	   0.22	NaN	   0.50	  -0.66	   0.00	0	    6.0	NaN	NaN	    9.3	  -0.03	NaN	   0.05	  -0.70	   0.00	TTGCCCG_4/1	0	1.31	+
4:578022	   80.0	0	   15.0	NaN	NaN	   16.8	   0.02	NaN	   0.15	  -0.65	   0.00	1	   27.0	NaN	NaN	   10.1	   4.32	NaN	   5.11	  -0.69	   0.00	1	   29.0	NaN	NaN	   10.9	   4.49	NaN	   5.43	  -0.65	   0.00	0	    9.0	NaN	NaN	    7.9	   0.09	NaN	   0.40	  -0.56	   0.00	TTCCGCG_3/0	0	1.34	+
4:622384	   48.0	0	    3.8	NaN	NaN	   15.9	  -0.01	NaN	   0.00	  -0.72	   0.00	1	   24.8	NaN	NaN	    8.1	   5.03	NaN	   5.84	  -1.17	   0.00	0	   12.0	NaN	NaN	   11.2	   0.21	NaN	   0.48	  -0.75	   0.00	0	    7.3	NaN	NaN	    7.9	   0.04	NaN	   0.27	  -0.74	   0.00	GCGCCGG_4/0	0	1.45	+
4:647997	   60.7	0	   17.9	NaN	NaN	   15.9	   0.13	NaN	   0.48	  -0.60	   0.00	0	    6.9	NaN	NaN	    8.1	   0.03	NaN	   0.16	  -1.14	   0.00	1	   22.5	NaN	NaN	   11.2	   2.08	NaN	   2.88	  -0.86	   0.00	0	   13.4	NaN	NaN	    7.9	   0.60	NaN	   1.49	  -0.90	   0.00	ATTGCCGGAA_5/0	0	1.57	+
4:800641	   89.0	0	   13.0	NaN	NaN	   15.9	   0.01	NaN	   0.10	  -0.98	   0.71	1	   32.0	NaN	NaN	    8.1	   8.82	NaN	   9.74	  -0.85	   0.71	1	   37.0	NaN	NaN	   12.3	   6.97	NaN	   7.99	  -0.89	   0.71	0	    7.0	NaN	NaN	    7.9	   0.01	NaN	   0.17	  -0.79	   0.71	TTGCCCG_4/1	0	1.31	+
4:815779	   89.2	1	   39.6	NaN	NaN	   16.9	   4.59	NaN	   5.89	  -0.97	   0.00	1	   20.7	NaN	NaN	    8.1	   3.21	NaN	   3.95	  -1.10	   0.00	1	   25.5	NaN	NaN	   10.1	   3.79	NaN	   4.67	  -1.21	   0.00	0	    3.3	NaN	NaN	    7.9	  -0.02	NaN	   0.02	  -1.61	   0.00	--------	-1	0.00	*
4:873662	  273.7	1	   63.6	NaN	NaN	   17.3	  15.79	NaN	  17.43	  -0.85	   0.00	1	   85.5	NaN	NaN	    9.7	  48.49	NaN	  49.74	  -0.91	   0.00	1	  107.3	NaN	NaN	   10.4	  67.23	NaN	  68.71	  -0.95	   0.00	0	   17.4	NaN	NaN	    7.9	   1.62	NaN	   2.84	  -0.81	   0.00	GCGCCGG_4/0	0	1.45	+
4:949505	   88.0	0	   23.0	NaN	NaN	   18.8	   0.19	NaN	   0.71	  -0.81	   0.00	1	   35.0	NaN	NaN	   11.1	   7.23	NaN	   8.13	  -0.83	   0.00	1	   25.0	NaN	NaN	   11.2	   2.75	NaN	   3.59	  -0.85	   0.00	0	    5.0	NaN	NaN	    9.0	  -0.03	NaN	   0.02	  -0.63	   0.00	GCCGGAA_2/0	0	1.22	+
4:990907	  220.0	1	   38.0	NaN	NaN	   20.7	   2.22	NaN	   3.38	  -0.88	   0.18	1	   90.0	NaN	NaN	   11.9	  45.44	NaN	  46.64	  -0.96	   0.18	1	   78.0	NaN	NaN	   15.3	  27.95	NaN	  29.21	  -0.83	   0.18	0	   14.0	NaN	NaN	   10.3	   0.22	NaN	   0.80	  -1.56	   0.18	GCGCCGG_4/0	0	1.45	+
4:995723	   78.0	0	   12.0	NaN	NaN	   21.8	  -0.01	NaN	   0.00	  -0.84	   0.12	1	   24.0	NaN	NaN	   10.1	   3.11	NaN	   3.85	  -0.80	   0.12	1	   39.0	NaN	NaN	   13.7	   6.74	NaN	   7.74	  -0.78	   0.12	0	    3.0	NaN	NaN	   10.8	  -0.01	NaN	   0.00	  -1.93	   0.12	CCCGCCC_4/1	0	1.31	+
4:1221800	  379.0	0	   23.5	NaN	NaN	   15.9	   0.62	NaN	   1.47	  -1.12	   0.00	1	  245.5	NaN	NaN	    9.9	 240.37	NaN	 242.13	  -0.78	   0.00	1	   86.2	NaN	NaN	   10.1	  47.89	NaN	  49.29	  -0.93	   0.00	1	   23.7	NaN	NaN	    7.9	   3.93	NaN	   5.50	  -1.09	   0.00	CCGGAAC_4/0	0	1.45	+
4:1221897	  258.0	0	   18.5	NaN	NaN	   15.9	   0.16	NaN	   0.61	  -1.16	   0.00	1	  145.5	NaN	NaN	    9.6	 113.12	NaN	 114.60	  -0.78	   0.00	1	   85.8	NaN	NaN	   10.1	  46.98	NaN	  48.35	  -0.99	   0.00	0	    8.3	NaN	NaN	    7.9	   0.10	NaN	   0.40	  -1.26	   0.00	CGGCTAC_3/0	0	1.34	+
4:1469612	   48.5	0	    6.2	NaN	NaN	   15.9	  -0.01	NaN	   0.00	  -0.68	   0.00	1	   19.0	NaN	NaN	    8.1	   2.42	NaN	   3.12	  -1.00	   0.00	0	   10.2	NaN	NaN	   13.3	   0.04	NaN	   0.11	  -0.87	   0.00	0	   13.1	NaN	NaN	    8.1	   0.56	NaN	   1.44	  -1.11	   0.00	CCGGAAC_4/0	0	1.45	+
4:1486368	  291.0	1	   39.0	NaN	NaN	   15.9	   4.82	NaN	   6.16	  -0.75	   0.34	1	  165.0	NaN	NaN	   10.9	 127.77	NaN	 129.29	  -0.77	   0.34	1	   70.0	NaN	NaN	   10.9	  30.91	NaN	  32.19	  -0.77	   0.34	0	   17.0	NaN	NaN	    7.9	   1.32	NaN	   2.47	  -0.70	   0.34	--------	-1	0.00	*
5:413	  127.0	1	   40.0	NaN	NaN	   16.3	   4.94	NaN	   6.30	  -0.68	   0.00	1	   25.0	NaN	NaN	    8.4	   4.76	NaN	   5.56	  -0.84	   0.00	1	   28.0	NaN	NaN	   10.6	   4.30	NaN	   5.22	  -0.72	   0.00	1	   34.0	NaN	NaN	    8.2	   9.11	NaN	  10.91	  -0.79	   0.00	--------	-1	0.00	*
5:17200	   72.0	0	   25.0	NaN	NaN	   24.0	   0.08	NaN	   0.35	  -0.64	   0.00	1	   23.0	NaN	NaN	    9.4	   3.15	NaN	   3.89	  -0.79	   0.00	0	   20.0	NaN	NaN	   13.4	   0.71	NaN	   1.27	  -0.76	   0.00	0	    4.0	NaN	NaN	   10.0	  -0.02	NaN	   0.00	  -1.79	   0.00	TTCCGCG_3/0	0	1.34	+
5:43207	   81.0	0	   24.0	NaN	NaN	   16.3	   0.55	NaN	   1.37	  -0.84	   0.31	1	   25.0	NaN	NaN	    9.7	   3.77	NaN	   4.54	  -1.10	   0.31	1	   25.0	NaN	NaN	   12.0	   2.35	NaN	   3.15	  -1.20	   0.31	0	    7.0	NaN	NaN	    9.4	  -0.02	NaN	   0.08	  -1.26	   0.31	CCCGGAG_3/0	0	1.34	+
5:118885	   85.2	0	   27.5	NaN	NaN	   16.3	   1.26	NaN	   2.29	  -0.91	   0.00	0	   16.6	NaN	NaN	    8.4	   1.58	NaN	   2.22	  -0.93	   0.00	0	   19.1	NaN	NaN	   10.6	   1.48	NaN	   2.21	  -0.88	   0.00	1	   22.0	NaN	NaN	    9.4	   2.14	NaN	   3.49	  -0.84	   0.00	CCCGCCC_4/1	0	1.31	+
5:202833	  121.0	0	   26.0	NaN	NaN	   16.5	   0.82	NaN	   1.74	  -1.04	   0.62	1	   54.0	NaN	NaN	   10.0	  20.67	NaN	  21.76	  -0.80	   0.62	1	   35.0	NaN	NaN	   10.6	   7.60	NaN	   8.63	  -0.93	   0.62	0	    6.0	NaN	NaN	    8.2	  -0.02	NaN	   0.08	  -0.73	   0.62	CGGCTAC_3/0	0	1.34	+
5:287660	  143.0	0	   20.5	NaN	NaN	   21.2	   0.05	NaN	   0.26	  -0.46	   0.00	1	   66.5	NaN	NaN	   14.7	  21.62	NaN	  22.72	  -0.52	   0.00	1	   40.9	NaN	NaN	   19.0	   4.20	NaN	   5.12	  -0.50	   0.00	0	   15.2	NaN	NaN	   13.0	   0.16	NaN	   0.62	  -0.47	   0.00	GTCCGGA_2/0	0	1.22	+
5:287811	  728.0	1	  104.5	NaN	NaN	   20.7	  37.09	NaN	  38.93	  -0.90	   0.00	1	  294.5	NaN	NaN	   14.4	 264.58	NaN	 266.42	  -0.90	   0.00	1	  285.1	NaN	NaN	   17.8	 227.84	NaN	 229.91	  -0.91	   0.00	1	   43.8	NaN	NaN	   13.2	   8.99	NaN	  10.75	  -0.82	   0.00	--------	-1	0.00	*
5:442467	  103.0	1	   41.0	NaN	NaN	   17.4	   4.67	NaN	   5.99	  -0.67	   0.63	1	   20.0	NaN	NaN	    8.4	   2.62	NaN	   3.33	  -0.70	   0.63	1	   25.0	NaN	NaN	   10.6	   3.11	NaN	   3.97	  -0.68	   0.63	0	   17.0	NaN	NaN	    8.2	   1.21	NaN	   2.35	  -0.79	   0.63	GCGGCAA_3/0	0	1.34	+
5:485148	   58.4	0	   13.6	NaN	NaN	   17.2	   0.01	NaN	   0.09	  -1.01	   0.00	1	   19.0	NaN	NaN	    8.4	   2.62	NaN	   3.33	  -1.21	   0.00	0	   21.8	NaN	NaN	   12.5	   1.33	NaN	   2.03	  -1.10	   0.00	0	    4.0	NaN	NaN	    8.2	  -0.03	NaN	   0.04	  -1.09	   0.00	CAACAAC_2/0	0	1.22	+
5:485504	   78.6	0	   16.4	NaN	NaN	   16.3	   0.07	NaN	   0.34	  -0.80	   0.00	1	   26.0	NaN	NaN	    8.4	   5.24	NaN	   6.06	  -0.92	   0.00	0	   21.2	NaN	NaN	   11.0	   1.87	NaN	   2.65	  -1.06	   0.00	0	   15.0	NaN	NaN	    8.2	   0.71	NaN	   1.70	  -0.83	   0.00	CCCGGAG_3/0	0	1.34	+
5:570490	   96.0	1	   40.0	NaN	NaN	   16.3	   4.95	NaN	   6.30	  -0.74	   0.00	0	   14.0	NaN	NaN	    8.4	   0.81	NaN	   1.32	  -1.21	   0.00	0	   16.0	NaN	NaN	   10.6	   0.62	NaN	   1.15	  -1.05	   0.00	1	   26.0	NaN	NaN	    8.2	   4.66	NaN	   6.30	  -0.99	   0.00	CCCGGAG_3/0	0	1.34	+
6:91203	  154.0	0	   22.0	NaN	NaN	   15.6	   0.39	NaN	   1.14	  -0.74	   0.20	1	   58.0	NaN	NaN	    9.0	  25.75	NaN	  26.89	  -0.87	   0.20	1	   58.0	NaN	NaN	   11.4	  20.82	NaN	  22.04	  -0.82	   0.20	0	   16.0	NaN	NaN	    9.0	   0.68	NaN	   1.65	  -0.95	   0.20	--------	-1	0.00	*
6:107413	   82.8	0	   12.0	NaN	NaN	   18.0	  -0.02	NaN	   0.04	  -1.30	   0.00	1	   33.8	NaN	NaN	   11.5	   6.33	NaN	   7.19	  -0.80	   0.00	1	   32.0	NaN	NaN	   12.7	   4.49	NaN	   5.44	  -0.84	   0.00	0	    5.0	NaN	NaN	    8.4	  -0.03	NaN	   0.04	  -0.91	   0.00	GAGCGGG_3/0	0	1.34	+
7:80287	   87.0	1	   32.0	NaN	NaN	   15.6	   2.54	NaN	   3.74	  -1.03	   0.00	0	   16.0	NaN	NaN	    7.7	   1.59	NaN	   2.23	  -0.86	   0.00	0	   18.0	NaN	NaN	    9.9	   1.22	NaN	   1.89	  -0.84	   0.00	1	   21.0	NaN	NaN	    7.7	   2.81	NaN	   4.29	  -0.88	   0.00	--------	-1	0.00	*
7:341594	  199.3	0	   18.2	NaN	NaN	   16.1	   0.16	NaN	   0.57	  -1.07	   0.00	1	   92.9	NaN	NaN	   12.4	  46.44	NaN	  47.66	  -1.12	   0.00	1	   84.1	NaN	NaN	   15.8	  32.11	NaN	  33.43	  -0.99	   0.00	0	    4.1	NaN	NaN	    9.4	  -0.02	NaN	   0.02	  -1.43	   0.00	GCAGAAG_4/0	0	1.45	+
7:341817	   72.7	0	   12.8	NaN	NaN	   16.6	  -0.00	NaN	   0.07	  -0.58	   0.00	1	   35.1	NaN	NaN	   12.6	   6.38	NaN	   7.25	  -0.37	   0.00	0	   19.9	NaN	NaN	   15.5	   0.40	NaN	   0.82	  -0.32	   0.00	0	    4.9	NaN	NaN	    9.5	  -0.02	NaN	   0.02	  -0.62	   0.00	CCGGAGA_2/0	0	1.22	+
7:402808	  112.1	0	   19.7	NaN	NaN	   19.8	   0.05	NaN	   0.29	  -0.92	   0.00	1	   37.4	NaN	NaN	    8.6	  11.84	NaN	  12.83	  -0.99	   0.00	1	   42.9	NaN	NaN	    9.9	  13.08	NaN	  14.19	  -1.14	   0.00	0	   12.0	NaN	NaN	    7.8	   0.30	NaN	   1.01	  -0.69	   0.00	CCACCGG_2/0	0	1.22	+
7:416023	   78.0	0	   14.0	NaN	NaN	   20.8	  -0.02	NaN	   0.02	  -1.06	   0.00	1	   26.0	NaN	NaN	    9.5	   4.36	NaN	   5.16	  -0.80	   0.00	0	   25.0	NaN	NaN	   13.2	   1.84	NaN	   2.61	  -0.71	   0.00	0	   13.0	NaN	NaN	    9.0	   0.27	NaN	   0.89	  -0.96	   0.00	CTTCCGT_2/0	0	1.22	+
7:501302	  111.8	0	   29.2	NaN	NaN	   31.0	   0.04	NaN	   0.22	  -0.98	   0.00	1	   36.5	NaN	NaN	   14.9	   5.18	NaN	   6.00	  -0.92	   0.00	1	   43.3	NaN	NaN	   16.5	   6.80	NaN	   7.81	  -1.09	   0.00	0	    2.8	NaN	NaN	   17.3	  -0.00	NaN	   0.00	  -1.82	   0.00	CCGGAGA_2/0	0	1.22	+
7:648748	  166.1	1	   41.5	NaN	NaN	   16.5	   5.61	NaN	   7.00	  -0.89	   0.00	1	   48.6	NaN	NaN	   14.6	  10.93	NaN	  11.88	  -0.76	   0.00	1	   66.8	NaN	NaN	   16.5	  19.03	NaN	  20.22	  -0.72	   0.00	0	    9.2	NaN	NaN	    7.9	   0.16	NaN	   0.56	  -1.03	   0.00	CGGCTAC_3/0	0	1.34	+
7:648838	  548.9	1	   67.5	NaN	NaN	   17.0	  18.40	NaN	  20.09	  -0.92	   0.00	1	  281.4	NaN	NaN	   14.8	 244.89	NaN	 246.69	  -0.85	   0.00	1	  154.2	NaN	NaN	   16.2	  91.77	NaN	  93.33	  -0.91	   0.00	1	   45.8	NaN	NaN	    8.1	  17.55	NaN	  19.49	  -0.86	   0.00	CGGCTAC_3/0	0	1.34	+
7:674412	   72.0	0	   14.0	NaN	NaN	   15.6	   0.02	NaN	   0.16	  -0.67	   0.00	1	   28.0	NaN	NaN	   11.5	   3.80	NaN	   4.57	  -0.76	   0.00	0	   20.0	NaN	NaN	   12.4	   0.91	NaN	   1.53	  -0.87	   0.00	0	   10.0	NaN	NaN	    9.3	   0.07	NaN	   0.35	  -0.89	   0.00	CTTCCGT_2/0	0	1.22	+
7:674995	   91.9	0	   16.4	NaN	NaN	   15.6	   0.10	NaN	   0.40	  -0.80	   0.00	1	   35.0	NaN	NaN	   12.1	   6.32	NaN	   7.18	  -1.01	   0.00	1	   26.7	NaN	NaN	   12.5	   2.75	NaN	   3.58	  -0.92	   0.00	0	   13.8	NaN	NaN	    9.3	   0.32	NaN	   1.05	  -0.83	   0.00	TTGCCCG_4/1	0	1.31	+
7:790002	  174.0	0	   21.0	NaN	NaN	   15.6	   0.29	NaN	   0.95	  -0.66	   0.34	1	   64.0	NaN	NaN	    8.9	  31.10	NaN	  32.27	  -0.91	   0.34	1	   71.0	NaN	NaN	   10.7	  32.08	NaN	  33.39	  -0.81	   0.34	0	   18.0	NaN	NaN	    8.0	   1.59	NaN	   2.80	  -0.71	   0.34	GCAGAAG_4/0	0	1.45	+
7:797860	   92.0	1	   34.0	NaN	NaN	   16.1	   2.92	NaN	   4.15	  -0.75	   0.42	0	   16.0	NaN	NaN	    8.5	   1.25	NaN	   1.84	  -0.57	   0.42	1	   34.0	NaN	NaN	   11.5	   6.20	NaN	   7.19	  -0.67	   0.42	0	    8.0	NaN	NaN	    8.2	   0.03	NaN	   0.24	  -0.70	   0.42	GTCCGGA_2/0	0	1.22	+
7:882971	   69.4	0	   15.3	NaN	NaN	   20.8	  -0.01	NaN	   0.06	  -0.89	   0.00	0	   18.1	NaN	NaN	   12.3	   0.83	NaN	   1.34	  -0.73	   0.00	1	   27.8	NaN	NaN	   14.5	   2.18	NaN	   2.98	  -0.85	   0.00	0	    8.1	NaN	NaN	   11.5	  -0.02	NaN	   0.09	  -0.81	   0.00	CAACAAC_2/0	0	1.22	+
7:1003340	   78.0	0	   20.0	NaN	NaN	   17.0	   0.17	NaN	   0.58	  -1.13	   0.00	1	   36.0	NaN	NaN	    8.0	  11.39	NaN	  12.36	  -1.05	   0.00	0	   18.0	NaN	NaN	   11.1	   0.84	NaN	   1.45	  -0.99	   0.00	0	    4.0	NaN	NaN	    7.9	  -0.03	NaN	   0.02	  -1.31	   0.00	CCCGCCC_4/1	0	1.31	+
7:1013523	  201.0	1	   46.0	NaN	NaN	   16.2	   7.52	NaN	   8.97	  -0.78	   0.00	1	   59.5	NaN	NaN	   11.2	  22.65	NaN	  23.77	  -0.83	   0.00	1	   80.1	NaN	NaN	   10.7	  40.81	NaN	  42.16	  -0.84	   0.00	0	   15.5	NaN	NaN	    8.9	   0.72	NaN	   1.71	  -0.83	   0.00	CTTCCGT_2/0	0	1.22	+
7:1020322	   99.0	0	   16.8	NaN	NaN	   16.1	   0.08	NaN	   0.35	  -0.88	   0.00	1	   37.8	NaN	NaN	    8.6	  11.84	NaN	  12.83	  -1.13	   0.00	1	   33.6	NaN	NaN	   10.8	   6.86	NaN	   7.87	  -0.94	   0.00	0	   10.8	NaN	NaN	    8.6	   0.15	NaN	   0.60	  -1.00	   0.00	--------	-1	0.00	*
7:1089312	   68.0	0	   18.0	NaN	NaN	   15.6	   0.14	NaN	   0.51	  -0.61	   0.00	1	   21.0	NaN	NaN	    7.7	   3.50	NaN	   4.26	  -0.60	   0.00	0	   18.0	NaN	NaN	    9.9	   1.22	NaN	   1.89	  -0.87	   0.00	0	   11.0	NaN	NaN	    7.7	   0.23	NaN	   0.82	  -0.92	   0.00	CCGGACG_3/0	0	1.34	+
8:116607	  116.0	0	   28.0	NaN	NaN	   18.4	   0.75	NaN	   1.64	  -0.77	   0.00	1	   30.0	NaN	NaN	    9.3	   6.39	NaN	   7.27	  -0.80	   0.00	1	   47.0	NaN	NaN	   11.5	  13.25	NaN	  14.38	  -0.79	   0.00	0	   11.0	NaN	NaN	    7.5	   0.25	NaN	   0.86	  -0.71	   0.00	CTTCCGT_2/0	0	1.22	+
8:294066	  219.0	0	   18.0	NaN	NaN	   14.9	   0.16	NaN	   0.61	  -0.74	   0.00	1	   94.0	NaN	NaN	   10.8	  52.35	NaN	  53.62	  -0.93	   0.00	1	   95.0	NaN	NaN	   12.3	  48.31	NaN	  49.72	  -1.04	   0.00	0	   12.0	NaN	NaN	    9.0	   0.20	NaN	   0.70	  -1.26	   0.00	GCCGGAA_2/0	0	1.22	+
8:297264	  167.1	0	   22.7	NaN	NaN	   14.9	   0.65	NaN	   1.52	  -1.15	   0.00	1	   61.2	NaN	NaN	   10.0	  26.71	NaN	  27.86	  -0.96	   0.00	1	   74.9	NaN	NaN	   11.9	  32.57	NaN	  33.91	  -0.90	   0.00	0	    8.3	NaN	NaN	    8.1	   0.09	NaN	   0.38	  -1.09	   0.00	ATTCCGC_2/0	0	1.22	+
8:297533	   70.9	0	   11.3	NaN	NaN	   14.9	   0.01	NaN	   0.09	  -1.49	   0.00	1	   37.8	NaN	NaN	    9.0	  11.25	NaN	  12.21	  -1.23	   0.00	0	   18.1	NaN	NaN	   11.7	   0.89	NaN	   1.51	  -0.87	   0.00	0	    3.7	NaN	NaN	    8.0	  -0.02	NaN	   0.02	  -0.71	   0.00	CCCGGAG_3/0	0	1.34	+
9:87725	  102.0	0	   22.0	NaN	NaN	   15.7	   0.36	NaN	   1.11	  -0.69	   0.00	1	   39.0	NaN	NaN	    9.2	  11.70	NaN	  12.67	  -0.78	   0.00	1	   36.0	NaN	NaN	    9.4	   9.39	NaN	  10.46	  -0.87	   0.00	0	    5.0	NaN	NaN	    7.5	  -0.03	NaN	   0.06	  -1.01	   0.00	CCACCGG_2/0	0	1.22	+
9:116645	  131.0	1	   32.0	NaN	NaN	   16.4	   2.21	NaN	   3.38	  -0.69	   0.20	1	   26.0	NaN	NaN	    7.2	   6.39	NaN	   7.26	  -0.82	   0.20	1	   54.0	NaN	NaN	   12.7	  16.11	NaN	  17.27	  -0.99	   0.20	0	   19.0	NaN	NaN	    9.7	   1.16	NaN	   2.28	  -0.96	   0.20	--------	-1	0.00	*
9:237551	  248.0	1	   40.0	NaN	NaN	   20.4	   2.90	NaN	   4.12	  -0.92	   0.46	1	  116.0	NaN	NaN	   15.6	  57.69	NaN	  58.98	  -0.86	   0.46	1	   72.0	NaN	NaN	   14.2	  25.74	NaN	  26.98	  -0.89	   0.46	0	   20.0	NaN	NaN	    9.8	   1.37	NaN	   2.54	  -0.88	   0.46	CCGCACG_2/0	0	1.22	+
mit:25749	  116.0	0	   38.0	NaN	NaN	   24.7	   1.12	NaN	   2.12	  -0.88	   0.50	0	   22.0	NaN	NaN	   21.7	   0.09	NaN	   0.30	  -0.80	   0.50	1	   45.0	NaN	NaN	   22.5	   3.84	NaN	   4.73	  -0.73	   0.50	0	   11.0	NaN	NaN	    8.1	   0.21	NaN	   0.72	  -0.63	   0.50	CAACAAC_2/0	0	1.22	+
plasmid-2-micron:3513	 1982.0	1	  780.0	NaN	NaN	  609.4	   9.22	NaN	  10.72	  -0.51	   0.86	0	  322.0	NaN	NaN	  281.5	   1.40	NaN	   2.01	  -0.60	   0.86	1	  495.0	NaN	NaN	  408.7	   3.83	NaN	   4.72	  -0.59	   0.86	0	  385.0	NaN	NaN	  354.1	   0.44	NaN	   1.27	  -0.57	   0.86	--------	-1	0.00	*
unplaced_telomere_2:7721	   67.0	1	   19.0	NaN	NaN	    0.8	  17.23	NaN	  18.89	  -0.98	   0.00	1	   14.0	NaN	NaN	    0.5	  13.87	NaN	  14.88	  -1.57	   0.00	1	   16.0	NaN	NaN	    0.6	  15.91	NaN	  17.06	  -1.00	   0.00	1	   18.0	NaN	NaN	    0.6	  17.98	NaN	  19.98	  -1.25	   0.00	--------	-1	0.00	*
