-300	7.922780053930511E-4
-299	8.846721778360587E-4
-298	9.623635183811405E-4
-297	0.0010106491951303712
-296	0.0010148263761858257
-295	9.691314526073276E-4
-294	9.035577072857015E-4
-293	8.570376460695222E-4
-292	8.573668317461888E-4
-291	8.877930548584057E-4
-290	9.204271628877018E-4
-289	9.289986368591094E-4
-288	8.937114919716694E-4
-287	7.963883769679252E-4
-286	6.368651015132833E-4
-285	4.870301189646029E-4
-284	4.3678504360160635E-4
-283	5.447620202394136E-4
-282	7.445153158347364E-4
-281	9.383297278796837E-4
-280	0.0010505380678561772
-279	0.0010936652032053878
-278	0.0011022840153582982
-277	0.001105051093964901
-276	0.0011069578615512275
-275	0.001107079448862318
-274	0.001103100690630104
-273	0.0010871452375340832
-272	0.001049946444240644
-271	9.911289212983746E-4
-270	9.458823027846644E-4
-269	9.582874786591026E-4
-268	0.0010504562248218124
-267	0.0011566238609350549
-266	0.001189056592601625
-265	0.00109236183750052
-264	9.405118616155395E-4
-263	8.398201430066858E-4
-262	8.656673868191357E-4
-261	9.697032065387702E-4
-260	0.0010726444427366455
-259	0.001120420674401629
-258	0.0011598124341938337
-257	0.0012628129931911843
-256	0.0014671096964794965
-255	0.0016731661851761524
-254	0.0017471401744064256
-253	0.0016037194434645504
-252	0.0013517120283206086
-251	0.0011484560291136416
-250	0.001105277349465127
-249	0.0011494531069262794
-248	0.0011622482225307493
-247	0.0010636874681594164
-246	9.288350190820813E-4
-245	8.715149014157758E-4
-244	9.693738713499753E-4
-243	0.0011553496053639373
-242	0.001326202510009364
-241	0.0014028393169123728
-240	0.0014027520579967475
-239	0.0013675790902606877
-238	0.0013300864922932676
-237	0.0012875512290470596
-236	0.001228377987065512
-235	0.0011490564343640368
-234	0.0010784161648459102
-233	0.0010533717538863722
-232	0.0010976745848160741
-231	0.0011824232727873055
-230	0.0012655532409077668
-229	0.0013155285493978706
-228	0.0013429278069288834
-227	0.0013688582592847845
-226	0.0014128843658103127
-225	0.0014883994400932416
-224	0.001607254009282104
-223	0.0017695358748314996
-222	0.001928281935420298
-221	0.0020247663640334374
-220	0.0020208936229924325
-219	0.0019610893319651147
-218	0.0019104093999558944
-217	0.0019094874519301874
-216	0.001901267976697439
-215	0.0018042731790280995
-214	0.0015767617811641712
-213	0.0013359385752338521
-212	0.0012387448708368913
-211	0.0013865544115276298
-210	0.001658470676678783
-209	0.0018780295796176586
-208	0.0019171789407443321
-207	0.001841514208749945
-206	0.0017650427393984074
-205	0.0017735308791694971
-204	0.0018397809374064713
-203	0.0019083542141684574
-202	0.001934423145011986
-201	0.0019156047074832074
-200	0.0018601270146256766
-199	0.0017764310507029405
-198	0.0016738092848585144
-197	0.001561767057455906
-196	0.0014577194762065897
-195	0.0014107207182139062
-194	0.0014777347279291617
-193	0.0016886130368890747
-192	0.001964757524972005
-191	0.002200457659141723
-190	0.0023104465927697845
-189	0.002291232224858895
-188	0.0021597661408195444
-187	0.001949715915775004
-186	0.0017616130836996785
-185	0.001712705168280753
-184	0.0018624905569619992
-183	0.0020394710922135334
-182	0.002014399480262057
-181	0.001658675927901043
-180	0.0012462906441910405
-179	0.00115188133875937
-178	0.0016096692592938657
-177	0.0022922098057244233
-176	0.0027316419160414527
-175	0.002598270198008874
-174	0.002115061938484652
-173	0.0016431500941002624
-172	0.0014612919887327022
-171	0.001518742415241062
-170	0.0016823805337299546
-169	0.001846537458666777
-168	0.0020153521219700653
-167	0.0022204154099211416
-166	0.002469607276542672
-165	0.002675963946822715
-164	0.0027288107134906753
-163	0.0025630784844408484
-162	0.0022961206282271027
-161	0.002090896128568199
-160	0.002065857168875267
-159	0.0021614287313289184
-158	0.002273528997802136
-157	0.0023177138773266158
-156	0.0022880901875689096
-155	0.0021984024733542854
-154	0.0020753351101854825
-153	0.0019973317962751424
-152	0.0020557760605133812
-151	0.0022995599390672264
-150	0.0026076094972113514
-149	0.0028163593074973427
-148	0.002809551155655219
-147	0.0026601556801287432
-146	0.0024884507325401133
-145	0.0023899927295770243
-144	0.0023614523481891637
-143	0.0023747788303917165
-142	0.0024012943974406637
-141	0.002409813187555174
-140	0.0023685223181952107
-139	0.002259805619515116
-138	0.0021228337724467448
-137	0.0020109741706163292
-136	0.0019665391625808943
-135	0.0019876209166206373
-134	0.002061256555946546
-133	0.0021672063459706975
-132	0.0022561231209095134
-131	0.0022713828571805047
-130	0.0021828467794953537
-129	0.002066317105742434
-128	0.0020240813021042913
-127	0.0021289573957909247
-126	0.0023358856581221473
-125	0.002570336921445227
-124	0.0027601100943847106
-123	0.0028423163906742778
-122	0.002756395100324891
-121	0.0024948451874013647
-120	0.002262404312183938
-119	0.002316869809006702
-118	0.0028049225418125497
-117	0.0034287774929795717
-116	0.003779533174494659
-115	0.003578428109192697
-114	0.003067260863300544
-113	0.002617970013893055
-112	0.002507185366988703
-111	0.0026303016443804403
-110	0.0027874047968048355
-109	0.002825114474878908
-108	0.00277618512874147
-107	0.002719904908411782
-106	0.002716075410418736
-105	0.002746552017329762
-104	0.0027737035582219216
-103	0.0027751781603491572
-102	0.0027897411436729296
-101	0.00287143712633158
-100	0.0030464536453944867
-99	0.003229549913655183
-98	0.003307628062838235
-97	0.003208778404025112
-96	0.003025843965724874
-95	0.0028928559558034847
-94	0.002909084238037128
-93	0.0030347532998429012
-92	0.0031953262845481286
-91	0.0033365205930510045
-90	0.0034850706565332135
-89	0.0036879651637473127
-88	0.003961447914429011
-87	0.004198783152246622
-86	0.004262490231851609
-85	0.0040666112677610914
-84	0.003731279413954792
-83	0.0034281505842780886
-82	0.003287238521269437
-81	0.0032719882822396214
-80	0.003304202753192506
-79	0.0033247550583276604
-78	0.003350799274627476
-77	0.003418559717270049
-76	0.0035622148277008356
-75	0.003807759552434737
-74	0.00417914296425401
-73	0.004662399412669382
-72	0.005091904354105451
-71	0.0052641185217152785
-70	0.005046497833171722
-69	0.004590478944226822
-68	0.004118493695152413
-67	0.0038040252031172825
-66	0.0036247616928780407
-65	0.00350944266608825
-64	0.0034113944102324564
-63	0.0033822903561191307
-62	0.0034983907203877253
-61	0.0037930102704351746
-60	0.004127681976688343
-59	0.004320993360331575
-58	0.004249775910899535
-57	0.004023836991328171
-56	0.003811227932903749
-55	0.0037434198621834613
-54	0.0038055630868082183
-53	0.003946227709689856
-52	0.004124065257040431
-51	0.004338052948272864
-50	0.004597249426100294
-49	0.004883946953895282
-48	0.005073372277668062
-47	0.005013985764088288
-46	0.00463144162566391
-45	0.004160169458256065
-44	0.003911792703564184
-43	0.0040954348918635355
-42	0.004510219907732742
-41	0.004852771724326256
-40	0.004897972298621874
-39	0.004733735522890737
-38	0.004526233273227319
-37	0.004418914509420147
-36	0.004464336526033965
-35	0.004692333701327564
-34	0.005099494655299564
-33	0.005549424974907892
-32	0.005872484488850295
-31	0.005948548425353081
-30	0.005855553610756787
-29	0.005720952270930498
-28	0.005642382145591822
-27	0.005598223029852419
-26	0.005537040232672465
-25	0.005412791298735288
-24	0.005201002715616857
-23	0.004882593206616298
-22	0.004461491922118535
-21	0.004033669720851699
-20	0.003718107888629722
-19	0.003596879541679121
-18	0.0036044251178767505
-17	0.003638276885512046
-16	0.003617397949155894
-15	0.0035464747585049784
-14	0.003451624599537431
-13	0.0033589197142733615
-12	0.0032942521689007984
-11	0.0032834689856497475
-10	0.003346176607591993
-9	0.0034770191611664413
-8	0.003664400193653776
-7	0.0038827134755655642
-6	0.004050313670336893
-5	0.00407154566463373
-4	0.0038934146543861048
-3	0.0036335670725802793
-2	0.003452309661466576
-1	0.0034582481488003927
0	0.003553184204357435
1	0.0035872184834184885
2	0.003460645965443565
3	0.003274538926609593
4	0.00318016396727273
5	0.003277229879626024
6	0.003459214223210084
7	0.00356803674940241
8	0.003491618821174967
9	0.003301888247877583
10	0.00311677445045455
11	0.0030203980285261806
12	0.0029616442964168705
13	0.002855589747127035
14	0.0026538636568180845
15	0.002454306434295412
16	0.002391311271525407
17	0.0025425032748165213
18	0.00275843520784547
19	0.0028328917486310327
20	0.002629116841663964
21	0.0022881914973229287
22	0.002020655992458563
23	0.0019771855573608786
24	0.002068995236077375
25	0.0021474350260949223
26	0.0021035973873631915
27	0.0019875446296830543
28	0.0018890815253181838
29	0.0018725225288043145
30	0.0019002208237654367
31	0.0019090392760976029
32	0.001855625642316291
33	0.0017757672414146803
34	0.001725036283005375
35	0.0017367460183917952
36	0.0017551738656406274
37	0.0017023382845093732
38	0.001534491891755299
39	0.0013448239321347281
40	0.0012607578074037473
41	0.0013685776171990802
42	0.0015900102526799935
43	0.0018056433028863909
44	0.0019222147737673841
45	0.0019510643389089237
46	0.0019296820888061676
47	0.0018884251421207032
48	0.0018291187301798313
49	0.00174645511247728
50	0.0016377397416057994
51	0.0015107308425542307
52	0.0013757998334104357
53	0.0012476826653424096
54	0.0011585734218386818
55	0.0011450307194679132
56	0.0012260892218761417
57	0.0013506877810189112
58	0.0014502412959291407
59	0.0014746142706720264
60	0.0014474696294418715
61	0.0014109199014652539
62	0.0013976568557491965
63	0.0014026892204224977
64	0.0014116049633943997
65	0.001410465413329334
66	0.0013872253419124876
67	0.001330312881584238
68	0.0012340528940899195
69	0.001116357158394703
70	0.0010010341827687177
71	9.087776904030391E-4
72	8.47822264172529E-4
73	8.232877018729953E-4
74	8.349431729499931E-4
75	8.611553334480659E-4
76	8.749402110615042E-4
77	8.624509185480462E-4
78	8.623889089192229E-4
79	9.265927202500128E-4
80	0.0010798113736944263
81	0.001238435822722597
82	0.0012917675038836914
83	0.001166884837226637
84	9.419741767994093E-4
85	7.329988601497455E-4
86	6.306873314461027E-4
87	6.248284613398172E-4
88	6.799762271029455E-4
89	7.603020745249049E-4
90	8.284473234645616E-4
91	8.466707622981427E-4
92	7.916298200949986E-4
93	6.975764886969743E-4
94	6.131614006390374E-4
95	5.787540539071434E-4
96	6.015994082911973E-4
97	6.806612890320912E-4
98	8.05593269700687E-4
99	9.288079171877264E-4
100	9.934075467139209E-4
101	9.608685087976427E-4
102	8.66163295147909E-4
103	7.626384327713984E-4
104	6.930843443568897E-4
105	6.580670353215658E-4
106	6.475964067647099E-4
107	6.510909817043804E-4
108	6.55603770833736E-4
109	6.4759640676471E-4
110	6.222420683020943E-4
111	6.095601190221147E-4
112	6.482814686938555E-4
113	7.576825829798715E-4
114	8.792221511166016E-4
115	9.349044182339555E-4
116	8.752395110717606E-4
117	7.647610828095153E-4
118	6.96508668236636E-4
119	7.325452179399157E-4
120	8.110273456956571E-4
121	8.391350810775402E-4
122	7.562657420515402E-4
123	6.306858001528155E-4
124	5.6287901530882E-4
125	6.222648793346063E-4
126	7.54005811595624E-4
127	8.721999633449215E-4
128	9.089648217055391E-4
129	8.684952172804897E-4
130	7.730053165427778E-4
131	6.493659315509992E-4
132	5.430744567061107E-4
133	5.042849319946601E-4
134	5.61515560481985E-4
135	6.567411975485836E-4
136	7.10300861653744E-4
137	6.7059940471474E-4
138	5.983050124807889E-4
139	5.821517041590932E-4
140	6.776612598051826E-4
141	8.075065028678949E-4
142	8.611480176443962E-4
143	7.655698750376768E-4
144	5.97850092374029E-4
145	4.7259017358557023E-4
146	4.7347214424321813E-4
147	5.605001164730915E-4
148	6.627587240401092E-4
149	7.243979105159789E-4
150	7.498288586995659E-4
151	7.585280611965243E-4
152	7.661223951201395E-4
153	7.728402756142222E-4
154	7.750605023302148E-4
155	7.672995031843445E-4
156	7.366242191519797E-4
157	6.682392194732746E-4
158	5.571224472815014E-4
159	4.373453412824083E-4
160	3.5275271407486213E-4
161	3.405417760903575E-4
162	4.11319329090902E-4
163	5.69044572671131E-4
164	7.95080747310037E-4
165	9.804072570240411E-4
166	9.934075467139209E-4
167	7.643088430396809E-4
168	4.707134996982334E-4
169	3.520676521457164E-4
170	5.61634010737368E-4
171	9.079415854248247E-4
172	0.0011133359610588237
173	9.86458069282075E-4
174	6.811302289051896E-4
175	4.374701055307521E-4
176	4.314886373583428E-4
177	5.82769852975524E-4
178	7.467910535668534E-4
179	8.143339893850995E-4
180	8.173982069558728E-4
181	8.232877018729952E-4
182	8.774337699905269E-4
183	9.37776908203484E-4
184	9.403849136671207E-4
185	8.444287676337032E-4
186	7.014921877435442E-4
187	5.862620757339673E-4
188	5.513121088515689E-4
189	5.607630663800327E-4
190	5.566225031123146E-4
191	5.002701260880382E-4
192	4.305742513334994E-4
193	4.0577534712166224E-4
194	4.6499180599004537E-4
195	5.708537175343878E-4
196	6.668690956149832E-4
197	7.087253900988871E-4
198	7.008277948802009E-4
199	6.597609398597883E-4
200	6.021094549385122E-4
