#Cat8_GEM_1.m4
#KSM version: 1
#98/98
#1.49
#k-mer/r.c.	Offset	PosCt	wPosCt	NegCt	HgpLg10	CIDs	PosHits (base85 encoding)	NegHits (base85 encoding)
AGTNAT/ATNACT	0	19	20	3	-4.9	0,1,-2,3	N.A.	N.A.
GTCAT/ATGAC	1	18	18	6	-2.7	*	!.Y0u$j[J2"\Km~	!!3-#!<<*"&-*h@~
TCATC/GATGA	2	16	16	8	-2.0	*	OGj/N!$i,+"9;h+!<~	&-)hU"<^MP~
GTAAT/ATTAC	1	14	14	6	-1.6	*	!!p@_0RsB.+92Bk~	!!!$B!!!!"!/Q.~
GGTCA/TGACC	0	14	14	5	-2.2	*	"FpIp":,Q("q!X%~	"9JQ'!!!!""99P~
GTCANT/ANTGAC	1	13	13	4	-2.3	4,-5	N.A.	N.A.
GGTNAT/ATNACC	0	12	12	2	-3.2	-6,7	N.A.	N.A.
CNTCAT/ATGANG	0	9	9	0	-3.8	8,-9	N.A.	N.A.
CGTCA/TGACG	0	8	8	2	-2.3	*	!<`IT!!!Q1#l~	"98E%!$D~
GTCAC/GTGAC	1	8	8	2	-2.0	*	+9V[!z$ig;~	"9\~
GTNATC/GATNAC	1	8	8	1	-2.8	10,11	N.A.	N.A.
GTCANA/TNTGAC	1	6	6	0	-2.8	12,13	N.A.	N.A.
$$$
AGTAAT/ATTACT	0	6	6	1	-2.2	0	!!n)T&-)_2+92BC~	zz!!i~
AGTGAT/ATCACT	0	5	5	1	-2.2	1	!!E9%$ig81!!!!)~	z!!!"L~
ATGACT/AGTCAT	0	6	6	1	-2.2	2	!.Y&G#QOo+!!",~	zz!!!!%~
AGTTAT/ATAACT	0	3	3	0	-1.8	3	zzJ-5k&~	
GTCATT/AATGAC	0	10	10	4	-1.6	4	!!!,:#RCJ3!(%e~	!!3-#!<<*"&-)\5~
AGTGAC/GTCACT	0	3	3	0	-1.8	5	+9VZEz#Q~	
ATTACC/GGTAAT	0	4	4	0	-2.2	6	!!#8,!!!-%!!!!)~	
GGTCAT/ATGACC	0	8	8	2	-2.0	7	!.Y%L":,Q(":>~	!!3-#z!!",~
CGTCAT/ATGACG	0	4	4	0	-2.2	8	!!!(N!!!Q1!<~	
ATGAGG/CCTCAT	0	5	5	0	-2.5	9	!"o83!!!9-#Q~	
GTCATC/GATGAC	0	4	4	0	-2.2	10	!.Y%\!!!Q1"9~	
GTTATC/GATAAC	0	4	4	1	-1.5	11	!!!!a!!!$"!$D8,~	z!!*~
GTCAGA/TCTGAC	0	3	3	0	-1.8	12	!!E9%!'gMa!!#7~	
GTCACA/TGTGAC	0	3	3	0	-1.8	13	!!!!Bz"9~	
%%%
5 0 5 0 5 5 0 5 0 5 5 6 5 0 0 7 6 7 0 0 0 0 6 6 6 0 0 0 7 6 7 7 0 0 5 7 6 5 0 0 0 0 5 7 0 5 5 5 6 7 6 5 7 0 0 0 0 0 5 0 0 0 6 5 6 5 7 5 0 6 0 5 0 7 5 6 0 5 6 0 5 0 0 0 0 7 6 0 0 6 0 5 5 5 5 5 5 0 
0 0 5 0 5 0 0 0 0 7 0 0 0 0 0 0 5 0 5 0 0 0 0 0 0 0 0 0 0 5 0 0 6 0 5 0 0 0 0 0 5 0 0 0 0 5 0 0 0 0 0 0 5 0 5 0 5 0 0 0 5 0 0 5 0 0 5 0 6 0 0 0 0 0 0 6 0 0 0 5 0 0 0 0 0 6 0 5 0 0 7 0 0 0 5 0 0 0 
1.3723 1.2285 1.2104 1.2293 1.3868 0.7873 1.1978 1.3631 1.2665 1.2562 1.2621 1.3235 0.9070 1.1405 1.1849 1.1640 0.9939 1.0968 1.2293 1.0875 1.1056 1.2033 0.9873 1.1255 0.8660 0.9754 0.7635 1.0629 0.9692 0.8008 1.0440 1.0680 0.9479 0.8679 1.1759 1.0818 1.2349 0.9212 0.8084 1.1176 1.4326 1.0082 0.8946 0.9560 1.0038 0.8487 0.7398 0.7845 0.7503 0.8205 0.8980 0.8917 0.8964 0.8383 0.7325 0.9305 0.7414 1.0174 1.3924 0.7287 1.0158 0.7697 1.0107 0.7901 1.0214 0.9948 1.1536 0.9503 0.7398 0.8340 0.8917 1.0491 1.0799 0.8001 0.7697 0.8609 0.7209 0.7537 0.7728 0.8801 0.7325 0.7778 0.8286 0.9305 0.9892 0.9318 1.3575 0.9040 0.9458 1.0158 0.8749 0.9394 0.9255 0.9143 1.3538 1.1273 1.2844 1.1863 
