#Cat8_GEM_2.m7
#KSM version: 1
#694/694
#1.00
#k-mer/r.c.                	Offset	PosCt	wPosCt	NegCt	HgpLg10	CIDs	PosHits (base85 encoding)	NegHits (base85 encoding)
CACGGGAGCCGGA/TCCGGCTCCCGTG	1	4	4	0	-2.1	*	zzzzz!"],1!!!!A!!!-%zzzzzzzz!<~	
CCACGGGAGCCGG/CCGGCTCCCGTGG	0	4	4	0	-2.1	*	zzzzz!"],1!!!!A!!!-%zzzzzzzz!<~	
GCCACGGGAGCCG/CGGCTCCCGTGGC	-1	4	4	0	-2.1	*	zzzzz!"],1!!!!A!!!-%zzzzzzzz!<~	
GGCCACGGGAGCC/GGCTCCCGTGGCC	-2	4	4	0	-2.1	*	zzzzz!"],1!!!!A!!!-%zzzzzzzz!<~	
GGGAGCCGGAACC/GGTTCCGGCTCCC	4	4	4	0	-2.1	*	zzzzz!"],1!!!!A!!!-%zzzzzzzz!<~	
CGGGAGCCGGAAC/GTTCCGGCTCCCG	3	4	4	0	-2.1	*	zzzzz!"],1!!!!A!!!-%zzzzzzzz!<~	
ACGGGAGCCGGAA/TTCCGGCTCCCGT	2	4	4	0	-2.1	*	zzzzz!"],1!!!!A!!!-%zzzzzzzz!<~	
GCCCGGCCACGGG/CCCGTGGCCGGGC	-6	3	3	0	-1.8	*	zzzzz!"],1z!!!-%zzzzzzzz!<~	
TTCCGGGGCCCGG/CCGGGCCCCGGAA	-13	3	3	0	-1.8	*	zzzzz!"],1z!!!-%zzzzzzzz!<~	
TCCGGGGCCCGGC/GCCGGGCCCCGGA	-12	3	3	0	-1.8	*	zzzzz!"],1z!!!-%zzzzzzzz!<~	
CCGGGGCCCGGCC/GGCCGGGCCCCGG	-11	3	3	0	-1.8	*	zzzzz!"],1z!!!-%zzzzzzzz!<~	
CCCGGCCACGGGA/TCCCGTGGCCGGG	-5	3	3	0	-1.8	*	zzzzz!"],1z!!!-%zzzzzzzz!<~	
$$$
%%%
0 0 0 0 0 0 0 0 0 0 0 0 0 0 0 0 0 0 0 0 0 0 0 0 0 0 0 0 0 0 0 0 0 0 0 0 0 0 0 0 0 0 0 0 0 0 0 0 0 0 0 0 0 0 0 0 0 0 0 0 0 0 0 0 0 0 0 0 0 0 0 0 0 0 0 0 0 0 0 0 0 0 0 0 0 0 0 0 0 0 0 0 0 0 0 0 0 0 0 0 0 0 0 0 0 0 0 0 0 0 0 0 0 0 0 0 0 0 0 0 0 0 0 0 0 0 0 0 0 0 0 0 0 0 0 0 0 0 0 0 0 0 0 0 0 0 0 0 0 0 0 0 0 0 0 0 0 0 0 0 0 0 0 0 0 0 0 0 0 0 0 0 30 0 0 0 0 0 0 0 0 0 0 0 0 0 0 0 0 0 0 0 0 0 0 0 0 0 0 0 0 0 0 0 0 0 0 0 0 0 0 0 0 0 0 0 0 0 0 0 0 19 0 0 0 0 0 0 0 0 0 0 0 0 0 0 0 0 0 0 0 0 30 0 0 0 0 0 0 0 0 0 0 0 0 0 0 0 0 0 0 0 0 0 0 0 0 0 0 0 0 0 0 0 0 0 0 0 0 0 0 0 0 0 0 0 0 0 0 0 0 0 0 0 0 0 0 0 0 0 0 0 0 0 0 0 0 0 0 0 0 0 0 0 0 0 0 0 0 0 0 0 0 0 0 0 0 0 0 0 0 0 0 0 0 0 0 0 0 0 0 0 0 0 0 0 0 0 0 0 0 0 0 0 0 0 0 0 0 0 0 0 0 0 0 0 0 0 0 0 0 0 0 0 0 0 0 0 0 0 0 0 0 0 0 0 0 0 0 0 0 0 0 0 0 0 0 0 0 0 0 0 0 0 0 0 0 0 0 0 0 0 0 0 0 0 0 0 0 0 0 0 0 0 0 0 0 0 0 0 0 0 0 0 0 0 0 0 0 0 0 0 0 0 0 0 0 0 0 0 0 0 0 0 0 0 0 0 0 0 0 0 0 0 0 0 0 0 0 0 0 0 0 0 0 0 0 0 0 0 0 0 0 0 0 0 0 0 0 0 0 0 0 0 0 0 0 0 0 0 0 0 0 0 0 0 0 0 0 0 0 0 30 0 0 0 0 0 0 0 0 0 0 0 0 0 0 0 0 0 0 0 0 0 0 0 0 0 0 0 0 0 0 0 0 0 0 0 0 0 0 0 0 0 0 0 0 0 0 0 0 0 0 0 0 0 0 0 0 0 0 0 0 0 0 0 0 0 0 0 0 0 0 0 0 0 0 0 0 0 0 0 0 0 0 0 0 0 0 0 0 0 0 0 0 0 0 0 0 0 0 0 0 0 0 0 0 0 0 0 0 0 0 0 0 0 0 0 0 0 0 0 0 0 0 0 0 0 0 0 0 0 0 0 0 0 0 0 0 0 0 0 0 0 0 0 0 0 0 0 0 0 0 0 0 0 0 0 0 0 0 0 0 0 0 0 0 0 0 0 0 0 0 0 0 0 0 0 0 0 0 0 0 0 
0 0 0 0 0 0 0 0 0 0 0 0 0 0 0 0 0 0 0 0 0 0 0 0 0 0 0 0 0 0 0 0 0 0 0 0 0 0 0 0 0 0 0 0 0 0 0 0 0 0 0 0 0 0 0 0 0 0 0 0 0 0 0 0 0 0 0 0 0 0 0 0 0 0 0 0 0 0 0 0 0 0 0 0 0 0 0 0 0 0 0 0 0 0 0 0 0 0 0 0 0 0 0 0 0 0 0 0 0 0 0 0 0 0 0 0 0 0 0 0 0 0 0 0 0 0 0 0 0 0 0 0 0 0 0 0 0 0 0 0 0 0 0 0 0 0 0 0 0 0 0 0 0 0 0 0 0 0 0 0 0 0 0 0 0 0 0 0 0 0 0 0 0 0 0 0 0 0 0 0 0 0 0 0 0 0 0 0 0 0 0 0 0 0 0 0 0 0 0 0 0 0 0 0 0 0 0 0 0 0 0 0 0 0 0 0 0 0 0 0 0 0 0 0 0 0 0 0 0 0 0 0 0 0 0 0 0 0 0 0 0 0 0 0 0 0 0 0 0 0 0 0 0 0 0 0 0 0 0 0 0 0 0 0 0 0 0 0 0 0 0 0 0 0 0 0 0 0 0 0 0 0 0 0 0 0 0 0 0 0 0 0 0 0 0 0 0 0 0 0 0 0 0 0 0 0 0 0 0 0 0 0 0 0 0 0 0 0 0 0 0 0 0 0 0 0 0 0 0 0 0 0 0 0 0 0 0 0 0 0 0 0 0 0 0 0 0 0 0 0 0 0 0 0 0 0 0 0 0 0 0 0 0 0 0 0 0 0 0 0 0 0 0 0 0 0 0 0 0 0 0 0 0 0 0 0 0 0 0 0 0 0 0 0 0 0 0 0 0 0 0 0 0 0 0 0 0 0 0 0 0 0 0 0 0 0 0 0 0 0 0 0 0 0 0 0 0 0 0 0 0 0 0 0 0 0 0 0 0 0 0 0 0 0 0 0 0 0 0 0 0 0 0 0 0 0 0 0 0 0 0 0 0 0 0 0 0 0 0 0 0 0 0 0 0 0 0 0 0 0 0 0 0 0 0 0 0 0 0 0 0 0 0 0 0 0 0 0 0 0 0 0 0 0 0 0 0 0 0 0 0 0 0 0 0 0 0 0 0 0 0 0 0 0 0 0 0 0 0 0 0 0 0 0 0 0 0 0 0 0 0 0 0 0 0 0 0 0 0 0 0 0 0 0 0 0 0 0 0 0 0 0 0 0 0 0 0 0 0 0 0 0 0 0 0 0 0 0 0 0 0 0 0 0 0 0 0 0 0 0 0 0 0 0 0 0 0 0 0 0 0 0 0 0 0 0 0 0 0 0 0 0 0 0 0 0 0 0 0 0 0 0 0 0 0 0 0 0 0 0 0 0 0 0 0 0 0 0 0 0 0 0 0 0 0 0 0 0 0 0 0 0 0 0 0 0 0 0 0 0 0 0 0 0 0 0 0 0 0 0 0 0 0 0 0 0 0 0 0 0 0 0 0 0 0 0 0 0 0 0 0 0 0 0 
1.7202 1.5494 1.7778 1.8120 1.5442 1.5944 1.0101 1.5153 1.5327 1.6043 1.1637 1.5832 1.4622 1.5309 1.5477 1.0965 1.4032 1.4045 1.4264 1.5741 1.0474 1.0644 1.0728 1.4411 1.3748 1.2840 1.2100 1.0101 1.2528 1.1791 1.0678 1.4306 0.9934 0.9991 0.9445 1.2172 1.0136 1.0850 1.1922 1.0721 1.2388 1.3482 1.2394 1.4951 0.9538 1.4944 1.3245 0.9575 1.3629 1.1134 0.9745 1.4172 1.1712 1.2902 0.9713 1.0340 1.1643 1.0030 0.9547 0.9836 0.9492 0.9795 0.9548 0.9836 1.0093 0.9145 0.9627 0.9492 0.9722 0.9915 1.2740 1.0484 1.0535 0.9915 1.2100 0.9249 1.0863 1.0274 1.0497 0.9901 1.0040 0.9145 0.9398 0.9249 0.9410 0.9230 0.9249 0.9145 0.9863 0.9198 1.3029 1.3211 0.9323 0.9492 0.9492 0.9300 0.9198 1.0673 0.9198 0.9349 0.9198 0.9538 1.8238 0.9349 0.9113 0.9349 0.9398 1.2834 0.9145 0.9375 1.2100 0.9492 1.1063 0.9092 0.9795 0.9795 0.9915 0.9289 0.9198 1.0274 0.9198 0.9538 0.9538 0.9300 0.9445 0.9300 0.9991 1.0245 1.1014 1.0859 0.9349 0.9145 0.9713 0.9583 1.1336 1.1248 0.9670 0.9198 0.9349 1.1939 1.1378 0.9398 0.9091 0.9249 0.9249 0.9145 0.9349 0.9539 0.9091 0.9145 0.9145 0.9445 0.9349 1.3173 0.9389 1.0407 0.9249 0.9349 0.9150 0.9249 0.9145 0.9445 1.0206 0.9754 0.9836 1.0466 0.9445 0.9249 0.9349 0.9670 0.9445 1.1419 0.9300 0.9445 0.9538 0.9449 0.9198 0.9249 1.0136 0.9145 0.9152 1.2957 0.9991 0.9583 0.9249 0.9713 0.9265 0.9349 0.9445 0.9915 0.9583 0.9127 0.9249 0.9198 0.9492 0.9198 0.9627 0.9145 0.9249 0.9145 0.9825 0.9398 0.9398 1.1014 0.9091 0.9198 0.9300 0.9091 0.9641 0.9230 0.9300 0.9300 1.1419 0.9533 0.9796 0.9145 1.2946 0.9538 0.9445 1.0240 0.9145 0.9145 1.0101 0.9404 0.9349 0.9583 0.9349 0.9145 0.9349 1.0404 0.9145 0.9145 0.9145 0.9583 0.9445 0.9754 1.1922 0.9300 1.2704 0.9538 0.9713 0.9492 0.9145 1.1038 0.9349 0.9627 0.9145 0.9383 0.9617 0.9991 0.9349 0.9249 0.9583 0.9754 0.9091 0.9300 0.9445 0.9754 0.9398 0.9538 0.9145 0.9795 0.9398 0.9538 0.9993 1.0028 0.9091 1.4536 0.9145 0.9349 0.9300 0.9795 0.9359 0.9145 1.2282 0.9349 0.9492 0.9492 1.2924 0.9492 0.9145 0.9538 0.9445 1.0701 0.9249 0.9091 0.9189 1.0028 0.9348 0.9198 0.9294 0.9349 0.9538 0.9349 0.9198 0.9145 0.9670 0.9145 0.9274 0.9538 0.9121 0.9103 0.9198 0.9300 0.9398 0.9091 0.9636 0.9091 0.9492 0.9349 0.9583 0.9198 0.9249 0.9538 1.0295 0.9398 0.9145 0.9091 0.9876 0.9300 0.9145 0.9300 1.0101 0.9145 0.9249 0.9670 0.9670 0.9349 0.9198 0.9349 0.9408 0.9145 0.9360 0.9627 0.9630 0.9145 1.3289 0.9145 0.9172 0.9398 1.0206 1.0527 0.9091 1.3340 0.9311 1.0404 0.9836 0.9300 0.9627 0.9445 0.9538 0.9361 1.2297 0.9249 0.9145 0.9574 0.9198 0.9806 0.9349 0.9145 0.9127 0.9198 0.9965 0.9583 1.0615 1.0274 0.9091 0.9445 1.0372 1.0402 0.9374 0.9398 0.9670 0.9217 0.9145 0.9953 1.0435 0.9915 0.9249 0.9718 0.9198 0.9349 0.9249 0.9349 0.9249 1.0537 0.9836 0.9492 1.0734 0.9091 0.9300 0.9091 0.9445 0.9300 0.9249 0.9970 0.9538 0.9145 0.9145 0.9198 0.9349 0.9091 0.9492 0.9145 0.9939 0.9249 0.9300 0.9538 0.9249 0.9300 0.9301 0.9349 0.9300 0.9091 0.9145 0.9198 0.9627 0.9398 0.9398 0.9091 0.9145 0.9359 0.9261 0.9585 0.9583 1.0819 1.0863 0.9538 0.9991 0.9492 1.0350 0.9398 0.9670 0.9145 0.9198 0.9198 0.9300 0.9754 0.9709 1.2592 0.9300 0.9091 0.9091 1.0542 0.9145 0.9145 0.9713 0.9300 0.9398 0.9249 0.9197 0.9445 0.9145 0.9300 0.9369 0.9398 0.9145 0.9795 0.9198 0.9308 1.1357 0.9222 0.9218 0.9583 0.9300 0.9145 0.9355 0.9145 0.9398 0.9349 0.9349 0.9486 0.9198 0.9133 0.9091 0.9754 0.9145 0.9398 0.9091 0.9091 1.0783 0.9445 0.9091 0.9583 0.9300 0.9198 0.9583 0.9238 1.0783 0.9249 0.9249 0.9300 0.9445 0.9091 0.9091 0.9558 0.9121 0.9091 0.9249 0.9091 0.9795 0.9314 0.9713 1.1352 0.9177 0.9103 0.9091 0.9492 0.9091 0.9198 0.9198 0.9349 0.9145 0.9249 0.9327 0.9953 0.9198 0.9566 0.9198 0.9145 0.9198 0.9492 0.9300 0.9145 0.9198 0.9527 0.9583 0.9207 0.9195 0.9198 1.2630 0.9505 0.9445 0.9145 1.0184 0.9318 1.0767 0.9795 0.9140 0.9198 1.0659 0.9583 0.9329 0.9091 0.9754 1.1521 0.9198 0.9349 0.9991 1.0557 0.9091 0.9249 1.0075 0.9953 0.9145 0.9091 1.0180 0.9492 1.1111 0.9398 0.9198 0.9349 0.9616 0.9445 0.9145 0.9091 0.9300 0.9428 0.9200 0.9300 0.9398 0.9145 0.9249 0.9249 0.9312 0.9300 0.9249 0.9349 0.9300 0.9091 0.9583 1.0123 1.0288 0.9091 0.9398 0.9876 0.9398 0.9198 0.9141 1.0863 0.9847 0.9411 0.9538 0.9772 0.9627 0.9091 0.9145 1.0610 0.9349 0.9198 0.9263 0.9091 0.9145 0.9300 0.9445 0.9349 1.0430 0.9145 0.9492 0.9198 0.9249 0.9145 1.0756 0.9376 0.9492 0.9349 0.9300 0.9915 0.9249 0.9289 0.9091 0.9128 1.0466 0.9091 0.9492 0.9300 1.0788 0.9445 1.2719 0.9145 1.0235 0.9583 0.9349 0.9300 1.0298 0.9179 1.1313 0.9145 0.9492 0.9648 0.9254 0.9091 0.9398 0.9445 0.9706 1.0990 1.1637 0.9670 1.0372 0.9091 0.9145 0.9300 0.9627 0.9436 0.9149 0.9398 0.9331 0.9262 0.9627 1.0274 0.9110 0.9145 1.1881 0.9248 1.5724 1.0742 0.9398 1.7165 0.9354 0.9198 0.9583 0.9445 0.9161 0.9300 0.9091 1.0466 0.9198 0.9195 1.0629 0.9670 0.9349 1.4853 1.7285 0.9693 1.0217 1.0559 1.1591 0.9349 1.1332 1.6931 1.6054 1.6409 1.5883 0.9627 
