DE Cat8_GEM_2_m0 7.25 3 k7_c425
1 72 146 204 3 G
2 2 420 3 0 C
3 94 15 315 0 G
4 0 1 423 0 G
5 336 65 23 0 A
6 365 2 53 5 A
XX

DE Cat8_GEM_2_m1 6.78 6 k8_c251
1 6 6 175 64 G
2 2 3 18 227 T
3 0 3 65 182 T
4 1 0 197 53 G
5 5 7 13 227 T
6 6 11 28 206 T
XX

DE Cat8_GEM_2_m2 5.42 0 k6_c511
1 0 0 510 0 G
2 418 0 92 0 A
3 510 0 0 0 A
4 311 73 126 0 A
5 463 0 47 0 A
XX

DE Cat8_GEM_2_m3 6.77 6 k6_c244
1 5 7 6 226 T
2 1 242 0 0 C
3 0 3 0 241 T
4 0 21 17 206 T
5 18 46 0 180 T
6 10 24 22 187 T
XX

DE Cat8_GEM_2_m4 5.08 1 k5_c257
1 226 2 26 3 A
2 240 0 16 0 A
3 0 10 7 240 T
4 256 0 0 0 A
5 12 39 51 156 T
XX

DE Cat8_GEM_2_m5 9.45 -7 k11_c84
1 0 67 16 0 C
2 0 83 0 0 C
3 0 30 53 0 G
4 23 24 34 3 G
5 9 6 11 58 T
6 0 8 75 0 G
7 3 30 40 12 G
8 0 24 0 59 T
9 12 55 5 12 C
10 18 55 0 10 C
11 0 12 68 4 G
XX

DE Cat8_GEM_2_m6 14.40 14 k13_c7
1 0 0 0 6 T
2 0 0 4 2 G
3 1 0 5 0 G
4 5 0 2 0 A
5 1 5 0 0 C
6 0 1 5 0 G
7 4 0 1 2 A
8 1 0 5 0 G
9 1 0 1 4 T
10 0 5 0 1 C
11 0 6 0 0 C
12 1 0 5 1 G
13 1 0 5 1 G
XX

DE Cat8_GEM_2_m7 12.73 1 k13_c27
1 1 18 4 4 C
2 13 3 8 3 A
3 1 21 4 0 C
4 0 9 17 0 G
5 0 0 25 1 G
6 3 2 22 0 G
7 14 5 8 0 A
8 3 3 21 0 G
9 0 21 5 0 C
10 0 13 11 3 C
11 0 0 26 0 G
12 0 0 26 0 G
13 14 11 1 0 A
XX

DE Cat8_GEM_2_m8 15.96 2 k17_c6
1 5 0 0 0 A
2 4 0 1 0 A
3 0 5 0 0 C
4 0 5 0 0 C
5 0 0 5 0 G
6 0 0 5 0 G
7 5 0 0 0 A
8 0 0 5 0 G
9 5 0 0 0 A
10 0 4 1 0 C
11 0 4 1 0 C
12 0 1 0 4 T
13 0 5 0 0 C
14 0 0 0 5 T
15 0 5 0 0 C
16 0 5 0 0 C
17 0 5 0 0 C
XX

