-300	6.517713458674535E-4
-299	7.391738544057011E-4
-298	8.116258674795078E-4
-297	8.447786315873384E-4
-296	8.466155563748793E-4
-295	8.943014493858782E-4
-294	8.168466792529E-4
-293	7.649173512454326E-4
-292	7.603648915122727E-4
-291	8.1593902440869E-4
-290	9.028594699576852E-4
-289	9.627514577560943E-4
-288	9.460791035062455E-4
-287	8.695321155787682E-4
-286	8.052713240627244E-4
-285	8.201542695220797E-4
-284	9.048107923162218E-4
-283	9.80168169068096E-4
-282	9.706025352985001E-4
-281	8.843189431003247E-4
-280	8.105226726458452E-4
-279	8.355786574282608E-4
-278	9.52929366600991E-4
-277	0.0010671046078899332
-276	0.0010851090982889088
-275	0.0010088664285806603
-274	9.201238643144388E-4
-273	9.00337841577768E-4
-272	9.606747336795075E-4
-271	0.0010598789300168868
-270	0.0011514249472595107
-269	0.0012088974234931867
-268	0.0012259717005150385
-267	0.0012068925951963236
-266	0.0011800591249421471
-265	0.0011721976766100551
-264	0.0011969758722012447
-263	0.0012302818947954948
-262	0.001261922921908077
-261	0.001297286255717485
-260	0.0013630329495042635
-259	0.001430672607672219
-258	0.0014469449742436718
-257	0.0013506052309684964
-256	0.0011781386696200682
-255	0.0010074973536333084
-254	9.458608573446307E-4
-253	9.942222261396572E-4
-252	0.0011057468228709505
-251	0.001188394668183497
-250	0.0012327460251832364
-249	0.0012609867735707747
-248	0.0013048687640337313
-247	0.0013360097943391751
-246	0.0013184295545910372
-245	0.0012603982484207005
-244	0.0012110575658472002
-243	0.0012097856116539164
-242	0.001230880860226761
-241	0.0012540124749197824
-240	0.0012834947497320525
-239	0.0013748466929185486
-238	0.0015052915963525372
-237	0.0016106574152586369
-236	0.0015924714499180792
-235	0.0014716008507855115
-234	0.0013185357025067594
-233	0.001239934747851586
-232	0.0012544474048548665
-231	0.0013424418898484091
-230	0.001444783645981815
-229	0.0015303390921583403
-228	0.0015818396333073233
-227	0.0015946851426401395
-226	0.0015584812523019229
-225	0.001466662563178514
-224	0.0013444104792006894
-223	0.0012506136528213816
-222	0.001241625068812392
-221	0.00131982934260194
-220	0.001412854818504565
-219	0.0014412152585942856
-218	0.0013850697842528415
-217	0.0013248209725895041
-216	0.0013531566952752522
-215	0.0014980979332718555
-214	0.001686047149881052
-213	0.001828128143209493
-212	0.0018799733704022439
-211	0.0018626227227533608
-210	0.0018097788927983057
-209	0.0017444621998299367
-208	0.0016741425291071771
-207	0.0016003754047462827
-206	0.0015160831092784126
-205	0.0014168510131412286
-204	0.0013120207466700284
-203	0.0012530421104317107
-202	0.0012727392806661424
-201	0.001373168975850742
-200	0.0014787231322977714
-199	0.0015480357565558843
-198	0.001578077678756481
-197	0.0016468432159611707
-196	0.0017960013423219167
-195	0.00203079111404825
-194	0.0022726467811216046
-193	0.0024279072791787335
-192	0.00241773307679502
-191	0.0022440380529851114
-190	0.0020328502832906185
-189	0.0019380188943517985
-188	0.0020580217227564013
-187	0.002268239054071086
-186	0.0023834360024922734
-185	0.0022625129266757795
-184	0.002013119819636708
-183	0.0018099126685459177
-182	0.0017958917045253103
-181	0.0019332075151423768
-180	0.00212824797869252
-179	0.002264747459994292
-178	0.002280524090871466
-177	0.002150985517671867
-176	0.0019488603271683481
-175	0.0018113067314709302
-174	0.0018602320000304473
-173	0.00208741286087776
-172	0.0023532655771752245
-171	0.002504442984876269
-170	0.002469329374345025
-169	0.0023143749436683406
-168	0.0021418272496968797
-167	0.002047338952101253
-166	0.0020337549168547003
-165	0.0020722358033819915
-164	0.002113020789392103
-163	0.002133289946348458
-162	0.0021246429038253335
-161	0.002102818301137329
-160	0.002092502501631087
-159	0.002107609576870904
-158	0.00211832472372747
-157	0.0020931539034200705
-156	0.002022715600396527
-155	0.001970279781020959
-154	0.001995046422982674
-153	0.002121718349722695
-152	0.0022617529256138908
-151	0.0023021515558652784
-150	0.0021663987702296578
-149	0.001927007354979611
-148	0.0017207778767228952
-147	0.0016627896422342072
-146	0.001742088779705962
-145	0.001877530465318247
-144	0.0019928264481224823
-143	0.0020781223088000484
-142	0.002161719732015131
-141	0.0022673584895667315
-140	0.002377683435790822
-139	0.0024655790324503357
-138	0.0025108951060539312
-137	0.002514501784648652
-136	0.0024589232784199703
-135	0.0023277933159602787
-134	0.00215332975143086
-133	0.002051040192180065
-132	0.002133016667160829
-131	0.0023906262277628284
-130	0.0026681445782333613
-129	0.002799424733353634
-128	0.0027295575054861734
-127	0.002537284828303909
-126	0.002330339462749814
-125	0.002209240100268433
-124	0.002234153432920213
-123	0.0024237510077050476
-122	0.002664516627692761
-121	0.0027824163681032113
-120	0.0026513973958221145
-119	0.0023779079243353243
-118	0.002168800811071539
-117	0.002180155092205787
-116	0.0023245449547130027
-115	0.002471250036744046
-114	0.0025495467129887693
-113	0.0026751983750579597
-112	0.002880292088064971
-111	0.003118372218704864
-110	0.0032151493735960187
-109	0.0031419472724138722
-108	0.002944861352527541
-107	0.0027591233108241117
-106	0.0026652203291622494
-105	0.002711953442180993
-104	0.0028810657934758427
-103	0.003053246851130871
-102	0.003092035731315362
-101	0.0029273517461154853
-100	0.002674733459004601
-99	0.002486849677266827
-98	0.002450795146405553
-97	0.0025105115172717922
-96	0.0025929669326826225
-95	0.002699008969867675
-94	0.0028725672473870895
-93	0.0031269513823331957
-92	0.0033356355158615384
-91	0.0033705006383072103
-90	0.003165824345280419
-89	0.002866144216996998
-88	0.002654551565623518
-87	0.002671906326982056
-86	0.0028983304333072184
-85	0.0032484193908484567
-84	0.003629157334422408
-83	0.003944552804560168
-82	0.004099514835789736
-81	0.004036862093786969
-80	0.003868455213655209
-79	0.003820255811263036
-78	0.004070455201982756
-77	0.004497622123381987
-76	0.0047857514628872
-75	0.004667013785974184
-74	0.004224909074266726
-73	0.0037469469804808334
-72	0.003494208925838342
-71	0.003484985953960547
-70	0.0036275403387000544
-69	0.0038385649001478487
-68	0.004098251011432288
-67	0.004317001362781299
-66	0.004372673220313395
-65	0.004165710662758507
-64	0.003832433096294325
-63	0.0035973918798598847
-62	0.003709943728204106
-61	0.004116101985074941
-60	0.0046245867783090665
-59	0.004909241874414689
-58	0.004925624993441572
-57	0.004774642174464409
-56	0.004726145580998744
-55	0.0048072792644441725
-54	0.00493213004004141
-53	0.004927936283109765
-52	0.0048306225787614395
-51	0.004742504998213012
-50	0.004743991083048538
-49	0.004753575243849312
-48	0.004674915578296065
-47	0.004544411575655354
-46	0.004526228990667061
-45	0.0047505395491424535
-44	0.005091247479585655
-43	0.0052854211255088535
-42	0.005129784889231857
-41	0.0047674649589595705
-40	0.004541277741662524
-39	0.004742469474003235
-38	0.005280657402795723
-37	0.005764854459257457
-36	0.005810066838442053
-35	0.005344249317299939
-34	0.004636463770289035
-33	0.004019338982630839
-32	0.0037395011013715684
-31	0.0037975418675357613
-30	0.004084798474423872
-29	0.004336439893111334
-28	0.004403645435723275
-27	0.004244670958938606
-26	0.004046617878059227
-25	0.003926031260996068
-24	0.003922710157614727
-23	0.003941382939109532
-22	0.003986614584482882
-21	0.00410888954365928
-20	0.004360165318360097
-19	0.004643916663566264
-18	0.004824693030171603
-17	0.004804297956423871
-16	0.004622026852534527
-15	0.004367577909377725
-14	0.00417803684868725
-13	0.004136711206195948
-12	0.0042615046985587934
-11	0.004388913678691857
-10	0.004348362055860222
-9	0.004054279961736787
-8	0.0037030255655838354
-7	0.003496693440038998
-6	0.0035404260513202867
-5	0.00365453620219952
-4	0.0037153172138698317
-3	0.0036942291031653424
-2	0.003745944447119306
-1	0.0038392373660782707
0	0.0038504015359405045
1	0.003614762195523648
2	0.003264171115101028
3	0.0030138953722027937
4	0.0030143176018229637
5	0.003132127622862008
6	0.0031721481000574724
7	0.003022822475795392
8	0.002765197793661446
9	0.0025295632468898726
10	0.0024284164161592113
11	0.002451249814346883
12	0.002535617119594393
13	0.0025672296992598786
14	0.0025292835399579917
15	0.002456050321020551
16	0.0024400658241900096
17	0.002482567637903243
18	0.0025429083944205387
19	0.0025459381467919564
20	0.002483314098242493
21	0.0023761338190961363
22	0.0022730244173709718
23	0.002192856825286597
24	0.0021380987480228873
25	0.0020942160753305602
26	0.0020781615999514473
27	0.0021129141771891674
28	0.0021925671536864974
29	0.0022482303304096436
30	0.002207916114629934
31	0.0020629775373970185
32	0.0018815423562515907
33	0.0017443448140977164
34	0.0017024576874679616
35	0.0017429688891441428
36	0.0018303295211797939
37	0.0019098493347150507
38	0.001963546849529177
39	0.0019880297796595085
40	0.0019857205172800533
41	0.0019294386787103177
42	0.0017927104171398356
43	0.0015989888965837929
44	0.0014366114897548517
45	0.001391342163122583
46	0.0014627743594411604
47	0.0015540303442137923
48	0.0015669899913050697
49	0.0014925405212901674
50	0.001396520230877404
51	0.0013381368253347437
52	0.0012960485566646763
53	0.0012369716932351057
54	0.00115312249758799
55	0.001112572462975995
56	0.0011370956116109263
57	0.0012087859079323777
58	0.0012442468398033025
59	0.001232275740489103
60	0.0011993045044606217
61	0.0012046830995402213
62	0.001229181227061173
63	0.0012284347639556917
64	0.001170594022589718
65	0.0011036352837720653
66	0.0010899088139965122
67	0.0011519239541938086
68	0.0012440059961058964
69	0.001309062944000539
70	0.0013143927018886227
71	0.001263216813673995
72	0.0011711462274712839
73	0.0010720962739624714
74	0.0010066634107659953
75	0.00100524836168082
76	0.0010497424163525414
77	0.0010893552602838493
78	0.0010790402495736773
79	0.0010197936588530164
80	9.284113955191651E-4
81	8.19017352440154E-4
82	7.021625588913183E-4
83	6.313424202493971E-4
84	6.646854224634167E-4
85	8.104737933068941E-4
86	9.834588872653187E-4
87	0.0010866270157088428
88	0.0010818955744653863
89	0.0010191047089473859
90	9.626228182669763E-4
91	9.469159806981102E-4
92	9.616770995468501E-4
93	9.864005484957884E-4
94	0.0010002919604774653
95	9.851895707428816E-4
96	9.296519825219311E-4
97	8.499251696388783E-4
98	7.830182186359766E-4
99	7.599410643365893E-4
100	7.736332987768226E-4
101	8.101054989046899E-4
102	8.621919937456143E-4
103	9.374389180735308E-4
104	0.0010102376309301614
105	0.0010473260998275268
106	0.0010357556193389837
107	0.0010113007565513994
108	0.0010102649297507116
109	0.0010181090348643238
110	9.835708733921642E-4
111	8.661067196171067E-4
112	7.015688337691406E-4
113	5.745664727711226E-4
114	5.624014188274991E-4
115	6.643662703051406E-4
116	7.959610118211429E-4
117	8.652600892588109E-4
118	8.394407125359535E-4
119	7.763129575537404E-4
120	7.457906119998758E-4
121	7.720664541664302E-4
122	8.18322247863879E-4
123	8.417661060894409E-4
124	8.342959451916611E-4
125	8.178506085924695E-4
126	8.14733566289305E-4
127	8.224080923537401E-4
128	8.189811834634587E-4
129	7.835251325611223E-4
130	7.192984966532434E-4
131	6.592405313773958E-4
132	6.411377621187136E-4
133	6.853617109823928E-4
134	7.644513712008497E-4
135	8.355234201296116E-4
136	8.534982568131249E-4
137	8.219307929936833E-4
138	7.646429361359844E-4
139	7.248711263808491E-4
140	7.16239327840003E-4
141	7.354154004112535E-4
142	7.541313159503631E-4
143	7.608526205611715E-4
144	7.570663543068413E-4
145	7.653008379567834E-4
146	7.887972907498947E-4
147	8.177428699314019E-4
148	8.215240204709838E-4
149	7.839455813128904E-4
150	7.035638350575922E-4
151	6.174614826332885E-4
152	5.740295316096129E-4
153	6.068076048817576E-4
154	6.831431509883685E-4
155	7.350924993965258E-4
156	7.103219404389742E-4
157	6.443220794328988E-4
158	6.147590667185641E-4
159	6.78978401052871E-4
160	7.863639719600271E-4
161	8.401408708918153E-4
162	7.681480676383584E-4
163	6.234189908652422E-4
164	5.138831466078087E-4
165	5.271435806732969E-4
166	6.363995041835629E-4
167	7.56521543544023E-4
168	8.09811479790002E-4
169	7.872244598147413E-4
170	7.23951270314137E-4
171	6.586530902971557E-4
172	6.122433300333175E-4
173	5.90877633490987E-4
174	5.96117115030101E-4
175	6.198774052955664E-4
176	6.431268477334255E-4
177	6.467996446076238E-4
178	6.265897640884009E-4
179	6.035986906221889E-4
180	6.049898453725979E-4
181	6.502515021499175E-4
182	7.241125937919485E-4
183	7.977407978844112E-4
184	8.314338044314465E-4
185	8.140659653554541E-4
186	7.507062254276931E-4
187	6.747659545432061E-4
188	6.152839656138965E-4
189	5.916204529629096E-4
190	5.964762132786145E-4
191	6.152610784853045E-4
192	6.362766883798156E-4
193	6.570433107230282E-4
194	6.660741456223313E-4
195	6.488659332799121E-4
196	7.361730356223845E-4
197	6.537587481112949E-4
198	5.857101556684979E-4
199	5.592329860868248E-4
200	5.823257136387155E-4
