-300	3.462075654412023E-4
-299	3.704401217689505E-4
-298	4.6147172657563736E-4
-297	5.472168488197492E-4
-296	5.694952919498386E-4
-295	4.966996077319417E-4
-294	4.035133412020325E-4
-293	3.9119278571356973E-4
-292	5.235282905310081E-4
-291	7.144464285627877E-4
-290	8.40407828628345E-4
-289	8.100913515096774E-4
-288	6.610487858390246E-4
-287	4.630501522111881E-4
-286	2.861691611859212E-4
-285	1.524922880147703E-4
-284	9.261003044223762E-5
-283	1.2289785519672692E-4
-282	4.019262751231362E-4
-281	5.851645787741111E-4
-280	7.182328861575822E-4
-279	8.081540576313736E-4
-278	8.74995601869377E-4
-277	9.364669984396575E-4
-276	0.0010008456104869756
-275	0.001074050772050265
-274	0.0011568303169224464
-273	0.0012292460779123886
-272	0.0012661883875829468
-271	0.001251939536577926
-270	0.0012083496478649278
-269	0.001166660802492503
-268	0.0011473235791072051
-267	0.001127622546747602
-266	0.001074050772050265
-265	9.676757217196598E-4
-264	8.47862462731833E-4
-263	7.685504621307266E-4
-262	7.748285977366941E-4
-261	8.763833904757362E-4
-260	0.001074050772050265
-259	0.0013527318891043776
-258	0.0016335887480489074
-257	0.0018218485702363725
-256	0.0018479775812071692
-255	0.0017433980232532086
-254	0.001564771142854279
-253	0.001364362868430001
-252	0.0011768578561593235
-251	0.0010325454441610267
-250	9.505854632051774E-4
-249	9.056197146669898E-4
-248	8.611604925729642E-4
-247	7.990614082589379E-4
-246	7.745413422980971E-4
-245	8.611604925729642E-4
-244	0.0010930298267245284
-243	0.0013464633914276433
-242	0.0014583260031156284
-241	0.0013267591207362333
-240	0.0010950107732949287
-239	9.676056323116147E-4
-238	0.001081181038438265
-237	0.0013008250088551458
-236	0.0014237382298745965
-235	0.0013126647308957496
-234	0.0010925219136649167
-233	9.537705230152018E-4
-232	0.0010355211600769634
-231	0.0012714838511695735
-230	0.0015440184789096596
-229	0.0017551352391154105
-228	0.0018854455804112663
-227	0.0019352112646232294
-226	0.0019216774267362172
-225	0.0019300226943708093
-224	0.002062409068306499
-223	0.002375698906593528
-222	0.0027455559963651304
-221	0.003002344482025288
-220	0.0030194695166958266
-219	0.0028425002883699538
-218	0.002560046993758719
-217	0.0022492937737944012
-216	0.0019417205462941944
-215	0.0016573811732965165
-214	0.001416645105413611
-213	0.0012411441475530154
-212	0.00115282569319609
-211	0.001170692570920378
-210	0.0013019693496881513
-209	0.001550936033557866
-208	0.0019065070267321664
-207	0.002296134333990458
-206	0.0026319043602563374
-205	0.0028368108120464127
-204	0.0028774766022493384
-203	0.0027314319453467816
-202	0.0024058979360765537
-201	0.0020268591902010357
-200	0.0017499912037387542
-199	0.0016853127905771534
-198	0.0017602160360793563
-197	0.0018564363434774042
-196	0.0018872563437775758
-195	0.0018921475790830986
-194	0.0019421288192714356
-193	0.002085029353903899
-192	0.0022759205512771913
-191	0.0024466842993718626
-190	0.0025418232000253213
-189	0.0025563227105024175
-188	0.0024977890019248616
-187	0.002382685874065181
-186	0.0022629076412991923
-185	0.002199206246653529
-184	0.0022120103508000404
-183	0.002160455484991429
-182	0.0018633538981256109
-181	0.0012507357739457176
-180	7.046624473329444E-4
-179	6.897755409849018E-4
-178	0.0015134033025186815
-177	0.002653156950027701
-176	0.003393537267738858
-175	0.0032328316174782597
-174	0.002524473671468851
-173	0.0018356836795327854
-172	0.001600238928610056
-171	0.0017181448541120135
-170	0.0019559639285678487
-169	0.0021305390598837987
-168	0.002259834897474298
-167	0.00241209652613083
-166	0.0026264464339975945
-165	0.0028255167226296685
-164	0.0029028168969348444
-163	0.0027905688516198456
-162	0.00257584404058711
-161	0.002384426307538005
-160	0.00231365181955973
-159	0.002347066037282823
-158	0.002439766744723656
-157	0.0025460987072373847
-156	0.002617394615534309
-155	0.0026042341416635116
-154	0.002492301141514286
-153	0.0024076962063367606
-152	0.002511624111221274
-151	0.0028945814695033024
-150	0.0033642322474988742
-149	0.003657532249769158
-148	0.0035864839857087274
-147	0.0032632767840458047
-146	0.0028751466783420187
-145	0.0025740383059345904
-144	0.0023707307192631123
-143	0.002240711574542768
-142	0.0021625088067263524
-141	0.0021268114657171143
-140	0.0021273488801559115
-139	0.0021488871735648165
-138	0.002140339648990759
-137	0.00204165640436188
-136	0.0018305097624443866
-135	0.0016354609453567443
-134	0.0016227934000554844
-133	0.0018868034828452523
-132	0.0022338391874231556
-131	0.0023982614168344177
-130	0.0022040013446311306
-129	0.0018332712263928682
-128	0.0015578535882060725
-127	0.0015754421756237918
-126	0.001787375612065496
-125	0.0020209037404172606
-124	0.0021404539655785772
-123	0.002159163940502602
-122	0.002127348880155911
-121	0.002092220144206678
-120	0.002088573671129489
-119	0.0021481015441005306
-118	0.002287511297403212
-117	0.0024635722697498356
-116	0.0026180692509599245
-115	0.002712520095703693
-114	0.0027873749180541128
-113	0.0029028168969348444
-112	0.0030893815120344712
-111	0.0032590134461012643
-110	0.003294009682648414
-109	0.003120744245906133
-108	0.0028418993229727247
-107	0.0026042341416635116
-106	0.0025171526431782996
-105	0.0025406376222548246
-104	0.0025973165870153054
-103	0.0026274608039853022
-102	0.0026419165733037498
-101	0.002669173953512924
-100	0.002728413937382436
-99	0.0028015812545912357
-98	0.002861311569045606
-97	0.002895122019573102
-96	0.0029500556446863677
-95	0.0030880369578193193
-94	0.0033272205559602493
-93	0.003510681370314965
-92	0.0034377244156436506
-91	0.003018609405537511
-90	0.0026074148489118325
-89	0.002669173953512924
-88	0.003474827994918516
-87	0.004518950520032045
-86	0.005102023143588374
-85	0.004738801144251222
-84	0.0038011344563997607
-83	0.0028751466783420187
-82	0.002429658400350254
-81	0.002464278180553646
-80	0.002861311569045606
-79	0.003479445549897929
-78	0.004082892843095971
-77	0.004412247602603472
-76	0.004306021926783317
-75	0.003994399691594972
-74	0.003805482717397047
-73	0.003968653141011405
-72	0.004318414365112924
-71	0.004590550108839741
-70	0.004588308563656913
-69	0.004384795810337214
-68	0.004120582401980346
-67	0.0039035242072599837
-66	0.0037106183571457125
-65	0.0034861472981810955
-64	0.003215414295427937
-63	0.003047805888021016
-62	0.0031737294336133502
-61	0.003683919879934785
-60	0.004270422535022457
-59	0.004525610296990328
-58	0.004183575915036195
-57	0.0035452915426931915
-56	0.0030534491845782873
-55	0.0030268059474922366
-54	0.003288379346970943
-53	0.003537252000734095
-52	0.0035628134865346188
-51	0.003515681222258394
-50	0.0036367795858245388
-49	0.004071295555306134
-48	0.004581466509392125
-47	0.004833792426925422
-46	0.004609568278925761
-45	0.004149269005120193
-44	0.0038081645374126016
-43	0.003835076117679645
-42	0.004053030227689107
-41	0.004178604659181552
-40	0.0040211379283087685
-39	0.003761011448867463
-38	0.003671367359065571
-37	0.003952007483056426
-36	0.00450937238877497
-35	0.005176562330101546
-34	0.005804578314842284
-33	0.006316024366506461
-32	0.006651405262529141
-31	0.006777171739923758
-30	0.006763558374017218
-29	0.006706745699714792
-28	0.006677369017919468
-27	0.006643882693525071
-26	0.006549195857423144
-25	0.006340935004714138
-24	0.005985596087334166
-23	0.005454392421428258
-22	0.004755528924726043
-21	0.004045176921295566
-20	0.0035164993367894754
-19	0.00330871851610119
-18	0.0033452944810872212
-17	0.0034957466728448563
-16	0.0036459317246863086
-15	0.00374705503878352
-14	0.003766659209523362
-13	0.003692004859067333
-12	0.003589224720675436
-11	0.003544169555382301
-10	0.00362099052655946
-9	0.003797040406926049
-8	0.004027972371538108
-7	0.004255381633240991
-6	0.004364631556037309
-5	0.004227027541718997
-4	0.003781103350413168
-3	0.003234306175587688
-2	0.002861311569045606
-1	0.002857340306143319
0	0.0030997940564506197
1	0.0033866197130906516
2	0.003559671127018969
3	0.0036364299805207974
4	0.0036782849137137774
5	0.003728018734852236
6	0.0037539909247372547
7	0.003705955132306603
8	0.003548254846726759
9	0.003303592918079045
10	0.0030092620366734945
11	0.002705143079269807
12	0.002441469668426348
13	0.0022710636131511477
14	0.002234813076144915
15	0.0023258716348790644
16	0.0025254592205176873
17	0.00278866497839113
18	0.0029660549104947656
19	0.002882064232990225
20	0.0024471855787154264
21	0.0019161412472134564
22	0.001629710954703691
23	0.0018138710992996138
24	0.002235384806691143
25	0.0025462118844623064
26	0.0024978207448091063
27	0.002239714218375459
28	0.0020209037404172606
29	0.0020264492903992585
30	0.0021856050246216244
31	0.0023636736435933853
32	0.0024489398814662444
33	0.0024216166069626088
34	0.0022848987224475606
35	0.002050197229542749
36	0.0017617875268960837
37	0.001472161112412041
38	0.001231049631272024
39	0.0010771453177651437
40	0.0010463805534574393
41	0.0011563768390562943
42	0.0013515121518344697
43	0.0015578535882060723
44	0.0017137237289004035
45	0.0018064670919075477
46	0.0018356836795327854
47	0.001806768973836331
48	0.0017483003758981405
49	0.0016946507665531027
50	0.0016733773342924086
51	0.0016847744982324518
52	0.0017223209851459284
53	0.0017748456053180458
54	0.0018125775030840632
55	0.0018010959062917532
56	0.0017243367454930691
57	0.0016396627620566921
58	0.0016227934000554844
59	0.001723723989524174
60	0.0018895534043449533
61	0.00204165640436188
62	0.0021153971611631126
63	0.002102097493313214
64	0.0020070686311208477
65	0.0018412830699908044
66	0.0016383583657123826
67	0.0014375733391710094
68	0.0012673182347166857
69	0.0011124289905577196
70	9.468529683669953E-4
71	7.570402076647328E-4
72	5.794514593604968E-4
73	4.630501522111881E-4
74	4.710153210986647E-4
75	4.915680869892062E-4
76	5.62577737301632E-4
77	6.306027794513307E-4
78	6.970873275770129E-4
79	7.75468016778933E-4
80	8.686875776101568E-4
81	9.377131224349983E-4
82	9.330178590705826E-4
83	8.276271678481621E-4
84	6.847751191554926E-4
85	5.902479558944578E-4
86	6.036585724656853E-4
87	6.79926469264784E-4
88	7.477977981861074E-4
89	7.545846979520813E-4
90	7.21863254597418E-4
91	6.897755409849018E-4
92	6.865082568091839E-4
93	6.924266090923842E-4
94	6.75940431688489E-4
95	6.160853766854514E-4
96	5.344003691070896E-4
97	4.630501522111881E-4
98	4.684744226396403E-4
99	4.6421903456053063E-4
100	4.630501522111881E-4
101	5.173092123317171E-4
102	5.622367268987094E-4
103	5.62577737301632E-4
104	4.991448967446371E-4
105	4.170213056906187E-4
106	3.773576764171569E-4
107	4.2125645154221443E-4
108	5.096269950452866E-4
109	5.833304012462514E-4
110	6.033749547540609E-4
111	6.113577013339639E-4
112	6.690228770402825E-4
113	8.107500881274751E-4
114	9.614604216505405E-4
115	0.0010187103348646138
116	9.328704193740316E-4
117	7.541438086573273E-4
118	6.551877677438698E-4
119	7.116418318314283E-4
120	8.478506072769265E-4
121	9.468529683669953E-4
122	9.285883477181032E-4
123	8.605984112660694E-4
124	8.473253832765513E-4
125	9.580770665930673E-4
126	0.0011216235783705804
127	0.0012316006143419148
128	0.0012062340926058666
129	0.0010621108207251237
130	8.404078286283451E-4
131	5.886011969958475E-4
132	3.793632095145744E-4
133	2.916652006231257E-4
134	3.7142900023677365E-4
135	5.323784201774779E-4
136	6.551877677438698E-4
137	6.561261386834011E-4
138	5.938417825388043E-4
139	5.62577737301632E-4
140	6.256250061683384E-4
141	7.224664531549812E-4
142	7.616329074825202E-4
143	6.797650898421758E-4
144	5.259432868062129E-4
145	3.773576764171569E-4
146	2.9821160151415147E-4
147	3.0076106412280996E-4
148	3.842752310653633E-4
149	5.38941062538208E-4
150	7.186166922344025E-4
151	8.680780472211707E-4
152	9.45835676358997E-4
153	9.653386156814108E-4
154	9.537705230152018E-4
155	9.290646384642553E-4
156	8.721525312408384E-4
157	7.547153528343138E-4
158	5.64328890121998E-4
159	3.521474715330232E-4
160	1.8522006088447524E-4
161	1.179399231498354E-4
162	1.540775279281647E-4
163	2.847476459749193E-4
164	4.8280595675339905E-4
165	6.480717745582785E-4
166	6.621053223920761E-4
167	4.649750839773295E-4
168	2.307825859166533E-4
169	1.9213761553268165E-4
170	4.919181064268913E-4
171	9.140745773161305E-4
172	0.0011528256931960898
173	0.0010011502714950512
174	6.470677393716611E-4
175	3.773576764171569E-4
176	4.0146576738742134E-4
177	6.195021176969185E-4
178	8.542429379247578E-4
179	9.674182591365094E-4
180	9.765733943435852E-4
181	9.382074770438593E-4
182	8.949548099682677E-4
183	0.0010036473876931327
184	8.398119790484448E-4
185	5.936331125204653E-4
186	3.420235042478199E-4
187	1.8522006088447524E-4
188	1.9006189072422931E-4
189	2.897969086202066E-4
190	3.842752310653633E-4
191	3.9716767457862736E-4
192	3.4742785578281465E-4
193	2.7783009132671286E-4
194	2.242785247127442E-4
195	1.9519660685786894E-4
196	1.9213761553268165E-4
197	2.1381035120724074E-4
198	2.4754570514945895E-4
199	2.7783009132671286E-4
200	3.228544611819532E-4
