-300	9.618863635097066E-4
-299	0.0012095785815067026
-298	0.0014243230554144665
-297	0.0015731720411437668
-296	0.0016231777946053717
-295	0.0015604708022966755
-294	0.0014474944730615814
-293	0.0013657704463306182
-292	0.0013714561084966403
-291	0.0014192518338018037
-290	0.001438493743450589
-289	0.0013796146852303986
-288	0.0012774344132603247
-287	0.0011878694082423798
-286	0.0011544607369912301
-285	0.0011712478107721548
-284	0.0012198946269630865
-283	0.0012836914898048128
-282	0.0013524339309895401
-281	0.0014175437890723303
-280	0.0014769140507431917
-279	0.001554322295231922
-278	0.001680017249903266
-277	0.0018638026799051464
-276	0.002033702501518197
-275	0.00209729566880623
-274	0.0019956625038883226
-273	0.0018038888011046223
-272	0.0016305617228505422
-271	0.0015581481574809348
-270	0.001564633897188416
-269	0.0016018844601250407
-268	0.0016288590558608156
-267	0.0016328916596375564
-266	0.0016084099381150302
-265	0.0015571588251580882
-264	0.001510152323451917
-263	0.001505721702886787
-262	0.0015669410807558483
-261	0.0016558559639637713
-260	0.001719254706818107
-259	0.0017184150284383693
-258	0.0016725721071919313
-257	0.0016154504862581286
-256	0.001574685590668233
-255	0.001553556372861257
-254	0.0015492526671281477
-253	0.0015567156817086296
-252	0.001561892120637538
-251	0.001548480061898485
-250	0.0015070091029099446
-249	0.00145533491882984
-248	0.001418144704250957
-247	0.0014140200762198757
-246	0.0014371203415983575
-245	0.0014754992297019598
-244	0.0015204721675696141
-243	0.0015764013731337505
-242	0.0016509107620501743
-241	0.0017412741129250709
-240	0.0018033646561661518
-239	0.0017827054851315095
-238	0.0016518285774547615
-237	0.0014913014478716274
-236	0.0014087004953933524
-235	0.0014770045287933662
-234	0.001630801995893838
-233	0.0017700837542791205
-232	0.00181897598797556
-231	0.0017981461867774722
-230	0.0017523971669211643
-229	0.001717073660662549
-228	0.001689688064335962
-227	0.0016582946902953448
-226	0.0016135308844423817
-225	0.0015563661268697376
-224	0.0014903529312178191
-223	0.0014224086594266298
-222	0.001372910066634557
-221	0.0013655987562795821
-220	0.0014152938928110044
-219	0.0015011248847233885
-218	0.001593298701522617
-217	0.0016678992605866129
-216	0.001724518270781467
-215	0.0017686243888453128
-214	0.001799607377566056
-213	0.0017925414239306973
-212	0.0017164218209760104
-211	0.0015645272872218975
-210	0.0014272702431207807
-209	0.00141934653460821
-208	0.0016090030025020486
-207	0.0018786904671494113
-206	0.0020644107437797266
-205	0.0020542960653065537
-204	0.0019450003353799826
-203	0.001885307875334235
-202	0.0019740662900586793
-201	0.002110376318663276
-200	0.002143401983813133
-199	0.001976988647825106
-198	0.0017337070316230559
-197	0.0015908091957825925
-196	0.0016736517025202357
-195	0.0019000091206161488
-194	0.002135760520491408
-193	0.0022712808898615244
-192	0.002294928885619763
-191	0.002219559081953827
-190	0.002072182802665226
-189	0.0019364383700107026
-188	0.001910120855860807
-187	0.002050275493500051
-186	0.0022509481618687944
-185	0.0023654349013213583
-184	0.0022942864424209185
-183	0.002127072276566067
-182	0.0020006165853642516
-181	0.0020110950670884586
-180	0.002092089486673836
-179	0.002136533125721071
-178	0.0020742416948742355
-177	0.001982560620950936
-176	0.0019757177598121616
-175	0.0021312072156303235
-174	0.002379588085823522
-173	0.0026146857161212784
-172	0.0027505051461141996
-171	0.0027817701908372312
-170	0.0027233843591864034
-169	0.0025981317294803863
-168	0.0024603186577284203
-167	0.0023721320693623846
-166	0.002373694466536442
-165	0.002416870658293889
-164	0.002431461030400304
-163	0.002368161378331693
-162	0.0022612491364057807
-161	0.0021658971486507167
-160	0.0021237470620482915
-159	0.0021223157353948497
-158	0.0021355888304403717
-157	0.002144584650332931
-156	0.002158452063812956
-155	0.0021933725810189654
-154	0.002259536544345203
-153	0.0023431696252088274
-152	0.0024245063272827234
-151	0.0024884544214651186
-150	0.002538614747555626
-149	0.0025832614125791977
-148	0.002629334953966687
-147	0.002678441630772538
-146	0.0027308541324570917
-145	0.0027825899927332036
-144	0.002812646122323796
-143	0.0027957642762043017
-142	0.002722391412200369
-141	0.0026457952995384954
-140	0.0026349489102953923
-139	0.0027309242561107364
-138	0.0028631895068760857
-137	0.0029333118720459637
-136	0.002872346218440546
-135	0.002729298042342607
-134	0.0025826604974005713
-133	0.002497295485665044
-132	0.002483539902795349
-131	0.002538099392852994
-130	0.002648621027368332
-129	0.0027665175877471192
-128	0.0028341432828639618
-127	0.0028130819226692334
-126	0.0027418357214163964
-125	0.002678136494434681
-124	0.0026614416909115416
-123	0.002658111295467325
-122	0.0026162309265806037
-121	0.002502469032088808
-120	0.0023578253772648184
-119	0.002241882556740375
-118	0.0022024156862325557
-117	0.0022399699657997905
-116	0.0023432831165858467
-115	0.0024910649253106366
-114	0.0026219134409986586
-113	0.0026643987782505566
-112	0.0025771573514081574
-111	0.00243909077377803
-110	0.002359166958407923
-109	0.002413584374292581
-108	0.002547463714214712
-107	0.0026731562269040163
-106	0.0027189693578026724
-105	0.00267703533920277
-104	0.0025554426001088773
-103	0.002370398559939641
-102	0.002170586599770019
-101	0.0020128090910890508
-100	0.001942623054696344
-99	0.0019606041086337915
-98	0.0020560825202538572
-97	0.002215109945082054
-96	0.0024106235913361027
-95	0.002612282055406772
-94	0.0027930521746125122
-93	0.002939133749982492
-92	0.0030400348234735576
-91	0.0030811158224091644
-90	0.003031146715579197
-89	0.002854749857140148
-88	0.0025512628628502985
-87	0.0022588843948750893
-86	0.0021505283769817493
-85	0.0023328605300604087
-84	0.0026475537634928097
-83	0.0028700327837835973
-82	0.002843327452725638
-81	0.002680888253264693
-80	0.0025637708236347467
-79	0.0026237271168553793
-78	0.0027952943450885535
-77	0.0029637060352818274
-76	0.00303815321685573
-75	0.003023656929122673
-74	0.0029491957138680397
-73	0.002844889908698809
-72	0.0027454270345083393
-71	0.002686636408011587
-70	0.0026899068428549522
-69	0.0027188651404106297
-68	0.002722697598982259
-67	0.0026704404795131575
-66	0.002610529893505354
-65	0.002611251915100555
-64	0.0027166402829206303
-63	0.002873719393508102
-62	0.003005261307885656
-61	0.0030529115496470767
-60	0.0030338094926705412
-59	0.0029839679734053257
-58	0.0029299846298447723
-57	0.002860796306158506
-56	0.002755924648060218
-55	0.0026130871626329805
-54	0.0025027848024373836
-53	0.0025137143814033965
-52	0.0026963168730773112
-51	0.0029480098894707004
-50	0.00312795520221146
-49	0.003138230802585125
-48	0.003052579560507798
-47	0.002987660565553219
-46	0.0030314187064804437
-45	0.0031569420687897914
-44	0.0033086045371668923
-43	0.0034353556251881688
-42	0.0035044473619932075
-41	0.003487707405612384
-40	0.0033722660167446
-39	0.003206463866762866
-38	0.0030539442297087176
-37	0.002977420154112021
-36	0.003035883786455968
-35	0.0032873970477120796
-34	0.0037414409843490393
-33	0.004213173144824196
-32	0.00446917020309206
-31	0.004352397738002028
-30	0.0040113769479830285
-29	0.003671017936358877
-28	0.0035014557541646796
-27	0.003453725243280717
-26	0.003424086193298561
-25	0.003331926045661203
-24	0.003189142849217315
-23	0.0030307623046669885
-22	0.002899911084946065
-21	0.002872119751933387
-20	0.003031019839743543
-19	0.003418048168639386
-18	0.0039058627034768145
-17	0.004324926695259987
-16	0.004545732371989062
-15	0.004598887869648191
-14	0.004555030301217528
-13	0.004484296842925444
-12	0.004454824923993208
-11	0.004534252036890306
-10	0.0047577863313158185
-9	0.0050309185858871995
-8	0.005226710236451496
-7	0.005242603675321319
-6	0.005073565120671552
-5	0.004738941747142648
-4	0.004267655457022359
-3	0.003726927063187656
-2	0.003193552106162814
-1	0.0027411058568385716
0	0.0024302825075715392
1	0.0023185559810847923
2	0.0024271569036601066
3	0.002632342715814052
4	0.0027741275616218982
5	0.002733499397843391
6	0.0025553414319761754
7	0.002325510684202373
8	0.002117127470055899
9	0.0019523652864778555
10	0.0018406609257611392
11	0.0017899285371672192
12	0.0018019916978318606
13	0.0018771513418594011
14	0.002002719886119554
15	0.0021140556785435353
16	0.002133528549827938
17	0.0020148650058372675
18	0.001837218253107687
19	0.0017110981733432736
20	0.0017116086082397926
21	0.0017722292394597597
22	0.001791033708657379
23	0.0017061584311846803
24	0.0016159909171849973
25	0.0016589814504994894
26	0.0019148091274665048
27	0.002228068294413154
28	0.002384582110163738
29	0.0022413827903142195
30	0.0019403387775472273
31	0.0016945275713170528
32	0.001658578901060354
33	0.0017533314161432552
34	0.0018411759959142474
35	0.0018161399179399394
36	0.0016987960526594129
37	0.0015413536687298687
38	0.0013979539605839632
39	0.0013304658257561831
40	0.0014026900875564712
41	0.0016363509358535983
42	0.0018848660267516476
43	0.001959576382913531
44	0.001741268352291893
45	0.001388509583998318
46	0.0011293130524341237
47	0.001124237136522388
48	0.0012640218332732316
49	0.0013719525442185355
50	0.0013228833132993367
51	0.0011979427540932965
52	0.0011298281225872323
53	0.0012112348529928288
54	0.001374851092421246
55	0.0015133631662085118
56	0.0015436963145558026
57	0.0014797314371248918
58	0.0013595883484427008
59	0.0012240896088249098
60	0.0011248687617422333
61	0.001116262096454144
62	0.0012247395808651664
63	0.0013653058974600351
64	0.001425099407368537
65	0.0013302552497293136
66	0.0011628956757164285
67	0.0010441397145128
68	0.001061593473502453
69	0.0011688113728738382
70	0.0012858349110165131
71	0.0013471127644253877
72	0.001344722322016782
73	0.0012851481508123683
74	0.0011800976145778326
75	0.0010621692640549124
76	9.691844467293592E-4
77	9.316691327064682E-4
78	9.509677825697121E-4
79	0.0010211294795221073
80	0.0011285656537882189
81	0.0012291371236788048
82	0.0012710670545261718
83	0.0012235611177916835
84	0.0011397550094529305
85	0.00109376693161656
86	0.0011392855686904193
87	0.0012482815342871535
88	0.001372295924320608
89	0.001469109939651273
90	0.0015214652009262223
91	0.0015183434337391758
92	0.001457379675160052
93	0.0013708222081635672
94	0.0012995726272006373
95	0.0012787576856140668
96	0.0013204047723142187
97	0.001430766435103346
98	0.0016015333496939268
99	0.001766148703439351
100	0.0018434938116032359
101	0.0017829457506863154
102	0.001655864642137798
103	0.001564106368644007
104	0.0015754870358277854
105	0.001621663641058041
106	0.0016002534046401973
107	0.0014457346437885333
108	0.0012400300633527473
109	0.0011019234650913932
110	0.0011116955365252652
111	0.0011956145082241238
112	0.0012414454965199715
113	0.0011753493423551633
114	0.001077069785113463
115	0.0010647462887889863
116	0.0012165148990028018
117	0.0014504979878837878
118	0.0016448145091877747
119	0.001706679585009547
120	0.0016596930107997043
121	0.0015565507503478
122	0.001443244249611889
123	0.0013389468832240333
124	0.0012561275079847947
125	0.0012057591668087875
126	0.0011928316470668284
127	0.0012208389222437854
128	0.0012897384641190968
129	0.0013853417376504813
130	0.0014899237060902288
131	0.001583895236182827
132	0.0016402108086415615
133	0.0016299608076719156
134	0.0015394261639769082
135	0.001415649994249695
136	0.0013208659616809682
137	0.001298913120924077
138	0.0013200520924830106
139	0.0013361488883244178
140	0.0013102854671300436
141	0.0012504075744420213
142	0.0011756769025175811
143	0.0011023497029017401
144	0.0010350604642906658
145	9.755382346683126E-4
146	9.278353628446511E-4
147	9.052974009337177E-4
148	9.235932018755644E-4
149	9.888747700307408E-4
150	0.001069226715441783
151	0.0011232167995717242
152	0.0011257080864251388
153	0.0011167448501727666
154	0.0011526666675268887
155	0.00126578327271406
156	0.0013922850300179333
157	0.0014443324612364338
158	0.0013620031365595973
159	0.0011970428197458942
160	0.0010291143229459046
161	9.246444306355151E-4
162	8.971158165918383E-4
163	9.46775126917293E-4
164	0.0010638842821104183
165	0.0011987663002542333
166	0.0012917594738278764
167	0.0012968943325073247
168	0.0012229703547559066
169	0.0010924792562337887
170	9.368353471193745E-4
171	8.231433156640181E-4
172	8.274304446373107E-4
173	9.910170541130995E-4
174	0.0012163956133822566
175	0.0013713516290399092
176	0.0013602241085951849
177	0.0012335660632132098
178	0.0010784840049731105
179	9.695895500661665E-4
180	9.315147311322765E-4
181	9.763966849234935E-4
182	0.0011006317800341518
183	0.0012376533124277146
184	0.001305153809909928
185	0.00124469156140996
186	0.001093287900350674
187	9.118299212783562E-4
188	7.564380823499027E-4
189	6.641662961646505E-4
190	6.673018389325462E-4
191	7.796332549786163E-4
192	9.409541610882077E-4
193	0.0010725594421617472
194	0.0011152497132347725
195	0.0010878485098832643
196	0.001028685097818314
197	9.694269044242634E-4
198	9.150940037784499E-4
199	8.640446316314613E-4
200	8.146370237338854E-4
