DE Ert1_GEM_1_m0 4.21 7 k6_c33
1 1 0 31 0 G
2 28 4 0 0 A
3 19 0 10 3 A
4 0 1 0 31 T
XX

DE Ert1_GEM_1_m1 4.72 -4 k6_c16
1 6 2 1 7 T
2 1 3 1 10 T
3 1 1 3 11 T
4 1 1 11 3 G
5 1 0 5 10 T
6 0 0 4 11 T
XX

DE Ert1_GEM_1_m2 5.71 10 k5_c23
1 2 20 0 0 C
2 0 5 16 2 G
3 4 0 17 2 G
4 20 2 0 1 A
5 15 0 6 2 A
XX

DE Ert1_GEM_1_m3 6.54 3 k6_c19
1 0 1 17 0 G
2 15 0 4 0 A
3 4 0 15 0 G
4 6 1 7 4 G
5 16 3 0 0 A
6 17 0 1 0 A
XX

DE Ert1_GEM_1_m4 5.03 8 k5_c24
1 13 0 10 2 A
2 0 0 23 0 G
3 1 5 0 17 T
4 0 0 23 0 G
5 20 3 0 0 A
XX

DE Ert1_GEM_1_m5 5.51 -6 k5_c24
1 0 23 0 0 C
2 4 0 0 20 T
3 3 15 0 5 C
4 0 0 0 23 T
5 4 1 0 18 T
XX

DE Ert1_GEM_1_m6 5.40 10 k6_c16
1 0 15 0 0 C
2 0 15 0 0 C
3 0 0 10 5 G
4 15 0 0 0 A
5 8 0 0 7 A
6 0 1 0 14 T
XX

DE Ert1_GEM_1_m7 6.55 3 k7_c14
1 0 0 13 0 G
2 0 0 13 0 G
3 11 0 2 0 A
4 9 0 3 2 A
5 6 7 0 0 C
6 13 0 0 0 A
7 13 0 0 0 A
XX

DE Ert1_GEM_1_m8 6.14 8 k7_c11
1 0 0 10 0 G
2 10 0 0 0 A
3 10 0 0 0 A
4 6 0 3 1 A
5 2 1 0 7 T
6 0 4 6 0 G
7 0 10 0 0 C
XX

DE Ert1_GEM_1_m9 7.70 -13 k8_c10
1 8 1 0 0 A
2 0 0 0 9 T
3 0 0 1 8 T
4 0 0 0 9 T
5 6 0 1 2 A
6 0 3 0 6 T
7 0 1 8 0 G
8 5 0 0 4 A
XX

DE Ert1_GEM_1_m10 12.95 -8 k9_c4
1 0 0 3 0 G
2 0 0 3 0 G
3 3 0 0 0 A
4 0 0 3 0 G
5 0 0 3 1 G
6 0 0 3 0 G
7 0 0 3 0 G
8 1 0 0 2 T
9 0 3 1 0 C
XX

DE Ert1_GEM_1_m11 8.90 1 k10_c6
1 0 3 2 0 C
2 0 5 0 0 C
3 1 4 0 0 C
4 0 4 2 0 C
5 0 3 1 2 C
6 0 3 2 0 C
7 3 1 1 0 A
8 0 1 4 0 G
9 0 3 2 0 C
10 0 0 5 0 G
XX

