-300	3.2384524404448965E-4
-299	6.27103866154496E-4
-298	7.693140099427764E-4
-297	9.156413124640565E-4
-296	0.0010372574752802468
-295	0.0010607665471672044
-294	9.242811261226095E-4
-293	6.776071812476268E-4
-292	4.775672297823618E-4
-291	4.6330997809765427E-4
-290	6.005760544015426E-4
-289	7.42953758742122E-4
-288	7.585788552580005E-4
-287	6.588144551835651E-4
-286	5.345198623016423E-4
-285	4.75095536799599E-4
-284	5.041525136334708E-4
-283	5.787842038638426E-4
-282	6.419872600069872E-4
-281	6.525052212999183E-4
-280	6.432394816768148E-4
-279	6.65964721471261E-4
-278	7.494310684549684E-4
-277	8.280756762289993E-4
-276	8.215694090258705E-4
-275	7.105847802099299E-4
-274	5.870678960802928E-4
-273	5.504174927531322E-4
-272	6.109308318180436E-4
-271	6.948025521096851E-4
-270	7.291331862498963E-4
-269	7.130034883784215E-4
-268	6.725176754057268E-4
-267	6.325897538958314E-4
-266	6.11954387010431E-4
-265	6.585956490635983E-4
-264	8.213600029042146E-4
-263	0.001093925325173094
-262	0.0013595363076684844
-261	0.0014796795155211841
-260	0.001376635948224061
-259	0.0011556720895678004
-258	9.682396473608588E-4
-257	9.294531116409672E-4
-256	9.874472439255803E-4
-255	0.0010515124889318981
-254	0.0010633403144896065
-253	0.0010453093365717706
-252	0.0010304646224255473
-251	0.0010210606006745494
-250	0.0010265399457978343
-249	0.001064280510017509
-248	0.00114854574529584
-247	0.001221657458455316
-246	0.001212830461042105
-245	0.001101987027340792
-244	9.838320314351548E-4
-243	9.687941095492076E-4
-242	0.0010936704943644126
-241	0.0012732993087468233
-240	0.0014002737905399333
-239	0.0014068568268251378
-238	0.0013034581412547461
-237	0.001128999096146187
-236	9.618598172952302E-4
-235	8.834986014799495E-4
-234	9.559093321394869E-4
-233	0.0011581568026618279
-232	0.0014024095667651987
-231	0.0016010060513338255
-230	0.0017225475669745186
-229	0.00177348299306654
-228	0.0017517262190139913
-227	0.001613788107826834
-226	0.0013737196579331219
-225	0.0010904152774827876
-224	8.983864272700369E-4
-223	8.335252009044787E-4
-222	8.749641922074757E-4
-221	9.261208769327025E-4
-220	9.688502340041195E-4
-219	0.0010207009969269375
-218	0.0011211699546189741
-217	0.0012516049296785602
-216	0.0013773776706144133
-215	0.001474522396278958
-214	0.0015468203975530777
-213	0.001598283511004802
-212	0.0016027275784603477
-211	0.001510052095241583
-210	0.0012862823869033235
-209	0.001005078879932098
-208	8.632855597715221E-4
-207	0.0010441439687147469
-206	0.0015201737747727857
-205	0.002010142930981728
-204	0.0022303141065173645
-203	0.0021520146212895054
-202	0.0020001246704308725
-201	0.001986394237204438
-200	0.002051566736238052
-199	0.002008459335822943
-198	0.0017316145757210971
-197	0.001399916690701163
-196	0.0012430377067857046
-195	0.0014162480771210222
-194	0.0018038721622633401
-193	0.0022212830155615058
-192	0.002508280819197263
-191	0.0026076473473886407
-190	0.0025028246737659812
-189	0.002209297784996497
-188	0.0018676802916739587
-187	0.00169811621015827
-186	0.001869058790113983
-185	0.002266452458836973
-184	0.002614560853716628
-183	0.0026812262928278905
-182	0.0025222456309873203
-181	0.0023273393224373198
-180	0.002259613987402828
-179	0.0023044544216112898
-178	0.002383305494023821
-177	0.0024286722457013753
-176	0.002443759452061559
-175	0.002470630361883174
-174	0.0025495675079340325
-173	0.0026723867002769316
-172	0.0027484817574075964
-171	0.0026877508794015646
-170	0.0024976715364795656
-169	0.0022872513121825846
-168	0.0021570626602879298
-167	0.00210129126395289
-166	0.0021236438534456684
-165	0.0022516238171139797
-164	0.0025211392464624567
-163	0.0027892381334944896
-162	0.0028747330237437656
-161	0.00269662422889048
-160	0.0024243497210845477
-159	0.0022650837015335628
-158	0.0022988190163466342
-157	0.0024323425311061193
-156	0.0025692595162217302
-155	0.0027566662483649315
-154	0.0030977043898352923
-153	0.0036315234757960087
-152	0.004115656594886386
-151	0.004221743492946503
-150	0.003737075431144487
-149	0.00297037520703008
-148	0.002519362109085664
-147	0.002867900492694139
-146	0.003795490871635974
-145	0.004606556817123098
-144	0.004677056714963765
-143	0.0040695254409454165
-142	0.0033238376831556124
-141	0.002963177500921462
-140	0.003057157302166142
-139	0.003334245079825137
-138	0.0034936246676649982
-137	0.0034051786753228693
-136	0.003149841194905414
-135	0.002866433631904772
-134	0.002720340016768962
-133	0.0027883923329948424
-132	0.0030821148398448035
-131	0.003442236556919844
-130	0.0036251505959319134
-129	0.0034373533158079585
-128	0.0029769324391137925
-127	0.002590244042850885
-126	0.002597377666355687
-125	0.0029627872723503993
-124	0.0033238646361792973
-123	0.003321663792115216
-122	0.0029241511070406422
-121	0.0023993952214508116
-120	0.002044700701850601
-119	0.0020047320238813513
-118	0.0022485511714269413
-117	0.002677685583836388
-116	0.00308263137697847
-115	0.003273007664657634
-114	0.003142313872275
-113	0.0028684030557777182
-112	0.002695861434569926
-111	0.0027917250804148025
-110	0.0030258770995693486
-109	0.003225419974162141
-108	0.0032745457439085756
-107	0.0032346529863608578
-106	0.0031456535356085506
-105	0.003033281270245459
-104	0.002938892118498916
-103	0.002915846027879406
-102	0.0029734530099006715
-101	0.0029640577419958215
-100	0.002805286632725634
-99	0.002496587956933088
-98	0.0022194904413037754
-97	0.0020746088842520526
-96	0.002105617869284571
-95	0.002279510469988086
-94	0.002604920778957776
-93	0.0030702933047209355
-92	0.0035184601356804406
-91	0.003755893026713265
-90	0.0036651790782678325
-89	0.003418413987455633
-88	0.0032041687404893706
-87	0.003138221290941225
-86	0.0031359718718675755
-85	0.0031795978836112585
-84	0.0033016637520571213
-83	0.0035641853954433947
-82	0.0038586657079533364
-81	0.004017420469089858
-80	0.0038799977066993783
-79	0.003491177573634256
-78	0.002983576064017067
-77	0.002586033542628231
-76	0.002408446489506483
-75	0.002478226952407498
-74	0.0026664439904838513
-73	0.0028840612830969875
-72	0.0030895393599878213
-71	0.0033185808538309857
-70	0.003519325522782516
-69	0.0035934968973953987
-68	0.0034166696109021602
-67	0.003028572520291026
-66	0.0025654799220538333
-65	0.0023253019656372426
-64	0.002487076412096419
-63	0.003095365256704938
-62	0.003831884655563837
-61	0.004306978488287066
-60	0.0042256094849553085
-59	0.0036914015373579953
-58	0.0030606971603428187
-57	0.002692320389587135
-56	0.0027303822317596435
-55	0.0030351320955736747
-54	0.0033852566622875144
-53	0.003543887511658209
-52	0.003514643366450607
-51	0.0034027641326754344
-50	0.0033968594788063265
-49	0.0034722040480127552
-48	0.003537715543817805
-47	0.0035317478304062954
-46	0.0035690436456262864
-45	0.003779909756087804
-44	0.0041481783445912026
-43	0.004514442161259801
-42	0.004711374595808213
-41	0.004674935509579277
-40	0.00444653790966091
-39	0.004101499948932685
-38	0.00377569878045633
-37	0.003657196482499375
-36	0.003929256802818911
-35	0.004644846724816341
-34	0.005555901832767915
-33	0.006307655913958318
-32	0.00650794698536326
-31	0.006141728105451062
-30	0.005384030134843475
-29	0.004688293762617801
-28	0.004316287895651457
-27	0.004371753798225376
-26	0.0046140057295009015
-25	0.004749967609853132
-24	0.004559073431639222
-23	0.0041207357528422525
-22	0.003761495964192767
-21	0.003811252403568227
-20	0.004372603811098596
-19	0.005277133094084082
-18	0.006307427685556558
-17	0.007271454757088308
-16	0.00795686881486669
-15	0.008186153616320453
-14	0.008020193893620447
-13	0.00784440910920493
-12	0.00801869621709846
-11	0.008455485985984019
-10	0.008719920015711298
-9	0.00844553635139519
-8	0.007822012959075478
-7	0.00729595031952176
-6	0.007206680163526854
-5	0.007317744993254728
-4	0.007170111783999781
-3	0.006421947155243047
-2	0.0053026490131011655
-1	0.004254032868584353
0	0.0036326275320220348
1	0.0033845394694084537
2	0.0033719254125475833
3	0.0035000405114483523
4	0.0037786880008074024
5	0.0040640105885720165
6	0.004170627143719305
7	0.0040010097837641775
8	0.0037127110132400953
9	0.003494965673534601
10	0.0033783022906917672
11	0.003215657376106949
12	0.0028749349384463558
13	0.002444157888006871
14	0.0021156505392940176
15	0.00204155484893634
16	0.0021557865380444205
17	0.002319178469015497
18	0.0024114966953686025
19	0.0024051398651785804
20	0.0022849339385811397
21	0.0020471867328425383
22	0.0017606114590882755
23	0.0015683917006102065
24	0.0015938677667050858
25	0.0017893563302663253
26	0.00194620472330669
27	0.0018595472416172078
28	0.0015199199795317678
29	0.0011698080417624993
30	0.0010806402925499373
31	0.0013448990659726983
32	0.0017175184255057445
33	0.0018901826422162147
34	0.0016973086171141938
35	0.001321744104846204
36	0.001014457555500501
37	9.157227823839752E-4
38	9.522154046548881E-4
39	0.001024126526051689
40	0.0011224332028298282
41	0.0012548258927968124
42	0.0014082620348097657
43	0.0015098206390379068
44	0.0015341299388457886
45	0.001473775911325631
46	0.0013332036240016685
47	0.0011450036716803948
48	9.610256931871212E-4
49	8.682163577094316E-4
50	9.057478142987359E-4
51	0.0010839271727629259
52	0.0013519112738225431
53	0.0016210363595945323
54	0.001801549753597831
55	0.001836751425474688
56	0.001728353583003663
57	0.001495691241215951
58	0.001181808061826291
59	8.608364909160147E-4
60	6.148860593805574E-4
61	5.098910789861513E-4
62	5.280752035534811E-4
63	6.167512058051626E-4
64	6.912863827061368E-4
65	7.442619320086797E-4
66	8.023525657299947E-4
67	9.114456165677688E-4
68	0.0010236772648747425
69	0.001064956032484808
70	9.896156185185698E-4
71	8.64888078965944E-4
72	7.833240669824783E-4
73	8.030171742615657E-4
74	8.876220393540065E-4
75	9.73483269015593E-4
76	9.93812817931815E-4
77	9.356437583238711E-4
78	8.197075863868483E-4
79	7.35023598809717E-4
80	7.567030568617757E-4
81	9.185967361911941E-4
82	0.0011288494704389694
83	0.0012877696673617677
84	0.0013278679250457225
85	0.0012778833004190972
86	0.0011627960693065124
87	9.99080327850389E-4
88	8.086870221175595E-4
89	6.518036098487333E-4
90	5.841374035243807E-4
91	5.939197909537018E-4
92	6.14149836935505E-4
93	5.839059028371441E-4
94	5.142070647119307E-4
95	4.591924414585384E-4
96	4.664545180967956E-4
97	5.24847086266825E-4
98	5.870081289680838E-4
99	6.031915262084078E-4
100	5.519903715617861E-4
101	4.7499161655818295E-4
102	4.3430694820858606E-4
103	4.863578021756894E-4
104	5.805697947713999E-4
105	6.341324823398626E-4
106	5.792182474228626E-4
107	4.6917865081430804E-4
108	3.8780491317954083E-4
109	3.955004845994708E-4
110	4.7225672155663963E-4
111	5.785222093147522E-4
112	6.769120350228931E-4
113	7.335882578451738E-4
114	7.193726108486143E-4
115	6.358433243540421E-4
116	5.497308953286221E-4
117	5.360098471262182E-4
118	6.185314928309547E-4
119	7.228464779790619E-4
120	7.602193792714372E-4
121	6.949864006904751E-4
122	5.759818279527235E-4
123	4.6287592178401665E-4
124	3.7965924191325865E-4
125	3.299846185974114E-4
126	3.226354227212333E-4
127	3.868611261044829E-4
128	5.111462779991399E-4
129	6.573418735323867E-4
130	7.423997141962677E-4
131	7.196523476081058E-4
132	5.755632389133417E-4
133	3.777313953643268E-4
134	2.1175640785553603E-4
135	1.5035002727933566E-4
136	2.0549404401249297E-4
137	3.304347988625849E-4
138	4.636033698837959E-4
139	5.424659958090352E-4
140	5.486466616258387E-4
141	4.847521580969667E-4
142	3.880876649199206E-4
143	2.976056552425759E-4
144	2.4599606960094914E-4
145	2.4269574521346705E-4
146	2.699578800728154E-4
147	3.0115511961678067E-4
148	3.053439634950966E-4
149	2.820431629434042E-4
150	2.461543062026284E-4
151	2.301338364450694E-4
152	2.3208021362094503E-4
153	2.3534175469561305E-4
154	2.154826596409883E-4
155	1.8319601740840927E-4
156	1.5961658279766973E-4
157	1.6191722272015875E-4
158	1.830979377179514E-4
159	2.0927610186276065E-4
160	2.264142193310093E-4
161	2.3036513418453987E-4
162	2.2332616722293484E-4
163	2.232918596105667E-4
164	2.5599471234183694E-4
165	3.3988779882577276E-4
166	4.5222143740602724E-4
167	5.297809589006946E-4
168	5.133805282169191E-4
169	4.0567701823257155E-4
170	2.756084273358225E-4
171	1.9754489325104243E-4
172	2.0108278350992257E-4
173	2.5852308890090495E-4
174	3.2709413592582647E-4
175	3.6143561424679173E-4
176	3.4751489368573213E-4
177	2.8891729483338E-4
178	2.213936242936509E-4
179	1.7298672867020864E-4
180	1.6293575169089422E-4
181	1.9085314705921468E-4
182	2.4690282550449437E-4
183	3.1487042420820543E-4
184	3.6149830095234635E-4
185	3.6286231726640324E-4
186	3.0944449542046895E-4
187	2.3240010364610988E-4
188	1.6386227730111094E-4
189	1.25988185553831E-4
190	1.1294776321009796E-4
191	1.1983972301040879E-4
192	1.4435728632193956E-4
193	1.8282424156552423E-4
194	2.188713620776476E-4
195	2.355387570375158E-4
196	2.2932379590570473E-4
197	2.1001022423639817E-4
198	1.883365158776405E-4
199	1.682765260947686E-4
200	2.907219166561293E-4
