Position	IP	CondAna_Present	CondAna_IP	CondAna_Control	CondAna_Fold	CondAna_Expectd	CondAna_Q_-lg10	CondAna_P_-lg10	CondAna_P_poiss	CondAna_IPvsEMP	CondAna_Noise	CondEth_Present	CondEth_IP	CondEth_Control	CondEth_Fold	CondEth_Expectd	CondEth_Q_-lg10	CondEth_P_-lg10	CondEth_P_poiss	CondEth_IPvsEMP	CondEth_Noise	CondGlu_Present	CondGlu_IP	CondGlu_Control	CondGlu_Fold	CondGlu_Expectd	CondGlu_Q_-lg10	CondGlu_P_-lg10	CondGlu_P_poiss	CondGlu_IPvsEMP	CondGlu_Noise	CondNit_Present	CondNit_IP	CondNit_Control	CondNit_Fold	CondNit_Expectd	CondNit_Q_-lg10	CondNit_P_-lg10	CondNit_P_poiss	CondNit_IPvsEMP	CondNit_Noise	KmerGroup	MotifId	KG_score	Strand
1:34412	  181.6	1	   23.6	NaN	NaN	   10.5	   2.40	NaN	   3.64	  -1.16	   0.00	0	   87.4	NaN	NaN	   75.9	  -0.18	NaN	   1.02	  -1.15	   0.00	0	   42.0	NaN	NaN	   47.2	  -0.27	NaN	   0.13	  -1.21	   0.00	0	   28.6	NaN	NaN	   47.7	  -0.05	NaN	   0.00	  -1.35	   0.00	AGAATA_4/1	0	1.36	+
1:58170	  202.4	1	   39.5	NaN	NaN	   19.0	   3.44	NaN	   4.76	  -1.64	   0.00	0	   80.9	NaN	NaN	   84.0	  -0.36	NaN	   0.19	  -1.21	   0.00	0	   67.2	NaN	NaN	   63.0	  -0.29	NaN	   0.55	  -1.26	   0.00	0	   14.8	NaN	NaN	   47.7	  -0.01	NaN	   0.00	  -1.40	   0.00	TTGTTCC_7/1	0	1.78	+
1:128384	  229.0	0	   13.0	NaN	NaN	   11.3	  -0.20	NaN	   0.46	  -1.13	   0.00	0	   92.0	NaN	NaN	   74.0	   0.22	NaN	   1.62	  -1.19	   0.00	1	   87.0	NaN	NaN	   48.2	   4.72	NaN	   6.50	  -1.17	   0.00	0	   37.0	NaN	NaN	   52.3	  -0.08	NaN	   0.00	  -1.02	   0.00	CGAGAAT_7/0	0	2.00	+
1:202845	  276.0	0	   15.0	NaN	NaN	   10.9	   0.01	NaN	   0.85	  -1.28	   0.00	1	  115.0	NaN	NaN	   69.5	   4.41	NaN	   6.43	  -1.05	   0.00	1	   73.0	NaN	NaN	   46.2	   2.23	NaN	   3.80	  -0.99	   0.00	0	   73.0	NaN	NaN	   47.7	   1.30	NaN	   3.40	  -1.01	   0.00	GAGAAT_5/0	0	1.68	+
1:205745	  277.3	0	   17.1	NaN	NaN	   12.4	   0.17	NaN	   1.10	  -0.92	   0.00	1	  115.2	NaN	NaN	   69.5	   4.63	NaN	   6.66	  -0.85	   0.00	1	   72.9	NaN	NaN	   46.2	   2.24	NaN	   3.80	  -1.01	   0.00	0	   72.1	NaN	NaN	   47.7	   1.32	NaN	   3.40	  -1.04	   0.00	AGAATA_4/1	0	1.36	+
1:207759	  259.5	0	   12.0	NaN	NaN	   10.7	  -0.21	NaN	   0.42	  -1.13	   0.00	0	   96.0	NaN	NaN	   69.5	   1.19	NaN	   2.82	  -1.08	   0.00	1	   74.5	NaN	NaN	   46.2	   2.63	NaN	   4.23	  -1.07	   0.00	0	   77.0	NaN	NaN	   47.7	   2.00	NaN	   4.23	  -1.06	   0.00	GAGAAT_5/0	0	1.68	+
10:15170	  403.5	1	   63.3	NaN	NaN	   11.5	  24.37	NaN	  26.29	  -1.31	   0.00	0	   99.0	NaN	NaN	   73.9	   0.94	NaN	   2.51	  -1.30	   0.00	1	  241.2	NaN	NaN	   49.4	  82.52	NaN	  84.95	  -1.06	   0.00	0	    0.0	NaN	NaN	   51.1	  -0.00	NaN	  -0.00	  -1.16	   0.00	TTNTTCC_7/1	0	1.78	+
10:148779	  192.3	1	   34.4	NaN	NaN	   13.3	   4.83	NaN	   6.24	  -1.18	   0.00	0	   69.9	NaN	NaN	   73.9	  -0.34	NaN	   0.16	  -1.20	   0.00	0	   57.0	NaN	NaN	   49.4	  -0.19	NaN	   0.81	  -1.28	   0.00	0	   31.1	NaN	NaN	   51.9	  -0.05	NaN	   0.00	  -1.02	   0.00	GTTTTTCC_9/2	0	1.88	+
10:184394	  178.3	1	   28.5	NaN	NaN	   11.6	   3.60	NaN	   4.94	  -1.25	   0.00	0	   68.2	NaN	NaN	   75.2	  -0.29	NaN	   0.11	  -1.22	   0.00	0	   61.8	NaN	NaN	   49.4	   0.15	NaN	   1.33	  -1.03	   0.00	0	   19.7	NaN	NaN	   51.1	  -0.02	NaN	   0.00	  -1.29	   0.00	AGAGTA_4/0	0	1.53	+
10:277925	  172.4	1	   30.0	NaN	NaN	   11.5	   4.07	NaN	   5.43	  -1.24	   0.00	0	   59.3	NaN	NaN	   73.9	  -0.14	NaN	   0.02	  -1.20	   0.00	0	   60.0	NaN	NaN	   49.4	   0.07	NaN	   1.22	  -1.31	   0.00	0	   23.2	NaN	NaN	   51.1	  -0.02	NaN	   0.00	  -0.99	   0.00	TGTTCC_3/0	0	1.39	+
10:628107	  169.4	1	   54.6	NaN	NaN	   12.3	  16.73	NaN	  18.52	  -1.26	   0.00	0	   39.7	NaN	NaN	   90.7	  -0.00	NaN	   0.00	  -0.96	   0.00	0	   54.7	NaN	NaN	   61.8	  -0.23	NaN	   0.08	  -1.01	   0.00	0	   20.4	NaN	NaN	   61.4	  -0.01	NaN	   0.00	  -0.94	   0.00	TTNTTCC_7/1	0	1.78	+
10:658911	  235.9	1	   29.5	NaN	NaN	   12.9	   3.17	NaN	   4.47	  -1.37	   0.00	0	  102.6	NaN	NaN	   75.1	   1.25	NaN	   2.89	  -1.11	   0.00	0	   46.1	NaN	NaN	   49.4	  -0.30	NaN	   0.19	  -1.15	   0.00	0	   57.8	NaN	NaN	   53.2	  -0.37	NaN	   0.56	  -1.33	   0.00	TTNTTCC_7/1	0	1.78	+
10:705112	  170.0	1	   38.0	NaN	NaN	   17.5	   3.51	NaN	   4.84	  -1.24	   0.00	0	   51.0	NaN	NaN	   73.9	  -0.03	NaN	   0.00	  -1.09	   0.00	0	   45.0	NaN	NaN	   49.4	  -0.27	NaN	   0.12	  -1.15	   0.00	0	   36.0	NaN	NaN	   51.1	  -0.08	NaN	   0.00	  -1.18	   0.00	GAGAAT_5/0	0	1.68	+
11:31639	  215.0	1	   31.4	NaN	NaN	   15.5	   2.54	NaN	   3.81	  -1.55	   0.00	0	   99.0	NaN	NaN	   81.7	   0.17	NaN	   1.56	  -1.13	   0.00	0	   48.1	NaN	NaN	   58.7	  -0.16	NaN	   0.04	  -1.05	   0.00	0	   36.4	NaN	NaN	   53.5	  -0.07	NaN	   0.00	  -1.18	   0.00	AGAATA_4/1	0	1.36	+
11:74443	  277.7	1	   64.6	NaN	NaN	   16.7	  16.86	NaN	  18.66	  -1.12	   0.00	0	   87.0	NaN	NaN	   81.7	  -0.39	NaN	   0.53	  -1.26	   0.00	1	  115.1	NaN	NaN	   58.7	   8.57	NaN	  10.54	  -1.08	   0.00	0	   11.0	NaN	NaN	   53.5	  -0.01	NaN	   0.00	  -1.05	   0.00	CGAGAA_3/0	0	1.39	+
11:98363	  218.6	1	   50.5	NaN	NaN	   15.8	  10.16	NaN	  11.78	  -1.33	   0.00	0	   75.1	NaN	NaN	   81.7	  -0.31	NaN	   0.12	  -1.22	   0.00	0	   64.4	NaN	NaN	   58.7	  -0.26	NaN	   0.65	  -1.31	   0.00	0	   28.6	NaN	NaN	   53.5	  -0.03	NaN	   0.00	  -1.32	   0.00	GAGAAT_5/0	0	1.68	+
11:98989	  171.9	1	   31.6	NaN	NaN	   15.8	   2.41	NaN	   3.66	  -1.41	   0.00	0	   66.2	NaN	NaN	   81.7	  -0.14	NaN	   0.02	  -1.16	   0.00	0	   47.3	NaN	NaN	   58.7	  -0.14	NaN	   0.03	  -1.22	   0.00	0	   26.8	NaN	NaN	   53.5	  -0.03	NaN	   0.00	  -1.24	   0.00	AGATAT_2/0	0	1.25	+
11:237455	  246.9	1	   78.4	NaN	NaN	   20.2	  20.71	NaN	  22.56	  -1.22	   0.00	0	   64.3	NaN	NaN	   85.8	  -0.06	NaN	   0.00	  -0.80	   0.00	0	   84.2	NaN	NaN	   64.5	   0.74	NaN	   2.08	  -1.02	   0.00	0	   20.1	NaN	NaN	   53.5	  -0.02	NaN	   0.00	  -1.07	   0.00	GTTTTT_4/1	0	1.36	+
11:237705	  275.1	1	   55.6	NaN	NaN	   21.0	   8.16	NaN	   9.73	  -0.87	   0.00	0	  114.7	NaN	NaN	   89.4	   0.75	NaN	   2.29	  -0.97	   0.00	1	   94.8	NaN	NaN	   64.3	   2.14	NaN	   3.70	  -0.95	   0.00	0	    9.9	NaN	NaN	   53.5	  -0.01	NaN	   0.00	  -0.80	   0.00	TTNTTCC_7/1	0	1.78	+
11:265098	  272.8	1	   36.6	NaN	NaN	   15.2	   4.39	NaN	   5.78	  -1.13	   0.00	1	  121.3	NaN	NaN	   81.7	   2.80	NaN	   4.73	  -1.04	   0.00	1	  109.6	NaN	NaN	   58.7	   6.92	NaN	   8.81	  -1.12	   0.00	0	    5.3	NaN	NaN	   53.5	  -0.00	NaN	  -0.00	  -2.41	   0.00	GGAGTG_2/0	0	1.25	+
11:328557	  183.3	1	   34.8	NaN	NaN	   15.2	   3.67	NaN	   5.01	  -1.22	   0.00	0	   80.2	NaN	NaN	   81.7	  -0.39	NaN	   0.26	  -1.00	   0.00	0	   60.6	NaN	NaN	   58.7	  -0.33	NaN	   0.40	  -1.26	   0.00	0	    7.7	NaN	NaN	   53.5	  -0.00	NaN	   0.00	  -1.33	   0.00	TTNTTCC_7/1	0	1.78	+
11:346748	  256.1	1	   87.1	NaN	NaN	   15.2	  34.73	NaN	  36.82	  -1.35	   0.00	0	   75.4	NaN	NaN	   81.7	  -0.31	NaN	   0.12	  -1.31	   0.00	0	   74.7	NaN	NaN	   58.7	   0.39	NaN	   1.64	  -1.27	   0.00	0	   18.8	NaN	NaN	   53.5	  -0.01	NaN	   0.00	  -1.25	   0.00	GAGTTTTTCC_11/2	0	2.19	+
11:361293	  232.5	1	   76.9	NaN	NaN	   23.1	  16.44	NaN	  18.22	  -1.26	   0.00	0	   53.3	NaN	NaN	   81.7	  -0.01	NaN	   0.00	  -1.14	   0.00	1	   92.1	NaN	NaN	   58.7	   3.01	NaN	   4.65	  -1.16	   0.00	0	   10.1	NaN	NaN	   56.3	  -0.01	NaN	   0.00	  -1.13	   0.00	CCGAAT_3/1	0	1.24	+
11:361889	  222.5	1	  100.8	NaN	NaN	   20.8	  33.77	NaN	  35.84	  -1.05	   0.00	0	   57.4	NaN	NaN	   81.7	  -0.03	NaN	   0.00	  -1.06	   0.00	0	   44.1	NaN	NaN	   58.7	  -0.09	NaN	   0.01	  -1.21	   0.00	0	   20.3	NaN	NaN	   57.8	  -0.01	NaN	   0.00	  -1.04	   0.00	AAAAGC_2/0	0	1.25	+
11:388230	  172.1	1	   33.7	NaN	NaN	   15.2	   3.33	NaN	   4.64	  -1.30	   0.00	0	   68.8	NaN	NaN	   81.7	  -0.17	NaN	   0.03	  -1.08	   0.00	0	   59.0	NaN	NaN	   58.7	  -0.34	NaN	   0.30	  -1.06	   0.00	0	   10.8	NaN	NaN	   53.5	  -0.01	NaN	   0.00	  -1.16	   0.00	TTTGTTCC_9/2	0	1.88	+
11:391170	 1721.1	1	  344.7	NaN	NaN	   17.5	 303.30	NaN	 306.27	  -0.90	   0.00	1	  394.9	NaN	NaN	   81.7	 133.11	NaN	 135.98	  -0.90	   0.00	1	  923.0	NaN	NaN	   61.2	 999.00	NaN	 999.00	  -0.74	   0.00	0	   58.5	NaN	NaN	   53.5	  -0.36	NaN	   0.62	  -1.15	   0.00	CCGAATTGTTCC_10/2	0	2.03	+
11:445912	  257.0	1	   30.0	NaN	NaN	   15.2	   2.07	NaN	   3.28	  -1.05	   0.00	0	   98.0	NaN	NaN	   83.6	  -0.09	NaN	   1.18	  -1.03	   0.00	0	   71.0	NaN	NaN	   58.7	   0.06	NaN	   1.18	  -1.01	   0.00	0	   58.0	NaN	NaN	   59.6	  -0.31	NaN	   0.22	  -1.25	   0.00	GCATTA_3/0	0	1.39	+
11:521618	  183.3	0	    2.0	NaN	NaN	   15.5	  -0.00	NaN	   0.00	  -1.49	   0.00	0	   64.4	NaN	NaN	   83.3	  -0.08	NaN	   0.01	  -1.07	   0.00	0	   27.0	NaN	NaN	   58.7	  -0.00	NaN	   0.00	  -1.16	   0.00	1	   89.8	NaN	NaN	   55.0	   2.67	NaN	   5.04	  -1.15	   0.00	TTTGTT_5/1	0	1.49	+
11:523222	  324.1	1	   50.5	NaN	NaN	   15.5	  10.48	NaN	  12.10	  -1.16	   0.00	0	  124.4	NaN	NaN	   89.3	   1.92	NaN	   3.68	  -1.07	   0.00	1	  101.8	NaN	NaN	   59.6	   4.67	NaN	   6.44	  -1.21	   0.00	0	   47.3	NaN	NaN	   55.3	  -0.20	NaN	   0.07	  -0.83	   0.00	TTNTTCC_7/1	0	1.78	+
11:620639	  171.1	1	   43.2	NaN	NaN	   15.2	   7.30	NaN	   8.83	  -1.13	   0.00	0	   60.5	NaN	NaN	   81.7	  -0.05	NaN	   0.00	  -1.26	   0.00	0	   58.5	NaN	NaN	   58.7	  -0.34	NaN	   0.30	  -1.14	   0.00	0	    8.8	NaN	NaN	   53.5	  -0.00	NaN	   0.00	  -0.96	   0.00	TTNTTCC_7/1	0	1.78	+
11:636334	13389.7	1	 2505.2	NaN	NaN	   33.0	 999.00	NaN	 999.00	  -0.54	   0.00	1	 4465.0	NaN	NaN	  119.5	 999.00	NaN	 999.00	  -0.50	   0.00	1	 5849.5	NaN	NaN	   99.7	 999.00	NaN	 999.00	  -0.49	   0.00	1	  570.0	NaN	NaN	   75.9	 283.73	NaN	 287.30	  -0.78	   0.00	GAGAATA_6/1	0	1.63	+
11:636414	 2189.1	1	  227.2	NaN	NaN	   34.1	 103.03	NaN	 105.60	  -0.41	   0.00	1	  824.3	NaN	NaN	  119.7	 999.00	NaN	 999.00	  -0.44	   0.00	1	 1035.2	NaN	NaN	   99.5	 999.00	NaN	 999.00	  -0.42	   0.00	0	  102.4	NaN	NaN	   75.6	   0.81	NaN	   2.79	  -0.51	   0.00	GTTTTT_4/1	0	1.36	+
12:69209	  573.9	1	  110.6	NaN	NaN	   12.7	  60.73	NaN	  63.13	  -1.04	   0.00	1	  220.0	NaN	NaN	   83.8	  32.61	NaN	  35.07	  -0.99	   0.00	1	  221.1	NaN	NaN	   53.2	  63.57	NaN	  65.97	  -1.00	   0.00	0	   22.2	NaN	NaN	   55.6	  -0.02	NaN	   0.00	  -1.38	   0.00	AGCGAAAAGC_7/0	0	2.00	+
12:71925	  167.6	1	   27.9	NaN	NaN	   13.9	   2.03	NaN	   3.23	  -1.25	   0.00	0	   63.7	NaN	NaN	   87.8	  -0.03	NaN	   0.00	  -0.84	   0.00	0	   54.6	NaN	NaN	   60.3	  -0.26	NaN	   0.11	  -1.09	   0.00	0	   21.4	NaN	NaN	   59.6	  -0.01	NaN	   0.00	  -0.68	   0.00	GAGTTT_3/0	0	1.39	+
12:172795	  172.1	1	   31.4	NaN	NaN	   16.0	   2.32	NaN	   3.56	  -1.20	   0.00	0	   63.8	NaN	NaN	  101.5	  -0.01	NaN	   0.00	  -1.08	   0.00	0	   45.9	NaN	NaN	   51.4	  -0.25	NaN	   0.10	  -1.09	   0.00	0	   30.9	NaN	NaN	   54.4	  -0.04	NaN	   0.00	  -1.23	   0.00	GTTTTT_4/1	0	1.36	+
12:213728	 1654.3	1	  423.1	NaN	NaN	   15.5	 999.00	NaN	 999.00	  -0.82	   0.00	1	  391.0	NaN	NaN	   87.0	 122.04	NaN	 124.84	  -0.89	   0.00	1	  749.2	NaN	NaN	   62.5	 999.00	NaN	 999.00	  -0.70	   0.00	0	   91.0	NaN	NaN	   70.4	   0.20	NaN	   1.99	  -1.17	   0.00	TTTGTT_5/1	0	1.49	+
12:232560	  325.0	1	   62.3	NaN	NaN	   14.1	  19.21	NaN	  21.05	  -1.21	   0.00	1	  112.2	NaN	NaN	   75.2	   2.63	NaN	   4.54	  -1.10	   0.00	1	  137.1	NaN	NaN	   51.4	  20.85	NaN	  23.06	  -1.12	   0.00	0	   13.4	NaN	NaN	   51.7	  -0.01	NaN	   0.00	  -0.92	   0.00	CGAAAA_3/0	0	1.39	+
12:308481	  225.0	0	   21.0	NaN	NaN	   19.5	  -0.21	NaN	   0.41	  -1.40	   0.00	1	  115.0	NaN	NaN	   75.2	   2.96	NaN	   4.92	  -1.07	   0.00	0	   66.0	NaN	NaN	   51.4	   0.33	NaN	   1.55	  -1.20	   0.00	0	   23.0	NaN	NaN	   53.7	  -0.02	NaN	   0.00	  -1.06	   0.00	GTTTTT_4/1	0	1.36	+
12:318577	  237.5	1	   37.5	NaN	NaN	   13.4	   6.05	NaN	   7.54	  -1.30	   0.00	0	   78.7	NaN	NaN	   75.2	  -0.40	NaN	   0.46	  -1.41	   0.00	1	  101.8	NaN	NaN	   51.4	   7.56	NaN	   9.50	  -1.26	   0.00	0	   19.5	NaN	NaN	   51.7	  -0.02	NaN	   0.00	  -1.71	   0.00	TTTGTT_5/1	0	1.49	+
12:349561	  217.9	1	   47.5	NaN	NaN	   22.0	   4.57	NaN	   5.96	  -1.23	   0.00	0	   81.6	NaN	NaN	   85.3	  -0.36	NaN	   0.18	  -1.10	   0.00	0	   81.7	NaN	NaN	   66.4	   0.24	NaN	   1.46	  -1.10	   0.00	0	    7.1	NaN	NaN	   52.8	  -0.00	NaN	   0.00	  -1.20	   0.00	GAGTTT_3/0	0	1.39	+
12:403737	  197.1	1	   46.9	NaN	NaN	   14.4	   9.48	NaN	  11.07	  -1.02	   0.00	0	   71.1	NaN	NaN	   75.2	  -0.36	NaN	   0.18	  -1.18	   0.00	0	   62.1	NaN	NaN	   54.6	  -0.17	NaN	   0.85	  -1.09	   0.00	0	   17.0	NaN	NaN	   55.8	  -0.01	NaN	   0.00	  -0.98	   0.00	TTGTTCC_7/1	0	1.78	+
12:428618	  220.9	1	   95.5	NaN	NaN	   12.8	  47.11	NaN	  49.32	  -1.06	   0.00	0	   56.7	NaN	NaN	   75.2	  -0.07	NaN	   0.01	  -1.12	   0.00	0	   49.7	NaN	NaN	   51.4	  -0.32	NaN	   0.23	  -1.15	   0.00	0	   19.0	NaN	NaN	   51.7	  -0.02	NaN	   0.00	  -0.71	   0.00	TTNTTCC_7/1	0	1.78	+
12:562857	  159.4	1	   36.9	NaN	NaN	   13.9	   5.28	NaN	   6.71	  -0.94	   0.00	0	   60.3	NaN	NaN	   79.4	  -0.08	NaN	   0.01	  -1.08	   0.00	0	   41.6	NaN	NaN	   51.4	  -0.15	NaN	   0.04	  -1.07	   0.00	0	   20.7	NaN	NaN	   51.7	  -0.02	NaN	   0.00	  -1.04	   0.00	TTTGTT_5/1	0	1.49	+
12:605806	  210.5	1	   61.1	NaN	NaN	   12.4	  21.22	NaN	  23.09	  -1.27	   0.00	0	   77.7	NaN	NaN	   76.1	  -0.41	NaN	   0.37	  -1.17	   0.00	0	   71.6	NaN	NaN	   54.2	   0.62	NaN	   1.92	  -1.39	   0.00	0	    0.0	NaN	NaN	   51.7	  -0.00	NaN	  -0.00	  -1.24	   0.00	AGAATA_4/1	0	1.36	+
12:718509	  161.6	1	   26.6	NaN	NaN	   12.8	   2.24	NaN	   3.46	  -0.91	   0.00	0	   80.5	NaN	NaN	   76.2	  -0.39	NaN	   0.52	  -1.18	   0.00	0	   50.4	NaN	NaN	   51.4	  -0.33	NaN	   0.27	  -1.11	   0.00	0	    4.0	NaN	NaN	   55.3	  -0.00	NaN	  -0.00	  -0.68	   0.00	GTTTTT_4/1	0	1.36	+
12:743429	  202.1	1	   32.3	NaN	NaN	   16.3	   2.46	NaN	   3.72	  -1.10	   0.00	0	   64.7	NaN	NaN	   92.3	  -0.02	NaN	   0.00	  -1.11	   0.00	0	   75.2	NaN	NaN	   61.5	   0.19	NaN	   1.40	  -1.14	   0.00	0	   29.9	NaN	NaN	   55.1	  -0.03	NaN	   0.00	  -0.98	   0.00	GAGAAT_5/0	0	1.68	+
12:744087	  216.9	1	   37.7	NaN	NaN	   15.6	   4.55	NaN	   5.94	  -1.26	   0.00	0	   68.2	NaN	NaN	   90.8	  -0.05	NaN	   0.00	  -1.30	   0.00	0	   83.4	NaN	NaN	   63.0	   0.82	NaN	   2.19	  -1.20	   0.00	0	   27.5	NaN	NaN	   58.3	  -0.02	NaN	   0.00	  -1.49	   0.00	GTTTTT_4/1	0	1.36	+
12:756664	  288.0	1	   26.6	NaN	NaN	   12.3	   2.47	NaN	   3.73	  -1.21	   0.00	0	  113.0	NaN	NaN	   78.6	   2.00	NaN	   3.81	  -1.13	   0.00	1	  103.5	NaN	NaN	   55.7	   6.47	NaN	   8.30	  -1.21	   0.00	0	   45.0	NaN	NaN	   56.5	  -0.13	NaN	   0.02	  -1.16	   0.00	GAGAATA_6/1	0	1.63	+
12:768804	  204.6	1	   61.5	NaN	NaN	   12.3	  21.45	NaN	  23.32	  -1.29	   0.00	0	   64.9	NaN	NaN	   78.3	  -0.16	NaN	   0.02	  -1.05	   0.00	0	   78.2	NaN	NaN	   54.9	   1.44	NaN	   2.89	  -1.28	   0.00	0	    0.0	NaN	NaN	   54.9	  -0.00	NaN	  -0.00	  -1.59	   0.00	CGAAAA_3/0	0	1.39	+
12:834738	  240.8	1	   31.9	NaN	NaN	   12.3	   4.33	NaN	   5.71	  -1.31	   0.00	0	   91.7	NaN	NaN	   75.2	   0.11	NaN	   1.48	  -1.23	   0.00	1	   90.4	NaN	NaN	   51.4	   4.66	NaN	   6.41	  -1.19	   0.00	0	   26.8	NaN	NaN	   51.7	  -0.03	NaN	   0.00	  -0.97	   0.00	AGAATA_4/1	0	1.36	+
12:884071	  189.0	1	   38.0	NaN	NaN	   12.3	   7.00	NaN	   8.51	  -1.36	   0.00	0	   57.0	NaN	NaN	   76.5	  -0.06	NaN	   0.00	  -1.07	   0.00	0	   78.0	NaN	NaN	   54.5	   1.35	NaN	   2.79	  -1.05	   0.00	0	   16.0	NaN	NaN	   54.4	  -0.01	NaN	   0.00	  -1.15	   0.00	CGAAAAGC_5/0	0	1.68	+
13:20869	  183.5	1	   26.9	NaN	NaN	   12.7	   2.28	NaN	   3.51	  -1.03	   0.00	0	   85.0	NaN	NaN	   77.5	  -0.34	NaN	   0.74	  -1.08	   0.00	0	   50.4	NaN	NaN	   54.4	  -0.29	NaN	   0.16	  -1.10	   0.00	0	   21.1	NaN	NaN	   52.7	  -0.02	NaN	   0.00	  -1.10	   0.00	GTTTTT_4/1	0	1.36	+
13:85813	  789.3	1	  186.8	NaN	NaN	   16.7	 121.05	NaN	 123.66	  -1.06	   0.00	1	  254.0	NaN	NaN	  101.3	  34.19	NaN	  36.68	  -1.02	   0.00	1	  317.7	NaN	NaN	   58.0	 121.18	NaN	 123.67	  -0.95	   0.00	0	   30.8	NaN	NaN	   65.4	  -0.02	NaN	   0.00	  -1.15	   0.00	CCGAATTC_4/1	0	1.36	+
13:86355	  198.0	1	   35.7	NaN	NaN	   15.8	   3.72	NaN	   5.06	  -1.40	   0.00	0	   78.0	NaN	NaN	   93.3	  -0.16	NaN	   0.03	  -1.19	   0.00	0	   65.2	NaN	NaN	   57.0	  -0.14	NaN	   0.88	  -1.26	   0.00	0	   19.1	NaN	NaN	   62.0	  -0.01	NaN	   0.00	  -1.02	   0.00	AGAATA_4/1	0	1.36	+
13:114150	  159.3	1	   31.7	NaN	NaN	   16.6	   2.10	NaN	   3.31	  -0.99	   0.00	0	   59.3	NaN	NaN	   81.0	  -0.05	NaN	   0.00	  -1.03	   0.00	0	   42.8	NaN	NaN	   61.4	  -0.04	NaN	   0.00	  -1.06	   0.00	0	   25.4	NaN	NaN	   52.7	  -0.03	NaN	   0.00	  -0.97	   0.00	TGTTCC_3/0	0	1.39	+
13:236197	  191.9	1	   44.5	NaN	NaN	   19.2	   5.02	NaN	   6.44	  -1.13	   0.00	0	   71.0	NaN	NaN	   79.8	  -0.24	NaN	   0.07	  -1.08	   0.00	0	   64.7	NaN	NaN	   61.5	  -0.31	NaN	   0.46	  -1.10	   0.00	0	   11.8	NaN	NaN	   54.3	  -0.01	NaN	   0.00	  -0.90	   0.00	TTTGTT_5/1	0	1.49	+
13:250859	  530.0	1	   49.9	NaN	NaN	   14.1	  11.31	NaN	  12.99	  -1.05	   0.00	1	  201.2	NaN	NaN	   85.9	  23.82	NaN	  26.14	  -1.05	   0.00	1	  147.5	NaN	NaN	   63.4	  17.10	NaN	  19.23	  -1.08	   0.00	1	  131.4	NaN	NaN	   67.1	   8.66	NaN	  11.76	  -1.11	   0.00	TTTGTT_5/1	0	1.49	+
13:265856	  250.8	1	   54.4	NaN	NaN	   15.4	  12.61	NaN	  14.32	  -1.13	   0.00	0	   77.7	NaN	NaN	   77.5	  -0.40	NaN	   0.31	  -1.15	   0.00	1	  100.4	NaN	NaN	   52.2	   6.94	NaN	   8.83	  -1.21	   0.00	0	   18.3	NaN	NaN	   56.4	  -0.01	NaN	   0.00	  -1.15	   0.00	AAAAGC_2/0	0	1.25	+
13:270244	  201.7	0	   26.1	NaN	NaN	   17.2	   0.70	NaN	   1.77	  -1.52	   0.00	0	   63.3	NaN	NaN	   77.5	  -0.15	NaN	   0.02	  -1.04	   0.00	1	   93.9	NaN	NaN	   59.2	   3.09	NaN	   4.74	  -1.18	   0.00	0	   18.6	NaN	NaN	   59.1	  -0.01	NaN	   0.00	  -1.17	   0.00	GTTTTTCC_9/2	0	1.88	+
13:285675	  198.4	1	   66.5	NaN	NaN	   12.7	  24.26	NaN	  26.17	  -1.27	   0.00	0	   67.7	NaN	NaN	   77.5	  -0.23	NaN	   0.06	  -1.06	   0.00	0	   49.3	NaN	NaN	   52.5	  -0.30	NaN	   0.18	  -1.24	   0.00	0	   14.9	NaN	NaN	   52.7	  -0.01	NaN	   0.00	  -1.38	   0.00	TTTGTTCC_9/2	0	1.88	+
13:289161	  168.7	1	   36.8	NaN	NaN	   16.3	   3.77	NaN	   5.11	  -1.12	   0.00	0	   56.1	NaN	NaN	   78.2	  -0.04	NaN	   0.00	  -0.99	   0.00	0	   60.1	NaN	NaN	   54.9	  -0.26	NaN	   0.65	  -0.96	   0.00	0	   15.6	NaN	NaN	   52.7	  -0.01	NaN	   0.00	  -1.19	   0.00	TTTGTT_5/1	0	1.49	+
13:379991	  174.0	1	   49.0	NaN	NaN	   13.7	  11.24	NaN	  12.91	  -0.95	   0.00	0	   57.0	NaN	NaN	   77.5	  -0.05	NaN	   0.00	  -1.21	   0.00	0	   56.0	NaN	NaN	   53.0	  -0.32	NaN	   0.44	  -1.06	   0.00	0	   12.0	NaN	NaN	   52.7	  -0.01	NaN	   0.00	  -1.65	   0.00	TTNTTCC_7/1	0	1.78	+
13:517883	  260.7	1	   66.6	NaN	NaN	   14.2	  21.64	NaN	  23.52	  -1.20	   0.00	0	   97.4	NaN	NaN	   94.8	  -0.42	NaN	   0.42	  -1.13	   0.00	0	   79.3	NaN	NaN	   63.5	   0.36	NaN	   1.59	  -1.13	   0.00	0	   17.5	NaN	NaN	   63.4	  -0.01	NaN	   0.00	  -1.08	   0.00	GTTTTTCC_9/2	0	1.88	+
13:534568	  234.9	1	   46.1	NaN	NaN	   14.3	   9.58	NaN	  11.19	  -1.09	   0.00	0	   90.5	NaN	NaN	   86.6	  -0.40	NaN	   0.48	  -1.21	   0.00	1	   88.5	NaN	NaN	   56.1	   2.88	NaN	   4.51	  -1.17	   0.00	0	    9.7	NaN	NaN	   53.0	  -0.01	NaN	   0.00	  -1.09	   0.00	GTTTTT_4/1	0	1.36	+
13:630545	  894.3	1	  147.4	NaN	NaN	   19.5	  73.33	NaN	  75.82	  -1.18	   0.00	1	  276.4	NaN	NaN	   83.1	  59.67	NaN	  62.28	  -0.96	   0.00	1	  442.3	NaN	NaN	   58.8	 220.80	NaN	 223.33	  -0.81	   0.00	0	   28.2	NaN	NaN	   52.7	  -0.03	NaN	   0.00	  -1.05	   0.00	GAGTTTTTCC_11/2	0	2.19	+
13:751165	  183.4	1	   50.5	NaN	NaN	   14.4	  11.49	NaN	  13.19	  -1.07	   0.00	0	   68.6	NaN	NaN	   77.5	  -0.24	NaN	   0.07	  -1.38	   0.00	0	   53.6	NaN	NaN	   51.8	  -0.33	NaN	   0.40	  -1.16	   0.00	0	   10.7	NaN	NaN	   52.7	  -0.01	NaN	   0.00	  -1.31	   0.00	TATGAA_2/0	0	1.25	+
13:751881	  245.9	0	   16.3	NaN	NaN	   15.2	  -0.19	NaN	   0.45	  -1.00	   0.00	0	   93.1	NaN	NaN	   77.5	   0.07	NaN	   1.42	  -1.08	   0.00	0	   53.1	NaN	NaN	   51.8	  -0.33	NaN	   0.40	  -1.22	   0.00	1	   83.4	NaN	NaN	   52.7	   2.12	NaN	   4.37	  -1.10	   0.00	TTTGTT_5/1	0	1.49	+
13:787835	  185.4	1	   51.5	NaN	NaN	   12.7	  14.30	NaN	  16.06	  -1.18	   0.00	0	   58.6	NaN	NaN	   77.5	  -0.07	NaN	   0.01	  -1.10	   0.00	0	   60.1	NaN	NaN	   51.8	  -0.11	NaN	   0.94	  -1.14	   0.00	0	   15.2	NaN	NaN	   52.7	  -0.01	NaN	   0.00	  -0.60	   0.00	GTTTTT_4/1	0	1.36	+
13:892615	  210.3	1	   86.4	NaN	NaN	   15.5	  33.44	NaN	  35.49	  -1.19	   0.00	0	   61.8	NaN	NaN	   78.0	  -0.11	NaN	   0.01	  -1.21	   0.00	0	   47.7	NaN	NaN	   51.8	  -0.28	NaN	   0.14	  -1.16	   0.00	0	   14.3	NaN	NaN	   61.1	  -0.01	NaN	   0.00	  -0.91	   0.00	TTGTTCC_7/1	0	1.78	+
14:106838	  167.0	1	   46.3	NaN	NaN	   14.9	   9.01	NaN	  10.60	  -1.19	   0.00	0	   53.0	NaN	NaN	   73.4	  -0.04	NaN	   0.00	  -1.09	   0.00	0	   47.2	NaN	NaN	   50.5	  -0.30	NaN	   0.18	  -1.16	   0.00	0	   20.6	NaN	NaN	   51.3	  -0.02	NaN	   0.00	  -1.21	   0.00	GTTTTT_4/1	0	1.36	+
14:164251	  194.7	0	    7.3	NaN	NaN	   12.8	  -0.11	NaN	   0.03	  -0.98	   0.00	0	   67.4	NaN	NaN	   75.7	  -0.26	NaN	   0.08	  -0.97	   0.00	0	   36.9	NaN	NaN	   50.9	  -0.07	NaN	   0.01	  -0.89	   0.00	1	   83.2	NaN	NaN	   51.8	   2.32	NaN	   4.62	  -1.21	   0.00	TTTGTT_5/1	0	1.49	+
14:207326	  233.7	1	   72.4	NaN	NaN	   12.8	  28.34	NaN	  30.31	  -1.20	   0.00	0	   64.4	NaN	NaN	   73.4	  -0.24	NaN	   0.07	  -1.42	   0.00	1	   81.3	NaN	NaN	   52.2	   2.50	NaN	   4.08	  -1.15	   0.00	0	   15.6	NaN	NaN	   55.1	  -0.01	NaN	   0.00	  -1.03	   0.00	CGAAAA_3/0	0	1.39	+
14:263883	  161.0	1	   31.9	NaN	NaN	   16.1	   2.29	NaN	   3.53	  -1.30	   0.00	0	   46.3	NaN	NaN	   76.1	  -0.01	NaN	   0.00	  -1.15	   0.00	0	   44.8	NaN	NaN	   53.8	  -0.17	NaN	   0.05	  -1.24	   0.00	0	   38.0	NaN	NaN	   51.3	  -0.10	NaN	   0.01	  -1.11	   0.00	TTTGTT_5/1	0	1.49	+
14:291318	  260.2	1	   46.4	NaN	NaN	   17.2	   7.13	NaN	   8.65	  -1.14	   0.00	0	   97.6	NaN	NaN	   85.8	  -0.20	NaN	   0.98	  -1.10	   0.00	1	   97.8	NaN	NaN	   59.9	   3.72	NaN	   5.40	  -1.05	   0.00	0	   18.4	NaN	NaN	   60.2	  -0.01	NaN	   0.00	  -1.06	   0.00	TTTGTTCC_9/2	0	1.88	+
14:291953	  273.4	1	  115.6	NaN	NaN	   15.4	  57.27	NaN	  59.59	  -0.93	   0.00	0	   78.7	NaN	NaN	   81.6	  -0.37	NaN	   0.20	  -1.04	   0.00	0	   68.9	NaN	NaN	   58.1	  -0.03	NaN	   1.05	  -0.95	   0.00	0	   10.2	NaN	NaN	   55.4	  -0.01	NaN	   0.00	  -0.87	   0.00	AAAAGC_2/0	0	1.25	+
14:348765	  220.6	0	   12.0	NaN	NaN	   12.8	  -0.22	NaN	   0.20	  -1.11	   0.00	0	   62.5	NaN	NaN	   73.4	  -0.20	NaN	   0.05	  -1.12	   0.00	0	   42.9	NaN	NaN	   50.5	  -0.19	NaN	   0.06	  -1.11	   0.00	1	  103.2	NaN	NaN	   67.7	   2.32	NaN	   4.59	  -1.03	   0.00	GAATTC_2/0	0	1.25	+
14:382304	  239.0	1	   39.0	NaN	NaN	   12.8	   7.45	NaN	   8.99	  -1.06	   0.00	0	   86.6	NaN	NaN	   73.6	  -0.10	NaN	   1.16	  -1.31	   0.00	1	   95.6	NaN	NaN	   50.5	   6.29	NaN	   8.10	  -1.14	   0.00	0	   17.8	NaN	NaN	   52.0	  -0.01	NaN	   0.00	  -1.06	   0.00	GTTTTT_4/1	0	1.36	+
14:395850	  266.6	0	   23.2	NaN	NaN	   12.8	   1.31	NaN	   2.47	  -1.38	   0.00	0	  120.7	NaN	NaN	   95.8	   0.62	NaN	   2.14	  -1.12	   0.00	1	  103.2	NaN	NaN	   50.7	   8.48	NaN	  10.44	  -1.07	   0.00	0	   19.5	NaN	NaN	   56.3	  -0.01	NaN	   0.00	  -1.12	   0.00	TATGAA_2/0	0	1.25	+
14:493065	 2297.8	1	 1108.5	NaN	NaN	   17.7	 999.00	NaN	 999.00	  -0.69	   0.00	1	  247.2	NaN	NaN	   74.4	  53.27	NaN	  55.84	  -1.02	   0.00	1	  860.5	NaN	NaN	   51.4	 999.00	NaN	 999.00	  -0.76	   0.00	0	   81.6	NaN	NaN	   59.3	   0.61	NaN	   2.53	  -1.08	   0.00	TTTGTTCC_9/2	0	1.88	+
14:508712	  162.8	1	   32.8	NaN	NaN	   12.8	   4.36	NaN	   5.73	  -1.04	   0.00	0	   52.9	NaN	NaN	   73.4	  -0.04	NaN	   0.00	  -1.07	   0.00	0	   69.9	NaN	NaN	   50.5	   0.88	NaN	   2.27	  -1.00	   0.00	0	    7.2	NaN	NaN	   51.3	  -0.00	NaN	   0.00	  -0.46	   0.00	TTTGTT_5/1	0	1.49	+
14:549408	  199.3	1	   39.3	NaN	NaN	   17.5	   4.19	NaN	   5.56	  -1.06	   0.00	0	   73.1	NaN	NaN	   81.0	  -0.28	NaN	   0.10	  -1.15	   0.00	0	   60.1	NaN	NaN	   50.5	  -0.01	NaN	   1.08	  -1.04	   0.00	0	   26.8	NaN	NaN	   59.6	  -0.02	NaN	   0.00	  -1.30	   0.00	CGAGAAT_7/0	0	2.00	+
14:621116	  220.0	1	   47.0	NaN	NaN	   20.3	   5.09	NaN	   6.51	  -1.21	   0.00	0	   68.0	NaN	NaN	   86.5	  -0.09	NaN	   0.01	  -0.96	   0.00	0	   64.0	NaN	NaN	   67.5	  -0.29	NaN	   0.17	  -0.95	   0.00	0	   41.0	NaN	NaN	   57.1	  -0.08	NaN	   0.00	  -1.00	   0.00	TTNTTCC_7/1	0	1.78	+
14:623917	  322.7	1	   64.3	NaN	NaN	   15.6	  18.25	NaN	  20.08	  -1.17	   0.00	0	   91.2	NaN	NaN	   78.7	  -0.13	NaN	   1.11	  -1.18	   0.00	1	  133.9	NaN	NaN	   55.7	  16.45	NaN	  18.56	  -1.03	   0.00	0	   33.3	NaN	NaN	   55.5	  -0.04	NaN	   0.00	  -1.21	   0.00	TTTGTT_5/1	0	1.49	+
14:651913	  174.1	1	   80.5	NaN	NaN	   13.0	  34.17	NaN	  36.25	  -1.21	   0.00	0	   55.0	NaN	NaN	   79.1	  -0.02	NaN	   0.00	  -1.46	   0.00	0	   34.8	NaN	NaN	   55.0	  -0.02	NaN	   0.00	  -1.51	   0.00	0	    3.8	NaN	NaN	   53.6	  -0.00	NaN	  -0.00	  -1.24	   0.00	AGCGAA_3/0	0	1.39	+
14:653734	  229.2	1	   35.5	NaN	NaN	   17.8	   2.75	NaN	   4.03	  -1.37	   0.00	0	   92.8	NaN	NaN	   74.4	   0.28	NaN	   1.69	  -1.13	   0.00	0	   77.2	NaN	NaN	   54.2	   1.42	NaN	   2.86	  -1.10	   0.00	0	   23.7	NaN	NaN	   53.7	  -0.02	NaN	   0.00	  -1.02	   0.00	GTTTTT_4/1	0	1.36	+
14:655018	  187.0	1	   39.0	NaN	NaN	   14.7	   5.56	NaN	   7.00	  -1.23	   0.00	0	   64.0	NaN	NaN	   74.3	  -0.20	NaN	   0.05	  -1.09	   0.00	0	   40.0	NaN	NaN	   55.3	  -0.06	NaN	   0.01	  -1.21	   0.00	0	   44.0	NaN	NaN	   53.1	  -0.17	NaN	   0.04	  -1.06	   0.00	TTTGTT_5/1	0	1.49	+
14:681712	  158.8	1	   50.5	NaN	NaN	   13.0	  13.18	NaN	  14.92	  -1.28	   0.00	0	   53.9	NaN	NaN	   73.4	  -0.05	NaN	   0.00	  -1.25	   0.00	0	   27.3	NaN	NaN	   50.5	  -0.01	NaN	   0.00	  -1.04	   0.00	0	   27.1	NaN	NaN	   51.3	  -0.03	NaN	   0.00	  -1.22	   0.00	GTTTTT_4/1	0	1.36	+
14:728903	  243.3	1	   46.4	NaN	NaN	   13.0	  10.94	NaN	  12.59	  -1.27	   0.00	0	   94.8	NaN	NaN	   79.5	  -0.01	NaN	   1.31	  -1.17	   0.00	0	   65.5	NaN	NaN	   53.7	   0.09	NaN	   1.24	  -1.24	   0.00	0	   36.5	NaN	NaN	   56.1	  -0.06	NaN	   0.00	  -1.18	   0.00	TTNTTCC_7/1	0	1.78	+
15:83233	  392.0	0	   19.2	NaN	NaN	   12.6	   0.47	NaN	   1.48	  -1.16	   0.00	1	  220.4	NaN	NaN	   91.6	  27.45	NaN	  29.88	  -0.94	   0.00	1	  137.9	NaN	NaN	   53.5	  19.43	NaN	  21.59	  -1.19	   0.00	0	   14.6	NaN	NaN	   52.0	  -0.01	NaN	   0.00	  -0.79	   0.00	CCGAAT_3/1	0	1.24	+
15:87563	  272.0	0	   23.2	NaN	NaN	   12.6	   1.40	NaN	   2.56	  -1.12	   0.00	0	  111.4	NaN	NaN	   78.0	   1.97	NaN	   3.77	  -1.07	   0.00	1	   81.7	NaN	NaN	   52.1	   2.51	NaN	   4.10	  -1.11	   0.00	0	   55.7	NaN	NaN	   52.0	  -0.37	NaN	   0.51	  -1.32	   0.00	TTTGTT_5/1	0	1.49	+
15:109712	  273.0	1	   46.0	NaN	NaN	   13.7	   9.61	NaN	  11.23	  -1.03	   0.00	0	  116.0	NaN	NaN	   88.0	   1.03	NaN	   2.61	  -1.04	   0.00	1	  104.0	NaN	NaN	   62.8	   4.18	NaN	   5.92	  -1.11	   0.00	0	    7.0	NaN	NaN	   52.0	  -0.00	NaN	   0.00	  -1.17	   0.00	GAGTTT_3/0	0	1.39	+
15:110327	  386.3	0	   24.4	NaN	NaN	   14.0	   1.18	NaN	   2.32	  -1.27	   0.00	1	  147.5	NaN	NaN	   89.1	   6.02	NaN	   8.13	  -1.04	   0.00	1	  106.4	NaN	NaN	   63.2	   4.70	NaN	   6.48	  -1.16	   0.00	1	  108.0	NaN	NaN	   52.0	   8.44	NaN	  11.11	  -1.18	   0.00	TTGTTCC_7/1	0	1.78	+
15:110854	  274.6	1	   29.9	NaN	NaN	   12.6	   3.35	NaN	   4.66	  -1.11	   0.00	0	  119.6	NaN	NaN	   93.5	   0.77	NaN	   2.32	  -1.02	   0.00	0	   75.6	NaN	NaN	   56.3	   0.78	NaN	   2.14	  -1.38	   0.00	0	   49.5	NaN	NaN	   52.0	  -0.30	NaN	   0.20	  -1.28	   0.00	TTNTTCC_7/1	0	1.78	+
15:155813	  232.6	1	   70.0	NaN	NaN	   14.5	  23.22	NaN	  25.12	  -1.20	   0.00	0	   77.0	NaN	NaN	   77.3	  -0.39	NaN	   0.28	  -1.09	   0.00	0	   72.9	NaN	NaN	   52.0	   1.05	NaN	   2.47	  -1.19	   0.00	0	   12.8	NaN	NaN	   52.0	  -0.01	NaN	   0.00	  -1.05	   0.00	GAGTTTTT_6/1	0	1.63	+
15:212854	  199.0	1	   43.0	NaN	NaN	   13.9	   7.93	NaN	   9.48	  -1.18	   0.00	0	   54.0	NaN	NaN	   77.0	  -0.03	NaN	   0.00	  -1.19	   0.00	0	   70.0	NaN	NaN	   52.6	   0.61	NaN	   1.91	  -1.03	   0.00	0	   32.0	NaN	NaN	   58.9	  -0.03	NaN	   0.00	  -1.05	   0.00	GTTTTT_4/1	0	1.36	+
15:226214	  230.9	1	   28.2	NaN	NaN	   12.6	   2.99	NaN	   4.28	  -1.24	   0.00	0	   81.7	NaN	NaN	   76.6	  -0.38	NaN	   0.55	  -1.32	   0.00	1	  102.0	NaN	NaN	   56.1	   6.07	NaN	   7.87	  -1.13	   0.00	0	   19.0	NaN	NaN	   52.0	  -0.02	NaN	   0.00	  -1.07	   0.00	TTNTTCC_7/1	0	1.78	+
15:292975	  224.8	1	   84.5	NaN	NaN	   15.0	  32.89	NaN	  34.93	  -1.29	   0.00	0	   50.9	NaN	NaN	   76.2	  -0.02	NaN	   0.00	  -1.12	   0.00	0	   43.1	NaN	NaN	   51.2	  -0.20	NaN	   0.06	  -1.16	   0.00	0	   46.3	NaN	NaN	   52.0	  -0.24	NaN	   0.11	  -1.33	   0.00	TTNTTCC_7/1	0	1.78	+
15:304187	  186.6	1	   33.6	NaN	NaN	   15.5	   3.16	NaN	   4.46	  -1.51	   0.00	0	   72.9	NaN	NaN	   81.7	  -0.25	NaN	   0.07	  -1.16	   0.00	0	   54.4	NaN	NaN	   56.0	  -0.33	NaN	   0.24	  -1.21	   0.00	0	   25.7	NaN	NaN	   57.7	  -0.02	NaN	   0.00	  -0.99	   0.00	AGAATA_4/1	0	1.36	+
15:382928	  277.5	1	  117.0	NaN	NaN	   18.7	  49.68	NaN	  51.93	  -1.13	   0.00	0	   60.9	NaN	NaN	   80.7	  -0.06	NaN	   0.00	  -1.11	   0.00	0	   72.7	NaN	NaN	   56.1	   0.49	NaN	   1.76	  -1.03	   0.00	0	   26.9	NaN	NaN	   52.2	  -0.03	NaN	   0.00	  -1.15	   0.00	CGAGAATA_8/1	0	1.93	+
15:384714	  238.4	1	  127.0	NaN	NaN	   17.8	  60.12	NaN	  62.49	  -1.16	   0.00	0	   42.7	NaN	NaN	   80.9	  -0.00	NaN	   0.00	  -1.32	   0.00	0	   63.9	NaN	NaN	   57.5	  -0.25	NaN	   0.67	  -1.33	   0.00	0	    4.9	NaN	NaN	   56.5	  -0.00	NaN	  -0.00	  -1.21	   0.00	TTTGTT_5/1	0	1.49	+
15:388745	  193.0	1	   46.0	NaN	NaN	   17.5	   6.49	NaN	   7.99	  -1.11	   0.00	0	   65.0	NaN	NaN	   80.4	  -0.12	NaN	   0.02	  -1.03	   0.00	0	   38.0	NaN	NaN	   58.4	  -0.02	NaN	   0.00	  -1.02	   0.00	0	   44.0	NaN	NaN	   57.0	  -0.11	NaN	   0.01	  -0.96	   0.00	AGAGTA_4/0	0	1.53	+
15:391690	  217.0	1	   75.0	NaN	NaN	   16.7	  23.05	NaN	  24.94	  -1.07	   0.00	0	   58.0	NaN	NaN	   77.7	  -0.06	NaN	   0.00	  -1.14	   0.00	0	   71.0	NaN	NaN	   55.9	   0.31	NaN	   1.54	  -1.05	   0.00	0	   13.0	NaN	NaN	   57.6	  -0.01	NaN	   0.00	  -1.08	   0.00	GAGAATA_6/1	0	1.63	+
15:392179	  177.2	1	   50.4	NaN	NaN	   15.1	  10.85	NaN	  12.50	  -1.09	   0.00	0	   63.8	NaN	NaN	   81.2	  -0.10	NaN	   0.01	  -1.14	   0.00	0	   40.7	NaN	NaN	   54.4	  -0.09	NaN	   0.01	  -1.13	   0.00	0	   22.3	NaN	NaN	   56.1	  -0.02	NaN	   0.00	  -1.36	   0.00	TTNTTCC_7/1	0	1.78	+
15:424396	  231.6	1	   34.0	NaN	NaN	   13.1	   4.61	NaN	   6.01	  -1.13	   0.00	0	   83.9	NaN	NaN	   81.8	  -0.42	NaN	   0.38	  -1.10	   0.00	1	   89.7	NaN	NaN	   57.1	   2.84	NaN	   4.45	  -1.17	   0.00	0	   24.0	NaN	NaN	   54.7	  -0.02	NaN	   0.00	  -1.21	   0.00	TTNTTCC_7/1	0	1.78	+
15:427297	  181.2	1	   30.9	NaN	NaN	   12.6	   3.72	NaN	   5.06	  -1.11	   0.00	0	   66.6	NaN	NaN	   83.8	  -0.11	NaN	   0.01	  -1.02	   0.00	0	   45.7	NaN	NaN	   53.7	  -0.19	NaN	   0.06	  -0.97	   0.00	0	   37.9	NaN	NaN	   56.4	  -0.06	NaN	   0.00	  -1.09	   0.00	CGAGAATA_8/1	0	1.93	+
15:520720	  237.3	1	   91.2	NaN	NaN	   12.6	  44.17	NaN	  46.33	  -1.22	   0.00	0	   80.4	NaN	NaN	   76.5	  -0.39	NaN	   0.50	  -1.21	   0.00	0	   62.8	NaN	NaN	   51.2	   0.07	NaN	   1.21	  -1.16	   0.00	0	    2.8	NaN	NaN	   52.0	  -0.00	NaN	  -0.00	  -0.64	   0.00	GAGAAT_5/0	0	1.68	+
15:577899	  164.5	1	   71.7	NaN	NaN	   12.6	  28.07	NaN	  30.03	  -1.24	   0.00	0	   42.6	NaN	NaN	   76.2	  -0.00	NaN	   0.00	  -1.33	   0.00	0	   25.3	NaN	NaN	   51.2	  -0.00	NaN	   0.00	  -1.27	   0.00	0	   24.9	NaN	NaN	   52.0	  -0.03	NaN	   0.00	  -1.20	   0.00	CGAAAA_3/0	0	1.39	+
15:594177	  279.2	0	   22.6	NaN	NaN	   12.6	   1.13	NaN	   2.27	  -1.55	   0.00	0	   96.0	NaN	NaN	   79.5	   0.13	NaN	   1.50	  -1.04	   0.00	1	   88.9	NaN	NaN	   52.7	   3.79	NaN	   5.50	  -1.19	   0.00	0	   71.7	NaN	NaN	   52.8	   0.33	NaN	   2.16	  -1.14	   0.00	TTNTTCC_7/1	0	1.78	+
15:613644	  242.9	1	   46.9	NaN	NaN	   14.4	   9.47	NaN	  11.07	  -1.13	   0.00	0	   96.3	NaN	NaN	   77.8	   0.28	NaN	   1.71	  -1.05	   0.00	1	   88.9	NaN	NaN	   51.9	   4.02	NaN	   5.74	  -1.21	   0.00	0	   10.7	NaN	NaN	   53.8	  -0.01	NaN	   0.00	  -0.74	   0.00	CCGAAT_3/1	0	1.24	+
15:774811	  256.2	0	   18.0	NaN	NaN	   13.5	   0.12	NaN	   1.03	  -1.35	   0.00	0	   88.1	NaN	NaN	   76.2	  -0.13	NaN	   1.09	  -1.34	   0.00	1	   86.3	NaN	NaN	   51.2	   3.77	NaN	   5.47	  -1.20	   0.00	0	   63.8	NaN	NaN	   52.0	  -0.22	NaN	   1.23	  -1.27	   0.00	GTTTTT_4/1	0	1.36	+
15:876813	  189.0	1	   71.0	NaN	NaN	   12.6	  28.08	NaN	  30.03	  -1.17	   0.00	0	   53.8	NaN	NaN	   78.2	  -0.02	NaN	   0.00	  -1.17	   0.00	0	   56.1	NaN	NaN	   51.2	  -0.26	NaN	   0.64	  -1.20	   0.00	0	    8.1	NaN	NaN	   52.0	  -0.01	NaN	   0.00	  -0.83	   0.00	TTNTTCC_7/1	0	1.78	+
15:886949	  165.0	1	   34.0	NaN	NaN	   15.1	   3.40	NaN	   4.71	  -1.22	   0.00	0	   65.0	NaN	NaN	   76.2	  -0.19	NaN	   0.04	  -1.09	   0.00	0	   36.0	NaN	NaN	   51.2	  -0.05	NaN	   0.00	  -1.06	   0.00	0	   30.0	NaN	NaN	   54.5	  -0.03	NaN	   0.00	  -1.12	   0.00	GTTTTT_4/1	0	1.36	+
15:902688	  201.4	1	   40.2	NaN	NaN	   19.5	   3.52	NaN	   4.84	  -0.90	   0.00	0	   67.5	NaN	NaN	   85.7	  -0.10	NaN	   0.01	  -1.09	   0.00	0	   63.4	NaN	NaN	   56.7	  -0.23	NaN	   0.74	  -1.28	   0.00	0	   30.3	NaN	NaN	   52.6	  -0.04	NaN	   0.00	  -1.23	   0.00	TTNTTCC_7/1	0	1.78	+
15:903085	  266.6	1	  103.8	NaN	NaN	   18.8	  39.63	NaN	  41.74	  -1.31	   0.00	0	   78.5	NaN	NaN	   87.8	  -0.25	NaN	   0.08	  -1.13	   0.00	0	   57.6	NaN	NaN	   56.9	  -0.33	NaN	   0.34	  -1.12	   0.00	0	   26.7	NaN	NaN	   52.0	  -0.03	NaN	   0.00	  -1.22	   0.00	TTTGTT_5/1	0	1.49	+
15:975010	  223.0	0	   18.0	NaN	NaN	   12.6	   0.13	NaN	   1.05	  -1.13	   0.00	0	   82.0	NaN	NaN	   81.9	  -0.39	NaN	   0.29	  -1.07	   0.00	1	   81.0	NaN	NaN	   51.2	   2.53	NaN	   4.13	  -1.03	   0.00	0	   42.0	NaN	NaN	   52.0	  -0.15	NaN	   0.03	  -1.25	   0.00	TTTGTTCC_9/2	0	1.88	+
15:983632	  263.3	1	   63.2	NaN	NaN	   21.8	  11.04	NaN	  12.71	  -1.16	   0.00	1	  111.6	NaN	NaN	   76.3	   2.25	NaN	   4.13	  -1.10	   0.00	0	   74.3	NaN	NaN	   59.2	   0.35	NaN	   1.58	  -1.10	   0.00	0	   14.3	NaN	NaN	   54.0	  -0.01	NaN	   0.00	  -1.21	   0.00	TTTGTTCC_9/2	0	1.88	+
15:1053398	  237.7	1	   38.5	NaN	NaN	   12.6	   7.18	NaN	   8.70	  -1.30	   0.00	0	   76.9	NaN	NaN	   76.2	  -0.40	NaN	   0.32	  -1.22	   0.00	1	   86.9	NaN	NaN	   51.2	   3.77	NaN	   5.47	  -1.03	   0.00	0	   35.5	NaN	NaN	   53.7	  -0.06	NaN	   0.00	  -1.31	   0.00	TTTGTT_5/1	0	1.49	+
16:288400	  181.0	1	   29.0	NaN	NaN	   12.6	   2.99	NaN	   4.28	  -1.21	   0.00	0	   59.0	NaN	NaN	   79.6	  -0.05	NaN	   0.00	  -1.16	   0.00	0	   64.0	NaN	NaN	   51.3	   0.14	NaN	   1.32	  -1.16	   0.00	0	   29.0	NaN	NaN	   56.5	  -0.03	NaN	   0.00	  -1.22	   0.00	AGAATA_4/1	0	1.36	+
16:305512	  210.5	1	  125.4	NaN	NaN	   16.0	  64.27	NaN	  66.70	  -1.20	   0.00	0	   48.5	NaN	NaN	   75.8	  -0.01	NaN	   0.00	  -1.56	   0.00	0	   36.5	NaN	NaN	   50.7	  -0.07	NaN	   0.01	  -1.56	   0.00	0	    0.0	NaN	NaN	   52.2	  -0.00	NaN	  -0.00	  -1.77	   0.00	TTNTTCC_7/1	0	1.78	+
16:440159	  236.3	1	   44.3	NaN	NaN	   12.3	  10.61	NaN	  12.25	  -1.10	   0.00	0	  116.5	NaN	NaN	   92.3	   0.62	NaN	   2.13	  -1.18	   0.00	0	   65.2	NaN	NaN	   58.4	  -0.22	NaN	   0.75	  -1.25	   0.00	0	   10.3	NaN	NaN	   57.5	  -0.00	NaN	   0.00	  -1.13	   0.00	GTTTTT_4/1	0	1.36	+
16:528583	  206.0	1	   29.0	NaN	NaN	   13.8	   2.40	NaN	   3.64	  -1.25	   0.66	0	   84.0	NaN	NaN	   78.3	  -0.38	NaN	   0.56	  -1.03	   0.66	0	   76.0	NaN	NaN	   50.7	   1.74	NaN	   3.25	  -1.22	   0.66	0	   17.0	NaN	NaN	   55.2	  -0.01	NaN	   0.00	  -0.86	   0.66	AGAATA_4/1	0	1.36	+
16:594229	  164.0	1	   57.0	NaN	NaN	   21.3	   8.35	NaN	   9.93	  -1.15	   0.00	0	   57.0	NaN	NaN	   75.8	  -0.06	NaN	   0.00	  -1.09	   0.00	0	   42.0	NaN	NaN	   60.0	  -0.04	NaN	   0.00	  -1.02	   0.00	0	    8.0	NaN	NaN	   52.2	  -0.00	NaN	   0.00	  -0.84	   0.00	GTTTTT_4/1	0	1.36	+
16:594714	  190.0	1	   42.0	NaN	NaN	   22.6	   2.53	NaN	   3.79	  -0.97	   0.00	0	   68.0	NaN	NaN	   75.8	  -0.26	NaN	   0.08	  -1.13	   0.00	0	   55.0	NaN	NaN	   58.6	  -0.29	NaN	   0.16	  -1.00	   0.00	0	   25.0	NaN	NaN	   52.2	  -0.02	NaN	   0.00	  -1.21	   0.00	AGAATA_4/1	0	1.36	+
16:649599	  238.9	1	   36.2	NaN	NaN	   13.5	   5.55	NaN	   6.99	  -1.09	   0.00	0	   81.6	NaN	NaN	   75.8	  -0.37	NaN	   0.60	  -1.13	   0.00	0	   66.1	NaN	NaN	   50.7	   0.51	NaN	   1.78	  -1.05	   0.00	0	   55.0	NaN	NaN	   52.2	  -0.36	NaN	   0.44	  -0.99	   0.00	GTTTTTCC_9/2	0	1.88	+
16:653748	  319.0	1	   71.0	NaN	NaN	   16.6	  20.68	NaN	  22.52	  -1.16	   0.00	1	  124.0	NaN	NaN	   76.5	   4.42	NaN	   6.42	  -1.13	   0.00	1	  100.0	NaN	NaN	   50.7	   7.25	NaN	   9.17	  -1.08	   0.00	0	   24.0	NaN	NaN	   52.2	  -0.02	NaN	   0.00	  -1.09	   0.00	CGAAAA_3/0	0	1.39	+
16:654287	  274.0	0	   30.0	NaN	NaN	   15.4	   2.00	NaN	   3.19	  -1.25	   0.00	1	  123.0	NaN	NaN	   75.8	   4.41	NaN	   6.41	  -1.04	   0.00	1	   79.0	NaN	NaN	   50.7	   2.27	NaN	   3.84	  -1.07	   0.00	0	   42.0	NaN	NaN	   52.2	  -0.14	NaN	   0.03	  -1.19	   0.00	GAGTTTTT_6/1	0	1.63	+
16:687165	  271.9	1	   83.8	NaN	NaN	   14.9	  32.49	NaN	  34.50	  -1.32	   0.00	0	  105.5	NaN	NaN	   75.8	   1.52	NaN	   3.22	  -1.18	   0.00	1	   77.7	NaN	NaN	   50.9	   2.05	NaN	   3.59	  -1.23	   0.00	0	    4.9	NaN	NaN	   52.2	  -0.00	NaN	  -0.00	  -1.33	   0.00	TTGTTCC_7/1	0	1.78	+
16:703336	  235.8	1	   37.3	NaN	NaN	   13.1	   6.27	NaN	   7.77	  -1.39	   0.00	0	   72.7	NaN	NaN	   75.8	  -0.36	NaN	   0.19	  -1.21	   0.00	1	  123.9	NaN	NaN	   50.7	  15.65	NaN	  17.75	  -1.02	   0.00	0	    1.9	NaN	NaN	   53.8	  -0.00	NaN	  -0.00	  -1.01	   0.00	TTNTTCC_7/1	0	1.78	+
16:818887	  211.9	1	   26.1	NaN	NaN	   12.3	   2.46	NaN	   3.71	  -0.98	   0.00	0	   85.1	NaN	NaN	   75.8	  -0.27	NaN	   0.88	  -1.03	   0.00	0	   51.1	NaN	NaN	   50.7	  -0.33	NaN	   0.35	  -1.25	   0.00	0	   49.7	NaN	NaN	   52.2	  -0.30	NaN	   0.20	  -1.09	   0.00	GTTTTT_4/1	0	1.36	+
16:837234	  294.0	1	   70.0	NaN	NaN	   18.2	  18.02	NaN	  19.83	  -1.03	   0.21	1	  128.0	NaN	NaN	   80.0	   4.34	NaN	   6.32	  -1.05	   0.21	0	   78.0	NaN	NaN	   59.3	   0.63	NaN	   1.95	  -1.07	   0.21	0	   18.0	NaN	NaN	   52.2	  -0.01	NaN	   0.00	  -1.11	   0.21	TTTGTT_5/1	0	1.49	+
16:923176	  231.8	1	   35.8	NaN	NaN	   12.3	   6.03	NaN	   7.51	  -1.17	   0.00	0	   78.9	NaN	NaN	   75.8	  -0.41	NaN	   0.43	  -1.00	   0.00	1	  108.5	NaN	NaN	   51.7	   9.57	NaN	  11.55	  -1.07	   0.00	0	    8.5	NaN	NaN	   52.7	  -0.00	NaN	   0.00	  -0.70	   0.00	GAGAAT_5/0	0	1.68	+
16:932633	  199.0	1	   57.3	NaN	NaN	   13.6	  16.73	NaN	  18.53	  -1.29	   0.00	0	   64.0	NaN	NaN	   75.8	  -0.18	NaN	   0.03	  -1.18	   0.00	0	   42.2	NaN	NaN	   56.5	  -0.09	NaN	   0.01	  -1.11	   0.00	0	   35.4	NaN	NaN	   53.6	  -0.06	NaN	   0.00	  -1.18	   0.00	GTTTTT_4/1	0	1.36	+
2:165508	 1396.5	1	  290.0	NaN	NaN	   15.8	 246.04	NaN	 248.91	  -0.97	   0.00	1	  398.1	NaN	NaN	   92.1	 119.81	NaN	 122.53	  -0.84	   0.00	1	  662.6	NaN	NaN	   68.2	 999.00	NaN	 999.00	  -0.76	   0.00	0	   45.8	NaN	NaN	   56.9	  -0.14	NaN	   0.03	  -1.22	   0.00	--------	-1	0.00	*
2:251559	  202.0	0	   17.0	NaN	NaN	   14.4	  -0.15	NaN	   0.56	  -1.02	   0.00	0	   77.0	NaN	NaN	   89.8	  -0.18	NaN	   0.03	  -1.10	   0.00	1	   85.0	NaN	NaN	   52.3	   3.04	NaN	   4.70	  -1.11	   0.00	0	   23.0	NaN	NaN	   62.9	  -0.01	NaN	   0.00	  -1.05	   0.00	GTTTTT_4/1	0	1.36	+
2:313849	  467.1	1	  102.3	NaN	NaN	   16.4	  43.79	NaN	  45.92	  -1.15	   0.00	1	  125.9	NaN	NaN	   76.4	   4.81	NaN	   6.89	  -1.12	   0.00	1	  204.4	NaN	NaN	   52.4	  54.31	NaN	  56.68	  -1.11	   0.00	0	   34.6	NaN	NaN	   56.9	  -0.04	NaN	   0.00	  -1.12	   0.00	GAGTTTTTCC_11/2	0	2.19	+
2:371079	  194.0	1	   27.8	NaN	NaN	   12.4	   2.73	NaN	   4.00	  -1.08	   0.00	0	   55.7	NaN	NaN	   76.1	  -0.05	NaN	   0.00	  -1.13	   0.00	1	   80.4	NaN	NaN	   53.4	   2.04	NaN	   3.58	  -1.10	   0.00	0	   30.1	NaN	NaN	   51.6	  -0.04	NaN	   0.00	  -1.18	   0.00	GAGAAT_5/0	0	1.68	+
2:440032	 1162.2	1	  251.1	NaN	NaN	   14.0	 211.70	NaN	 214.43	  -0.76	   0.04	1	  288.3	NaN	NaN	   77.3	  72.52	NaN	  75.19	  -0.75	   0.04	1	  565.6	NaN	NaN	   52.3	 999.00	NaN	 999.00	  -0.58	   0.04	0	   57.2	NaN	NaN	   57.7	  -0.32	NaN	   0.30	  -1.10	   0.04	GAGTTTTTCC_11/2	0	2.19	+
2:440102	 1079.8	1	  149.9	NaN	NaN	   14.2	  93.73	NaN	  96.26	  -0.78	   0.04	1	  238.7	NaN	NaN	   77.6	  45.73	NaN	  48.26	  -0.77	   0.04	1	  659.4	NaN	NaN	   52.3	 999.00	NaN	 999.00	  -0.59	   0.04	0	   31.8	NaN	NaN	   57.5	  -0.03	NaN	   0.00	  -1.16	   0.04	TTTGTTCC_9/2	0	1.88	+
2:536951	  185.5	1	   26.2	NaN	NaN	   12.4	   2.40	NaN	   3.64	  -1.23	   0.00	0	   77.0	NaN	NaN	   76.1	  -0.41	NaN	   0.37	  -1.10	   0.00	0	   59.0	NaN	NaN	   52.3	  -0.23	NaN	   0.71	  -1.37	   0.00	0	   23.4	NaN	NaN	   56.5	  -0.02	NaN	   0.00	  -1.46	   0.00	TTNTTCC_7/1	0	1.78	+
2:573955	  169.8	1	   67.7	NaN	NaN	   12.4	  25.45	NaN	  27.38	  -1.26	   0.00	0	   54.4	NaN	NaN	   76.1	  -0.04	NaN	   0.00	  -1.46	   0.00	0	   47.8	NaN	NaN	   52.3	  -0.27	NaN	   0.13	  -1.64	   0.00	0	    0.0	NaN	NaN	   54.5	  -0.00	NaN	  -0.00	  -1.20	   0.00	GTTTTT_4/1	0	1.36	+
2:583701	  206.6	1	   34.4	NaN	NaN	   14.4	   4.15	NaN	   5.51	  -1.45	   0.00	0	   77.9	NaN	NaN	   76.1	  -0.41	NaN	   0.37	  -1.33	   0.00	1	   80.4	NaN	NaN	   52.3	   2.28	NaN	   3.85	  -1.08	   0.00	0	   13.9	NaN	NaN	   52.2	  -0.01	NaN	   0.00	  -1.75	   0.00	TTNTTCC_7/1	0	1.78	+
2:638670	  206.6	1	   25.2	NaN	NaN	   12.4	   2.08	NaN	   3.29	  -1.41	   0.00	0	   86.3	NaN	NaN	   76.1	  -0.23	NaN	   0.92	  -1.18	   0.00	0	   62.1	NaN	NaN	   52.3	  -0.01	NaN	   1.09	  -1.23	   0.00	0	   33.0	NaN	NaN	   51.6	  -0.05	NaN	   0.00	  -1.17	   0.00	TTNTTCC_7/1	0	1.78	+
2:675188	  251.7	0	   15.8	NaN	NaN	   12.4	  -0.07	NaN	   0.73	  -1.03	   0.00	1	  115.5	NaN	NaN	   76.1	   2.94	NaN	   4.88	  -1.04	   0.00	0	   49.9	NaN	NaN	   52.3	  -0.31	NaN	   0.19	  -1.16	   0.00	0	   70.5	NaN	NaN	   51.6	   0.38	NaN	   2.23	  -1.07	   0.00	GTTTTT_4/1	0	1.36	+
3:868	  178.0	1	   30.0	NaN	NaN	   11.3	   4.19	NaN	   5.55	  -1.13	   0.00	0	   55.0	NaN	NaN	   70.6	  -0.10	NaN	   0.01	  -1.03	   0.00	0	   49.0	NaN	NaN	   44.4	  -0.29	NaN	   0.57	  -1.19	   0.00	0	   44.0	NaN	NaN	   45.9	  -0.30	NaN	   0.20	  -1.20	   0.00	GAGTAA_3/1	0	1.24	+
3:14195	  258.0	1	   34.6	NaN	NaN	   16.3	   3.14	NaN	   4.44	  -1.16	   0.00	0	   94.1	NaN	NaN	   75.3	   0.35	NaN	   1.80	  -1.01	   0.00	0	   70.7	NaN	NaN	   57.6	   0.14	NaN	   1.31	  -1.07	   0.00	0	   58.7	NaN	NaN	   50.9	  -0.32	NaN	   0.84	  -1.13	   0.00	TTTGTT_5/1	0	1.49	+
3:78316	  255.0	1	   38.0	NaN	NaN	   12.0	   7.22	NaN	   8.74	  -1.24	   0.00	0	  104.0	NaN	NaN	   75.5	   1.30	NaN	   2.96	  -1.09	   0.00	0	   62.0	NaN	NaN	   55.9	  -0.26	NaN	   0.65	  -1.05	   0.00	0	   51.0	NaN	NaN	   48.8	  -0.34	NaN	   0.41	  -1.28	   0.00	TTTGTT_5/1	0	1.49	+
3:128777	  234.2	1	   37.5	NaN	NaN	   20.1	   2.38	NaN	   3.62	  -1.14	   0.00	0	   82.8	NaN	NaN	   82.8	  -0.39	NaN	   0.29	  -1.13	   0.00	0	   77.4	NaN	NaN	   52.4	   1.73	NaN	   3.25	  -1.22	   0.00	0	   36.5	NaN	NaN	   49.7	  -0.10	NaN	   0.01	  -1.13	   0.00	CGAGAAT_7/0	0	2.00	+
3:138572	  176.4	1	   32.5	NaN	NaN	   13.9	   3.68	NaN	   5.02	  -1.03	   0.00	0	   77.3	NaN	NaN	   93.7	  -0.14	NaN	   0.02	  -1.03	   0.00	0	   44.7	NaN	NaN	   57.0	  -0.11	NaN	   0.02	  -1.09	   0.00	0	   21.9	NaN	NaN	   55.1	  -0.02	NaN	   0.00	  -1.21	   0.00	TTTGTT_5/1	0	1.49	+
3:165434	  250.0	1	   40.9	NaN	NaN	   14.2	   6.75	NaN	   8.27	  -1.06	   0.00	0	   58.1	NaN	NaN	   77.7	  -0.07	NaN	   0.01	  -1.19	   0.00	1	  122.2	NaN	NaN	   53.4	  13.48	NaN	  15.55	  -0.99	   0.00	0	   28.7	NaN	NaN	   54.6	  -0.03	NaN	   0.00	  -1.20	   0.00	GTTTTT_4/1	0	1.36	+
3:165688	  178.0	1	   75.1	NaN	NaN	   14.4	  27.54	NaN	  29.47	  -1.16	   0.00	0	   39.9	NaN	NaN	   79.0	  -0.00	NaN	   0.00	  -0.76	   0.00	0	   49.8	NaN	NaN	   52.7	  -0.30	NaN	   0.18	  -0.82	   0.00	0	   13.3	NaN	NaN	   52.7	  -0.01	NaN	   0.00	  -0.71	   0.00	TTTGTT_5/1	0	1.49	+
3:171737	  227.0	1	   37.0	NaN	NaN	   12.1	   6.65	NaN	   8.15	  -1.31	   0.00	0	   83.0	NaN	NaN	   84.9	  -0.38	NaN	   0.22	  -1.11	   0.00	1	   94.0	NaN	NaN	   56.9	   3.69	NaN	   5.37	  -1.06	   0.00	0	   13.0	NaN	NaN	   60.7	  -0.01	NaN	   0.00	  -1.32	   0.00	CCGAAT_3/1	0	1.24	+
4:1011	  271.4	0	   14.5	NaN	NaN	   12.2	  -0.14	NaN	   0.60	  -1.38	   0.00	0	   95.3	NaN	NaN	   77.0	   0.29	NaN	   1.70	  -1.09	   0.00	1	   97.0	NaN	NaN	   51.5	   6.44	NaN	   8.26	  -1.08	   0.00	0	   64.6	NaN	NaN	   52.7	  -0.20	NaN	   1.26	  -1.17	   0.00	TTTGTT_5/1	0	1.49	+
4:4693	  320.2	1	   27.5	NaN	NaN	   12.2	   2.83	NaN	   4.11	  -1.20	   0.00	1	  114.8	NaN	NaN	   77.0	   2.61	NaN	   4.51	  -1.13	   0.00	1	   83.9	NaN	NaN	   51.5	   3.05	NaN	   4.69	  -1.26	   0.00	1	   94.0	NaN	NaN	   52.7	   4.35	NaN	   6.74	  -1.15	   0.00	AGAATA_4/1	0	1.36	+
4:9904	  294.3	1	   47.2	NaN	NaN	   15.5	   8.98	NaN	  10.57	  -1.25	   0.00	0	  116.1	NaN	NaN	  133.1	  -0.17	NaN	   0.03	  -1.02	   0.00	0	   76.2	NaN	NaN	   91.0	  -0.14	NaN	   0.03	  -1.20	   0.00	0	   54.8	NaN	NaN	   97.9	  -0.02	NaN	   0.00	  -1.15	   0.00	AGAATA_4/1	0	1.36	+
4:13919	  240.2	1	   34.8	NaN	NaN	   12.2	   5.63	NaN	   7.08	  -1.37	   0.00	0	   77.4	NaN	NaN	   77.0	  -0.40	NaN	   0.33	  -1.25	   0.00	0	   75.6	NaN	NaN	   51.5	   1.60	NaN	   3.08	  -1.24	   0.00	0	   52.3	NaN	NaN	   52.7	  -0.33	NaN	   0.30	  -1.23	   0.00	GTTTTT_4/1	0	1.36	+
4:232012	  174.0	1	   41.0	NaN	NaN	   18.7	   3.91	NaN	   5.27	  -1.30	   0.00	0	   57.0	NaN	NaN	   87.3	  -0.01	NaN	   0.00	  -1.21	   0.00	0	   49.0	NaN	NaN	   51.5	  -0.30	NaN	   0.18	  -1.18	   0.00	0	   27.0	NaN	NaN	   52.7	  -0.03	NaN	   0.00	  -1.10	   0.00	GTTTTT_4/1	0	1.36	+
4:386062	  191.8	1	   32.4	NaN	NaN	   14.4	   3.42	NaN	   4.74	  -1.15	   0.00	0	   67.8	NaN	NaN	   77.0	  -0.24	NaN	   0.07	  -1.31	   0.00	0	   36.1	NaN	NaN	   51.5	  -0.06	NaN	   0.01	  -1.33	   0.00	0	   55.5	NaN	NaN	   52.7	  -0.36	NaN	   0.47	  -1.33	   0.00	TTTGTT_5/1	0	1.49	+
4:386685	  219.0	1	   51.0	NaN	NaN	   14.6	  11.37	NaN	  13.06	  -1.09	   0.00	0	   81.0	NaN	NaN	   77.0	  -0.40	NaN	   0.47	  -1.09	   0.00	0	   75.0	NaN	NaN	   51.5	   1.44	NaN	   2.90	  -1.11	   0.00	0	   12.0	NaN	NaN	   52.7	  -0.01	NaN	   0.00	  -1.06	   0.00	TTTGTT_5/1	0	1.49	+
4:449520	  398.0	1	   37.6	NaN	NaN	   16.1	   4.26	NaN	   5.63	  -1.00	   0.00	1	  157.3	NaN	NaN	   77.0	  13.16	NaN	  15.35	  -0.98	   0.00	1	  101.6	NaN	NaN	   53.8	   6.62	NaN	   8.48	  -1.10	   0.00	1	  101.5	NaN	NaN	   57.2	   4.82	NaN	   7.24	  -1.06	   0.00	TTNTTCC_7/1	0	1.78	+
4:464850	  259.9	1	   75.8	NaN	NaN	   12.4	  31.49	NaN	  33.47	  -1.25	   0.00	0	   82.3	NaN	NaN	   79.7	  -0.41	NaN	   0.43	  -1.14	   0.00	1	   84.9	NaN	NaN	   53.2	   2.82	NaN	   4.43	  -1.18	   0.00	0	   16.8	NaN	NaN	   52.7	  -0.01	NaN	   0.00	  -0.95	   0.00	TTNTTCC_7/1	0	1.78	+
4:465176	  209.1	1	   39.2	NaN	NaN	   12.2	   8.01	NaN	   9.57	  -0.95	   0.00	0	   85.7	NaN	NaN	   80.8	  -0.39	NaN	   0.53	  -1.12	   0.00	0	   53.1	NaN	NaN	   53.6	  -0.33	NaN	   0.31	  -1.08	   0.00	0	   31.2	NaN	NaN	   52.7	  -0.04	NaN	   0.00	  -1.24	   0.00	TTTGTT_5/1	0	1.49	+
4:525269	  216.5	1	   29.7	NaN	NaN	   13.6	   2.82	NaN	   4.10	  -1.33	   0.00	0	   84.7	NaN	NaN	   90.3	  -0.32	NaN	   0.14	  -1.24	   0.00	0	   50.6	NaN	NaN	   55.2	  -0.28	NaN	   0.14	  -1.21	   0.00	0	   51.5	NaN	NaN	   57.7	  -0.24	NaN	   0.10	  -1.07	   0.00	CGAGAATA_8/1	0	1.93	+
4:525806	  169.0	1	   30.0	NaN	NaN	   13.5	   2.84	NaN	   4.12	  -1.27	   0.00	0	   59.0	NaN	NaN	   95.5	  -0.00	NaN	   0.00	  -0.99	   0.00	0	   52.0	NaN	NaN	   53.6	  -0.31	NaN	   0.22	  -0.96	   0.00	0	   28.0	NaN	NaN	   61.4	  -0.02	NaN	   0.00	  -1.21	   0.00	TTTGTT_5/1	0	1.49	+
4:586369	  221.1	1	   51.5	NaN	NaN	   12.2	  14.90	NaN	  16.66	  -1.05	   0.00	0	   82.8	NaN	NaN	   95.2	  -0.20	NaN	   0.04	  -1.11	   0.00	0	   78.3	NaN	NaN	   57.9	   0.93	NaN	   2.32	  -1.16	   0.00	0	    8.5	NaN	NaN	   52.7	  -0.00	NaN	   0.00	  -1.03	   0.00	CGAAAA_3/0	0	1.39	+
4:670254	  164.0	1	   27.0	NaN	NaN	   12.2	   2.48	NaN	   3.74	  -1.09	   0.00	0	   61.0	NaN	NaN	   77.0	  -0.11	NaN	   0.01	  -1.26	   0.00	0	   45.0	NaN	NaN	   51.5	  -0.22	NaN	   0.08	  -1.02	   0.00	0	   31.0	NaN	NaN	   59.2	  -0.03	NaN	   0.00	  -1.36	   0.00	TTTGTT_5/1	0	1.49	+
4:701388	  194.0	1	   37.0	NaN	NaN	   12.2	   6.54	NaN	   8.04	  -1.32	   0.00	0	   84.0	NaN	NaN	   79.2	  -0.39	NaN	   0.51	  -1.02	   0.00	0	   66.0	NaN	NaN	   54.6	   0.03	NaN	   1.13	  -1.09	   0.00	0	    7.0	NaN	NaN	   59.3	  -0.00	NaN	  -0.00	  -0.74	   0.00	GAGTTT_3/0	0	1.39	+
4:701963	  240.6	1	   39.7	NaN	NaN	   12.2	   8.00	NaN	   9.57	  -1.20	   0.00	0	   95.9	NaN	NaN	   77.0	   0.28	NaN	   1.70	  -1.15	   0.00	0	   79.5	NaN	NaN	   54.9	   1.59	NaN	   3.07	  -1.21	   0.00	0	   25.4	NaN	NaN	   59.9	  -0.02	NaN	   0.00	  -1.29	   0.00	AGAATA_4/1	0	1.36	+
4:868815	  193.8	1	   49.0	NaN	NaN	   13.1	  11.94	NaN	  13.65	  -1.08	   0.00	0	   64.9	NaN	NaN	   77.4	  -0.16	NaN	   0.03	  -1.05	   0.00	0	   40.0	NaN	NaN	   51.5	  -0.11	NaN	   0.02	  -1.08	   0.00	0	   40.0	NaN	NaN	   54.9	  -0.09	NaN	   0.01	  -1.25	   0.00	TTNTTCC_7/1	0	1.78	+
4:873775	  289.6	1	   48.1	NaN	NaN	   19.8	   6.15	NaN	   7.65	  -1.12	   0.00	0	  123.5	NaN	NaN	   88.1	   1.95	NaN	   3.75	  -1.15	   0.00	1	  109.4	NaN	NaN	   57.9	   7.23	NaN	   9.14	  -1.21	   0.00	0	    8.5	NaN	NaN	   54.8	  -0.00	NaN	   0.00	  -1.29	   0.00	GTTTTT_4/1	0	1.36	+
4:893932	  249.3	0	   12.3	NaN	NaN	   16.3	  -0.17	NaN	   0.08	  -1.44	   0.00	0	   86.0	NaN	NaN	   82.1	  -0.40	NaN	   0.46	  -1.25	   0.00	0	   61.7	NaN	NaN	   58.3	  -0.31	NaN	   0.48	  -1.29	   0.00	1	   89.3	NaN	NaN	   55.4	   2.57	NaN	   4.91	  -1.20	   0.00	AGAGTA_4/0	0	1.53	+
4:929995	  604.6	1	  103.9	NaN	NaN	   13.5	  51.98	NaN	  54.25	  -1.21	   0.00	1	  195.7	NaN	NaN	   83.4	  23.06	NaN	  25.35	  -1.15	   0.00	1	  279.8	NaN	NaN	   57.7	  94.71	NaN	  97.16	  -1.00	   0.00	0	   25.1	NaN	NaN	   57.0	  -0.02	NaN	   0.00	  -1.54	   0.00	CCGAATTC_4/1	0	1.36	+
4:934894	  165.8	1	   42.5	NaN	NaN	   17.5	   5.29	NaN	   6.72	  -1.20	   0.00	0	   62.9	NaN	NaN	   78.4	  -0.12	NaN	   0.01	  -1.01	   0.00	0	   49.2	NaN	NaN	   55.6	  -0.24	NaN	   0.10	  -1.00	   0.00	0	   11.1	NaN	NaN	   52.7	  -0.01	NaN	   0.00	  -0.69	   0.00	TTNTTCC_7/1	0	1.78	+
4:956159	  227.1	1	  104.4	NaN	NaN	   16.3	  45.67	NaN	  47.85	  -1.13	   0.00	0	   58.2	NaN	NaN	   77.0	  -0.08	NaN	   0.01	  -1.09	   0.00	0	   51.5	NaN	NaN	   53.7	  -0.31	NaN	   0.22	  -1.06	   0.00	0	   12.9	NaN	NaN	   54.4	  -0.01	NaN	   0.00	  -0.92	   0.00	TTTGTTCC_9/2	0	1.88	+
4:972215	  221.9	1	   29.0	NaN	NaN	   12.2	   3.19	NaN	   4.50	  -1.07	   0.00	0	  110.6	NaN	NaN	   77.0	   2.00	NaN	   3.81	  -1.07	   0.00	0	   46.3	NaN	NaN	   51.5	  -0.27	NaN	   0.12	  -1.02	   0.00	0	   36.1	NaN	NaN	   52.7	  -0.07	NaN	   0.00	  -1.14	   0.00	TTTGTT_5/1	0	1.49	+
4:991235	  203.1	1	   42.1	NaN	NaN	   18.5	   4.68	NaN	   6.09	  -1.25	   0.00	0	   68.5	NaN	NaN	   95.6	  -0.03	NaN	   0.00	  -1.19	   0.00	0	   76.3	NaN	NaN	   56.2	   0.92	NaN	   2.31	  -1.19	   0.00	0	   16.2	NaN	NaN	   55.0	  -0.01	NaN	   0.00	  -1.09	   0.00	CCGAAT_3/1	0	1.24	+
4:1035676	  166.6	1	   27.5	NaN	NaN	   12.6	   2.66	NaN	   3.92	  -1.19	   0.00	0	   63.2	NaN	NaN	   78.3	  -0.14	NaN	   0.02	  -1.20	   0.00	0	   65.0	NaN	NaN	   51.5	   0.20	NaN	   1.41	  -1.49	   0.00	0	   10.9	NaN	NaN	   57.2	  -0.00	NaN	   0.00	  -0.98	   0.00	GTTTTT_4/1	0	1.36	+
4:1050983	  265.1	1	   39.9	NaN	NaN	   12.2	   8.00	NaN	   9.57	  -1.25	   0.00	0	  103.7	NaN	NaN	   77.0	   1.10	NaN	   2.72	  -1.16	   0.00	1	  104.7	NaN	NaN	   51.5	   8.42	NaN	  10.36	  -1.06	   0.00	0	   16.8	NaN	NaN	   55.3	  -0.01	NaN	   0.00	  -0.80	   0.00	CGAAAA_3/0	0	1.39	+
4:1066522	  212.0	1	   28.0	NaN	NaN	   12.2	   2.83	NaN	   4.11	  -1.07	   0.00	0	   67.0	NaN	NaN	   77.0	  -0.22	NaN	   0.05	  -1.24	   0.00	0	   76.0	NaN	NaN	   52.1	   1.48	NaN	   2.95	  -1.20	   0.00	0	   41.0	NaN	NaN	   58.4	  -0.07	NaN	   0.00	  -1.01	   0.00	GTTTTT_4/1	0	1.36	+
4:1074930	  180.2	1	   32.0	NaN	NaN	   12.2	   4.76	NaN	   6.17	  -1.34	   0.00	0	   73.1	NaN	NaN	   77.0	  -0.36	NaN	   0.19	  -1.14	   0.00	0	   41.8	NaN	NaN	   51.5	  -0.15	NaN	   0.04	  -1.12	   0.00	0	   33.3	NaN	NaN	   52.7	  -0.05	NaN	   0.00	  -1.10	   0.00	TATGAA_2/0	0	1.25	+
4:1089691	  220.6	0	   21.3	NaN	NaN	   13.3	   0.69	NaN	   1.76	  -1.36	   0.00	0	   86.5	NaN	NaN	   77.8	  -0.31	NaN	   0.79	  -1.16	   0.00	1	   80.3	NaN	NaN	   51.5	   2.47	NaN	   4.05	  -1.24	   0.00	0	   32.5	NaN	NaN	   60.4	  -0.03	NaN	   0.00	  -1.06	   0.00	AGAATA_4/1	0	1.36	+
4:1090018	  215.4	1	   30.7	NaN	NaN	   13.6	   3.16	NaN	   4.46	  -1.19	   0.00	0	   86.5	NaN	NaN	   80.7	  -0.38	NaN	   0.59	  -1.23	   0.00	0	   66.7	NaN	NaN	   51.5	   0.41	NaN	   1.66	  -1.12	   0.00	0	   31.5	NaN	NaN	   59.3	  -0.03	NaN	   0.00	  -1.04	   0.00	GTTTTT_4/1	0	1.36	+
4:1133448	  194.8	1	   34.9	NaN	NaN	   12.2	   5.63	NaN	   7.08	  -1.04	   0.00	0	   67.0	NaN	NaN	   77.0	  -0.24	NaN	   0.07	  -1.13	   0.00	0	   52.7	NaN	NaN	   51.5	  -0.33	NaN	   0.36	  -1.11	   0.00	0	   40.1	NaN	NaN	   52.7	  -0.12	NaN	   0.02	  -1.23	   0.00	TTTGTT_5/1	0	1.49	+
4:1141095	  186.0	1	   30.7	NaN	NaN	   12.2	   3.95	NaN	   5.31	  -1.18	   0.00	0	   64.7	NaN	NaN	   77.0	  -0.18	NaN	   0.03	  -1.19	   0.00	0	   44.3	NaN	NaN	   51.5	  -0.22	NaN	   0.08	  -1.18	   0.00	0	   46.2	NaN	NaN	   52.7	  -0.23	NaN	   0.10	  -1.12	   0.00	TTNTTCC_7/1	0	1.78	+
4:1213292	  173.7	1	   26.2	NaN	NaN	   12.4	   2.40	NaN	   3.64	  -1.18	   0.00	0	   62.7	NaN	NaN	   77.0	  -0.14	NaN	   0.02	  -1.30	   0.00	0	   63.1	NaN	NaN	   52.2	   0.07	NaN	   1.20	  -1.14	   0.00	0	   21.6	NaN	NaN	   54.0	  -0.02	NaN	   0.00	  -0.97	   0.00	CGAAAA_3/0	0	1.39	+
4:1258315	  261.3	1	   48.8	NaN	NaN	   12.2	  12.94	NaN	  14.67	  -1.03	   0.00	0	   94.9	NaN	NaN	   77.0	   0.20	NaN	   1.59	  -1.07	   0.00	1	   91.2	NaN	NaN	   53.7	   4.16	NaN	   5.90	  -1.07	   0.00	0	   26.4	NaN	NaN	   52.7	  -0.03	NaN	   0.00	  -1.25	   0.00	AGAATA_4/1	0	1.36	+
4:1433744	  177.0	1	   36.0	NaN	NaN	   12.5	   5.84	NaN	   7.31	  -1.01	   0.00	0	   57.0	NaN	NaN	   77.3	  -0.05	NaN	   0.00	  -1.03	   0.00	0	   50.0	NaN	NaN	   51.5	  -0.31	NaN	   0.22	  -1.20	   0.00	0	   34.0	NaN	NaN	   58.9	  -0.03	NaN	   0.00	  -1.08	   0.00	CGAGAAT_7/0	0	2.00	+
4:1439184	  163.0	1	   36.2	NaN	NaN	   14.1	   5.12	NaN	   6.55	  -1.20	   0.00	0	   48.0	NaN	NaN	   79.9	  -0.01	NaN	   0.00	  -1.35	   0.00	0	   44.2	NaN	NaN	   51.5	  -0.22	NaN	   0.08	  -1.17	   0.00	0	   34.6	NaN	NaN	   57.4	  -0.04	NaN	   0.00	  -1.13	   0.00	GAGAAT_5/0	0	1.68	+
4:1469460	  309.4	1	   55.0	NaN	NaN	   16.7	  11.30	NaN	  12.97	  -1.14	   0.00	0	  116.9	NaN	NaN	   82.6	   1.93	NaN	   3.68	  -1.15	   0.00	1	  120.9	NaN	NaN	   56.9	  10.99	NaN	  13.00	  -1.03	   0.00	0	   16.7	NaN	NaN	   56.9	  -0.01	NaN	   0.00	  -1.25	   0.00	CGAGAATA_8/1	0	1.93	+
5:1361	  293.0	0	   12.0	NaN	NaN	   12.8	  -0.22	NaN	   0.20	  -1.18	   0.00	1	  127.0	NaN	NaN	   77.3	   4.79	NaN	   6.86	  -1.08	   0.00	1	   87.0	NaN	NaN	   51.3	   3.75	NaN	   5.44	  -1.09	   0.00	0	   67.0	NaN	NaN	   52.5	  -0.06	NaN	   1.52	  -1.13	   0.00	AGAGTA_4/0	0	1.53	+
5:19859	  210.2	1	   47.5	NaN	NaN	   13.7	  10.73	NaN	  12.37	  -1.22	   0.00	0	   50.3	NaN	NaN	   77.3	  -0.01	NaN	   0.00	  -1.47	   0.00	1	  112.4	NaN	NaN	   51.9	  10.83	NaN	  12.83	  -1.07	   0.00	0	    0.0	NaN	NaN	   55.7	  -0.00	NaN	  -0.00	  -1.13	   0.00	TTTGTT_5/1	0	1.49	+
5:43245	  265.6	1	   50.4	NaN	NaN	   12.8	  13.36	NaN	  15.11	  -1.36	   0.00	0	  108.3	NaN	NaN	   77.3	   1.69	NaN	   3.41	  -1.29	   0.00	1	   99.9	NaN	NaN	   51.3	   7.02	NaN	   8.92	  -1.09	   0.00	0	    7.0	NaN	NaN	   52.5	  -0.00	NaN	   0.00	  -1.76	   0.00	GTTTTT_4/1	0	1.36	+
5:47306	  174.0	1	   27.0	NaN	NaN	   12.8	   2.22	NaN	   3.43	  -1.10	   0.00	0	   73.0	NaN	NaN	   81.0	  -0.26	NaN	   0.08	  -1.10	   0.00	0	   43.0	NaN	NaN	   51.3	  -0.18	NaN	   0.05	  -1.00	   0.00	0	   31.0	NaN	NaN	   54.5	  -0.04	NaN	   0.00	  -1.09	   0.00	GAGAAT_5/0	0	1.68	+
5:70091	  462.1	1	  115.5	NaN	NaN	   12.8	  65.12	NaN	  67.58	  -1.26	   0.00	1	  138.3	NaN	NaN	   77.3	   7.63	NaN	   9.75	  -1.04	   0.00	1	  183.2	NaN	NaN	   51.3	  43.58	NaN	  45.92	  -1.00	   0.00	0	   25.2	NaN	NaN	   52.5	  -0.03	NaN	   0.00	  -1.23	   0.00	TTNTTCC_7/1	0	1.78	+
5:70330	  176.9	1	   28.5	NaN	NaN	   12.8	   2.86	NaN	   4.15	  -0.48	   0.00	0	   72.7	NaN	NaN	   77.3	  -0.33	NaN	   0.15	  -0.68	   0.00	0	   56.8	NaN	NaN	   51.3	  -0.26	NaN	   0.63	  -0.54	   0.00	0	   18.8	NaN	NaN	   52.5	  -0.02	NaN	   0.00	  -0.91	   0.00	AGAATA_4/1	0	1.36	+
5:86354	  190.0	1	   52.0	NaN	NaN	   14.7	  11.74	NaN	  13.44	  -1.14	   0.00	0	   64.0	NaN	NaN	   77.3	  -0.15	NaN	   0.02	  -1.15	   0.00	0	   57.0	NaN	NaN	   53.5	  -0.31	NaN	   0.48	  -1.04	   0.00	0	   17.0	NaN	NaN	   52.5	  -0.01	NaN	   0.00	  -1.17	   0.00	CGAAAA_3/0	0	1.39	+
5:118687	  235.3	1	   59.3	NaN	NaN	   12.8	  19.18	NaN	  21.01	  -1.29	   0.00	0	   56.8	NaN	NaN	   80.8	  -0.03	NaN	   0.00	  -1.13	   0.00	1	  119.2	NaN	NaN	   54.1	  12.06	NaN	  14.10	  -1.10	   0.00	0	    0.0	NaN	NaN	   53.4	  -0.00	NaN	  -0.00	  -1.24	   0.00	TTGTTCC_7/1	0	1.78	+
5:118860	  268.9	1	   30.4	NaN	NaN	   12.8	   3.59	NaN	   4.92	  -0.81	   0.00	1	  127.3	NaN	NaN	   78.4	   4.71	NaN	   6.76	  -1.07	   0.00	0	   78.8	NaN	NaN	   52.9	   1.79	NaN	   3.31	  -0.82	   0.00	0	   32.4	NaN	NaN	   55.1	  -0.04	NaN	   0.00	  -1.29	   0.00	CCGAAT_3/1	0	1.24	+
5:124104	  171.2	1	   32.2	NaN	NaN	   12.8	   4.36	NaN	   5.74	  -1.35	   0.00	0	   65.6	NaN	NaN	   79.6	  -0.15	NaN	   0.02	  -1.23	   0.00	0	   61.9	NaN	NaN	   51.3	  -0.01	NaN	   1.09	  -1.31	   0.00	0	   11.5	NaN	NaN	   59.6	  -0.00	NaN	   0.00	  -1.10	   0.00	TTNTTCC_7/1	0	1.78	+
5:140718	  315.9	0	   16.8	NaN	NaN	   19.4	  -0.20	NaN	   0.13	  -1.37	   0.00	0	  119.8	NaN	NaN	   84.4	   1.99	NaN	   3.82	  -1.13	   0.00	0	   83.7	NaN	NaN	   57.7	   1.66	NaN	   3.16	  -1.23	   0.00	1	   95.6	NaN	NaN	   61.0	   2.36	NaN	   4.67	  -1.22	   0.00	TTTGTT_5/1	0	1.49	+
5:153837	  171.2	1	   35.1	NaN	NaN	   19.6	   2.05	NaN	   3.26	  -1.30	   0.00	0	   76.7	NaN	NaN	   87.0	  -0.23	NaN	   0.06	  -1.06	   0.00	0	   52.7	NaN	NaN	   55.7	  -0.30	NaN	   0.18	  -1.13	   0.00	0	    6.7	NaN	NaN	   57.8	  -0.00	NaN	  -0.00	  -0.97	   0.00	AGAGTA_4/0	0	1.53	+
5:242968	  171.0	1	   35.0	NaN	NaN	   13.0	   5.08	NaN	   6.50	  -1.03	   0.00	0	   55.0	NaN	NaN	   77.3	  -0.03	NaN	   0.00	  -1.09	   0.00	0	   64.0	NaN	NaN	   51.3	   0.14	NaN	   1.31	  -1.00	   0.00	0	   17.0	NaN	NaN	   52.5	  -0.01	NaN	   0.00	  -1.00	   0.00	GTTTTT_4/1	0	1.36	+
5:262151	  238.5	1	   33.2	NaN	NaN	   17.5	   2.28	NaN	   3.50	  -1.07	   0.00	0	   88.1	NaN	NaN	   78.6	  -0.27	NaN	   0.87	  -1.03	   0.00	1	  101.9	NaN	NaN	   54.1	   6.51	NaN	   8.36	  -1.06	   0.00	0	   15.3	NaN	NaN	   55.1	  -0.01	NaN	   0.00	  -1.23	   0.00	GTTTTT_4/1	0	1.36	+
5:292033	  170.8	1	   85.5	NaN	NaN	   15.6	  32.53	NaN	  34.55	  -1.33	   0.00	0	   33.6	NaN	NaN	   82.7	  -0.00	NaN	   0.00	  -1.21	   0.00	0	   30.9	NaN	NaN	   52.8	  -0.01	NaN	   0.00	  -1.26	   0.00	0	   20.8	NaN	NaN	   52.5	  -0.02	NaN	   0.00	  -1.18	   0.00	AGAATA_4/1	0	1.36	+
5:293375	  160.6	1	   33.0	NaN	NaN	   16.9	   2.25	NaN	   3.47	  -1.20	   0.00	0	   57.8	NaN	NaN	   77.4	  -0.06	NaN	   0.00	  -0.98	   0.00	0	   47.5	NaN	NaN	   54.8	  -0.21	NaN	   0.08	  -1.09	   0.00	0	   22.4	NaN	NaN	   52.5	  -0.02	NaN	   0.00	  -0.98	   0.00	CGAAAAGC_5/0	0	1.68	+
5:364861	  186.3	1	   36.1	NaN	NaN	   12.8	   6.05	NaN	   7.54	  -1.08	   0.00	0	   65.4	NaN	NaN	   81.0	  -0.13	NaN	   0.02	  -1.04	   0.00	0	   53.3	NaN	NaN	   51.3	  -0.33	NaN	   0.43	  -1.09	   0.00	0	   31.5	NaN	NaN	   52.5	  -0.04	NaN	   0.00	  -1.20	   0.00	GTTTTT_4/1	0	1.36	+
5:431681	  255.3	0	   20.0	NaN	NaN	   12.8	   0.43	NaN	   1.42	  -1.01	   0.00	1	  114.6	NaN	NaN	   79.6	   2.11	NaN	   3.95	  -0.98	   0.00	0	   63.9	NaN	NaN	   51.7	   0.11	NaN	   1.27	  -1.08	   0.00	0	   56.9	NaN	NaN	   52.7	  -0.37	NaN	   0.53	  -1.08	   0.00	GTTTTT_4/1	0	1.36	+
5:486728	  213.5	1	   27.0	NaN	NaN	   12.8	   2.22	NaN	   3.43	  -1.19	   0.00	0	   84.6	NaN	NaN	   77.3	  -0.35	NaN	   0.69	  -1.06	   0.00	0	   66.6	NaN	NaN	   51.3	   0.43	NaN	   1.69	  -1.24	   0.00	0	   35.3	NaN	NaN	   52.5	  -0.07	NaN	   0.00	  -1.25	   0.00	GGAGTG_2/0	0	1.25	+
5:553091	  229.5	1	   45.5	NaN	NaN	   12.8	  10.57	NaN	  12.21	  -1.39	   0.00	0	   76.1	NaN	NaN	   79.3	  -0.38	NaN	   0.21	  -1.33	   0.00	0	   69.7	NaN	NaN	   54.2	   0.41	NaN	   1.66	  -1.14	   0.00	0	   38.1	NaN	NaN	   52.5	  -0.10	NaN	   0.01	  -1.17	   0.00	GTTTTT_4/1	0	1.36	+
6:96278	  447.2	1	   95.5	NaN	NaN	   12.1	  49.11	NaN	  51.34	  -1.18	   0.00	1	  140.5	NaN	NaN	   74.1	   9.36	NaN	  11.52	  -1.00	   0.00	1	  179.5	NaN	NaN	   53.0	  39.66	NaN	  41.95	  -0.96	   0.00	0	   31.6	NaN	NaN	   50.7	  -0.05	NaN	   0.00	  -1.54	   0.00	GTTTTT_4/1	0	1.36	+
6:107454	  320.8	1	   92.4	NaN	NaN	   13.0	  44.02	NaN	  46.16	  -1.21	   0.00	0	   93.6	NaN	NaN	   77.5	   0.07	NaN	   1.42	  -1.13	   0.00	1	  128.0	NaN	NaN	   56.4	  13.56	NaN	  15.64	  -1.09	   0.00	0	    6.8	NaN	NaN	   51.3	  -0.00	NaN	   0.00	  -0.63	   0.00	TTNTTCC_7/1	0	1.78	+
6:182795	  230.6	1	   32.0	NaN	NaN	   11.9	   4.61	NaN	   6.01	  -0.97	   0.00	0	   87.6	NaN	NaN	   74.1	  -0.08	NaN	   1.21	  -1.12	   0.00	0	   62.9	NaN	NaN	   49.9	   0.19	NaN	   1.38	  -1.10	   0.00	0	   48.1	NaN	NaN	   54.6	  -0.23	NaN	   0.10	  -1.11	   0.00	AGAATA_4/1	0	1.36	+
7:177933	  168.8	1	   30.0	NaN	NaN	   14.0	   2.60	NaN	   3.87	  -1.31	   0.00	0	   60.9	NaN	NaN	   74.6	  -0.14	NaN	   0.02	  -1.29	   0.00	0	   50.3	NaN	NaN	   52.6	  -0.31	NaN	   0.22	  -1.19	   0.00	0	   27.6	NaN	NaN	   51.3	  -0.03	NaN	   0.00	  -1.29	   0.00	TTNTTCC_7/1	0	1.78	+
7:248267	  174.1	1	   25.7	NaN	NaN	   12.4	   2.10	NaN	   3.31	  -1.09	   0.00	0	   77.7	NaN	NaN	   80.5	  -0.37	NaN	   0.21	  -0.84	   0.00	0	   54.1	NaN	NaN	   49.9	  -0.27	NaN	   0.60	  -1.10	   0.00	0	   16.6	NaN	NaN	   50.3	  -0.01	NaN	   0.00	  -0.89	   0.00	TTNTTCC_7/1	0	1.78	+
7:342250	  164.5	1	   45.1	NaN	NaN	   22.7	   3.59	NaN	   4.92	  -1.21	   0.00	0	   52.7	NaN	NaN	   84.0	  -0.01	NaN	   0.00	  -1.13	   0.00	0	   50.3	NaN	NaN	   57.7	  -0.22	NaN	   0.08	  -1.11	   0.00	0	   16.5	NaN	NaN	   50.3	  -0.01	NaN	   0.00	  -1.15	   0.00	GTTTTT_4/1	0	1.36	+
7:415990	  199.0	1	   57.0	NaN	NaN	   14.3	  15.22	NaN	  16.98	  -1.15	   0.00	0	   76.0	NaN	NaN	   81.6	  -0.31	NaN	   0.13	  -1.08	   0.00	0	   56.0	NaN	NaN	   54.0	  -0.33	NaN	   0.38	  -1.12	   0.00	0	   10.0	NaN	NaN	   55.6	  -0.00	NaN	   0.00	  -1.01	   0.00	TTTGTT_5/1	0	1.49	+
7:431530	  161.0	1	   35.0	NaN	NaN	   18.3	   2.26	NaN	   3.49	  -1.20	   0.00	0	   50.0	NaN	NaN	   73.6	  -0.02	NaN	   0.00	  -1.00	   0.00	0	   49.0	NaN	NaN	   54.4	  -0.25	NaN	   0.11	  -1.14	   0.00	0	   27.0	NaN	NaN	   50.5	  -0.03	NaN	   0.00	  -1.07	   0.00	TTNTTCC_7/1	0	1.78	+
7:438955	  212.7	1	   35.2	NaN	NaN	   12.4	   5.95	NaN	   7.42	  -1.34	   0.00	0	   85.6	NaN	NaN	   73.6	  -0.14	NaN	   1.07	  -1.05	   0.00	0	   51.3	NaN	NaN	   49.9	  -0.33	NaN	   0.40	  -1.13	   0.00	0	   40.5	NaN	NaN	   52.7	  -0.12	NaN	   0.02	  -1.16	   0.00	GTTTTT_4/1	0	1.36	+
7:497645	  304.3	0	   14.7	NaN	NaN	   17.8	  -0.19	NaN	   0.11	  -1.04	   0.00	0	  122.9	NaN	NaN	   98.7	   0.51	NaN	   2.00	  -1.07	   0.00	0	   52.1	NaN	NaN	   57.0	  -0.28	NaN	   0.14	  -1.36	   0.00	1	  114.6	NaN	NaN	   62.6	   6.20	NaN	   8.73	  -0.98	   0.00	AGAATA_4/1	0	1.36	+
7:500468	  320.4	0	   21.1	NaN	NaN	   23.3	  -0.22	NaN	   0.20	  -0.96	   0.00	0	  115.0	NaN	NaN	  113.1	  -0.41	NaN	   0.36	  -1.12	   0.00	0	   57.2	NaN	NaN	   63.6	  -0.26	NaN	   0.11	  -1.16	   0.00	1	  127.2	NaN	NaN	   66.1	   8.39	NaN	  11.01	  -1.04	   0.00	AAAAGC_2/0	0	1.25	+
7:501493	  599.2	1	  155.8	NaN	NaN	   35.6	  47.07	NaN	  49.26	  -1.07	   0.00	1	  220.4	NaN	NaN	   93.0	  26.67	NaN	  29.03	  -1.00	   0.00	1	  197.0	NaN	NaN	   62.2	  39.86	NaN	  42.18	  -0.91	   0.00	0	   26.0	NaN	NaN	   59.7	  -0.02	NaN	   0.00	  -1.14	   0.00	TTNTTCC_7/1	0	1.78	+
7:575778	  317.1	1	   80.9	NaN	NaN	   14.1	  31.82	NaN	  33.81	  -1.18	   0.00	0	  105.8	NaN	NaN	   74.2	   1.79	NaN	   3.52	  -1.15	   0.00	1	   96.2	NaN	NaN	   57.7	   4.11	NaN	   5.83	  -1.11	   0.00	0	   34.2	NaN	NaN	   56.6	  -0.04	NaN	   0.00	  -1.16	   0.00	TTGTTCC_7/1	0	1.78	+
7:607854	  233.6	1	   45.2	NaN	NaN	   15.8	   7.73	NaN	   9.27	  -1.31	   0.00	0	   90.4	NaN	NaN	   79.2	  -0.20	NaN	   0.98	  -1.04	   0.00	0	   81.1	NaN	NaN	   55.4	   1.79	NaN	   3.32	  -1.12	   0.00	0	   16.9	NaN	NaN	   56.3	  -0.01	NaN	   0.00	  -1.46	   0.00	GGAGTG_2/0	0	1.25	+
7:615991	  170.0	1	   57.0	NaN	NaN	   22.5	   7.52	NaN	   9.06	  -1.08	   0.00	0	   47.0	NaN	NaN	   75.5	  -0.01	NaN	   0.00	  -0.83	   0.00	0	   54.0	NaN	NaN	   50.2	  -0.31	NaN	   0.50	  -0.97	   0.00	0	   12.0	NaN	NaN	   52.8	  -0.01	NaN	   0.00	  -1.17	   0.00	TATGAA_2/0	0	1.25	+
7:616441	  393.4	1	  133.5	NaN	NaN	   20.8	  58.34	NaN	  60.68	  -1.02	   0.00	1	  124.8	NaN	NaN	   73.6	   5.42	NaN	   7.51	  -1.06	   0.00	1	  132.6	NaN	NaN	   49.9	  19.81	NaN	  21.99	  -1.05	   0.00	0	    2.4	NaN	NaN	   52.9	  -0.00	NaN	  -0.00	  -0.34	   0.00	GAGAAT_5/0	0	1.68	+
7:616634	  177.6	1	   46.5	NaN	NaN	   19.7	   5.48	NaN	   6.91	  -0.49	   0.00	0	   50.2	NaN	NaN	   73.6	  -0.03	NaN	   0.00	  -0.48	   0.00	0	   52.4	NaN	NaN	   50.7	  -0.33	NaN	   0.40	  -0.51	   0.00	0	   28.6	NaN	NaN	   53.2	  -0.03	NaN	   0.00	  -0.87	   0.00	GTTTTT_4/1	0	1.36	+
7:622906	  180.9	1	   30.1	NaN	NaN	   12.5	   3.81	NaN	   5.16	  -1.25	   0.00	0	   60.0	NaN	NaN	   75.0	  -0.14	NaN	   0.02	  -1.12	   0.00	0	   46.7	NaN	NaN	   50.2	  -0.29	NaN	   0.16	  -1.28	   0.00	0	   44.1	NaN	NaN	   53.7	  -0.18	NaN	   0.05	  -1.24	   0.00	TTTGTT_5/1	0	1.49	+
7:674441	  236.0	1	   62.0	NaN	NaN	   15.0	  17.25	NaN	  19.06	  -1.13	   0.00	0	   80.0	NaN	NaN	   78.7	  -0.40	NaN	   0.34	  -1.04	   0.00	0	   74.0	NaN	NaN	   53.3	   0.97	NaN	   2.38	  -1.08	   0.00	0	   20.0	NaN	NaN	   54.0	  -0.02	NaN	   0.00	  -0.95	   0.00	GTTTTT_4/1	0	1.36	+
7:677618	  175.0	1	   37.0	NaN	NaN	   13.0	   5.94	NaN	   7.41	  -1.12	   0.00	0	   69.0	NaN	NaN	   80.5	  -0.19	NaN	   0.04	  -0.89	   0.00	0	   46.0	NaN	NaN	   55.9	  -0.15	NaN	   0.04	  -1.01	   0.00	0	   23.0	NaN	NaN	   52.2	  -0.02	NaN	   0.00	  -1.11	   0.00	GAATTC_2/0	0	1.25	+
7:701476	  186.0	1	   29.3	NaN	NaN	   12.4	   3.47	NaN	   4.79	  -1.16	   0.00	0	   59.3	NaN	NaN	   73.6	  -0.14	NaN	   0.02	  -1.14	   0.00	0	   72.4	NaN	NaN	   49.9	   1.44	NaN	   2.89	  -1.09	   0.00	0	   25.1	NaN	NaN	   50.4	  -0.03	NaN	   0.00	  -1.15	   0.00	GAGTAA_3/1	0	1.24	+
7:743842	  259.2	1	   27.8	NaN	NaN	   12.4	   2.75	NaN	   4.02	  -1.25	   0.00	0	   94.1	NaN	NaN	   82.6	  -0.18	NaN	   1.01	  -1.12	   0.00	1	   88.3	NaN	NaN	   50.2	   4.55	NaN	   6.30	  -1.06	   0.00	0	   49.0	NaN	NaN	   54.2	  -0.26	NaN	   0.13	  -1.19	   0.00	AGAATA_4/1	0	1.36	+
7:833228	  218.5	1	   52.5	NaN	NaN	   12.4	  15.29	NaN	  17.06	  -1.19	   0.00	0	   76.1	NaN	NaN	   73.6	  -0.41	NaN	   0.44	  -1.10	   0.00	1	   82.7	NaN	NaN	   49.9	   3.27	NaN	   4.94	  -1.05	   0.00	0	    7.3	NaN	NaN	   50.3	  -0.00	NaN	   0.00	  -0.63	   0.00	TTNTTCC_7/1	0	1.78	+
7:920823	  166.0	1	   43.0	NaN	NaN	   13.7	   8.10	NaN	   9.67	  -1.07	   0.00	0	   53.0	NaN	NaN	   85.1	  -0.01	NaN	   0.00	  -1.23	   0.00	0	   40.0	NaN	NaN	   53.7	  -0.08	NaN	   0.01	  -1.11	   0.00	0	   30.0	NaN	NaN	   51.5	  -0.04	NaN	   0.00	  -1.09	   0.00	TTNTTCC_7/1	0	1.78	+
7:985371	  177.1	1	   29.5	NaN	NaN	   14.3	   2.44	NaN	   3.69	  -1.44	   0.00	0	   56.4	NaN	NaN	   78.0	  -0.04	NaN	   0.00	  -1.17	   0.00	0	   49.7	NaN	NaN	   54.2	  -0.28	NaN	   0.14	  -1.34	   0.00	0	   41.6	NaN	NaN	   57.9	  -0.08	NaN	   0.01	  -1.30	   0.00	CGAAAAGC_5/0	0	1.68	+
7:1005850	 1554.0	1	  279.2	NaN	NaN	   17.7	 220.49	NaN	 223.29	  -0.98	   0.00	1	  463.2	NaN	NaN	   91.4	 164.37	NaN	 167.34	  -0.98	   0.00	1	  760.4	NaN	NaN	   67.5	 999.00	NaN	 999.00	  -0.78	   0.00	0	   51.1	NaN	NaN	   62.1	  -0.16	NaN	   0.04	  -1.22	   0.00	CGAGAATTC_8/0	0	2.17	+
7:1013347	  208.9	1	   39.9	NaN	NaN	   15.0	   5.76	NaN	   7.22	  -1.04	   0.00	0	   85.5	NaN	NaN	   76.2	  -0.28	NaN	   0.84	  -1.03	   0.00	0	   65.7	NaN	NaN	   53.2	   0.14	NaN	   1.30	  -1.03	   0.00	0	   17.8	NaN	NaN	   50.3	  -0.02	NaN	   0.00	  -1.18	   0.00	AGAATA_4/1	0	1.36	+
7:1020283	  161.7	1	   42.9	NaN	NaN	   12.4	   9.42	NaN	  11.01	  -1.11	   0.00	0	   69.2	NaN	NaN	   78.3	  -0.25	NaN	   0.08	  -0.91	   0.00	0	   33.1	NaN	NaN	   56.7	  -0.01	NaN	   0.00	  -0.98	   0.00	0	   16.5	NaN	NaN	   58.4	  -0.01	NaN	   0.00	  -1.11	   0.00	GAGAATA_6/1	0	1.63	+
7:1020568	  180.3	1	   34.1	NaN	NaN	   12.4	   5.52	NaN	   6.95	  -1.38	   0.00	0	   82.8	NaN	NaN	   76.9	  -0.38	NaN	   0.59	  -1.03	   0.00	0	   43.9	NaN	NaN	   55.1	  -0.13	NaN	   0.02	  -1.33	   0.00	0	   19.5	NaN	NaN	   56.7	  -0.01	NaN	   0.00	  -1.19	   0.00	TTGTTCC_7/1	0	1.78	+
7:1038108	  250.0	1	   37.0	NaN	NaN	   13.4	   5.63	NaN	   7.08	  -1.35	   0.00	1	  108.0	NaN	NaN	   73.6	   2.15	NaN	   4.00	  -1.12	   0.00	0	   70.5	NaN	NaN	   49.9	   1.12	NaN	   2.54	  -1.05	   0.00	0	   34.5	NaN	NaN	   50.3	  -0.07	NaN	   0.00	  -1.22	   0.00	GTTTTTCC_9/2	0	1.88	+
7:1078514	  185.9	1	   49.1	NaN	NaN	   12.6	  13.13	NaN	  14.86	  -1.29	   0.00	0	   50.0	NaN	NaN	   73.6	  -0.03	NaN	   0.00	  -1.26	   0.00	0	   64.1	NaN	NaN	   49.9	   0.39	NaN	   1.64	  -1.16	   0.00	0	   22.7	NaN	NaN	   50.3	  -0.02	NaN	   0.00	  -1.35	   0.00	GTTTTT_4/1	0	1.36	+
7:1102292	  171.6	1	   32.8	NaN	NaN	   12.4	   4.65	NaN	   6.05	  -1.17	   0.00	0	   62.1	NaN	NaN	   73.6	  -0.20	NaN	   0.04	  -1.12	   0.00	0	   51.3	NaN	NaN	   49.9	  -0.33	NaN	   0.40	  -1.15	   0.00	0	   25.4	NaN	NaN	   50.3	  -0.03	NaN	   0.00	  -1.20	   0.00	GGAGTG_2/0	0	1.25	+
8:22953	  163.7	1	   35.1	NaN	NaN	   12.3	   6.03	NaN	   7.51	  -1.22	   0.00	0	   54.2	NaN	NaN	   77.0	  -0.04	NaN	   0.00	  -1.01	   0.00	0	   47.1	NaN	NaN	   52.3	  -0.27	NaN	   0.13	  -1.27	   0.00	0	   27.3	NaN	NaN	   60.5	  -0.02	NaN	   0.00	  -1.19	   0.00	GTTTTT_4/1	0	1.36	+
8:64506	 1217.0	1	  264.8	NaN	NaN	   28.7	 151.97	NaN	 154.64	  -0.95	   0.00	1	  460.2	NaN	NaN	   78.6	 186.83	NaN	 189.93	  -0.81	   0.00	1	  443.8	NaN	NaN	   52.0	 242.38	NaN	 244.95	  -0.90	   0.00	0	   48.2	NaN	NaN	   49.6	  -0.32	NaN	   0.26	  -1.26	   0.00	TTNTTCC_7/1	0	1.78	+
8:96249	  272.0	1	   44.0	NaN	NaN	   11.9	  10.51	NaN	  12.14	  -1.09	   0.00	0	   84.0	NaN	NaN	   78.2	  -0.38	NaN	   0.57	  -0.99	   0.00	1	   80.0	NaN	NaN	   49.4	   2.82	NaN	   4.42	  -0.97	   0.00	0	   64.0	NaN	NaN	   57.9	  -0.36	NaN	   0.65	  -1.06	   0.00	TTTGTTCC_9/2	0	1.88	+
8:96798	  160.3	1	   24.1	NaN	NaN	   11.9	   2.02	NaN	   3.21	  -1.22	   0.00	0	   60.7	NaN	NaN	   82.1	  -0.05	NaN	   0.00	  -1.26	   0.00	0	   44.6	NaN	NaN	   52.0	  -0.21	NaN	   0.07	  -1.12	   0.00	0	   31.0	NaN	NaN	   61.7	  -0.02	NaN	   0.00	  -0.96	   0.00	TTNTTCC_7/1	0	1.78	+
8:112900	  248.8	1	   79.9	NaN	NaN	   13.4	  32.45	NaN	  34.45	  -1.15	   0.00	0	   89.2	NaN	NaN	   76.7	  -0.12	NaN	   1.12	  -1.07	   0.00	0	   73.4	NaN	NaN	   55.7	   0.64	NaN	   1.97	  -1.19	   0.00	0	    6.2	NaN	NaN	   50.0	  -0.00	NaN	   0.00	  -1.19	   0.00	CGAAAA_3/0	0	1.39	+
8:171668	  195.6	0	   28.9	NaN	NaN	   16.9	   1.18	NaN	   2.33	  -1.06	   0.00	0	   70.5	NaN	NaN	   72.2	  -0.38	NaN	   0.24	  -1.06	   0.00	1	   77.6	NaN	NaN	   49.0	   2.50	NaN	   4.08	  -1.09	   0.00	0	   18.6	NaN	NaN	   49.6	  -0.02	NaN	   0.00	  -1.47	   0.00	CGAGAATA_8/1	0	1.93	+
8:238183	  250.0	1	   25.5	NaN	NaN	   11.9	   2.33	NaN	   3.57	  -1.44	   0.00	1	  106.4	NaN	NaN	   72.2	   2.25	NaN	   4.12	  -1.04	   0.00	0	   70.2	NaN	NaN	   49.0	   1.29	NaN	   2.72	  -1.29	   0.00	0	   47.9	NaN	NaN	   49.6	  -0.31	NaN	   0.22	  -1.09	   0.00	TTNTTCC_7/1	0	1.78	+
8:267714	  159.7	1	   24.9	NaN	NaN	   11.9	   2.01	NaN	   3.21	  -1.15	   0.00	0	   56.5	NaN	NaN	   79.5	  -0.04	NaN	   0.00	  -1.14	   0.00	0	   65.5	NaN	NaN	   53.4	   0.12	NaN	   1.28	  -1.07	   0.00	0	   12.8	NaN	NaN	   52.8	  -0.01	NaN	   0.00	  -0.97	   0.00	TATGAA_2/0	0	1.25	+
8:459494	  216.9	1	   35.5	NaN	NaN	   12.7	   5.73	NaN	   7.18	  -1.22	   0.00	0	   86.4	NaN	NaN	   79.5	  -0.35	NaN	   0.67	  -1.09	   0.00	0	   75.0	NaN	NaN	   58.5	   0.41	NaN	   1.67	  -1.16	   0.00	0	   20.1	NaN	NaN	   52.0	  -0.02	NaN	   0.00	  -1.06	   0.00	TTNTTCC_7/1	0	1.78	+
9:27416	  240.0	0	   28.0	NaN	NaN	   15.4	   1.44	NaN	   2.61	  -1.13	   0.00	0	   88.0	NaN	NaN	   71.8	   0.09	NaN	   1.45	  -1.05	   0.00	1	   79.0	NaN	NaN	   48.4	   2.85	NaN	   4.47	  -1.07	   0.00	0	   45.0	NaN	NaN	   53.7	  -0.18	NaN	   0.05	  -1.24	   0.00	TTNTTCC_7/1	0	1.78	+
9:124323	  175.3	1	   29.9	NaN	NaN	   11.8	   3.86	NaN	   5.21	  -1.43	   0.00	0	   51.5	NaN	NaN	   72.8	  -0.04	NaN	   0.00	  -1.16	   0.00	0	   74.3	NaN	NaN	   49.1	   1.91	NaN	   3.45	  -1.11	   0.00	0	   19.5	NaN	NaN	   50.0	  -0.02	NaN	   0.00	  -0.96	   0.00	CCGAAT_3/1	0	1.24	+
9:136289	  166.0	1	   27.0	NaN	NaN	   12.7	   2.25	NaN	   3.48	  -1.14	   0.00	0	   63.0	NaN	NaN	   74.8	  -0.18	NaN	   0.03	  -1.09	   0.00	0	   50.0	NaN	NaN	   55.4	  -0.26	NaN	   0.11	  -1.06	   0.00	0	   26.0	NaN	NaN	   59.3	  -0.02	NaN	   0.00	  -1.29	   0.00	TTTGTTCC_9/2	0	1.88	+
9:237395	  289.5	1	   53.5	NaN	NaN	   16.7	  10.81	NaN	  12.45	  -0.77	   0.00	0	  111.6	NaN	NaN	   78.2	   1.93	NaN	   3.72	  -0.81	   0.00	1	  100.5	NaN	NaN	   53.0	   6.64	NaN	   8.51	  -0.89	   0.00	0	   23.9	NaN	NaN	   50.9	  -0.02	NaN	   0.00	  -0.94	   0.00	AGAATA_4/1	0	1.36	+
9:237591	  355.5	1	  114.5	NaN	NaN	   17.0	  52.02	NaN	  54.31	  -1.15	   0.00	1	  127.4	NaN	NaN	   78.7	   4.63	NaN	   6.67	  -0.98	   0.00	1	   97.5	NaN	NaN	   53.7	   5.63	NaN	   7.42	  -1.03	   0.00	0	   16.1	NaN	NaN	   49.9	  -0.01	NaN	   0.00	  -0.95	   0.00	TGTTCC_3/0	0	1.39	+
9:380765	  225.2	1	   70.7	NaN	NaN	   23.8	  12.64	NaN	  14.36	  -1.10	   0.00	0	   70.3	NaN	NaN	   71.7	  -0.39	NaN	   0.26	  -1.13	   0.00	0	   55.6	NaN	NaN	   53.0	  -0.32	NaN	   0.45	  -0.98	   0.00	0	   28.5	NaN	NaN	   62.3	  -0.02	NaN	   0.00	  -1.17	   0.00	GAGAAT_5/0	0	1.68	+
9:382564	  204.8	1	   66.3	NaN	NaN	   22.2	  12.10	NaN	  13.81	  -1.17	   0.00	0	   59.9	NaN	NaN	   71.7	  -0.17	NaN	   0.03	  -1.05	   0.00	0	   60.5	NaN	NaN	   48.4	   0.16	NaN	   1.35	  -1.15	   0.00	0	   18.2	NaN	NaN	   49.6	  -0.02	NaN	   0.00	  -0.90	   0.00	AGATAT_2/0	0	1.25	+
9:383210	  191.9	1	   37.4	NaN	NaN	   14.8	   5.05	NaN	   6.47	  -1.12	   0.00	0	   67.3	NaN	NaN	   71.7	  -0.35	NaN	   0.16	  -1.25	   0.00	0	   55.7	NaN	NaN	   48.4	  -0.19	NaN	   0.81	  -1.27	   0.00	0	   31.5	NaN	NaN	   49.6	  -0.06	NaN	   0.00	  -1.37	   0.00	TTTGTT_5/1	0	1.49	+
9:388844	  178.5	1	   38.9	NaN	NaN	   11.8	   7.96	NaN	   9.51	  -1.16	   0.00	0	   55.3	NaN	NaN	   71.7	  -0.10	NaN	   0.01	  -1.36	   0.00	0	   40.3	NaN	NaN	   48.4	  -0.19	NaN	   0.06	  -1.14	   0.00	0	   43.9	NaN	NaN	   49.6	  -0.22	NaN	   0.09	  -1.24	   0.00	TTTGTT_5/1	0	1.49	+
9:421920	  192.5	1	   43.0	NaN	NaN	   14.7	   7.26	NaN	   8.79	  -1.07	   0.00	0	   71.5	NaN	NaN	   80.5	  -0.25	NaN	   0.07	  -1.16	   0.00	0	   40.2	NaN	NaN	   51.6	  -0.13	NaN	   0.03	  -1.18	   0.00	0	   37.8	NaN	NaN	   50.5	  -0.11	NaN	   0.01	  -1.17	   0.00	GTTTTT_4/1	0	1.36	+
mit:6115	  428.3	1	   38.9	NaN	NaN	   21.7	   2.08	NaN	   3.28	  -1.12	   0.00	1	  136.3	NaN	NaN	   73.4	   8.51	NaN	  10.65	  -1.14	   0.00	1	  203.0	NaN	NaN	   96.1	  19.24	NaN	  21.38	  -1.14	   0.00	0	   50.1	NaN	NaN	   30.2	   1.32	NaN	   3.45	  -1.29	   0.00	TTTGTT_5/1	0	1.49	+
mit:10750	  300.6	1	   43.7	NaN	NaN	   21.7	   3.44	NaN	   4.76	  -1.09	   0.00	0	   95.8	NaN	NaN	   73.4	   0.66	NaN	   2.19	  -1.08	   0.00	0	  119.3	NaN	NaN	   96.1	   0.66	NaN	   1.99	  -0.98	   0.00	0	   41.8	NaN	NaN	   30.2	  -0.05	NaN	   1.61	  -1.09	   0.00	TATGAA_2/0	0	1.25	+
mit:11484	  289.0	0	   28.4	NaN	NaN	   21.7	   0.19	NaN	   1.11	  -1.24	   0.00	0	   78.4	NaN	NaN	   73.4	  -0.38	NaN	   0.57	  -1.05	   0.00	1	  139.4	NaN	NaN	   96.1	   3.13	NaN	   4.80	  -1.13	   0.00	0	   42.8	NaN	NaN	   30.2	   0.06	NaN	   1.78	  -1.39	   0.00	GCATTA_3/0	0	1.39	+
mit:24258	  501.8	1	   50.6	NaN	NaN	   21.7	   5.76	NaN	   7.22	  -1.16	   0.00	1	  160.3	NaN	NaN	   73.4	  16.13	NaN	  18.38	  -1.02	   0.00	1	  216.8	NaN	NaN	   96.1	  23.57	NaN	  25.82	  -1.10	   0.00	1	   74.1	NaN	NaN	   30.2	   8.54	NaN	  11.26	  -1.17	   0.00	GTTTTT_4/1	0	1.36	+
mit:24974	  313.0	0	   23.5	NaN	NaN	   21.7	  -0.20	NaN	   0.47	  -1.02	   0.00	1	  107.6	NaN	NaN	   73.4	   2.18	NaN	   4.03	  -0.89	   0.00	1	  145.1	NaN	NaN	   96.1	   4.15	NaN	   5.88	  -0.85	   0.00	0	   36.9	NaN	NaN	   30.2	  -0.34	NaN	   0.89	  -0.93	   0.00	TTTGTT_5/1	0	1.49	+
mit:25790	  539.4	1	   46.7	NaN	NaN	   21.7	   4.38	NaN	   5.77	  -1.32	   0.00	1	  182.5	NaN	NaN	   73.4	  24.19	NaN	  26.54	  -1.10	   0.00	1	  235.4	NaN	NaN	   96.1	  30.64	NaN	  32.91	  -0.96	   0.00	1	   74.8	NaN	NaN	   30.2	   8.47	NaN	  11.26	  -1.23	   0.00	AGCGAA_3/0	0	1.39	+
mit:26919	  288.8	0	   23.3	NaN	NaN	   21.7	  -0.20	NaN	   0.47	  -0.78	   0.00	1	  108.2	NaN	NaN	   73.4	   2.33	NaN	   4.21	  -0.74	   0.00	0	  113.1	NaN	NaN	   96.1	   0.19	NaN	   1.39	  -0.70	   0.00	0	   44.1	NaN	NaN	   30.2	   0.32	NaN	   2.14	  -0.76	   0.00	TATGAA_2/0	0	1.25	+
mit:27284	  431.2	0	   33.7	NaN	NaN	   21.7	   0.95	NaN	   2.06	  -1.18	   0.00	1	  147.8	NaN	NaN	   73.4	  11.69	NaN	  13.87	  -1.07	   0.00	1	  182.9	NaN	NaN	   96.1	  12.61	NaN	  14.66	  -1.03	   0.00	1	   66.9	NaN	NaN	   30.2	   5.75	NaN	   8.24	  -1.25	   0.00	TTTGTT_5/1	0	1.49	+
mit:38923	  262.0	1	   39.0	NaN	NaN	   21.7	   2.08	NaN	   3.28	  -1.33	   0.00	0	   70.0	NaN	NaN	   73.4	  -0.35	NaN	   0.17	  -1.27	   0.00	0	  125.0	NaN	NaN	   96.1	   1.14	NaN	   2.57	  -1.04	   0.00	0	   28.0	NaN	NaN	   30.2	  -0.28	NaN	   0.17	  -1.45	   0.00	AGAATA_4/1	0	1.36	+
mit:44174	  355.0	0	   34.0	NaN	NaN	   21.7	   0.94	NaN	   2.06	  -1.44	   0.00	1	  112.0	NaN	NaN	   73.4	   2.83	NaN	   4.77	  -1.08	   0.00	1	  172.0	NaN	NaN	   96.1	   9.69	NaN	  11.69	  -0.97	   0.00	0	   37.0	NaN	NaN	   30.2	  -0.34	NaN	   0.89	  -1.14	   0.00	AGATAT_2/0	0	1.25	+
mit:44953	  292.0	0	   22.7	NaN	NaN	   21.7	  -0.22	NaN	   0.38	  -1.31	   0.00	0	   96.8	NaN	NaN	   73.4	   0.77	NaN	   2.32	  -1.21	   0.00	1	  138.0	NaN	NaN	   96.1	   2.99	NaN	   4.63	  -1.15	   0.00	0	   34.4	NaN	NaN	   30.2	  -0.36	NaN	   0.67	  -1.41	   0.00	GCATTA_3/0	0	1.39	+
mit:47714	  394.8	1	   41.4	NaN	NaN	   21.7	   2.86	NaN	   4.14	  -1.13	   0.00	0	  105.9	NaN	NaN	   73.4	   1.91	NaN	   3.69	  -1.22	   0.00	1	  179.5	NaN	NaN	   96.1	  11.79	NaN	  13.82	  -1.02	   0.00	1	   68.1	NaN	NaN	   30.2	   6.39	NaN	   8.96	  -1.10	   0.00	AGATAT_2/0	0	1.25	+
mit:49093	  340.9	0	   36.7	NaN	NaN	   21.7	   1.58	NaN	   2.76	  -1.22	   0.00	0	  100.0	NaN	NaN	   73.4	   1.25	NaN	   2.89	  -1.03	   0.00	1	  156.6	NaN	NaN	   96.1	   6.30	NaN	   8.11	  -1.04	   0.00	0	   47.7	NaN	NaN	   30.2	   0.79	NaN	   2.76	  -1.23	   0.00	AGAGTA_4/0	0	1.53	+
mit:53502	  231.0	0	    7.0	NaN	NaN	   21.7	  -0.01	NaN	   0.00	  -1.43	   0.00	1	  110.0	NaN	NaN	   73.4	   2.50	NaN	   4.39	  -1.05	   0.00	0	   77.0	NaN	NaN	   96.1	  -0.08	NaN	   0.01	  -1.06	   0.00	0	   37.0	NaN	NaN	   30.2	  -0.34	NaN	   0.89	  -1.31	   0.00	AGATAT_2/0	0	1.25	+
mit:57016	  285.2	0	   29.4	NaN	NaN	   21.7	   0.32	NaN	   1.28	  -0.94	   0.00	0	   80.7	NaN	NaN	   73.4	  -0.35	NaN	   0.69	  -0.99	   0.00	1	  139.4	NaN	NaN	   96.1	   3.13	NaN	   4.80	  -1.01	   0.00	0	   35.6	NaN	NaN	   30.2	  -0.34	NaN	   0.77	  -0.98	   0.00	AGAATA_4/1	0	1.36	+
mit:60471	  273.4	0	   26.6	NaN	NaN	   21.7	  -0.01	NaN	   0.82	  -1.04	   0.00	0	   80.6	NaN	NaN	   73.4	  -0.35	NaN	   0.69	  -1.06	   0.00	1	  132.6	NaN	NaN	   96.1	   2.12	NaN	   3.67	  -1.11	   0.00	0	   33.7	NaN	NaN	   30.2	  -0.38	NaN	   0.57	  -1.30	   0.00	AGAATA_4/1	0	1.36	+
mit:61284	  275.1	0	   33.3	NaN	NaN	   21.7	   0.95	NaN	   2.06	  -1.32	   0.00	0	   71.8	NaN	NaN	   73.4	  -0.38	NaN	   0.24	  -1.19	   0.00	1	  136.7	NaN	NaN	   96.1	   2.69	NaN	   4.30	  -1.11	   0.00	0	   33.3	NaN	NaN	   30.2	  -0.38	NaN	   0.57	  -1.10	   0.00	AGATAT_2/0	0	1.25	+
mit:63883	  328.7	0	   33.8	NaN	NaN	   21.7	   0.94	NaN	   2.06	  -1.02	   0.00	1	  115.4	NaN	NaN	   73.4	   3.60	NaN	   5.57	  -0.84	   0.00	1	  146.6	NaN	NaN	   96.1	   4.32	NaN	   6.06	  -0.97	   0.00	0	   32.8	NaN	NaN	   30.2	  -0.37	NaN	   0.48	  -1.10	   0.00	GTTTTT_4/1	0	1.36	+
mit:69771	  387.7	0	   25.6	NaN	NaN	   44.9	  -0.02	NaN	   0.00	  -1.08	   0.00	0	  124.9	NaN	NaN	  129.2	  -0.36	NaN	   0.18	  -1.07	   0.00	1	  192.2	NaN	NaN	  123.6	   6.49	NaN	   8.33	  -0.97	   0.00	0	   45.1	NaN	NaN	   89.9	  -0.02	NaN	   0.00	  -1.29	   0.00	AGAATA_4/1	0	1.36	+
mit:70613	  475.0	1	   43.3	NaN	NaN	   21.7	   3.45	NaN	   4.76	  -1.22	   0.00	1	  155.1	NaN	NaN	   73.4	  14.49	NaN	  16.70	  -1.11	   0.00	1	  212.2	NaN	NaN	   96.1	  22.19	NaN	  24.42	  -1.00	   0.00	1	   64.4	NaN	NaN	   30.2	   5.09	NaN	   7.55	  -1.32	   0.00	GAGAATA_6/1	0	1.63	+
mit:71584	  338.3	0	   30.1	NaN	NaN	   21.7	   0.46	NaN	   1.46	  -1.07	   0.00	0	  105.7	NaN	NaN	   73.4	   1.92	NaN	   3.69	  -0.99	   0.00	1	  153.4	NaN	NaN	   96.1	   5.68	NaN	   7.47	  -1.10	   0.00	0	   49.1	NaN	NaN	   30.2	   1.17	NaN	   3.21	  -1.16	   0.00	CCGAAT_3/1	0	1.24	+
mit:71952	  359.7	0	   32.9	NaN	NaN	   21.7	   0.76	NaN	   1.85	  -1.45	   0.00	1	  157.3	NaN	NaN	   73.4	  15.13	NaN	  17.36	  -1.09	   0.00	0	  122.6	NaN	NaN	   96.1	   0.93	NaN	   2.33	  -1.17	   0.00	0	   46.9	NaN	NaN	   30.2	   0.62	NaN	   2.55	  -1.19	   0.00	GCATTA_3/0	0	1.39	+
mit:75247	  245.0	1	   40.0	NaN	NaN	   21.7	   2.32	NaN	   3.56	  -1.05	   0.00	0	   60.0	NaN	NaN	   73.4	  -0.15	NaN	   0.02	  -1.19	   0.00	0	  108.0	NaN	NaN	   96.1	  -0.13	NaN	   0.91	  -0.98	   0.00	0	   37.0	NaN	NaN	   30.2	  -0.34	NaN	   0.89	  -1.14	   0.00	GAGAAT_5/0	0	1.68	+
mit:79204	  490.3	0	   36.3	NaN	NaN	   21.7	   1.59	NaN	   2.76	  -1.09	   0.00	1	  170.4	NaN	NaN	   73.4	  19.66	NaN	  21.93	  -1.08	   0.00	1	  207.6	NaN	NaN	   96.1	  20.52	NaN	  22.71	  -1.02	   0.00	1	   76.0	NaN	NaN	   30.2	   8.79	NaN	  11.67	  -1.22	   0.00	AGAGTA_4/0	0	1.53	+
mit:79742	  303.0	0	   27.1	NaN	NaN	   21.7	   0.07	NaN	   0.96	  -1.33	   0.00	1	  106.6	NaN	NaN	   73.4	   2.03	NaN	   3.86	  -1.14	   0.00	1	  137.1	NaN	NaN	   96.1	   2.84	NaN	   4.46	  -1.09	   0.00	0	   32.2	NaN	NaN	   30.2	  -0.37	NaN	   0.48	  -1.24	   0.00	AGATAT_2/0	0	1.25	+
plasmid-2-micron:2500	11848.0	0	  840.0	NaN	NaN	  761.8	   1.39	NaN	   2.56	  -0.63	   0.93	1	 4271.0	NaN	NaN	 4007.8	   2.78	NaN	   4.70	  -0.48	   0.93	1	 3417.0	NaN	NaN	 3070.1	   7.46	NaN	   9.39	  -0.45	   0.93	1	 3320.0	NaN	NaN	 2935.1	   8.77	NaN	  11.74	  -0.49	   0.93	GAGAAT_5/0	0	1.68	+
plasmid-2-micron:3505	12385.0	0	  772.0	NaN	NaN	  761.8	  -0.20	NaN	   0.44	  -0.69	   0.73	1	 4736.0	NaN	NaN	 4007.8	  26.97	NaN	  29.37	  -0.49	   0.73	1	 3400.0	NaN	NaN	 3070.1	   6.73	NaN	   8.60	  -0.50	   0.73	1	 3477.0	NaN	NaN	 2935.1	  19.40	NaN	  22.67	  -0.52	   0.73	AGAGTAA_4/1	0	1.36	+
