-300	6.544679381114053E-4
-299	6.935734559926337E-4
-298	8.335056919178992E-4
-297	0.0013111332652150432
-296	0.00142750932595233
-295	0.001361314254831422
-294	0.0011831985004957567
-293	0.0010022419710366724
-292	9.059349561587092E-4
-291	8.954092720192108E-4
-290	9.502071163887214E-4
-289	0.0010446074128124339
-288	0.0011318359879341348
-287	0.001159855394172259
-286	0.001090583787367866
-285	9.41761737052514E-4
-284	7.450854161803858E-4
-283	5.371899608497186E-4
-282	3.744663597349672E-4
-281	3.1824456465464105E-4
-280	4.034335811365802E-4
-279	5.592586295459466E-4
-278	6.88523983957233E-4
-277	7.174378204728997E-4
-276	6.658239233072766E-4
-275	5.769099787026616E-4
-274	4.942661958554384E-4
-273	4.628328757783382E-4
-272	5.278928424381785E-4
-271	7.087813688083363E-4
-270	9.210435238884263E-4
-269	0.0010542768256846231
-268	0.0010280686986528106
-267	8.819661930477133E-4
-266	6.855062655737651E-4
-265	5.057988956820342E-4
-264	4.002461538101252E-4
-263	4.238231331422768E-4
-262	5.973412258384147E-4
-261	8.04957019961214E-4
-260	8.966634025490364E-4
-259	7.778264628153841E-4
-258	5.753050986743147E-4
-257	4.7133141021502576E-4
-256	5.899606297940058E-4
-255	8.22540518836907E-4
-254	0.0010022419710366724
-253	0.0010079877389956827
-252	9.017080109540694E-4
-251	7.910848340614008E-4
-250	7.592136749235447E-4
-249	7.908436779715636E-4
-248	8.461374070928197E-4
-247	8.983575302097266E-4
-246	9.731671313849087E-4
-245	0.001109329398716042
-244	0.0013160341188867845
-243	0.0014841774729247245
-242	0.0014750822404434323
-241	0.0012124188628334666
-240	8.692484285933422E-4
-239	6.809796879985632E-4
-238	8.059586707934571E-4
-237	0.0010942805245976468
-236	0.0013189776764995793
-235	0.0013143626033133842
-234	0.0011598679807559224
-233	9.962065342697364E-4
-232	9.344034774163364E-4
-231	9.667339762330963E-4
-230	0.001055785684876357
-229	0.0011593018843043844
-228	0.0012156483626831434
-227	0.0011583465349805251
-226	9.615761774665827E-4
-225	7.62150511620023E-4
-224	7.37541120221716E-4
-223	9.929545427087084E-4
-222	0.0013445371451427546
-221	0.0015361702502417866
-220	0.0013952889436268732
-219	0.0010835433625316323
-218	8.461374070928197E-4
-217	8.587687745032851E-4
-216	0.001019110350180257
-215	0.001155328816597057
-214	0.0011437882483017123
-213	0.0010536422881410677
-212	0.0010022419710366721
-211	0.0010704914916492832
-210	0.0011935076835964916
-209	0.0012699605402350963
-208	0.0012358633488232446
-207	0.0011766025722244763
-206	0.0012149079672036777
-205	0.00141962890116842
-204	0.00164409318409701
-203	0.0016877482366104374
-202	0.0014226970580437407
-201	0.0010116649625881557
-200	6.900328431489669E-4
-199	6.337164443726706E-4
-198	7.807709178706106E-4
-197	0.001009786266995342
-196	0.0012240096194654144
-195	0.001425316600463356
-194	0.0016402399595376886
-193	0.0018737734669499006
-192	0.00204475497581335
-191	0.0020504833599543594
-190	0.0018354562247462451
-189	0.0015329661017502933
-188	0.001323504254074781
-187	0.0013314139704929887
-186	0.0014564466424382054
-185	0.0015422056870087223
-184	0.0014813178185850446
-183	0.0013625029406765376
-182	0.0013235042540747813
-181	0.0014568614999912342
-180	0.0016743005813168734
-179	0.001842343941362556
-178	0.0018672165138614602
-177	0.0018139531942360566
-176	0.0017872913683311374
-175	0.0018582160653801765
-174	0.0019627028881713734
-173	0.002002975082881611
-172	0.0019154779015370868
-171	0.0017735446195612757
-170	0.0016847305182269695
-169	0.001724679179452613
-168	0.0018413873877392707
-167	0.0019509402282336598
-166	0.001985841959702513
-165	0.0019442735353926294
-164	0.001840835082170822
-163	0.0016908009282510462
-162	0.0015121422072358144
-161	0.001323504254074781
-160	0.0011557820191246467
-159	0.0010888689143703
-158	0.0012149079672036777
-157	0.0015701136502041014
-156	0.001966986216700436
-155	0.0021620973652089316
-154	0.002000056924988384
-153	0.001677627248267776
-152	0.0014796088180186338
-151	0.00160512056561874
-150	0.0019105552160708897
-149	0.002166623942784133
-148	0.002205807948154291
-147	0.0021076685505242703
-146	0.0020135370972237483
-145	0.0020354030223961716
-144	0.0021678881074400523
-143	0.002376272220567671
-142	0.002616522201641273
-141	0.002807352777122969
-140	0.0028581656451248344
-139	0.0027195945813288406
-138	0.0025072016716965457
-137	0.0023777810797594046
-136	0.0024394873474511518
-135	0.002605916530314654
-134	0.0027420250622950605
-133	0.0027445406462226745
-132	0.002637276060468419
-131	0.00247581535228837
-130	0.0023158946477399587
-129	0.0022138583880860225
-128	0.002226203093390754
-127	0.0023808155378885736
-126	0.0025911435124948193
-125	0.0027420250622950605
-124	0.00274946410619786
-123	0.0026541280584037653
-122	0.002527850206936321
-121	0.0024388606149461137
-120	0.0024409764460918983
-119	0.0025844116391594736
-118	0.002886874121850361
-117	0.0032360477775289736
-116	0.0034871104784754466
-115	0.0035328689982126417
-114	0.003416645715234334
-113	0.0032193919092770224
-112	0.0030145999418311944
-111	0.002845926501403289
-110	0.0027495693582537304
-109	0.002752927148256443
-108	0.0028482019697393538
-107	0.0030187967866438883
-106	0.0032379527926227826
-105	0.003438264100174013
-104	0.003542163051506865
-103	0.0034990722063913448
-102	0.003366374994840332
-101	0.0032284450644274264
-100	0.003148386799586882
-99	0.003104227532195574
-98	0.003052725330991032
-97	0.002960964576196561
-96	0.002837334893978571
-95	0.002700552221989247
-94	0.0025802422120331995
-93	0.0025496693725247325
-92	0.0026930079260305776
-91	0.003043931714795603
-90	0.003434113059777233
-89	0.003644723901611033
-88	0.0035190146874022905
-87	0.0031485498901351904
-86	0.0026869724892636415
-85	0.0022813548949295087
-84	0.0020524872400264757
-83	0.0021145890881361824
-82	0.002516867390924624
-81	0.0030484786523952245
-80	0.0034335667646357617
-79	0.0034862904635537557
-78	0.0033808678603356964
-77	0.0033815319099878114
-76	0.003656000850293807
-75	0.003985934050147314
-74	0.004056476161219439
-73	0.003676511190164519
-72	0.0031498805635698235
-71	0.002904165063005849
-70	0.0032168071492400213
-69	0.0037646959998274684
-68	0.004074582471520246
-67	0.0038329603417939567
-66	0.003365295071018403
-65	0.0031567950402869335
-64	0.0035255717929607326
-63	0.004121349521472315
-62	0.00442675558052203
-61	0.004094147930128374
-60	0.0034548069515824443
-59	0.0030097436314934843
-58	0.0031024462207847174
-57	0.0034463120276352795
-56	0.003597215624538284
-55	0.003266219516982752
-54	0.0027851379424413433
-53	0.0026409730713826264
-52	0.0031456608329008748
-51	0.003910872190593181
-50	0.004373211866682346
-49	0.004160561721101939
-48	0.0036659121646286253
-47	0.003473530745749841
-46	0.003974344321792519
-45	0.004785916985441588
-44	0.005332472138221471
-43	0.005227554679561628
-42	0.004841995500511677
-41	0.004735946990026268
-40	0.005281175893167885
-39	0.006095906379430331
-38	0.006609976974415237
-37	0.0064196264497918655
-36	0.005786694561499988
-35	0.005139421311547006
-34	0.004820003575791972
-33	0.0048264657255005314
-32	0.005070789005789981
-31	0.0054464573930440114
-30	0.005772965788711881
-29	0.005851311825509246
-28	0.0055849595386959225
-27	0.005287238573708387
-26	0.005373944978527284
-25	0.00609476883494861
-24	0.0070349763600297995
-23	0.007613727804643642
-22	0.007445798951836837
-21	0.006928427713351715
-20	0.006654467533104518
-19	0.007027116064935633
-18	0.007690947802382074
-17	0.008100881448905006
-16	0.007841218007549777
-15	0.007013787679698508
-14	0.0058498029663175116
-13	0.004611065292131393
-12	0.0036817317768979563
-11	0.0034765484641333085
-10	0.004232653321203705
-9	0.005476752010876021
-8	0.006557942119767286
-7	0.006972047419306312
-6	0.006801796420169055
-5	0.006276643817843256
-4	0.0056201824758105095
-3	0.005032557929527824
-2	0.004708053882446061
-1	0.004759625342480259
0	0.004974912535402199
1	0.005060226991447844
2	0.004816456253218712
3	0.004422791912778551
4	0.00415300157455667
5	0.004200313323483762
6	0.0044357971664960565
7	0.0046499835910311735
8	0.004678204600955577
9	0.00453499826585114
10	0.0042797041717285815
11	0.003969301856461077
12	0.0036513306653716236
13	0.003370969895645673
14	0.0031618347267409765
15	0.003011283867204483
16	0.0028951119078554455
17	0.0027959730804497217
18	0.002723960180489617
19	0.0026960256444140455
20	0.002719615121828001
21	0.002764147115000793
22	0.0027895333393678098
23	0.002760627180522179
24	0.002662048704687982
25	0.00248335964824704
26	0.002239779657893308
27	0.002049160021569274
28	0.0020550099375295614
29	0.00233449204573964
30	0.0026993827530083663
31	0.0028951119078554455
32	0.0027385263845138177
33	0.0023321411600693703
34	0.001849888237321226
35	0.001442647601764098
36	0.0011690911696750567
37	0.0010648388400267609
38	0.0011413608475921303
39	0.0013135287703451247
40	0.0014720645220599642
41	0.0015377115216440827
42	0.0015512992085377718
43	0.0015836785273145358
44	0.0016755401453601806
45	0.0017469336213097124
46	0.0016877482366104376
47	0.0014348933767935313
48	0.001113358843725646
49	8.951545433573025E-4
50	9.015407257750867E-4
51	0.0010507790176098417
52	0.001210381389628476
53	0.0012788758277464684
54	0.0012788543784735848
55	0.0012639251034681604
56	0.001274740102072832
57	0.0013001276243674368
58	0.0013159599581161114
59	0.0013037789088555568
60	0.0012678043532127288
61	0.0012179256855871456
62	0.0011665712686525687
63	0.0011363253381797263
64	0.0011523110982135892
65	0.0012245256777578756
66	0.0013024619056512972
67	0.0013204865356913132
68	0.0012371902331092081
69	0.0011080593088715698
70	0.0010128039853788099
71	0.0010080755582819684
72	0.0010582896162345885
73	0.00110480282114084
74	0.001100564217148371
75	0.001044892377378741
76	9.486982571969874E-4
77	8.288529362991161E-4
78	7.260679917050046E-4
79	6.870151247654991E-4
80	7.407810618773233E-4
81	8.46112629620714E-4
82	9.441716796217854E-4
83	9.869848368955516E-4
84	9.700378200126218E-4
85	8.996811209325045E-4
86	7.934265905977603E-4
87	7.134315158831568E-4
88	7.330145426465141E-4
89	8.878607237808379E-4
90	0.0010631207403198788
91	0.0011063116803325741
92	9.186591370067081E-4
93	6.162227240054602E-4
94	3.68770560110858E-4
95	3.0425129644446605E-4
96	3.8333571348599934E-4
97	5.248751240547107E-4
98	6.620521252593363E-4
99	7.853744513665488E-4
100	8.996811209325043E-4
101	0.0010028797774083603
102	0.0010651525638252785
103	0.0010497502481094214
104	9.370891923906177E-4
105	7.762481356133618E-4
106	6.334714109258142E-4
107	5.584637640963907E-4
108	5.347715913745265E-4
109	5.294017016299125E-4
110	5.180497564537835E-4
111	5.111668283235529E-4
112	5.278928424381785E-4
113	5.792350540743933E-4
114	6.436700388200309E-4
115	6.915417023407008E-4
116	6.982937338758514E-4
117	6.597689569602894E-4
118	5.769099787026617E-4
119	4.6557034034623075E-4
120	4.0124731967272615E-4
121	4.743491285984937E-4
122	7.287508375141129E-4
123	0.0010221949507070974
124	0.0011658908309391948
125	0.001030741602915223
126	7.26425439112282E-4
127	4.223142739505429E-4
128	2.550516036473564E-4
129	2.303671716087945E-4
130	3.2126228303810896E-4
131	4.925783298297557E-4
132	6.765170506430062E-4
133	7.971202708283368E-4
134	8.011756020252686E-4
135	7.264538010295099E-4
136	6.334714109258142E-4
137	5.689390751755028E-4
138	5.24343838746166E-4
139	4.773668469819616E-4
140	4.1557058036059095E-4
141	3.6604285989392794E-4
142	3.6575284172739016E-4
143	4.3687164978638163E-4
144	5.423782791162542E-4
145	6.304536925423463E-4
146	6.606872022023967E-4
147	6.383015174837447E-4
148	5.799276970861295E-4
149	5.04738841350971E-4
150	4.4207621718641226E-4
151	4.238231331422768E-4
152	4.680511329182851E-4
153	5.375847008137455E-4
154	5.814365562778635E-4
155	5.625006813734759E-4
156	4.991961086179481E-4
157	4.238231331422768E-4
158	3.6584840329190166E-4
159	3.4340398027003354E-4
160	3.717882784943259E-4
161	4.540051853694283E-4
162	5.438804802479753E-4
163	5.829454154695974E-4
164	5.35331792565391E-4
165	4.555736098323187E-4
166	4.208054147588089E-4
167	4.812235126911568E-4
168	5.792712404071259E-4
169	6.304536925423463E-4
170	5.746787549784889E-4
171	4.4946547858138505E-4
172	3.167357054629071E-4
173	2.2804091363378104E-4
174	1.9345112470014854E-4
175	2.1266599616700537E-4
176	2.790578302632956E-4
177	3.6068950811375683E-4
178	4.192965555670749E-4
179	4.3154196784048876E-4
180	4.337986176254496E-4
181	4.773668469819616E-4
182	5.921447905989383E-4
183	7.22421753680931E-4
184	7.910848340614008E-4
185	7.478794554608299E-4
186	6.499843451477872E-4
187	5.814365562778635E-4
188	6.040637362055532E-4
189	6.908559090809708E-4
190	7.925936932531349E-4
191	8.67683747185284E-4
192	9.050368897975383E-4
193	9.011899801242384E-4
194	8.552717274792121E-4
195	7.767782422942409E-4
196	6.77797485280594E-4
197	5.690330798879539E-4
198	8.762922309439642E-4
199	7.859279326038031E-4
200	6.992580325959615E-4
