#Pip2_GEM_1.m2
#KSM version: 1
#84/84
#1.34
#k-mer/r.c.  	Offset	PosCt	wPosCt	NegCt	HgpLg10	CIDs	PosHits (base85 encoding)	NegHits (base85 encoding)
GCGGCT/AGCCGC	2	8	8	2	-2.0	*	!!ri2!<<*"&.e~	!!!'#!W~
CGCGGC/GCCGCG	1	7	7	1	-2.5	*	":,&9!!",I~	&-~
CGGCTT/AAGCCG	2	7	7	1	-2.8	*	!<Aho!<`B&5Q~	!!%N~
GCCGCT/AGCGGC	2	7	7	1	-2.5	*	#Ts6U!!!!%5S*~	!<~
TCGGCT/AGCCGA	1	6	6	2	-1.5	*	!!",A+ohTC7">~	!!iQ)!!!$~
CGCNGCT/AGCNGCG	1	6	6	0	-2.8	0,-1	N.A.	N.A.
TGTCGG/CCGACA	-1	6	6	0	-3.1	*	#QOi-&-Mt5!/L~	
CGGCCG/CGGCCG	-1	6	6	0	-2.8	*	!<`B*!<<*",Q~	
GCTAAT/ATTAGC	5	6	6	1	-2.2	*	!<<<+!$D~	!$D~
TTGCGC/GCGCAA	-2	5	5	1	-1.8	*	!!!!#!.[="!!!-~	z!<~
TAGCGG/CCGCTA	0	4	4	1	-1.8	*	!?_R~	&-~
CCTGCA/TGCAGG	-2	4	4	0	-2.2	*	!"],Q!"],1!!E~	
CTCCGC/GCGGAG	-2	4	4	0	-2.2	*	!!!"Lz_u~	
GCAGCT/AGCTGC	1	4	4	1	-1.5	*	!)NXq!"],q~	z!$D~
TGCAGC/GCTGCA	0	4	4	1	-1.5	*	!#P\9!"],Q~	zz!"]~
AGCTCA/TGAGCT	3	3	3	0	-1.8	*	!!!9)!"],3~	
CCCTGC/GCAGGG	-2	3	3	0	-1.8	*	!"],Q"9~	
CCGTCG/CGACGG	-1	3	3	0	-1.8	*	!!3-#+9V~	
CGCGCT/AGCGCG	-4	2	2	0	-1.5	*	!$Hd~	
$$$
CGCGGCT/AGCCGCG	0	3	3	0	-1.8	0	!!iW-~	
AGCGGCG/CGCCGCT	0	3	3	0	-1.8	1	!!!!)!!!!%5Q~	
%%%
6 6 0 6 0 0 6 0 0 6 6 6 9 13 6 0 0 6 7 6 0 6 0 6 0 6 6 7 0 6 0 7 7 7 6 0 6 8 0 0 0 0 6 0 11 0 0 0 6 0 6 0 0 6 0 6 0 6 6 6 0 0 7 0 0 0 6 6 0 7 10 6 6 7 6 6 6 11 0 6 0 0 0 0 
6 0 6 0 6 0 0 0 0 0 0 6 0 0 0 0 0 6 0 0 0 0 0 0 0 0 0 0 0 0 0 6 0 0 0 0 0 0 0 0 0 0 0 0 0 6 0 0 6 0 0 0 0 0 0 0 0 0 0 0 0 0 0 0 0 0 0 0 0 0 0 0 0 0 0 0 0 0 0 0 0 0 0 0 
1.3049 1.2932 1.2843 1.1481 1.1434 1.1909 1.1615 0.9669 1.1469 1.1637 1.0964 1.0344 1.0781 1.0382 0.9846 1.1899 1.0634 1.1802 1.0733 1.0457 0.9358 0.9772 1.0494 0.9846 0.9870 1.0204 1.1036 0.9616 1.0781 1.0582 1.0382 1.0600 1.2116 1.0420 1.0634 1.0420 0.9822 1.0363 1.0457 1.1730 0.9233 0.9964 1.0512 0.9447 0.9918 0.7716 0.8687 1.2109 0.8808 0.7716 0.9476 0.7514 0.8959 0.8471 0.7779 0.8072 0.7514 0.7583 0.7901 0.8280 0.8126 0.8516 0.7959 0.7901 0.7959 0.9167 0.8995 0.8016 0.7583 0.8728 0.8126 1.0688 0.9616 0.7651 0.7583 0.9358 0.8516 0.8922 0.8728 1.3671 1.4004 1.4239 1.3723 1.2181 
