#Pip2_GEM_2.m8
#KSM version: 1
#460/460
#1.99
#k-mer/r.c.	Offset	PosCt	wPosCt	NegCt	HgpLg10	CIDs	PosHits (base85 encoding)	NegHits (base85 encoding)
TCGGA/TCCGA	2	124	124	58	-8.3	*	BF-1S$isU]!C?f&?uRkD"I'38+p3BY9TG!T#Tt7@!!!!A+D$W9Png%s&.f,@!!seM!t%McirT~	Mu\A..KLgu'gQ.2+92BA!mpuJ!!iQ)!!rWM%)@An!!!--+CG3M!!">G6i[2e!>'na!C.cZ5Q~
TTCGG/CCGAA	1	85	85	55	-3.1	*	7&?n-"9BK6!(qdG!AGi#"FpK&+<pjlKFWNQ"X&<qJ/A9:!!%NN&J9R.&.esE!(!7h!GDN85l~	J,kBJ+92BAJcn@@+:&5Q!_<=l!!E9%!!iRV%1%Ia!!WH(!!!!%!!+VN6'-U&+M`[2!'t0]!<~
TNCGGA/TCCGNA	1	70	72	28	-6.2	0,1,2	N.A.	N.A.
TTGGG/CCCAA	1	68	68	51	-1.3	*	!"],FJ8cb6#QP\IO9>O`!'geiQs]n:+TNbf5`1XO&gi-^;ZWNo!C/pP#XA@s&1@Mi#QOi1~	JIiA,"<[gI!!WEWTE&@"!!3-C!&?e>!!"8F!"],QLk#O-J,fW^!!:5,!.[<?!.k7pO:V~
CTTGG/CCAAG	0	53	53	28	-2.9	*	!$EBn!<<*2!`Dhp!(@Gi!'lB+!=0l'5Y(kT5QWnnz(]XU=!!!!#J.M\`z!.Y1X&-M~	!.Y%L"<[[Ez!!!!%!(&pN#SKB&!"],15QCca!!!"L!WXAD!!iQ)#XAq$&:a`\ciAS%~
TTNGGT/ACCNAA	1	45	46	23	-2.9	-3,4	N.A.	N.A.
CTTCNG/CNGAAG	0	40	41	19	-3.0	-5,-6	N.A.	N.A.
TNNGGTT/AACCNNA	1	38	38	6	-7.4	-7,-8,9	N.A.	N.A.
TNCGGT/ACCGNA	1	32	34	14	-3.1	10,4	N.A.	N.A.
TNGGGNT/ANCCCNA	1	33	33	6	-6.1	-7,-8,-11	N.A.	N.A.
CNTTNGG/CCNAANG	-1	33	33	8	-5.1	12,13,14,15	N.A.	N.A.
CNTTGNG/CNCAANG	-1	30	30	7	-4.8	-16,12,13,14	N.A.	N.A.
CNTGGA/TCCANG	0	29	30	8	-4.4	-17,18	N.A.	N.A.
TTGGNNT/ANNCCAA	1	29	29	8	-4.1	-7,-19	N.A.	N.A.
ATTGNG/CNCAAT	0	29	29	13	-2.5	20,21	N.A.	N.A.
CNNTGGG/CCCANNG	-1	28	27	7	-4.1	12,13,22,14	N.A.	N.A.
CNTNGGG/CCCNANG	-1	27	26	6	-4.4	23,12,13,14	N.A.	N.A.
TTGNGNA/TNCNCAA	1	8	8	0	-3.3	24,25	N.A.	N.A.
$$$
TCCGGA/TCCGGA	0	10	10	2	-2.5	0	J,fQL#QOi)"9<rPzzzz!'gMa!!#:b!<E0#zz!!!'~	#QOi)zzzzzzzz+9~
TTCGGA/TCCGAA	0	43	43	16	-4.4	1	!!+PL"9Ao;!($Ys!&+BQ"FpIP+9MTL!"+6q!$D7Az!!%NN&J0Kr!"],1!!+2B!<<0%!<~	J,k*"+92BA!!#7cz!'gMaz!!iQ+#QTATzz!!"8E5QCca!!%NL!'hY~
TGCGGA/TCCGCA	0	17	17	10	-1.4	2	!!iQ*5QCce+oh`G!!!!1!!!9)zz5QCca!WW?'z5QCcaz!.Y%L!!%Nl!!i~	!!!Q1!!!$"z!!iQ)&-)\qz!WW3#zzz!!!!a+92BAz!!Ei~
ACCCAA/TTGGGT	0	22	22	13	-1.4	3	zJ5@KkzJ,fQLzzz!!j,Y&-@@b5QCca!'gMc#XA@k&0LrQ#Q~	!<<Z2z!!WE'J,fQL!!!!Az!!",A!"],Qzz!!%O7z!!3-#!"]~
TTCGGT/ACCGAA	0	23	23	10	-2.4	4	"J>et!!*'"!!%NL!<<0$z+92BA"9\];"TSN&J.M\\z!<<*"&-)\1!'gMq!'g~	!!!!Az!!!$"z!!iQ)z!!!"L!=/Z*zz!!*'"!.Y%Lz!!!-%!<~
CTGAAG/CTTCAG	0	18	18	8	-1.7	5	z!WW3#"98E%!!!!Az!!!QQ!!!!#!.Y%L!!",I"<\6U!!!9q!!E9%!!E9&~	!!"-l!WW3#5QCfbzz!!!"Lzz"98E%zzJ,~
CCGAAG/CTTCGG	0	22	22	12	-1.9	6	!.Y+p!!!E5!([(i!<<*"z+9MTD!!3-sz!"],1z!!!!5!!!-%!!%NL!!i~	!!!!Az!!#:bz!!iQ)z!!iRT#QOi)z!!!!%!!!9)!"],9z!!",~
AACCCAA/TTGGGTT	0	20	20	4	-3.7	7	z!'he0zJ,fQLzzz!!j,Y&-@@b5QCca!'gMc#XA@k&0LrQ#Q~	zz!!E9%z!!!!Azzzzz!!%NLzz!"]~
AACCCTA/TAGGGTT	0	4	4	1	-1.8	8	!.Y%L!%7gIzzzzzzzz+9~	zzzzzzzzzzzzz!!!!1~
TTCGGTT/AACCGAA	0	14	14	1	-4.6	9	!!!!#!!*'"!!%NL!!!'#zz"9\]+"98E%J,fQLz!<<*"&-)\1!'gMq!'g~	zzzzzzzzzzzzz!!!-~
TACGGT/ACCGTA	0	10	10	4	-1.8	10	!!!'#z!<<*"z!!#7aJ,fQMz!!!-%z#QOi)!WW3#!!!-%J,~	!!!!1z!!!Q1zzzz!WW3#zzzz!!!!#~
ACCCCGA/TCGGGGT	0	9	9	2	-2.2	11	!!%NL+92BA!!!"L!<<*"!$D7Azz!"],1z!.Y%Lz!.Y%Lz!!!!#~	zzzzzzzz!!!!"zzzz!!!!1~
CGTTGGG/CCCAACG	0	8	8	2	-2.0	12	zz!!!!)&-)\1zz!!!-%z!!%P"!!!!%z!!!!+~	z!!!-%zzzz!!!-~
CTTTGGG/CCCAAAG	0	9	9	4	-1.3	13	zz!!!Q1zzzz5RJ&&!!E9)zzz&-)\A~	zz!!!!1+92BAzzz!!!!Azzz!!!!)~
CATTGGG/CCCAATG	0	7	7	0	-3.0	14	zzzzzzzz&0_)S!WW3#z#XA@i!!i~	
CCTTCGG/CCGAAGG	0	9	9	2	-2.5	15	!!!!C!!!--!!iQ)!<<*"z+9DNCzzzzz!!!-~	zzzzzzz#QOi)zz!!!9~
CACAAAG/CTTTGTG	0	6	6	2	-1.5	16	z!!E9%zz#QPD9zz!.Y%Lz!<<*"zzzz"9~	zz!!!!1zzzzzzzzzzz!!*~
TCCAAG/CTTGGA	0	18	18	3	-4.0	17	!!",B!!!!1!"qNs!'q.rz!<=;D5QCca5QDo4zzzzz!!!-%!!E~	zzzz!!#7azzzzzzz&-)\1J,~
CGTGGA/TCCACG	0	11	11	6	-1.3	18	"onW'!!!"Lzz#S7":J,g,\"98E%z!$D7Az!!!"L~	zzzz!!#7a!'l&7z&HDe2zzz!!!!)~
ACTCCAA/TTGGAGT	0	9	9	4	-1.3	19	J,hh7zz!WW6$!!iQ)!<<*"z:]LIqzzzz!!3~	zzzzzzzz"98Eezz&c~
ATTGGG/CCCAAT	0	17	17	7	-2.0	20	!!!!"J3X)7!!!9)zz#[dW4!!",Az&0_)S!WW3#!!#7a#XA@i!%7~	!<<*"zz!!",A!!3-Cz!!!!"zzz!!#7a!.Y~
ATTGTG/CACAAT	0	12	12	6	-1.3	21	+96ol!!E9%z!!!!1&-)\1z!!!!"z#QOi)z!$D8lz!'gMi!!",~	zzzzzJ,fQL!!!'#z!!#7azz!!#7aO8~
CAGTGGG/CCCACTG	0	4	4	1	-1.5	22	zz!!E9%z!!",A5QCcazz!!!Q~	zzzzzzzzzzzz!!!Q~
CCTGGGG/CCCCAGG	0	3	3	0	-1.8	23	zzzz!!!!Azz!<<*"zzz!!#7~	
TTGGGCA/TGCCCAA	0	4	4	0	-2.1	24	!!!!"!$D7Azzzzz!.Y%L!!E~	
TTGAGTA/TACTCAA	0	4	4	0	-2.1	25	!<<*"z5QCcazz!!*'"zzzzzzzz!!i~	
%%%
5 5 5 5 0 5 5 5 6 0 5 5 5 5 0 6 5 7 0 6 0 6 5 5 6 9 6 5 5 7 5 0 5 5 6 5 0 5 5 7 6 0 5 6 6 6 8 0 0 0 8 7 5 7 5 0 6 0 5 8 5 5 5 5 5 5 5 5 0 5 5 0 0 6 5 7 6 0 6 0 5 0 5 6 5 0 6 5 0 5 5 6 6 5 0 5 5 5 0 0 6 5 5 7 6 0 6 0 6 6 5 0 5 5 5 0 5 5 0 0 0 0 0 5 5 5 5 0 0 0 6 5 5 0 0 0 0 0 5 5 5 5 6 6 5 0 0 5 5 5 5 5 0 0 0 0 0 5 5 5 6 5 0 6 5 8 5 5 7 8 0 5 0 5 6 0 5 6 0 0 5 6 0 5 5 0 5 6 5 5 0 0 5 0 5 5 0 5 5 5 0 7 5 6 0 0 5 5 0 5 6 5 0 6 0 6 5 5 0 5 7 6 7 0 6 0 7 5 5 0 7 0 0 6 0 8 5 6 5 5 0 0 5 5 8 5 0 5 5 0 0 6 0 7 0 5 0 5 0 5 9 0 0 7 0 9 7 5 7 5 0 0 5 0 5 0 5 5 5 8 0 0 8 5 0 5 0 6 5 7 5 5 6 5 7 0 5 0 5 0 0 5 5 5 0 5 0 0 5 5 0 6 0 6 6 0 0 0 0 0 6 5 5 0 6 6 5 5 5 0 5 0 6 5 7 0 6 5 0 5 0 5 6 6 0 7 7 5 6 0 5 5 0 0 0 9 5 0 0 5 0 0 5 0 6 0 9 5 0 0 5 5 0 0 5 0 5 8 5 6 0 5 0 5 0 0 0 0 8 0 0 5 6 5 5 5 0 8 5 5 5 5 0 0 0 6 0 6 5 5 0 5 7 0 0 0 6 5 0 7 0 0 0 0 0 5 0 5 0 5 7 5 0 6 5 0 0 5 5 5 6 5 0 5 5 5 0 5 6 5 5 0 5 5 5 5 0 5 6 5 
7 0 5 5 0 0 0 6 0 0 0 0 5 0 0 5 0 0 0 5 5 5 0 6 0 0 5 0 5 7 0 5 0 5 5 5 0 6 0 0 5 0 0 0 0 6 0 0 5 0 5 0 0 5 0 0 0 0 5 0 0 0 0 0 5 5 5 0 5 0 5 5 0 6 7 0 0 0 5 0 5 0 0 0 5 5 7 0 0 6 5 0 5 5 0 0 0 0 0 0 0 5 0 6 0 0 0 5 0 0 0 0 0 0 0 5 0 6 5 0 0 0 5 0 0 0 0 0 0 5 0 0 5 0 0 0 5 6 0 7 5 0 6 5 5 0 0 0 0 0 5 0 0 0 0 0 0 8 5 0 0 0 0 5 0 0 0 5 0 6 5 5 6 5 5 0 0 0 0 0 0 0 6 5 0 0 0 0 0 0 0 5 0 5 0 0 0 0 0 0 5 0 0 7 5 0 0 0 0 5 6 0 0 6 0 0 5 6 0 0 0 5 0 7 5 5 5 8 5 0 5 0 0 0 0 6 6 0 5 5 0 0 0 0 0 0 0 6 0 0 0 0 0 7 0 0 0 0 5 5 0 0 0 5 0 5 5 0 0 0 0 5 5 5 5 0 0 0 5 0 5 0 0 5 0 0 5 5 0 5 0 0 0 5 0 5 0 0 0 0 0 5 5 0 5 5 0 0 0 5 0 0 0 0 6 0 5 0 0 0 0 0 0 0 0 0 0 0 6 5 0 5 0 0 0 0 0 5 6 7 0 6 6 7 0 0 0 0 0 0 5 0 5 5 5 5 5 5 6 5 0 0 0 0 6 0 5 6 0 0 0 0 5 0 5 5 0 0 0 5 0 0 0 0 5 0 0 0 6 5 0 5 0 6 0 0 5 0 5 6 5 5 5 0 5 0 0 6 0 5 0 0 0 5 0 0 5 0 0 0 5 0 5 6 5 0 5 0 7 0 6 0 5 0 7 0 5 7 5 5 0 5 0 5 6 0 5 5 6 0 0 0 0 0 5 0 5 0 0 0 
1.5973 1.5711 1.5874 1.4023 1.3920 1.4204 1.4546 1.4043 1.4258 1.1825 1.3336 1.2489 1.2015 1.4546 1.2662 1.6441 1.0857 1.3062 1.4412 1.2957 1.1607 0.9899 1.1471 1.1362 0.9215 1.1559 1.2756 0.9387 0.9385 1.3534 1.1571 0.9127 1.1725 1.0498 1.2437 1.2192 0.9958 1.2614 1.2978 1.1521 1.0155 0.9831 0.9679 0.9215 1.1202 1.1922 0.9283 1.3123 0.9951 1.2957 1.2973 1.1953 1.0654 0.9300 0.9383 1.1401 1.2358 1.0138 0.9127 1.0030 1.2015 1.2709 1.2733 1.1081 1.2709 0.9965 0.9127 0.9236 0.9215 1.1550 0.9831 0.9383 0.9127 0.9300 0.9300 1.2662 0.9300 0.9965 1.0754 0.9127 0.9795 0.9383 1.3246 0.9127 0.9831 0.9831 0.9215 0.9690 0.9300 1.1262 1.0551 0.9690 0.9215 0.9383 0.9616 0.9300 0.9215 0.9297 0.9215 0.9300 0.9215 1.2163 0.9215 0.9463 1.0426 0.9383 1.0388 0.9619 1.2490 0.9215 0.9899 0.9719 0.9383 1.0704 0.9383 0.9300 0.9215 1.2248 0.9215 0.9215 0.9690 0.9215 0.9300 0.9215 0.9785 0.9300 0.9541 0.9215 0.9300 1.0215 0.9215 0.9256 0.9300 0.9376 0.9906 0.9300 0.9127 0.9572 0.9127 0.9215 0.9312 1.2411 0.9127 0.9463 1.0754 0.9215 0.9300 1.1115 0.9616 1.1825 0.9463 0.9127 0.9541 0.9831 0.9831 1.0122 0.9616 0.9429 0.9127 0.9127 1.0332 0.9383 0.9965 0.9541 0.9690 0.9996 0.9127 1.1339 0.9300 0.9383 0.9500 0.9383 0.9227 1.4737 0.9965 0.9383 0.9127 1.2045 0.9463 0.9541 0.9162 0.9127 0.9383 0.9127 1.1196 0.9215 0.9383 0.9300 0.9127 0.9300 0.9127 0.9127 0.9215 1.8224 0.9240 0.9215 0.9300 0.9127 0.9127 0.9463 0.9690 0.9127 0.9761 1.0987 1.0030 0.9300 1.0170 0.9215 0.9136 0.9215 1.1283 0.9761 1.0030 0.9300 0.9690 0.9383 0.9215 0.9463 0.9831 0.9127 0.9300 0.9690 0.9517 0.9189 0.9127 1.0215 0.9127 0.9127 1.1075 0.9127 0.9965 0.9899 0.9127 0.9550 1.0155 0.9690 0.9383 0.9127 0.9127 0.9383 0.9434 0.9127 0.9965 0.9215 0.9831 0.9127 0.9541 0.9300 0.9831 0.9127 0.9300 0.9215 0.9215 0.9456 0.9761 0.9383 0.9127 0.9300 0.9300 0.9215 0.9616 0.9690 0.9340 0.9300 0.9127 0.9831 0.9965 0.9127 0.9127 1.0468 0.9761 0.9127 0.9616 0.9127 0.9541 0.9541 0.9127 0.9383 0.9127 0.9300 0.9383 1.0274 0.9463 0.9463 1.0093 1.0388 0.9541 1.0332 0.9541 0.9215 0.9215 0.9215 0.9127 0.9215 0.9383 0.9172 1.1182 0.9127 0.9127 1.0093 0.9127 0.9127 1.0334 0.9308 0.9300 0.9719 0.9463 0.9300 0.9145 0.9268 0.9300 0.9899 1.0444 0.9174 0.9215 0.9383 0.9300 0.9215 0.9129 0.9300 0.9127 0.9616 1.0603 1.0444 0.9690 0.9215 0.9899 0.9383 0.9722 1.0332 0.9383 0.9598 0.9899 0.9127 0.9463 0.9690 0.9383 0.9215 0.9215 0.9300 0.9300 1.0228 0.9761 1.0498 0.9300 0.9127 0.9127 0.9215 0.9134 0.9357 0.9127 0.9463 0.9215 0.9300 0.9616 0.9690 0.9215 1.1031 0.9215 1.0498 0.9215 0.9383 0.9300 1.0093 1.0122 0.9300 0.9541 0.9383 1.0093 0.9127 1.0210 0.9215 0.9127 0.9127 0.9463 0.9127 0.9965 0.9215 0.9690 0.9463 0.9127 0.9463 0.9300 0.9554 0.9372 0.9127 0.9899 1.0332 0.9300 0.9541 0.9383 0.9463 0.9300 0.9383 0.9300 0.9463 0.9300 0.9127 0.9535 1.0215 0.9300 0.9127 0.9127 1.0606 0.9215 0.9215 0.9341 1.1688 0.9127 0.9143 0.9127 0.9300 0.9616 0.9215 0.9383 0.9300 0.9383 0.9127 0.9541 0.9300 0.9127 0.9127 0.9127 0.9300 1.0704 1.0200 0.9560 1.1212 0.9215 0.9899 1.0274 0.9300 1.0849 1.0027 0.9300 0.9541 0.9965 0.9899 1.0155 0.9242 0.9300 0.9127 1.1320 0.9127 1.0604 0.9383 0.9463 0.9300 0.9463 0.9463 1.7133 1.4248 1.2869 0.9127 0.9541 0.9383 0.9215 0.9965 0.9215 0.9127 
