Position	IP	CondAna_Present	CondAna_IP	CondAna_Control	CondAna_Fold	CondAna_Expectd	CondAna_Q_-lg10	CondAna_P_-lg10	CondAna_P_poiss	CondAna_IPvsEMP	CondAna_Noise	CondEth_Present	CondEth_IP	CondEth_Control	CondEth_Fold	CondEth_Expectd	CondEth_Q_-lg10	CondEth_P_-lg10	CondEth_P_poiss	CondEth_IPvsEMP	CondEth_Noise	CondGlu_Present	CondGlu_IP	CondGlu_Control	CondGlu_Fold	CondGlu_Expectd	CondGlu_Q_-lg10	CondGlu_P_-lg10	CondGlu_P_poiss	CondGlu_IPvsEMP	CondGlu_Noise	CondNit_Present	CondNit_IP	CondNit_Control	CondNit_Fold	CondNit_Expectd	CondNit_Q_-lg10	CondNit_P_-lg10	CondNit_P_poiss	CondNit_IPvsEMP	CondNit_Noise	KmerGroup	MotifId	KG_score	Strand
1:34700	   31.0	0	    3.0	NaN	NaN	    8.0	  -0.02	NaN	   0.01	  -0.77	   0.50	0	   11.0	NaN	NaN	    4.9	   1.31	NaN	   1.92	  -0.76	   0.50	0	   13.0	NaN	NaN	    9.3	   0.57	NaN	   0.82	  -0.46	   0.50	0	    4.0	NaN	NaN	    4.5	  -0.02	NaN	   0.18	  -0.80	   0.50	ACGCCGT_3/0	0	1.34	+
1:36520	   31.0	0	   12.0	NaN	NaN	    8.0	   0.28	NaN	   0.96	  -0.67	   0.00	0	   10.0	NaN	NaN	    4.4	   1.27	NaN	   1.84	  -0.59	   0.00	0	    9.0	NaN	NaN	    8.7	   0.20	NaN	   0.30	  -0.68	   0.00	0	    0.0	NaN	NaN	    4.5	  -0.00	NaN	  -0.00	  -4.00	   0.00	AAAACCC_3/0	0	1.34	+
1:91682	   30.0	0	   10.0	NaN	NaN	    8.3	   0.12	NaN	   0.49	  -0.40	   0.00	0	    3.0	NaN	NaN	    3.9	   0.04	NaN	   0.12	  -0.93	   0.00	0	   10.0	NaN	NaN	   10.1	   0.18	NaN	   0.26	  -0.67	   0.00	0	    7.0	NaN	NaN	    6.3	   0.05	NaN	   0.35	  -0.88	   0.00	AATCCGA_5/1	0	1.42	+
1:165733	   31.0	0	   10.0	NaN	NaN	    9.3	   0.07	NaN	   0.35	  -0.43	   0.00	0	    6.0	NaN	NaN	    3.9	   0.36	NaN	   0.69	  -0.41	   0.00	0	    6.0	NaN	NaN	   10.1	   0.02	NaN	   0.03	  -0.64	   0.00	0	    9.0	NaN	NaN	    5.6	   0.29	NaN	   0.94	  -0.77	   0.00	AATCCGA_5/1	0	1.42	+
1:185846	   35.0	0	   18.0	NaN	NaN	    8.2	   1.47	NaN	   2.69	  -0.65	   0.00	0	    5.0	NaN	NaN	    3.9	   0.21	NaN	   0.45	  -0.54	   0.00	0	    7.0	NaN	NaN	    8.2	   0.11	NaN	   0.15	  -0.60	   0.00	0	    5.0	NaN	NaN	    5.4	  -0.00	NaN	   0.20	  -0.69	   0.00	AACGCCG_4/0	0	1.46	+
1:189934	   32.0	0	   12.0	NaN	NaN	    8.9	   0.22	NaN	   0.73	  -0.65	   0.00	0	    4.0	NaN	NaN	    3.9	   0.11	NaN	   0.26	  -0.94	   0.00	0	    9.0	NaN	NaN	    7.5	   0.31	NaN	   0.47	  -0.52	   0.00	0	    7.0	NaN	NaN	    4.5	   0.19	NaN	   0.76	  -0.71	   0.00	AACCCCG_2/0	0	1.23	+
1:202872	   35.2	0	   14.8	NaN	NaN	   13.6	   0.10	NaN	   0.41	  -0.62	   0.00	0	    3.8	NaN	NaN	    6.3	   0.02	NaN	   0.06	  -0.75	   0.00	0	   10.6	NaN	NaN	   11.4	   0.16	NaN	   0.23	  -0.55	   0.00	0	    6.0	NaN	NaN	    9.2	  -0.03	NaN	   0.05	  -0.56	   0.00	TATCTCC_5/0	0	1.58	+
1:203895	   44.2	0	   13.0	NaN	NaN	   13.4	   0.02	NaN	   0.23	  -0.78	   0.00	0	    6.0	NaN	NaN	    8.1	   0.03	NaN	   0.09	  -0.57	   0.00	0	   15.2	NaN	NaN	   14.6	   0.27	NaN	   0.41	  -0.86	   0.00	0	   10.0	NaN	NaN	    8.7	   0.08	NaN	   0.43	  -0.64	   0.00	AGCTCTT_3/0	0	1.34	+
10:24515	   32.0	0	   10.0	NaN	NaN	    8.4	   0.11	NaN	   0.47	  -1.02	   0.00	0	    6.0	NaN	NaN	    5.2	   0.18	NaN	   0.38	  -0.46	   0.00	0	    9.0	NaN	NaN	    7.9	   0.27	NaN	   0.41	  -0.50	   0.00	0	    7.0	NaN	NaN	    4.7	   0.17	NaN	   0.70	  -0.75	   0.00	ACGCCGT_3/0	0	1.34	+
10:106292	   32.9	0	    9.8	NaN	NaN	    8.4	   0.11	NaN	   0.47	  -0.48	   0.00	0	    1.0	NaN	NaN	    4.1	  -0.01	NaN	   0.01	  -4.00	   0.00	0	   15.3	NaN	NaN	    9.0	   1.20	NaN	   1.65	  -0.48	   0.00	0	    6.8	NaN	NaN	    4.7	   0.17	NaN	   0.70	  -0.65	   0.00	AGCTCTT_3/0	0	1.34	+
10:148491	   36.0	0	   12.7	NaN	NaN	    8.4	   0.31	NaN	   1.06	  -0.68	   0.00	0	    1.2	NaN	NaN	    4.4	   0.00	NaN	   0.03	  -1.88	   0.00	0	   14.8	NaN	NaN	    9.4	   0.87	NaN	   1.24	  -0.73	   0.00	0	    7.4	NaN	NaN	    4.9	   0.27	NaN	   0.90	  -0.91	   0.00	ATCTCCG_3/0	0	1.34	+
10:178070	   33.0	0	    8.5	NaN	NaN	    9.6	   0.01	NaN	   0.21	  -0.55	   0.00	0	    3.0	NaN	NaN	    4.6	   0.03	NaN	   0.07	  -2.71	   0.00	0	    8.6	NaN	NaN	    8.1	   0.25	NaN	   0.38	  -0.71	   0.00	0	   12.9	NaN	NaN	    4.9	   1.54	NaN	   2.75	  -0.63	   0.00	TAACGCC_4/0	0	1.46	+
10:238894	   32.0	0	   13.0	NaN	NaN	    9.8	   0.21	NaN	   0.71	  -0.58	   0.00	0	    0.0	NaN	NaN	    4.1	  -0.00	NaN	  -0.00	  -4.00	   0.00	0	   13.0	NaN	NaN	    8.0	   0.83	NaN	   1.20	  -0.47	   0.00	0	    6.0	NaN	NaN	    5.1	   0.07	NaN	   0.41	  -0.93	   0.00	AGCTCTT_3/0	0	1.34	+
10:261507	   33.0	0	    7.0	NaN	NaN	    9.3	  -0.01	NaN	   0.09	  -0.76	   0.00	0	    7.0	NaN	NaN	    4.8	   0.35	NaN	   0.69	  -0.85	   0.00	0	   14.0	NaN	NaN	   10.0	   0.61	NaN	   0.87	  -0.90	   0.00	0	    5.0	NaN	NaN	    6.6	  -0.03	NaN	   0.11	  -0.80	   0.00	AATCCGA_5/1	0	1.42	+
10:275017	   31.0	0	    6.0	NaN	NaN	    9.6	  -0.03	NaN	   0.04	  -0.92	   0.00	0	    8.0	NaN	NaN	    4.4	   0.66	NaN	   1.09	  -0.64	   0.00	0	   13.0	NaN	NaN	    7.9	   0.86	NaN	   1.24	  -0.36	   0.00	0	    4.0	NaN	NaN	    5.6	  -0.03	NaN	   0.09	  -1.08	   0.00	AACGCCG_4/0	0	1.46	+
10:277121	   30.0	0	    9.0	NaN	NaN	   10.0	   0.01	NaN	   0.17	  -0.63	   0.00	0	    2.0	NaN	NaN	    4.6	   0.00	NaN	   0.03	  -2.28	   0.00	0	   11.0	NaN	NaN	    7.9	   0.53	NaN	   0.76	  -0.54	   0.00	0	    8.0	NaN	NaN	    5.6	   0.17	NaN	   0.69	  -0.57	   0.00	CGCCGCT_2/0	0	1.23	+
10:279741	   40.0	0	   14.0	NaN	NaN	   11.7	   0.16	NaN	   0.55	  -0.39	   0.00	0	    6.0	NaN	NaN	    4.9	   0.21	NaN	   0.44	  -0.74	   0.00	0	   12.0	NaN	NaN	    8.1	   0.64	NaN	   0.93	  -0.45	   0.00	0	    8.0	NaN	NaN	    5.1	   0.24	NaN	   0.85	  -0.55	   0.00	AATCCGA_5/1	0	1.42	+
10:357900	   40.0	0	   14.0	NaN	NaN	    9.8	   0.27	NaN	   0.91	  -0.54	   0.00	0	    7.0	NaN	NaN	    4.9	   0.34	NaN	   0.66	  -0.76	   0.00	0	   15.0	NaN	NaN	    8.4	   1.16	NaN	   1.61	  -0.73	   0.00	0	    4.0	NaN	NaN	    5.2	  -0.03	NaN	   0.11	  -0.62	   0.00	AAATCCGA_10/1	0	2.01	+
10:461807	   36.9	0	    5.0	NaN	NaN	    8.4	  -0.03	NaN	   0.04	  -0.79	   0.00	0	    6.0	NaN	NaN	    4.1	   0.33	NaN	   0.64	  -0.50	   0.00	0	   14.9	NaN	NaN	    7.9	   1.32	NaN	   1.82	  -0.97	   0.00	0	   11.0	NaN	NaN	    4.7	   1.01	NaN	   2.03	  -0.56	   0.00	ACGCCGT_3/0	0	1.34	+
10:462318	   32.0	0	   12.0	NaN	NaN	    8.4	   0.24	NaN	   0.84	  -0.55	   0.00	0	    7.0	NaN	NaN	    4.1	   0.52	NaN	   0.91	  -0.83	   0.00	0	   10.0	NaN	NaN	    7.9	   0.38	NaN	   0.57	  -0.84	   0.00	0	    3.0	NaN	NaN	    4.7	  -0.03	NaN	   0.07	  -0.70	   0.00	TAACTCC_3/0	0	1.34	+
10:521749	   34.0	0	   13.0	NaN	NaN	    9.3	   0.24	NaN	   0.84	  -0.65	   0.00	0	    8.0	NaN	NaN	    5.1	   0.49	NaN	   0.86	  -0.34	   0.00	0	   10.0	NaN	NaN	    7.9	   0.39	NaN	   0.57	  -0.70	   0.00	0	    3.0	NaN	NaN	    5.1	  -0.03	NaN	   0.06	  -1.56	   0.00	CCCGGTT_2/0	0	1.23	+
10:606450	   30.0	0	    9.0	NaN	NaN	    8.6	   0.05	NaN	   0.31	  -0.65	   0.00	0	    8.0	NaN	NaN	    6.4	   0.25	NaN	   0.50	  -0.67	   0.00	0	   11.0	NaN	NaN	   10.8	   0.20	NaN	   0.29	  -0.94	   0.00	0	    2.0	NaN	NaN	    4.7	  -0.03	NaN	   0.02	  -0.91	   0.00	ATATCCG_3/0	0	1.34	+
10:669003	   31.0	0	   12.0	NaN	NaN	    8.4	   0.25	NaN	   0.84	  -0.51	   0.00	0	    3.0	NaN	NaN	    4.5	   0.03	NaN	   0.08	  -1.11	   0.00	0	    8.0	NaN	NaN	    9.2	   0.11	NaN	   0.16	  -0.79	   0.00	0	    8.0	NaN	NaN	    4.7	   0.31	NaN	   0.98	  -0.67	   0.00	TAACTCCG_14/0	0	2.82	+
11:106261	   33.0	0	    3.0	NaN	NaN	   11.9	  -0.01	NaN	   0.00	  -0.86	   0.00	0	   13.0	NaN	NaN	    5.3	   1.79	NaN	   2.46	  -1.21	   0.00	0	   16.0	NaN	NaN	   10.7	   0.77	NaN	   1.12	  -0.96	   0.00	0	    1.0	NaN	NaN	    5.9	  -0.01	NaN	   0.00	  -4.00	   0.00	AAAACCC_3/0	0	1.34	+
11:170791	   31.0	0	    9.0	NaN	NaN	    9.8	   0.02	NaN	   0.19	  -0.91	   0.00	0	    4.0	NaN	NaN	    4.2	   0.09	NaN	   0.21	  -1.26	   0.00	0	    9.0	NaN	NaN	    8.3	   0.24	NaN	   0.35	  -1.03	   0.00	0	    9.0	NaN	NaN	    5.8	   0.25	NaN	   0.87	  -0.70	   0.00	AATCCGA_5/1	0	1.42	+
11:221573	   35.0	0	   11.0	NaN	NaN	   10.5	   0.05	NaN	   0.32	  -0.46	   0.00	0	   11.0	NaN	NaN	    5.7	   0.98	NaN	   1.49	  -0.60	   0.00	0	    6.0	NaN	NaN	    9.3	   0.03	NaN	   0.05	  -0.93	   0.00	0	    7.0	NaN	NaN	    5.5	   0.10	NaN	   0.51	  -0.41	   0.00	TATCTCC_5/0	0	1.58	+
11:265075	   42.0	0	    2.0	NaN	NaN	    8.8	  -0.01	NaN	   0.00	  -1.07	   0.00	0	   11.0	NaN	NaN	    6.1	   0.82	NaN	   1.31	  -0.65	   0.00	0	   19.0	NaN	NaN	   10.4	   1.46	NaN	   1.99	  -0.59	   0.00	0	   10.0	NaN	NaN	    4.8	   0.71	NaN	   1.59	  -1.00	   0.00	GCTCCGA_3/0	0	1.34	+
11:277082	   32.0	0	    9.0	NaN	NaN	    9.6	   0.01	NaN	   0.21	  -0.56	   0.00	0	    5.0	NaN	NaN	    4.2	   0.18	NaN	   0.38	  -0.83	   0.00	0	   11.0	NaN	NaN	    8.1	   0.48	NaN	   0.71	  -0.50	   0.00	0	    7.0	NaN	NaN	    5.1	   0.16	NaN	   0.59	  -0.67	   0.00	AATCCGA_5/1	0	1.42	+
11:311709	   31.0	0	   20.0	NaN	NaN	    9.2	   1.61	NaN	   2.86	  -0.65	   0.26	0	    1.0	NaN	NaN	    5.0	  -0.01	NaN	   0.00	  -4.00	   0.26	0	    8.0	NaN	NaN	    8.2	   0.16	NaN	   0.24	  -0.49	   0.26	0	    2.0	NaN	NaN	    5.6	  -0.02	NaN	   0.01	  -1.50	   0.26	AAAACCC_3/0	0	1.34	+
11:338826	   37.0	0	   13.0	NaN	NaN	    8.9	   0.29	NaN	   0.94	  -0.65	   0.00	0	    6.0	NaN	NaN	    4.8	   0.23	NaN	   0.46	  -1.29	   0.00	0	   14.0	NaN	NaN	    9.0	   0.78	NaN	   1.13	  -0.55	   0.00	0	    4.0	NaN	NaN	    5.1	  -0.02	NaN	   0.13	  -1.02	   0.00	AATCCGA_5/1	0	1.42	+
11:390008	   30.5	0	    8.9	NaN	NaN	    8.8	   0.05	NaN	   0.29	  -0.70	   0.00	0	    6.6	NaN	NaN	    5.9	   0.20	NaN	   0.43	  -0.63	   0.00	0	   11.0	NaN	NaN	    8.6	   0.55	NaN	   0.79	  -0.58	   0.00	0	    4.0	NaN	NaN	    4.8	  -0.02	NaN	   0.15	  -1.04	   0.00	AATCCGA_5/1	0	1.42	+
11:400292	   31.0	0	   14.0	NaN	NaN	    8.8	   0.38	NaN	   1.20	  -0.43	   0.00	0	    4.0	NaN	NaN	    4.6	   0.07	NaN	   0.17	  -0.72	   0.00	0	    8.0	NaN	NaN	    9.0	   0.12	NaN	   0.17	  -0.60	   0.00	0	    5.0	NaN	NaN	    5.5	  -0.01	NaN	   0.19	  -1.01	   0.00	AGCTCTT_3/0	0	1.34	+
11:467667	   40.0	0	   15.0	NaN	NaN	    9.8	   0.31	NaN	   1.12	  -0.53	   0.00	0	    7.0	NaN	NaN	    4.2	   0.49	NaN	   0.86	  -0.43	   0.00	0	   13.0	NaN	NaN	    8.5	   0.72	NaN	   1.05	  -0.44	   0.00	0	    5.0	NaN	NaN	    6.3	  -0.02	NaN	   0.12	  -0.84	   0.00	AAAACCC_3/0	0	1.34	+
11:523128	   34.0	0	    4.0	NaN	NaN	    8.8	  -0.02	NaN	   0.01	  -0.82	   0.00	0	   11.0	NaN	NaN	    7.8	   0.43	NaN	   0.77	  -0.70	   0.00	0	   18.0	NaN	NaN	   10.1	   1.32	NaN	   1.82	  -0.78	   0.00	0	    1.0	NaN	NaN	    8.6	  -0.01	NaN	   0.00	  -4.00	   0.00	TAANTCCG_7/0	0	1.84	+
11:523769	   35.0	0	    8.0	NaN	NaN	    8.8	   0.02	NaN	   0.19	  -0.87	   0.00	0	    7.0	NaN	NaN	    7.6	   0.09	NaN	   0.19	  -1.00	   0.00	0	   14.0	NaN	NaN	    9.7	   0.64	NaN	   0.94	  -0.85	   0.00	0	    6.0	NaN	NaN	    6.5	  -0.00	NaN	   0.20	  -0.74	   0.00	ATCTCCG_3/0	0	1.34	+
11:566719	   34.0	0	   13.0	NaN	NaN	    9.4	   0.23	NaN	   0.80	  -0.37	   0.00	0	    5.0	NaN	NaN	    4.2	   0.18	NaN	   0.38	  -0.72	   0.00	0	    8.0	NaN	NaN	    8.2	   0.17	NaN	   0.24	  -0.54	   0.00	0	    8.0	NaN	NaN	    4.8	   0.29	NaN	   0.94	  -0.99	   0.00	AAACCCA_2/0	0	1.23	+
11:631788	   30.0	0	    9.0	NaN	NaN	    8.8	   0.04	NaN	   0.29	  -0.83	   0.00	0	    5.0	NaN	NaN	    4.4	   0.17	NaN	   0.34	  -0.77	   0.00	0	   13.0	NaN	NaN	    9.0	   0.63	NaN	   0.90	  -0.67	   0.00	0	    3.0	NaN	NaN	    5.9	  -0.03	NaN	   0.03	  -0.85	   0.00	TATCTCCG_8/0	0	1.97	+
11:636413	   40.0	0	   13.0	NaN	NaN	    8.8	   0.28	NaN	   0.96	  -0.88	   0.00	0	    9.0	NaN	NaN	    5.7	   0.51	NaN	   0.90	  -0.73	   0.00	0	   17.0	NaN	NaN	    8.1	   1.76	NaN	   2.37	  -0.63	   0.00	0	    1.0	NaN	NaN	    4.9	  -0.02	NaN	   0.00	  -4.00	   0.00	AAAACCGA_6/0	0	1.71	+
12:17930	   31.0	0	   11.0	NaN	NaN	    9.0	   0.15	NaN	   0.54	  -0.71	   0.00	0	   10.0	NaN	NaN	    4.4	   1.26	NaN	   1.84	  -0.51	   0.00	0	    6.0	NaN	NaN	    7.8	   0.07	NaN	   0.10	  -0.71	   0.00	0	    4.0	NaN	NaN	    6.1	  -0.03	NaN	   0.06	  -0.87	   0.00	ACGCCGT_3/0	0	1.34	+
12:25067	   44.0	0	   14.0	NaN	NaN	    9.7	   0.29	NaN	   0.94	  -0.83	   0.00	0	    6.0	NaN	NaN	    5.7	   0.14	NaN	   0.29	  -1.07	   0.00	0	   13.0	NaN	NaN	    7.8	   0.87	NaN	   1.25	  -0.36	   0.00	0	   11.0	NaN	NaN	    4.7	   1.02	NaN	   2.07	  -0.67	   0.00	AAAACCGA_6/0	0	1.71	+
12:66827	   30.0	0	   10.0	NaN	NaN	   10.9	   0.01	NaN	   0.19	  -0.55	   0.00	0	    5.0	NaN	NaN	    7.1	   0.03	NaN	   0.08	  -0.71	   0.00	0	   10.0	NaN	NaN	   12.8	   0.06	NaN	   0.09	  -0.67	   0.00	0	    5.0	NaN	NaN	    5.2	   0.01	NaN	   0.22	  -0.44	   0.00	AAAACCC_3/0	0	1.34	+
12:155954	   33.0	0	   13.0	NaN	NaN	    9.7	   0.22	NaN	   0.74	  -0.41	   0.00	0	    4.0	NaN	NaN	    4.1	   0.10	NaN	   0.23	  -0.56	   0.00	0	   11.0	NaN	NaN	    8.3	   0.46	NaN	   0.67	  -0.72	   0.00	0	    5.0	NaN	NaN	    4.7	   0.01	NaN	   0.30	  -0.50	   0.00	AACCCCG_2/0	0	1.23	+
12:184255	   30.0	0	    8.0	NaN	NaN	    8.7	   0.01	NaN	   0.19	  -0.38	   0.00	0	    8.0	NaN	NaN	    4.8	   0.55	NaN	   0.95	  -0.31	   0.00	0	   12.0	NaN	NaN	    7.8	   0.68	NaN	   1.00	  -0.54	   0.00	0	    2.0	NaN	NaN	    5.2	  -0.02	NaN	   0.01	  -3.45	   0.00	AGCTCTT_3/0	0	1.34	+
12:199238	   31.0	0	   11.0	NaN	NaN	    8.7	   0.15	NaN	   0.58	  -0.39	   0.00	0	    4.0	NaN	NaN	    4.4	   0.09	NaN	   0.19	  -0.55	   0.00	0	    8.0	NaN	NaN	    7.8	   0.19	NaN	   0.28	  -1.05	   0.00	0	    8.0	NaN	NaN	    5.2	   0.21	NaN	   0.81	  -1.32	   0.00	TATCTCCG_8/0	0	1.97	+
12:201841	   30.0	0	   10.0	NaN	NaN	    8.7	   0.09	NaN	   0.42	  -0.83	   0.00	0	    2.0	NaN	NaN	    4.5	   0.00	NaN	   0.03	  -0.57	   0.00	0	   10.0	NaN	NaN	    7.8	   0.39	NaN	   0.58	  -0.71	   0.00	0	    8.0	NaN	NaN	    6.4	   0.10	NaN	   0.51	  -0.62	   0.00	TATCTCC_5/0	0	1.58	+
12:204113	   33.0	0	    7.0	NaN	NaN	    8.7	  -0.01	NaN	   0.11	  -1.02	   0.00	0	    5.0	NaN	NaN	    4.3	   0.19	NaN	   0.37	  -0.51	   0.00	0	   11.0	NaN	NaN	    8.4	   0.44	NaN	   0.64	  -0.47	   0.00	0	   10.0	NaN	NaN	    5.5	   0.45	NaN	   1.25	  -0.53	   0.00	TAACGCC_4/0	0	1.46	+
12:267760	   30.0	0	   11.0	NaN	NaN	    8.7	   0.15	NaN	   0.58	  -0.53	   0.00	0	    1.0	NaN	NaN	    4.4	  -0.01	NaN	   0.01	  -4.00	   0.00	0	    9.0	NaN	NaN	    8.5	   0.22	NaN	   0.33	  -0.93	   0.00	0	    9.0	NaN	NaN	    4.9	   0.44	NaN	   1.20	  -0.57	   0.00	TAACTCCG_14/0	0	2.82	+
12:282783	   31.3	0	    8.8	NaN	NaN	   10.8	  -0.01	NaN	   0.13	  -0.72	   0.00	0	    6.1	NaN	NaN	    4.1	   0.52	NaN	   0.91	  -0.74	   0.00	0	   10.4	NaN	NaN	    7.8	   0.53	NaN	   0.78	  -0.69	   0.00	0	    6.0	NaN	NaN	    4.8	   0.09	NaN	   0.46	  -1.13	   0.00	AGCTCTT_3/0	0	1.34	+
12:308480	   30.0	0	   14.0	NaN	NaN	    8.7	   0.36	NaN	   1.21	  -0.88	   0.00	0	    6.0	NaN	NaN	    4.7	   0.24	NaN	   0.49	  -0.84	   0.00	0	    7.0	NaN	NaN	    8.0	   0.11	NaN	   0.16	  -1.13	   0.00	0	    3.0	NaN	NaN	    4.9	  -0.03	NaN	   0.06	  -1.59	   0.00	AAAACCG_3/0	0	1.34	+
12:347415	   32.0	0	    6.0	NaN	NaN	   12.2	  -0.02	NaN	   0.01	  -0.78	   0.00	0	    9.0	NaN	NaN	    4.6	   0.86	NaN	   1.36	  -0.94	   0.00	0	   16.0	NaN	NaN	    9.2	   1.15	NaN	   1.59	  -0.52	   0.00	0	    1.0	NaN	NaN	    6.2	  -0.01	NaN	   0.00	  -4.00	   0.00	AATCCGA_5/1	0	1.42	+
12:348502	   32.0	0	   10.0	NaN	NaN	    9.9	   0.05	NaN	   0.28	  -0.53	   0.00	0	    2.0	NaN	NaN	    4.4	   0.00	NaN	   0.03	  -0.70	   0.00	0	   11.0	NaN	NaN	   11.0	   0.18	NaN	   0.27	  -0.60	   0.00	0	    9.0	NaN	NaN	    5.5	   0.31	NaN	   0.98	  -0.64	   0.00	AACTCCG_4/0	0	1.46	+
12:349079	   38.0	0	   12.0	NaN	NaN	    9.5	   0.16	NaN	   0.60	  -0.48	   0.31	0	    5.0	NaN	NaN	    4.4	   0.18	NaN	   0.35	  -0.78	   0.31	0	   15.0	NaN	NaN	   11.0	   0.57	NaN	   0.83	  -0.84	   0.31	0	    6.0	NaN	NaN	    6.0	   0.03	NaN	   0.26	  -0.64	   0.31	CGCCGCT_2/0	0	1.23	+
12:353447	   32.0	0	   11.0	NaN	NaN	    9.8	   0.10	NaN	   0.41	  -0.67	   0.00	0	    4.0	NaN	NaN	    5.7	   0.03	NaN	   0.09	  -0.76	   0.00	0	   10.0	NaN	NaN	    8.1	   0.36	NaN	   0.53	  -0.81	   0.00	0	    7.0	NaN	NaN	    4.7	   0.16	NaN	   0.72	  -0.53	   0.00	GCTCCGA_3/0	0	1.34	+
12:355609	   31.5	0	    5.4	NaN	NaN	   10.0	  -0.03	NaN	   0.03	  -1.19	   0.00	0	    7.0	NaN	NaN	    4.9	   0.33	NaN	   0.65	  -0.70	   0.00	0	   11.6	NaN	NaN	    7.8	   0.68	NaN	   1.00	  -0.87	   0.00	0	    7.5	NaN	NaN	    5.5	   0.17	NaN	   0.71	  -0.59	   0.00	--------	-1	0.00	*
12:465382	   30.0	0	    7.0	NaN	NaN	    8.7	  -0.01	NaN	   0.11	  -0.73	   0.00	0	    4.0	NaN	NaN	    5.5	   0.03	NaN	   0.10	  -1.37	   0.00	0	   12.0	NaN	NaN	   10.2	   0.32	NaN	   0.48	  -0.68	   0.00	0	    7.0	NaN	NaN	    4.8	   0.17	NaN	   0.68	  -0.84	   0.00	ACCCCGG_2/0	0	1.23	+
12:508429	   32.0	0	   12.0	NaN	NaN	    8.7	   0.22	NaN	   0.76	  -0.61	   0.00	0	    5.0	NaN	NaN	    4.1	   0.19	NaN	   0.40	  -0.78	   0.00	0	   11.0	NaN	NaN	    7.8	   0.53	NaN	   0.78	  -0.59	   0.00	0	    4.0	NaN	NaN	    6.0	  -0.03	NaN	   0.07	  -0.80	   0.00	CCCGGTT_2/0	0	1.23	+
12:596781	   39.0	0	   11.0	NaN	NaN	   11.5	   0.02	NaN	   0.23	  -0.52	   0.00	0	   10.0	NaN	NaN	    4.6	   1.13	NaN	   1.68	  -0.79	   0.00	0	   10.0	NaN	NaN	    8.5	   0.30	NaN	   0.46	  -0.64	   0.00	0	    8.0	NaN	NaN	    5.8	   0.18	NaN	   0.65	  -0.96	   0.00	TAACGCC_4/0	0	1.46	+
12:609856	   30.0	0	   13.0	NaN	NaN	    8.7	   0.26	NaN	   0.98	  -0.83	   0.00	0	    6.0	NaN	NaN	    4.1	   0.32	NaN	   0.63	  -0.47	   0.00	0	    5.0	NaN	NaN	    7.8	   0.04	NaN	   0.05	  -0.85	   0.00	0	    6.0	NaN	NaN	    4.7	   0.09	NaN	   0.49	  -0.64	   0.00	GCTCCGA_3/0	0	1.34	+
12:619414	   32.0	0	    9.0	NaN	NaN	    8.7	   0.04	NaN	   0.29	  -0.54	   0.00	0	    6.0	NaN	NaN	    4.1	   0.32	NaN	   0.63	  -0.54	   0.00	0	   13.0	NaN	NaN	    8.0	   0.83	NaN	   1.20	  -0.38	   0.00	0	    4.0	NaN	NaN	    5.5	  -0.03	NaN	   0.10	  -0.66	   0.00	ATATCCG_3/0	0	1.34	+
12:682951	   36.0	0	    7.0	NaN	NaN	    8.7	  -0.01	NaN	   0.11	  -0.70	   0.00	0	    9.0	NaN	NaN	    4.4	   0.93	NaN	   1.43	  -0.61	   0.00	0	   17.0	NaN	NaN	   10.1	   1.10	NaN	   1.53	  -0.79	   0.00	0	    3.0	NaN	NaN	    4.7	  -0.04	NaN	   0.07	  -1.17	   0.00	CGCGGCT_3/0	0	1.34	+
12:683756	   30.0	0	    6.0	NaN	NaN	    8.7	  -0.02	NaN	   0.06	  -0.48	   0.00	0	    9.0	NaN	NaN	    4.1	   1.05	NaN	   1.58	  -0.83	   0.00	0	   10.0	NaN	NaN	   10.4	   0.16	NaN	   0.23	  -0.63	   0.00	0	    5.0	NaN	NaN	    4.7	   0.02	NaN	   0.30	  -0.93	   0.00	ATCTCCG_3/0	0	1.34	+
12:684297	   39.0	0	    9.0	NaN	NaN	    8.7	   0.04	NaN	   0.29	  -0.45	   0.00	0	    4.0	NaN	NaN	    4.3	   0.09	NaN	   0.21	  -0.75	   0.00	0	   20.0	NaN	NaN	   10.4	   1.69	NaN	   2.28	  -0.60	   0.00	0	    6.0	NaN	NaN	    5.2	   0.06	NaN	   0.38	  -0.63	   0.00	ATATCCG_3/0	0	1.34	+
12:701699	   31.0	0	    9.0	NaN	NaN	   10.4	   0.00	NaN	   0.15	  -0.56	   0.48	0	    7.0	NaN	NaN	    5.5	   0.26	NaN	   0.51	  -0.86	   0.48	0	    7.0	NaN	NaN	    8.1	   0.11	NaN	   0.16	  -0.77	   0.48	0	    8.0	NaN	NaN	    4.7	   0.30	NaN	   1.00	  -0.90	   0.48	GCTCCGA_3/0	0	1.34	+
12:706413	   31.0	0	    5.0	NaN	NaN	   10.1	  -0.03	NaN	   0.01	  -0.44	   0.00	0	   12.0	NaN	NaN	    5.7	   1.28	NaN	   1.87	  -0.73	   0.00	0	   10.0	NaN	NaN	   10.0	   0.18	NaN	   0.27	  -0.83	   0.00	0	    4.0	NaN	NaN	    5.4	  -0.03	NaN	   0.10	  -0.83	   0.00	GCTCCGA_3/0	0	1.34	+
12:723517	   38.0	0	   12.0	NaN	NaN	   10.7	   0.10	NaN	   0.41	  -0.73	   0.00	0	    8.0	NaN	NaN	    4.3	   0.70	NaN	   1.13	  -0.33	   0.00	0	   12.0	NaN	NaN	    7.8	   0.68	NaN	   1.00	  -0.72	   0.00	0	    6.0	NaN	NaN	    5.0	   0.08	NaN	   0.42	  -0.53	   0.00	AATCCGA_5/1	0	1.42	+
12:724057	   32.0	0	   11.0	NaN	NaN	   10.9	   0.04	NaN	   0.28	  -0.86	   0.00	0	    5.0	NaN	NaN	    4.1	   0.19	NaN	   0.40	  -0.83	   0.00	0	   12.0	NaN	NaN	    7.8	   0.68	NaN	   1.00	  -0.54	   0.00	0	    4.0	NaN	NaN	    4.8	  -0.01	NaN	   0.15	  -0.80	   0.00	CGGTGCC_2/0	0	1.23	+
12:743962	   37.0	0	   14.0	NaN	NaN	   11.1	   0.16	NaN	   0.64	  -0.85	   0.00	0	    8.0	NaN	NaN	    4.1	   0.77	NaN	   1.23	  -0.71	   0.00	0	   12.0	NaN	NaN	    8.9	   0.49	NaN	   0.72	  -0.75	   0.00	0	    3.0	NaN	NaN	    4.7	  -0.04	NaN	   0.07	  -0.58	   0.00	AAAACCCA_4/0	0	1.46	+
12:744463	   30.0	0	    6.0	NaN	NaN	   10.2	  -0.02	NaN	   0.03	  -0.98	   0.00	0	   10.0	NaN	NaN	    4.1	   1.38	NaN	   2.01	  -0.70	   0.00	0	    9.0	NaN	NaN	    8.5	   0.22	NaN	   0.32	  -0.57	   0.00	0	    5.0	NaN	NaN	    4.7	   0.02	NaN	   0.30	  -0.59	   0.00	AGCTCTT_3/0	0	1.34	+
12:753515	   32.1	0	   10.4	NaN	NaN	    9.6	   0.10	NaN	   0.44	  -0.57	   0.00	0	    4.0	NaN	NaN	    4.3	   0.09	NaN	   0.21	  -0.74	   0.00	0	   13.7	NaN	NaN	    7.8	   1.10	NaN	   1.53	  -0.55	   0.00	0	    4.0	NaN	NaN	    4.7	  -0.02	NaN	   0.16	  -0.75	   0.00	CGGGGAA_3/0	0	1.34	+
12:754572	   31.2	0	    5.3	NaN	NaN	    9.2	  -0.02	NaN	   0.05	  -0.69	   0.00	0	    7.5	NaN	NaN	    4.4	   0.66	NaN	   1.09	  -0.62	   0.00	0	    9.5	NaN	NaN	    8.2	   0.34	NaN	   0.51	  -0.78	   0.00	0	    9.0	NaN	NaN	    4.7	   0.46	NaN	   1.29	  -0.51	   0.00	TATCTCC_5/0	0	1.58	+
12:761646	   30.0	0	   13.0	NaN	NaN	   10.4	   0.16	NaN	   0.60	  -0.67	   0.00	0	    2.0	NaN	NaN	    4.5	   0.00	NaN	   0.03	  -0.72	   0.00	0	   11.0	NaN	NaN	    7.8	   0.53	NaN	   0.78	  -0.89	   0.00	0	    4.0	NaN	NaN	    4.7	  -0.02	NaN	   0.16	  -2.87	   0.00	AAATCCGA_10/1	0	2.01	+
12:834774	   36.0	0	   10.0	NaN	NaN	    8.7	   0.10	NaN	   0.42	  -0.61	   0.00	0	    6.0	NaN	NaN	    4.5	   0.27	NaN	   0.53	  -0.88	   0.00	0	   15.0	NaN	NaN	    7.8	   1.33	NaN	   1.84	  -1.07	   0.00	0	    5.0	NaN	NaN	    5.1	   0.02	NaN	   0.24	  -1.10	   0.00	CGCCGCT_2/0	0	1.23	+
12:872785	   30.0	0	   11.0	NaN	NaN	    9.7	   0.10	NaN	   0.42	  -0.42	   0.00	0	    2.0	NaN	NaN	    4.1	   0.01	NaN	   0.04	  -0.92	   0.00	0	   10.0	NaN	NaN	    7.8	   0.39	NaN	   0.58	  -0.67	   0.00	0	    7.0	NaN	NaN	    4.9	   0.18	NaN	   0.64	  -0.68	   0.00	AGCTCTT_3/0	0	1.34	+
12:943972	   30.0	0	    4.0	NaN	NaN	    9.2	  -0.02	NaN	   0.01	  -1.02	   0.00	0	    7.0	NaN	NaN	    4.4	   0.45	NaN	   0.80	  -0.73	   0.00	0	    6.0	NaN	NaN	    7.9	   0.06	NaN	   0.10	  -0.67	   0.00	0	   13.0	NaN	NaN	    5.3	   1.31	NaN	   2.46	  -0.76	   0.00	AGCTCTT_3/0	0	1.34	+
12:1014943	   30.0	0	    6.0	NaN	NaN	    8.7	  -0.02	NaN	   0.06	  -0.74	   0.00	0	    8.0	NaN	NaN	    4.1	   0.77	NaN	   1.23	  -0.53	   0.00	0	   14.0	NaN	NaN	    8.1	   1.02	NaN	   1.44	  -0.77	   0.00	0	    2.0	NaN	NaN	    4.7	  -0.03	NaN	   0.02	  -0.67	   0.00	AAAACCC_3/0	0	1.34	+
13:85770	   32.0	0	    6.0	NaN	NaN	    9.5	  -0.03	NaN	   0.04	  -0.47	   0.59	0	    7.0	NaN	NaN	    5.1	   0.31	NaN	   0.61	  -0.61	   0.59	0	   18.0	NaN	NaN	    9.4	   1.52	NaN	   2.08	  -0.61	   0.59	0	    1.0	NaN	NaN	    5.0	  -0.02	NaN	   0.00	  -4.00	   0.59	GCTCCGA_3/0	0	1.34	+
13:122808	   32.0	0	    8.0	NaN	NaN	    9.7	  -0.01	NaN	   0.13	  -0.31	   0.00	0	   10.0	NaN	NaN	    4.2	   1.31	NaN	   1.93	  -0.81	   0.00	0	    8.0	NaN	NaN	    9.3	   0.11	NaN	   0.15	  -0.36	   0.00	0	    6.0	NaN	NaN	    4.7	   0.09	NaN	   0.48	  -0.72	   0.00	ATATCCG_3/0	0	1.34	+
13:206646	   31.0	0	    5.0	NaN	NaN	    9.7	  -0.03	NaN	   0.02	  -0.83	   0.00	0	    7.0	NaN	NaN	    4.8	   0.35	NaN	   0.68	  -0.93	   0.00	0	   16.0	NaN	NaN	    8.6	   1.33	NaN	   1.83	  -0.43	   0.00	0	    3.0	NaN	NaN	    4.7	  -0.03	NaN	   0.07	  -0.94	   0.00	AAAACCGA_6/0	0	1.71	+
13:212931	   36.0	0	   12.0	NaN	NaN	    8.7	   0.22	NaN	   0.76	  -0.53	   0.00	0	    3.0	NaN	NaN	    4.6	   0.03	NaN	   0.07	  -0.39	   0.00	0	   14.0	NaN	NaN	    8.0	   1.03	NaN	   1.45	  -0.85	   0.00	0	    7.0	NaN	NaN	    4.9	   0.18	NaN	   0.65	  -0.53	   0.00	AAAACCC_3/0	0	1.34	+
13:226526	   30.0	0	   11.0	NaN	NaN	    9.3	   0.12	NaN	   0.49	  -0.73	   0.00	0	    3.0	NaN	NaN	    4.4	   0.03	NaN	   0.09	  -2.01	   0.00	0	    9.0	NaN	NaN	    8.0	   0.25	NaN	   0.38	  -0.76	   0.00	0	    7.0	NaN	NaN	    4.9	   0.18	NaN	   0.66	  -0.69	   0.00	AACGCCG_4/0	0	1.46	+
13:234644	   32.0	0	   13.0	NaN	NaN	    9.7	   0.23	NaN	   0.75	  -0.80	   0.00	0	    4.0	NaN	NaN	    4.8	   0.06	NaN	   0.15	  -1.47	   0.00	0	    9.0	NaN	NaN	    9.6	   0.15	NaN	   0.21	  -1.16	   0.00	0	    6.0	NaN	NaN	    5.7	   0.03	NaN	   0.29	  -0.62	   0.00	AACGCCG_4/0	0	1.46	+
13:286189	   31.0	0	    7.0	NaN	NaN	    8.7	  -0.01	NaN	   0.11	  -0.99	   0.50	0	    6.0	NaN	NaN	    5.3	   0.18	NaN	   0.36	  -0.48	   0.50	0	    9.0	NaN	NaN	    8.2	   0.24	NaN	   0.35	  -0.79	   0.50	0	    9.0	NaN	NaN	    4.7	   0.47	NaN	   1.29	  -0.60	   0.50	ATCTCCG_3/0	0	1.34	+
13:328574	   32.0	0	    8.5	NaN	NaN	    8.8	   0.05	NaN	   0.28	  -1.14	   0.00	0	    5.4	NaN	NaN	    5.1	   0.19	NaN	   0.40	  -0.98	   0.00	0	   11.0	NaN	NaN	    8.0	   0.49	NaN	   0.73	  -0.69	   0.00	0	    7.1	NaN	NaN	    4.7	   0.31	NaN	   0.98	  -0.60	   0.00	TAACTCC_3/0	0	1.34	+
13:335880	   37.0	0	    6.0	NaN	NaN	    9.9	  -0.03	NaN	   0.03	  -0.69	   0.00	0	   10.0	NaN	NaN	    4.2	   1.32	NaN	   1.93	  -0.66	   0.00	0	   17.0	NaN	NaN	    8.8	   1.48	NaN	   2.03	  -0.58	   0.00	0	    4.0	NaN	NaN	    5.3	  -0.03	NaN	   0.11	  -0.54	   0.00	ATCTCCG_3/0	0	1.34	+
13:347136	   30.0	0	    7.0	NaN	NaN	    9.0	  -0.01	NaN	   0.10	  -0.54	   0.00	0	    9.0	NaN	NaN	    4.2	   1.01	NaN	   1.53	  -0.46	   0.00	0	   13.0	NaN	NaN	    8.5	   0.71	NaN	   1.04	  -0.69	   0.00	0	    1.0	NaN	NaN	    5.5	  -0.01	NaN	   0.00	  -4.00	   0.00	ACTCCGA_3/0	0	1.34	+
13:383228	   30.0	0	   12.0	NaN	NaN	    8.7	   0.23	NaN	   0.76	  -0.59	   0.00	0	    3.0	NaN	NaN	    4.2	   0.03	NaN	   0.10	  -1.67	   0.00	0	    8.0	NaN	NaN	    8.0	   0.18	NaN	   0.26	  -0.53	   0.00	0	    7.0	NaN	NaN	    5.7	   0.09	NaN	   0.45	  -0.70	   0.00	TATCTCCG_8/0	0	1.97	+
13:409777	   33.0	0	    9.0	NaN	NaN	    9.8	   0.02	NaN	   0.19	  -0.78	   0.00	0	    3.0	NaN	NaN	    4.4	   0.03	NaN	   0.09	  -0.54	   0.00	0	   11.0	NaN	NaN	    8.1	   0.49	NaN	   0.72	  -0.48	   0.00	0	   10.0	NaN	NaN	    4.7	   0.72	NaN	   1.65	  -0.54	   0.00	AATCCGA_5/1	0	1.42	+
13:434817	   33.0	0	   14.0	NaN	NaN	    9.1	   0.31	NaN	   1.11	  -0.65	   0.00	0	    5.0	NaN	NaN	    4.2	   0.19	NaN	   0.38	  -0.54	   0.00	0	   11.0	NaN	NaN	    8.1	   0.49	NaN	   0.72	  -0.71	   0.00	0	    3.0	NaN	NaN	    4.8	  -0.03	NaN	   0.07	  -1.33	   0.00	AACCCCG_2/0	0	1.23	+
13:473328	   31.0	0	   11.0	NaN	NaN	    8.7	   0.16	NaN	   0.58	  -0.46	   0.00	0	    0.0	NaN	NaN	    4.8	  -0.00	NaN	  -0.00	  -4.00	   0.00	0	   14.0	NaN	NaN	    8.0	   1.03	NaN	   1.45	  -0.49	   0.00	0	    6.0	NaN	NaN	    4.8	   0.09	NaN	   0.46	  -0.95	   0.00	AATCCGA_5/1	0	1.42	+
13:609866	   39.0	0	   11.0	NaN	NaN	    8.7	   0.16	NaN	   0.58	  -0.51	   0.00	0	    6.0	NaN	NaN	    4.2	   0.30	NaN	   0.60	  -0.52	   0.00	0	   16.0	NaN	NaN	    8.6	   1.33	NaN	   1.81	  -0.60	   0.00	0	    6.0	NaN	NaN	    5.7	   0.02	NaN	   0.29	  -0.77	   0.00	TAACGCC_4/0	0	1.46	+
13:736543	   33.0	0	    6.0	NaN	NaN	   10.0	  -0.02	NaN	   0.03	  -0.98	   0.00	0	    6.0	NaN	NaN	    4.8	   0.23	NaN	   0.46	  -0.63	   0.00	0	   15.0	NaN	NaN	    8.9	   1.01	NaN	   1.42	  -0.53	   0.00	0	    6.0	NaN	NaN	    6.3	   0.00	NaN	   0.22	  -1.40	   0.00	TATCTCC_5/0	0	1.58	+
13:751286	   41.0	0	    8.0	NaN	NaN	    8.7	   0.02	NaN	   0.19	  -0.64	   0.00	0	   13.0	NaN	NaN	    5.3	   1.81	NaN	   2.49	  -0.21	   0.00	0	   20.0	NaN	NaN	   10.6	   1.62	NaN	   2.21	  -0.55	   0.00	0	    0.0	NaN	NaN	    4.7	  -0.00	NaN	  -0.00	  -4.00	   0.00	CGGTGCC_2/0	0	1.23	+
13:751820	   39.0	0	    7.0	NaN	NaN	    8.7	  -0.01	NaN	   0.11	  -0.69	   0.00	0	    8.0	NaN	NaN	    5.0	   0.50	NaN	   0.88	  -0.54	   0.00	0	   13.0	NaN	NaN	   10.4	   0.41	NaN	   0.60	  -0.72	   0.00	0	   11.0	NaN	NaN	    4.7	   1.00	NaN	   2.04	  -0.66	   0.00	CGCCGCT_2/0	0	1.23	+
13:849594	   33.0	0	    6.0	NaN	NaN	    8.7	  -0.01	NaN	   0.06	  -1.03	   0.00	0	    7.0	NaN	NaN	    6.4	   0.17	NaN	   0.34	  -0.79	   0.00	0	   17.0	NaN	NaN	   10.7	   0.96	NaN	   1.35	  -1.01	   0.00	0	    3.0	NaN	NaN	    4.7	  -0.03	NaN	   0.07	  -1.33	   0.00	TATCTCC_5/0	0	1.58	+
13:870968	   33.0	0	   15.0	NaN	NaN	    8.7	   0.52	NaN	   1.47	  -0.62	   0.00	0	    7.0	NaN	NaN	    4.2	   0.49	NaN	   0.86	  -0.88	   0.00	0	    9.0	NaN	NaN	    8.0	   0.25	NaN	   0.38	  -0.81	   0.00	0	    2.0	NaN	NaN	    4.9	  -0.02	NaN	   0.02	  -0.59	   0.00	TAAATCCGA_12/1	0	2.27	+
13:879494	   32.0	0	    6.0	NaN	NaN	    9.0	  -0.02	NaN	   0.05	  -0.48	   0.00	0	    7.0	NaN	NaN	    4.6	   0.41	NaN	   0.74	  -0.53	   0.00	0	   16.0	NaN	NaN	    8.5	   1.33	NaN	   1.84	  -0.73	   0.00	0	    3.0	NaN	NaN	    5.6	  -0.03	NaN	   0.04	  -0.82	   0.00	TAACTCCG_14/0	0	2.82	+
14:36919	   31.0	0	   14.0	NaN	NaN	    8.6	   0.41	NaN	   1.27	  -0.83	   0.00	0	    2.0	NaN	NaN	    4.2	   0.00	NaN	   0.03	  -1.13	   0.00	0	   10.0	NaN	NaN	    7.9	   0.37	NaN	   0.56	  -0.76	   0.00	0	    5.0	NaN	NaN	    4.7	   0.03	NaN	   0.30	  -0.68	   0.00	AACTCCG_4/0	0	1.46	+
14:65166	   30.0	0	   13.0	NaN	NaN	    9.8	   0.22	NaN	   0.73	  -0.60	   0.00	0	    5.0	NaN	NaN	    4.5	   0.17	NaN	   0.33	  -0.83	   0.00	0	    9.0	NaN	NaN	    7.9	   0.26	NaN	   0.40	  -0.83	   0.00	0	    3.0	NaN	NaN	    5.3	  -0.03	NaN	   0.05	  -0.71	   0.00	AACGCCG_4/0	0	1.46	+
14:320937	   31.3	0	    8.6	NaN	NaN	    9.6	   0.01	NaN	   0.21	  -0.82	   0.00	0	   11.0	NaN	NaN	    5.3	   1.12	NaN	   1.68	  -0.70	   0.00	0	   11.7	NaN	NaN	    9.3	   0.45	NaN	   0.65	  -0.63	   0.00	0	    0.0	NaN	NaN	    4.9	  -0.02	NaN	   0.00	  -2.72	   0.00	TAACGCC_4/0	0	1.46	+
14:396478	   31.0	0	    9.0	NaN	NaN	    9.2	   0.03	NaN	   0.24	  -0.32	   0.00	0	    9.0	NaN	NaN	    7.1	   0.28	NaN	   0.55	  -0.66	   0.00	0	   10.0	NaN	NaN	    9.8	   0.19	NaN	   0.28	  -0.83	   0.00	0	    3.0	NaN	NaN	    4.7	  -0.04	NaN	   0.07	  -1.80	   0.00	AACCCCGGTGCC_7/0	0	1.84	+
14:399573	   32.0	0	   11.0	NaN	NaN	    8.6	   0.16	NaN	   0.61	  -0.87	   0.00	0	    5.0	NaN	NaN	    5.8	   0.07	NaN	   0.16	  -0.41	   0.00	0	   11.0	NaN	NaN	    9.0	   0.35	NaN	   0.53	  -0.83	   0.00	0	    5.0	NaN	NaN	    4.8	   0.04	NaN	   0.29	  -1.05	   0.00	ATATCCG_3/0	0	1.34	+
14:403619	   30.0	0	   11.0	NaN	NaN	    8.6	   0.16	NaN	   0.61	  -0.37	   0.00	0	    4.0	NaN	NaN	    4.2	   0.10	NaN	   0.22	  -0.67	   0.00	0	    9.0	NaN	NaN	    8.5	   0.22	NaN	   0.33	  -0.53	   0.00	0	    6.0	NaN	NaN	    5.3	   0.06	NaN	   0.37	  -0.79	   0.00	--------	-1	0.00	*
14:415237	   39.0	0	   14.0	NaN	NaN	    9.8	   0.27	NaN	   0.91	  -0.65	   0.00	0	   10.0	NaN	NaN	    4.4	   1.26	NaN	   1.84	  -0.96	   0.00	0	   10.0	NaN	NaN	   10.1	   0.18	NaN	   0.26	  -0.64	   0.00	0	    5.0	NaN	NaN	    4.7	   0.03	NaN	   0.30	  -1.23	   0.00	AAACCCA_2/0	0	1.23	+
14:450140	   34.0	0	   12.0	NaN	NaN	   10.2	   0.12	NaN	   0.48	  -0.52	   0.00	0	    3.0	NaN	NaN	    4.7	   0.03	NaN	   0.07	  -0.61	   0.00	0	   16.0	NaN	NaN	    7.9	   1.54	NaN	   2.11	  -0.68	   0.00	0	    3.0	NaN	NaN	    5.4	  -0.03	NaN	   0.04	  -1.83	   0.00	TATCTCC_5/0	0	1.58	+
14:492365	   32.0	0	   13.0	NaN	NaN	    9.5	   0.23	NaN	   0.79	  -0.45	   0.00	0	    3.0	NaN	NaN	    4.8	   0.02	NaN	   0.07	  -0.84	   0.00	0	   12.0	NaN	NaN	    9.2	   0.47	NaN	   0.67	  -0.42	   0.00	0	    4.0	NaN	NaN	    5.6	  -0.03	NaN	   0.09	  -0.52	   0.00	CGCCGCT_2/0	0	1.23	+
14:549692	   38.5	0	   16.3	NaN	NaN	    8.9	   0.90	NaN	   2.01	  -0.86	   0.00	0	    7.0	NaN	NaN	    4.4	   0.46	NaN	   0.82	  -0.76	   0.00	0	    7.0	NaN	NaN	    7.9	   0.12	NaN	   0.17	  -0.70	   0.00	0	    8.2	NaN	NaN	    4.9	   0.45	NaN	   1.20	  -0.86	   0.00	GCTCCGA_3/0	0	1.34	+
14:571910	   30.0	0	    6.0	NaN	NaN	   10.8	  -0.02	NaN	   0.02	  -0.65	   0.00	0	    6.0	NaN	NaN	    4.2	   0.32	NaN	   0.62	  -0.78	   0.00	0	   13.0	NaN	NaN	    7.9	   0.84	NaN	   1.21	  -0.67	   0.00	0	    5.0	NaN	NaN	    4.7	   0.02	NaN	   0.30	  -0.89	   0.00	TATCTCCG_8/0	0	1.97	+
14:591893	   33.0	0	   13.0	NaN	NaN	    8.6	   0.30	NaN	   1.03	  -0.75	   0.00	0	    5.0	NaN	NaN	    4.2	   0.19	NaN	   0.40	  -0.55	   0.00	0	    9.0	NaN	NaN	    7.9	   0.26	NaN	   0.40	  -0.44	   0.00	0	    6.0	NaN	NaN	    4.7	   0.09	NaN	   0.48	  -0.89	   0.00	AACTCCGA_7/0	0	1.84	+
14:600044	   30.0	0	   11.0	NaN	NaN	   11.5	   0.02	NaN	   0.23	  -0.59	   0.00	0	    7.0	NaN	NaN	    4.8	   0.34	NaN	   0.67	  -0.40	   0.00	0	    6.0	NaN	NaN	   10.0	   0.02	NaN	   0.03	  -0.88	   0.00	0	    6.0	NaN	NaN	    5.7	   0.02	NaN	   0.30	  -0.85	   0.00	AGCTCTT_3/0	0	1.34	+
14:612800	   30.0	0	   12.0	NaN	NaN	    9.8	   0.16	NaN	   0.54	  -0.49	   0.00	0	    7.0	NaN	NaN	    5.1	   0.30	NaN	   0.59	  -0.56	   0.00	0	    7.0	NaN	NaN	    9.2	   0.06	NaN	   0.09	  -0.44	   0.00	0	    4.0	NaN	NaN	    6.1	  -0.03	NaN	   0.06	  -1.32	   0.00	AAAACCC_3/0	0	1.34	+
14:619563	   34.0	0	   12.0	NaN	NaN	    9.3	   0.16	NaN	   0.64	  -0.76	   0.00	0	    5.0	NaN	NaN	    4.7	   0.14	NaN	   0.29	  -1.01	   0.00	0	   13.0	NaN	NaN	    8.5	   0.70	NaN	   1.03	  -0.57	   0.00	0	    4.0	NaN	NaN	    6.2	  -0.02	NaN	   0.06	  -0.88	   0.00	AAAACCC_3/0	0	1.34	+
14:627462	   39.0	0	   11.0	NaN	NaN	    8.6	   0.16	NaN	   0.61	  -1.00	   0.00	0	    6.0	NaN	NaN	    5.1	   0.19	NaN	   0.39	  -0.71	   0.00	0	   13.0	NaN	NaN	    8.8	   0.65	NaN	   0.95	  -0.41	   0.00	0	    9.0	NaN	NaN	    4.8	   0.45	NaN	   1.26	  -0.60	   0.00	AGCTCTT_3/0	0	1.34	+
14:654838	   37.0	0	    5.0	NaN	NaN	    9.9	  -0.03	NaN	   0.01	  -0.44	   0.67	0	    6.0	NaN	NaN	    6.0	   0.11	NaN	   0.25	  -0.51	   0.67	0	   20.0	NaN	NaN	   10.2	   1.75	NaN	   2.35	  -0.64	   0.67	0	    6.0	NaN	NaN	    5.1	   0.07	NaN	   0.41	  -0.45	   0.67	TAACTCCG_14/0	0	2.82	+
14:662187	   31.0	0	    7.0	NaN	NaN	    8.6	  -0.01	NaN	   0.13	  -0.59	   0.00	0	    4.0	NaN	NaN	    4.2	   0.10	NaN	   0.22	  -0.69	   0.00	0	   12.0	NaN	NaN	    7.9	   0.66	NaN	   0.97	  -0.71	   0.00	0	    8.0	NaN	NaN	    5.6	   0.17	NaN	   0.69	  -0.60	   0.00	ACGCCGT_3/0	0	1.34	+
14:728738	   30.0	0	   12.0	NaN	NaN	    8.6	   0.23	NaN	   0.81	  -0.61	   0.00	0	   10.0	NaN	NaN	    4.5	   1.19	NaN	   1.76	  -0.34	   0.00	0	    6.0	NaN	NaN	    7.9	   0.06	NaN	   0.09	  -0.66	   0.00	0	    2.0	NaN	NaN	    4.9	  -0.02	NaN	   0.02	  -0.84	   0.00	GCTCCGA_3/0	0	1.34	+
15:33464	   33.0	0	   12.0	NaN	NaN	    9.8	   0.15	NaN	   0.55	  -0.81	   0.00	0	    4.0	NaN	NaN	    6.1	   0.02	NaN	   0.06	  -0.59	   0.00	0	   13.0	NaN	NaN	    8.1	   0.80	NaN	   1.15	  -0.51	   0.00	0	    4.0	NaN	NaN	    5.2	  -0.02	NaN	   0.12	  -0.66	   0.00	AAATCCGA_10/1	0	2.01	+
15:51597	   32.0	0	   12.0	NaN	NaN	    9.7	   0.16	NaN	   0.57	  -0.64	   0.38	0	    5.0	NaN	NaN	    4.7	   0.15	NaN	   0.29	  -0.62	   0.38	0	   13.0	NaN	NaN	    9.4	   0.55	NaN	   0.80	  -0.70	   0.38	0	    2.0	NaN	NaN	    5.2	  -0.02	NaN	   0.02	  -2.40	   0.38	AAACCCA_2/0	0	1.23	+
15:68201	   30.0	0	   10.0	NaN	NaN	    8.9	   0.10	NaN	   0.40	  -0.71	   0.00	0	    7.0	NaN	NaN	    5.6	   0.24	NaN	   0.48	  -0.59	   0.00	0	    7.0	NaN	NaN	    8.1	   0.11	NaN	   0.15	  -1.08	   0.00	0	    6.0	NaN	NaN	    4.9	   0.09	NaN	   0.45	  -0.66	   0.00	AATCCGA_5/1	0	1.42	+
15:128106	   35.0	0	   11.0	NaN	NaN	   11.7	   0.01	NaN	   0.20	  -0.79	   0.00	0	    6.0	NaN	NaN	    4.3	   0.30	NaN	   0.59	  -0.70	   0.00	0	   12.0	NaN	NaN	    9.0	   0.49	NaN	   0.70	  -0.53	   0.00	0	    6.0	NaN	NaN	    6.1	   0.01	NaN	   0.24	  -0.66	   0.00	AACTCCG_4/0	0	1.46	+
15:195480	   30.0	0	   13.0	NaN	NaN	    8.9	   0.28	NaN	   0.94	  -0.52	   0.00	0	    0.0	NaN	NaN	    4.3	  -0.00	NaN	  -0.00	  -4.00	   0.00	0	    9.0	NaN	NaN	    8.1	   0.25	NaN	   0.37	  -0.72	   0.00	0	    8.0	NaN	NaN	    5.6	   0.17	NaN	   0.69	  -0.59	   0.00	TAACGCC_4/0	0	1.46	+
15:246440	   30.1	0	   11.0	NaN	NaN	    8.9	   0.16	NaN	   0.55	  -0.83	   0.00	0	    4.2	NaN	NaN	    4.3	   0.19	NaN	   0.37	  -0.75	   0.00	0	   10.1	NaN	NaN	    8.3	   0.46	NaN	   0.66	  -0.77	   0.00	0	    4.8	NaN	NaN	    6.9	  -0.03	NaN	   0.09	  -0.69	   0.00	AGCTCTT_3/0	0	1.34	+
15:268692	   36.0	0	   13.0	NaN	NaN	   10.0	   0.19	NaN	   0.69	  -0.80	   0.00	0	    6.0	NaN	NaN	    4.3	   0.30	NaN	   0.59	  -0.62	   0.00	0	   12.0	NaN	NaN	    8.1	   0.63	NaN	   0.92	  -0.60	   0.00	0	    5.0	NaN	NaN	    4.9	   0.03	NaN	   0.27	  -0.82	   0.00	AAAACCCA_4/0	0	1.46	+
15:282232	   30.0	0	   13.0	NaN	NaN	    9.6	   0.22	NaN	   0.77	  -0.68	   0.00	0	    3.0	NaN	NaN	    4.4	   0.03	NaN	   0.09	  -0.93	   0.00	0	   11.0	NaN	NaN	    8.1	   0.49	NaN	   0.71	  -0.74	   0.00	0	    3.0	NaN	NaN	    5.9	  -0.03	NaN	   0.03	  -0.81	   0.00	TATCTCC_5/0	0	1.58	+
15:292279	   33.0	0	    9.0	NaN	NaN	    9.0	   0.03	NaN	   0.26	  -0.54	   0.00	0	    5.0	NaN	NaN	    4.3	   0.19	NaN	   0.37	  -0.55	   0.00	0	   11.0	NaN	NaN	    8.1	   0.49	NaN	   0.71	  -0.70	   0.00	0	    8.0	NaN	NaN	    5.2	   0.21	NaN	   0.81	  -0.70	   0.00	TAACTCC_3/0	0	1.34	+
15:303813	   37.0	0	   15.0	NaN	NaN	    9.3	   0.40	NaN	   1.28	  -0.57	   0.00	0	    1.0	NaN	NaN	    4.3	  -0.01	NaN	   0.01	  -4.00	   0.00	0	   16.0	NaN	NaN	    8.5	   1.33	NaN	   1.84	  -0.72	   0.00	0	    5.0	NaN	NaN	    4.9	   0.03	NaN	   0.27	  -0.52	   0.00	TAANTCCG_7/0	0	1.84	+
15:304273	   31.0	0	    3.0	NaN	NaN	    9.0	  -0.01	NaN	   0.00	  -1.22	   0.00	0	   10.0	NaN	NaN	    4.3	   1.31	NaN	   1.91	  -0.63	   0.00	0	   14.0	NaN	NaN	    8.2	   0.97	NaN	   1.38	  -0.70	   0.00	0	    4.0	NaN	NaN	    4.9	  -0.01	NaN	   0.15	  -1.67	   0.00	AGCTCTT_3/0	0	1.34	+
15:384572	   34.0	0	    4.0	NaN	NaN	    9.3	  -0.02	NaN	   0.01	  -0.75	   0.00	0	    9.0	NaN	NaN	    5.3	   0.62	NaN	   1.04	  -0.57	   0.00	0	   17.0	NaN	NaN	    9.3	   1.32	NaN	   1.82	  -0.65	   0.00	0	    4.0	NaN	NaN	    7.0	  -0.03	NaN	   0.04	  -1.70	   0.00	AACTCCG_4/0	0	1.46	+
15:392659	   33.0	0	    6.0	NaN	NaN	    8.9	  -0.02	NaN	   0.06	  -0.97	   0.32	0	    8.0	NaN	NaN	    4.3	   0.72	NaN	   1.17	  -0.49	   0.32	0	   11.0	NaN	NaN	    8.2	   0.47	NaN	   0.68	  -0.72	   0.32	0	    8.0	NaN	NaN	    4.9	   0.29	NaN	   0.93	  -0.61	   0.32	TAACTCCG_14/0	0	2.82	+
15:438520	   34.7	0	   11.7	NaN	NaN	    9.4	   0.16	NaN	   0.62	  -0.50	   0.00	0	    5.0	NaN	NaN	    4.3	   0.19	NaN	   0.37	  -0.79	   0.00	0	   12.0	NaN	NaN	    8.2	   0.63	NaN	   0.90	  -1.09	   0.00	0	    6.0	NaN	NaN	    5.2	   0.06	NaN	   0.37	  -0.83	   0.00	GCTCCGA_3/0	0	1.34	+
15:457971	   31.0	0	    9.0	NaN	NaN	   10.5	  -0.00	NaN	   0.14	  -0.60	   0.00	0	    4.0	NaN	NaN	    4.9	   0.06	NaN	   0.14	  -0.61	   0.00	0	    9.0	NaN	NaN	    8.1	   0.25	NaN	   0.37	  -0.69	   0.00	0	    9.0	NaN	NaN	    6.3	   0.17	NaN	   0.74	  -0.86	   0.00	CGCGGCT_3/0	0	1.34	+
15:462312	   31.0	0	    7.0	NaN	NaN	    8.9	  -0.01	NaN	   0.11	  -0.74	   0.00	0	    6.0	NaN	NaN	    4.3	   0.31	NaN	   0.59	  -0.49	   0.00	0	   14.0	NaN	NaN	    8.1	   1.00	NaN	   1.42	  -0.60	   0.00	0	    4.0	NaN	NaN	    6.3	  -0.03	NaN	   0.06	  -0.44	   0.00	AAACCCA_2/0	0	1.23	+
15:510787	   30.0	0	   10.0	NaN	NaN	    9.3	   0.07	NaN	   0.35	  -0.69	   0.00	0	    4.0	NaN	NaN	    4.8	   0.06	NaN	   0.15	  -0.56	   0.00	0	   10.0	NaN	NaN	    8.1	   0.35	NaN	   0.52	  -0.53	   0.00	0	    6.0	NaN	NaN	    5.3	   0.05	NaN	   0.36	  -0.62	   0.00	CGCCGCT_2/0	0	1.23	+
15:537345	   32.0	0	    8.0	NaN	NaN	    9.3	   0.00	NaN	   0.15	  -0.73	   0.00	0	    6.0	NaN	NaN	    4.3	   0.31	NaN	   0.59	  -0.37	   0.00	0	    9.0	NaN	NaN	    8.1	   0.24	NaN	   0.37	  -0.66	   0.00	0	    9.0	NaN	NaN	    4.9	   0.45	NaN	   1.23	  -0.67	   0.00	TATCTCC_5/0	0	1.58	+
15:633376	   32.0	0	   11.0	NaN	NaN	    9.1	   0.13	NaN	   0.51	  -0.55	   0.00	0	    6.0	NaN	NaN	    4.6	   0.24	NaN	   0.49	  -0.85	   0.00	0	   13.0	NaN	NaN	    9.6	   0.53	NaN	   0.77	  -1.00	   0.00	0	    2.0	NaN	NaN	    4.9	  -0.02	NaN	   0.02	  -1.13	   0.00	TAACTCCG_14/0	0	2.82	+
15:729609	   38.0	0	   11.0	NaN	NaN	    9.6	   0.10	NaN	   0.44	  -0.62	   0.00	0	    8.0	NaN	NaN	    4.3	   0.71	NaN	   1.17	  -0.84	   0.00	0	   12.0	NaN	NaN	    8.1	   0.63	NaN	   0.92	  -0.76	   0.00	0	    7.0	NaN	NaN	    5.8	   0.08	NaN	   0.44	  -0.80	   0.00	ATATCCG_3/0	0	1.34	+
15:754542	   30.0	0	   12.4	NaN	NaN	    8.9	   0.29	NaN	   0.94	  -0.53	   0.00	0	    6.0	NaN	NaN	    4.7	   0.24	NaN	   0.49	  -0.92	   0.00	0	    7.7	NaN	NaN	    9.3	   0.11	NaN	   0.15	  -1.19	   0.00	0	    3.9	NaN	NaN	    4.9	  -0.01	NaN	   0.15	  -1.34	   0.00	AACTCCG_4/0	0	1.46	+
15:775292	   34.0	0	   12.0	NaN	NaN	    8.9	   0.22	NaN	   0.73	  -0.63	   0.00	0	    4.0	NaN	NaN	    4.7	   0.07	NaN	   0.16	  -0.68	   0.00	0	   14.0	NaN	NaN	    8.7	   0.85	NaN	   1.22	  -0.67	   0.00	0	    4.0	NaN	NaN	    5.9	  -0.04	NaN	   0.08	  -0.50	   0.00	ATCTCCG_3/0	0	1.34	+
15:776393	   39.0	0	   11.0	NaN	NaN	    9.8	   0.10	NaN	   0.41	  -0.78	   0.00	0	    4.0	NaN	NaN	    4.3	   0.09	NaN	   0.21	  -2.06	   0.00	0	   15.0	NaN	NaN	    8.1	   1.24	NaN	   1.71	  -0.78	   0.00	0	    9.0	NaN	NaN	    5.2	   0.35	NaN	   1.08	  -0.50	   0.00	ATCTCCG_3/0	0	1.34	+
15:849014	   51.0	0	   10.0	NaN	NaN	    8.9	   0.10	NaN	   0.40	  -0.86	   0.00	0	   11.0	NaN	NaN	    4.4	   1.62	NaN	   2.27	  -0.82	   0.00	0	   19.0	NaN	NaN	    9.4	   1.79	NaN	   2.40	  -0.60	   0.00	0	   11.0	NaN	NaN	    7.0	   0.31	NaN	   1.02	  -0.60	   0.00	ATCTCCG_3/0	0	1.34	+
15:865766	   35.0	0	   13.0	NaN	NaN	    8.9	   0.28	NaN	   0.94	  -0.49	   0.00	0	    4.0	NaN	NaN	    4.3	   0.09	NaN	   0.21	  -0.85	   0.00	0	   10.0	NaN	NaN	    8.1	   0.35	NaN	   0.52	  -1.13	   0.00	0	    8.0	NaN	NaN	    5.9	   0.18	NaN	   0.62	  -0.84	   0.00	AGCTCTT_3/0	0	1.34	+
15:892228	   37.0	0	   13.0	NaN	NaN	    8.9	   0.28	NaN	   0.94	  -0.60	   0.00	0	    2.0	NaN	NaN	    4.3	   0.00	NaN	   0.03	  -1.39	   0.00	0	   16.0	NaN	NaN	    8.1	   1.47	NaN	   2.02	  -0.68	   0.00	0	    6.0	NaN	NaN	    5.6	   0.02	NaN	   0.31	  -0.52	   0.00	AAACCCA_2/0	0	1.23	+
15:942060	   32.0	0	   11.0	NaN	NaN	    9.7	   0.10	NaN	   0.43	  -0.84	   0.00	0	    5.0	NaN	NaN	    4.3	   0.19	NaN	   0.37	  -0.56	   0.00	0	   11.0	NaN	NaN	    8.1	   0.48	NaN	   0.71	  -0.69	   0.00	0	    5.0	NaN	NaN	    6.6	  -0.03	NaN	   0.10	  -0.39	   0.00	CCCGGTT_2/0	0	1.23	+
15:943522	   31.0	0	    4.0	NaN	NaN	    9.3	  -0.02	NaN	   0.01	  -0.54	   0.00	0	    3.0	NaN	NaN	    4.3	   0.03	NaN	   0.10	  -0.81	   0.00	0	   15.0	NaN	NaN	    8.1	   1.24	NaN	   1.71	  -0.63	   0.00	0	    9.0	NaN	NaN	    6.2	   0.19	NaN	   0.77	  -1.03	   0.00	AAAACCGA_6/0	0	1.71	+
15:955366	   34.0	0	   15.0	NaN	NaN	    8.9	   0.50	NaN	   1.43	  -0.37	   0.00	0	    3.0	NaN	NaN	    4.3	   0.03	NaN	   0.10	  -4.00	   0.00	0	    9.0	NaN	NaN	    9.3	   0.16	NaN	   0.23	  -0.50	   0.00	0	    7.0	NaN	NaN	    4.9	   0.18	NaN	   0.66	  -0.60	   0.00	AAAACCG_3/0	0	1.34	+
15:982007	   32.5	0	    6.4	NaN	NaN	    8.9	  -0.00	NaN	   0.11	  -0.74	   0.00	0	    8.3	NaN	NaN	    6.0	   0.46	NaN	   0.81	  -0.61	   0.00	0	   12.8	NaN	NaN	   12.7	   0.20	NaN	   0.30	  -0.80	   0.00	0	    5.0	NaN	NaN	    4.9	   0.03	NaN	   0.27	  -1.18	   0.00	CGCCGCT_2/0	0	1.23	+
15:1004369	   36.0	0	    8.0	NaN	NaN	    9.3	   0.00	NaN	   0.15	  -0.88	   0.00	0	    6.0	NaN	NaN	    4.3	   0.31	NaN	   0.59	  -0.82	   0.00	0	   13.0	NaN	NaN	    8.1	   0.79	NaN	   1.15	  -0.61	   0.00	0	    9.0	NaN	NaN	    5.5	   0.30	NaN	   0.99	  -0.44	   0.00	TATCTCC_5/0	0	1.58	+
15:1024172	   30.7	0	   10.8	NaN	NaN	   10.0	   0.09	NaN	   0.38	  -0.88	   0.00	0	    4.9	NaN	NaN	    4.3	   0.19	NaN	   0.37	  -0.52	   0.00	0	   10.0	NaN	NaN	    8.1	   0.49	NaN	   0.71	  -1.09	   0.00	0	    5.0	NaN	NaN	    5.2	   0.06	NaN	   0.37	  -0.59	   0.00	AAAACCC_3/0	0	1.34	+
15:1080409	   50.0	0	   17.0	NaN	NaN	    8.9	   0.89	NaN	   2.01	  -0.55	   0.00	0	    5.0	NaN	NaN	    4.3	   0.18	NaN	   0.37	  -1.05	   0.00	0	   16.0	NaN	NaN	    8.1	   1.47	NaN	   2.02	  -0.79	   0.00	0	   12.0	NaN	NaN	    4.9	   1.23	NaN	   2.36	  -0.48	   0.00	AAACCCA_2/0	0	1.23	+
16:35652	   30.0	0	   11.0	NaN	NaN	   10.0	   0.09	NaN	   0.38	  -0.87	   0.00	0	    5.0	NaN	NaN	    4.2	   0.19	NaN	   0.38	  -0.98	   0.00	0	    8.0	NaN	NaN	    8.1	   0.17	NaN	   0.25	  -0.42	   0.00	0	    6.0	NaN	NaN	    4.8	   0.09	NaN	   0.46	  -0.87	   0.00	AAACCCA_2/0	0	1.23	+
16:43005	   36.0	0	   16.0	NaN	NaN	    8.9	   0.65	NaN	   1.70	  -0.83	   0.00	0	    6.0	NaN	NaN	    4.2	   0.30	NaN	   0.60	  -0.46	   0.00	0	   12.0	NaN	NaN	    8.5	   0.57	NaN	   0.83	  -0.82	   0.00	0	    2.0	NaN	NaN	    4.8	  -0.02	NaN	   0.02	  -4.00	   0.00	AAAACCGA_6/0	0	1.71	+
16:105329	   32.0	0	   11.0	NaN	NaN	    8.8	   0.16	NaN	   0.57	  -0.61	   0.00	0	    4.0	NaN	NaN	    4.3	   0.09	NaN	   0.21	  -0.55	   0.00	0	   14.0	NaN	NaN	    9.5	   0.68	NaN	   0.99	  -0.77	   0.00	0	    3.0	NaN	NaN	    5.4	  -0.03	NaN	   0.04	  -0.74	   0.00	AAACCCA_2/0	0	1.23	+
16:106523	   36.0	0	    7.0	NaN	NaN	    9.1	  -0.01	NaN	   0.10	  -0.80	   0.00	0	    6.0	NaN	NaN	    4.2	   0.30	NaN	   0.60	  -0.62	   0.00	0	   15.0	NaN	NaN	   10.4	   0.66	NaN	   0.96	  -0.59	   0.00	0	    8.0	NaN	NaN	    5.7	   0.18	NaN	   0.67	  -0.63	   0.00	AAACCCA_2/0	0	1.23	+
16:123352	   32.9	0	    4.0	NaN	NaN	   10.6	  -0.01	NaN	   0.00	  -0.73	   0.00	0	    9.3	NaN	NaN	    5.6	   0.77	NaN	   1.23	  -1.03	   0.00	0	   16.8	NaN	NaN	    8.1	   1.77	NaN	   2.37	  -0.62	   0.00	0	    2.8	NaN	NaN	    5.3	  -0.03	NaN	   0.05	  -2.03	   0.00	AAAACCG_3/0	0	1.34	+
16:255919	   31.0	0	   13.0	NaN	NaN	    8.6	   0.29	NaN	   1.03	  -0.81	   0.00	0	    3.0	NaN	NaN	    4.2	   0.03	NaN	   0.10	  -0.57	   0.00	0	   12.0	NaN	NaN	    8.2	   0.63	NaN	   0.90	  -0.88	   0.00	0	    3.0	NaN	NaN	    6.1	  -0.03	NaN	   0.03	  -0.84	   0.00	AACGCCG_4/0	0	1.46	+
16:294728	   30.0	0	    7.0	NaN	NaN	    8.6	  -0.01	NaN	   0.13	  -0.95	   0.00	0	   12.0	NaN	NaN	    6.1	   1.08	NaN	   1.63	  -0.62	   0.00	0	    9.0	NaN	NaN	    8.1	   0.24	NaN	   0.37	  -0.51	   0.00	0	    2.0	NaN	NaN	    5.2	  -0.02	NaN	   0.02	  -0.55	   0.00	AAACCCA_2/0	0	1.23	+
16:315456	   31.0	0	   14.0	NaN	NaN	   10.2	   0.23	NaN	   0.81	  -0.55	   0.00	0	    3.0	NaN	NaN	    5.3	   0.01	NaN	   0.05	  -1.52	   0.00	0	    9.0	NaN	NaN	    8.3	   0.24	NaN	   0.35	  -0.58	   0.00	0	    5.0	NaN	NaN	    4.8	   0.03	NaN	   0.28	  -1.20	   0.00	AACCCCG_2/0	0	1.23	+
16:357729	   32.0	0	   12.0	NaN	NaN	   10.2	   0.12	NaN	   0.49	  -0.74	   0.00	0	    6.0	NaN	NaN	    4.6	   0.24	NaN	   0.49	  -0.59	   0.00	0	   12.0	NaN	NaN	    8.5	   0.57	NaN	   0.82	  -0.55	   0.00	0	    2.0	NaN	NaN	    5.2	  -0.02	NaN	   0.01	  -2.61	   0.00	TATCTCC_5/0	0	1.58	+
16:398849	   33.0	0	   12.0	NaN	NaN	    9.3	   0.16	NaN	   0.64	  -0.69	   0.00	0	    3.0	NaN	NaN	    4.3	   0.03	NaN	   0.10	  -0.64	   0.00	0	   10.0	NaN	NaN	    8.8	   0.27	NaN	   0.41	  -0.70	   0.00	0	    8.0	NaN	NaN	    5.2	   0.21	NaN	   0.82	  -0.75	   0.00	TAACTCC_3/0	0	1.34	+
16:457563	   30.0	0	   10.0	NaN	NaN	    9.8	   0.05	NaN	   0.28	  -0.77	   0.00	0	    6.0	NaN	NaN	    6.8	   0.08	NaN	   0.17	  -0.79	   0.00	0	    9.0	NaN	NaN	   10.5	   0.10	NaN	   0.14	  -0.62	   0.00	0	    5.0	NaN	NaN	    5.6	  -0.02	NaN	   0.18	  -0.31	   0.00	TAACGCC_4/0	0	1.46	+
16:557694	   30.0	0	   13.0	NaN	NaN	   10.2	   0.16	NaN	   0.63	  -0.79	   0.00	0	    2.0	NaN	NaN	    5.2	  -0.00	NaN	   0.02	  -2.87	   0.00	0	   12.0	NaN	NaN	    8.1	   0.63	NaN	   0.92	  -0.76	   0.00	0	    3.0	NaN	NaN	    4.8	  -0.03	NaN	   0.07	  -0.46	   0.00	ATCTCCG_3/0	0	1.34	+
16:569509	   30.0	0	    6.0	NaN	NaN	    9.7	  -0.03	NaN	   0.04	  -1.22	   0.00	0	    6.0	NaN	NaN	    4.9	   0.21	NaN	   0.43	  -1.95	   0.00	0	    9.0	NaN	NaN	    8.7	   0.20	NaN	   0.29	  -0.76	   0.00	0	    9.0	NaN	NaN	    4.8	   0.45	NaN	   1.25	  -0.65	   0.00	AAAACCCA_4/0	0	1.46	+
16:576842	   37.0	0	    8.0	NaN	NaN	    9.0	   0.01	NaN	   0.17	  -0.54	   0.00	0	   10.0	NaN	NaN	    4.6	   1.14	NaN	   1.68	  -0.50	   0.00	0	   10.0	NaN	NaN	    9.7	   0.20	NaN	   0.30	  -0.35	   0.00	0	    9.0	NaN	NaN	    5.4	   0.30	NaN	   1.00	  -0.64	   0.00	TAACTCC_3/0	0	1.34	+
16:646405	   32.0	0	    8.0	NaN	NaN	    8.7	   0.01	NaN	   0.19	  -0.91	   0.24	0	    7.0	NaN	NaN	    4.5	   0.43	NaN	   0.77	  -0.77	   0.24	0	   10.0	NaN	NaN	    9.2	   0.25	NaN	   0.36	  -0.66	   0.24	0	    7.0	NaN	NaN	    6.1	   0.06	NaN	   0.38	  -0.81	   0.24	AATCCGA_5/1	0	1.42	+
16:649631	   41.0	0	    6.0	NaN	NaN	    9.3	  -0.02	NaN	   0.04	  -0.85	   0.00	0	   11.0	NaN	NaN	    6.2	   0.80	NaN	   1.28	  -0.69	   0.00	0	   17.0	NaN	NaN	    9.9	   1.16	NaN	   1.60	  -0.67	   0.00	0	    7.0	NaN	NaN	    6.7	   0.02	NaN	   0.30	  -0.70	   0.00	AAACCCA_2/0	0	1.23	+
16:653789	   44.7	0	    7.0	NaN	NaN	   11.5	  -0.02	NaN	   0.03	  -0.88	   0.00	0	   15.2	NaN	NaN	    7.8	   1.55	NaN	   2.19	  -0.80	   0.00	0	   19.6	NaN	NaN	   11.5	   1.34	NaN	   1.85	  -0.78	   0.00	0	    3.0	NaN	NaN	    7.0	  -0.02	NaN	   0.01	  -0.61	   0.00	AAATCCGA_10/1	0	2.01	+
16:657427	   34.0	0	   13.0	NaN	NaN	    9.7	   0.23	NaN	   0.74	  -0.38	   0.00	0	    8.0	NaN	NaN	    6.2	   0.28	NaN	   0.54	  -0.59	   0.00	0	    8.0	NaN	NaN	    8.9	   0.13	NaN	   0.18	  -0.92	   0.00	0	    5.0	NaN	NaN	    5.3	   0.00	NaN	   0.21	  -0.35	   0.00	CGGTGCC_2/0	0	1.23	+
16:735682	   34.0	0	   12.0	NaN	NaN	    8.6	   0.23	NaN	   0.81	  -0.66	   0.83	0	    4.0	NaN	NaN	    4.4	   0.09	NaN	   0.20	  -1.16	   0.83	0	   11.0	NaN	NaN	    8.1	   0.49	NaN	   0.71	  -0.79	   0.83	0	    7.0	NaN	NaN	    4.8	   0.17	NaN	   0.68	  -0.67	   0.83	AATCCGA_5/1	0	1.42	+
16:818742	   31.0	0	   12.0	NaN	NaN	    8.6	   0.23	NaN	   0.81	  -0.53	   0.00	0	    5.0	NaN	NaN	    4.2	   0.18	NaN	   0.38	  -1.13	   0.00	0	   12.0	NaN	NaN	    8.1	   0.62	NaN	   0.92	  -0.67	   0.00	0	    2.0	NaN	NaN	    4.8	  -0.03	NaN	   0.02	  -2.41	   0.00	TATCTCCG_8/0	0	1.97	+
16:833428	   33.0	0	    7.0	NaN	NaN	    8.9	  -0.00	NaN	   0.11	  -0.90	   0.00	0	    2.0	NaN	NaN	    4.2	   0.00	NaN	   0.03	  -0.46	   0.00	0	   17.0	NaN	NaN	    9.1	   1.40	NaN	   1.92	  -0.92	   0.00	0	    7.0	NaN	NaN	    5.3	   0.12	NaN	   0.54	  -0.59	   0.00	CGCGGCT_3/0	0	1.34	+
16:923243	   33.0	0	    4.2	NaN	NaN	    8.6	  -0.03	NaN	   0.03	  -0.51	   0.00	0	    3.0	NaN	NaN	    5.2	   0.04	NaN	   0.12	  -0.50	   0.00	0	   13.2	NaN	NaN	    9.5	   0.68	NaN	   0.99	  -0.73	   0.00	0	   12.6	NaN	NaN	    5.0	   1.50	NaN	   2.71	  -0.71	   0.00	AACGCCG_4/0	0	1.46	+
2:43727	   41.0	0	    9.0	NaN	NaN	    9.7	   0.01	NaN	   0.20	  -0.57	   0.72	0	    6.0	NaN	NaN	    5.5	   0.17	NaN	   0.33	  -0.63	   0.72	0	   17.0	NaN	NaN	    9.7	   1.22	NaN	   1.68	  -0.42	   0.72	0	    9.0	NaN	NaN	    4.6	   0.48	NaN	   1.33	  -0.82	   0.72	AACTCCG_4/0	0	1.46	+
2:132104	   30.0	0	   11.0	NaN	NaN	   10.1	   0.08	NaN	   0.37	  -1.04	   0.00	0	    4.0	NaN	NaN	    6.6	   0.01	NaN	   0.05	  -0.96	   0.00	0	    9.0	NaN	NaN	   10.5	   0.10	NaN	   0.14	  -0.51	   0.00	0	    6.0	NaN	NaN	    5.9	   0.03	NaN	   0.26	  -0.80	   0.00	AAAACCC_3/0	0	1.34	+
2:228389	   32.0	0	   12.0	NaN	NaN	   10.8	   0.10	NaN	   0.40	  -0.60	   0.00	0	    7.0	NaN	NaN	    5.7	   0.22	NaN	   0.45	  -0.57	   0.00	0	   10.0	NaN	NaN	    8.5	   0.30	NaN	   0.46	  -0.67	   0.00	0	    3.0	NaN	NaN	    5.8	  -0.03	NaN	   0.03	  -1.23	   0.00	ACTCCGA_3/0	0	1.34	+
2:268374	   32.0	0	   12.0	NaN	NaN	    9.3	   0.16	NaN	   0.65	  -0.63	   0.00	0	    5.0	NaN	NaN	    4.2	   0.18	NaN	   0.38	  -0.73	   0.00	0	   12.0	NaN	NaN	    7.7	   0.70	NaN	   1.03	  -0.86	   0.00	0	    3.0	NaN	NaN	    5.4	  -0.03	NaN	   0.04	  -0.83	   0.00	GCTCCGA_3/0	0	1.34	+
2:305491	   34.0	0	   12.0	NaN	NaN	    9.6	   0.16	NaN	   0.59	  -0.87	   0.00	0	    6.0	NaN	NaN	    4.4	   0.28	NaN	   0.55	  -0.65	   0.00	0	    9.0	NaN	NaN	    7.7	   0.28	NaN	   0.43	  -0.39	   0.00	0	    7.0	NaN	NaN	    5.7	   0.09	NaN	   0.45	  -0.83	   0.00	AACGCCG_4/0	0	1.46	+
2:323247	   31.0	0	   10.0	NaN	NaN	    9.2	   0.07	NaN	   0.36	  -0.49	   0.00	0	    3.0	NaN	NaN	    5.4	   0.01	NaN	   0.04	  -0.37	   0.00	0	   13.0	NaN	NaN	    7.7	   0.89	NaN	   1.28	  -0.57	   0.00	0	    5.0	NaN	NaN	    5.6	  -0.02	NaN	   0.18	  -1.08	   0.00	AGCTCTT_3/0	0	1.34	+
2:328723	   40.0	0	   13.0	NaN	NaN	    8.7	   0.27	NaN	   0.97	  -0.50	   0.00	0	    7.0	NaN	NaN	    6.4	   0.18	NaN	   0.34	  -1.01	   0.00	0	   16.0	NaN	NaN	    9.1	   1.18	NaN	   1.63	  -0.44	   0.00	0	    4.0	NaN	NaN	    4.8	  -0.02	NaN	   0.15	  -0.45	   0.00	CGGGGAA_3/0	0	1.34	+
2:478980	   34.0	0	   11.0	NaN	NaN	    9.6	   0.10	NaN	   0.44	  -0.57	   0.00	0	    7.0	NaN	NaN	    4.0	   0.54	NaN	   0.94	  -0.49	   0.00	0	   11.0	NaN	NaN	    9.8	   0.26	NaN	   0.40	  -0.55	   0.00	0	    5.0	NaN	NaN	    5.3	   0.00	NaN	   0.21	  -0.77	   0.00	AAAACCCA_4/0	0	1.46	+
2:495123	   30.0	0	   13.0	NaN	NaN	   11.6	   0.10	NaN	   0.42	  -0.43	   0.00	0	    2.0	NaN	NaN	    5.5	  -0.01	NaN	   0.01	  -0.54	   0.00	0	   11.0	NaN	NaN	    8.1	   0.49	NaN	   0.72	  -0.65	   0.00	0	    4.0	NaN	NaN	    4.6	  -0.02	NaN	   0.17	  -0.66	   0.00	AGCTCTT_3/0	0	1.34	+
2:562815	   31.0	0	    7.0	NaN	NaN	    8.5	  -0.01	NaN	   0.13	  -0.53	   0.00	0	    4.0	NaN	NaN	    4.4	   0.09	NaN	   0.19	  -1.48	   0.00	0	   14.0	NaN	NaN	    7.7	   1.13	NaN	   1.57	  -0.69	   0.00	0	    6.0	NaN	NaN	    4.7	   0.09	NaN	   0.49	  -0.65	   0.00	AGCTCTT_3/0	0	1.34	+
2:593004	   30.0	0	   14.0	NaN	NaN	   10.4	   0.23	NaN	   0.78	  -0.44	   0.00	0	    8.0	NaN	NaN	    4.5	   0.63	NaN	   1.06	  -0.68	   0.00	0	    4.0	NaN	NaN	    7.7	   0.02	NaN	   0.02	  -1.06	   0.00	0	    4.0	NaN	NaN	    5.6	  -0.03	NaN	   0.09	  -1.79	   0.00	AAACCCA_2/0	0	1.23	+
2:645540	   30.0	0	    8.0	NaN	NaN	    9.8	  -0.01	NaN	   0.12	  -0.66	   0.00	0	    5.0	NaN	NaN	    5.4	   0.09	NaN	   0.21	  -1.30	   0.00	0	   10.0	NaN	NaN	    8.5	   0.31	NaN	   0.46	  -0.54	   0.00	0	    7.0	NaN	NaN	    5.1	   0.17	NaN	   0.61	  -0.74	   0.00	AAAACCC_3/0	0	1.34	+
2:673570	   35.0	0	    8.0	NaN	NaN	    8.7	   0.01	NaN	   0.19	  -0.61	   0.00	0	    9.0	NaN	NaN	    4.7	   0.80	NaN	   1.28	  -0.67	   0.00	0	   12.0	NaN	NaN	   11.1	   0.24	NaN	   0.37	  -0.49	   0.00	0	    6.0	NaN	NaN	    5.7	   0.03	NaN	   0.30	  -0.37	   0.00	CCCGGTT_2/0	0	1.23	+
2:674602	   41.0	0	   12.0	NaN	NaN	    8.5	   0.23	NaN	   0.82	  -0.37	   0.00	0	    7.0	NaN	NaN	    5.4	   0.27	NaN	   0.53	  -1.05	   0.00	0	   13.0	NaN	NaN	   11.4	   0.30	NaN	   0.45	  -0.55	   0.00	0	    9.0	NaN	NaN	    4.9	   0.44	NaN	   1.21	  -0.53	   0.00	AGCTCTT_3/0	0	1.34	+
2:767722	   32.0	0	    9.0	NaN	NaN	    9.2	   0.03	NaN	   0.25	  -0.71	   0.00	0	    3.0	NaN	NaN	    4.0	   0.04	NaN	   0.11	  -0.66	   0.00	0	   13.0	NaN	NaN	    7.7	   0.89	NaN	   1.28	  -0.71	   0.00	0	    7.0	NaN	NaN	    4.7	   0.17	NaN	   0.72	  -0.56	   0.00	TAACGCC_4/0	0	1.46	+
2:785121	   32.0	0	   15.0	NaN	NaN	   10.5	   0.27	NaN	   0.95	  -0.69	   0.00	0	    5.0	NaN	NaN	    5.2	   0.10	NaN	   0.23	  -0.49	   0.00	0	    9.0	NaN	NaN	    8.3	   0.24	NaN	   0.34	  -0.79	   0.00	0	    3.0	NaN	NaN	    4.6	  -0.04	NaN	   0.07	  -1.85	   0.00	TATCTCC_5/0	0	1.58	+
3:13995	   31.0	0	   13.0	NaN	NaN	    8.5	   0.29	NaN	   1.03	  -0.70	   0.00	0	    3.0	NaN	NaN	    4.0	   0.04	NaN	   0.12	  -0.97	   0.00	0	    5.0	NaN	NaN	    6.9	   0.06	NaN	   0.09	  -0.60	   0.00	0	   10.0	NaN	NaN	    4.1	   1.01	NaN	   2.03	  -0.79	   0.00	AAAACCC_3/0	0	1.34	+
3:16479	   31.0	0	   12.3	NaN	NaN	   10.6	   0.16	NaN	   0.57	  -0.70	   0.00	0	    4.0	NaN	NaN	    5.2	   0.04	NaN	   0.12	  -0.18	   0.00	0	    8.7	NaN	NaN	    7.9	   0.26	NaN	   0.40	  -0.87	   0.00	0	    6.0	NaN	NaN	    5.1	   0.08	NaN	   0.40	  -0.34	   0.00	CGGGGAA_3/0	0	1.34	+
3:78408	   31.0	0	   10.0	NaN	NaN	   12.3	  -0.00	NaN	   0.11	  -0.58	   0.00	0	    4.0	NaN	NaN	    4.4	   0.09	NaN	   0.20	  -0.79	   0.00	0	   13.0	NaN	NaN	    7.8	   0.88	NaN	   1.27	  -0.50	   0.00	0	    4.0	NaN	NaN	    4.4	  -0.00	NaN	   0.20	  -0.78	   0.00	AGCTCTT_3/0	0	1.34	+
3:104541	   32.0	0	   15.0	NaN	NaN	    8.9	   0.50	NaN	   1.43	  -0.46	   0.00	0	    6.0	NaN	NaN	    5.5	   0.17	NaN	   0.32	  -0.52	   0.00	0	    8.0	NaN	NaN	    8.5	   0.15	NaN	   0.21	  -0.30	   0.00	0	    3.0	NaN	NaN	    5.2	  -0.03	NaN	   0.05	  -0.43	   0.00	AGCTCTT_3/0	0	1.34	+
3:105943	   30.0	0	    6.0	NaN	NaN	    9.0	  -0.02	NaN	   0.05	  -0.64	   0.00	0	    6.0	NaN	NaN	    4.9	   0.21	NaN	   0.44	  -0.28	   0.00	0	   11.0	NaN	NaN	    8.2	   0.48	NaN	   0.69	  -0.62	   0.00	0	    7.0	NaN	NaN	    5.4	   0.12	NaN	   0.53	  -0.82	   0.00	AAAACCG_3/0	0	1.34	+
3:114818	   30.0	0	    9.0	NaN	NaN	    7.9	   0.10	NaN	   0.40	  -0.35	   0.00	0	    8.0	NaN	NaN	    4.2	   0.76	NaN	   1.21	  -0.53	   0.00	0	    6.0	NaN	NaN	    8.9	   0.04	NaN	   0.06	  -0.55	   0.00	0	    7.0	NaN	NaN	    4.9	   0.19	NaN	   0.64	  -0.79	   0.00	AAACCCA_2/0	0	1.23	+
3:126908	   47.0	0	   21.0	NaN	NaN	   11.5	   0.99	NaN	   2.14	  -0.57	   0.00	0	    5.0	NaN	NaN	    6.1	   0.05	NaN	   0.13	  -1.19	   0.00	0	   13.0	NaN	NaN	    8.5	   0.71	NaN	   1.05	  -0.79	   0.00	0	    8.0	NaN	NaN	    5.8	   0.18	NaN	   0.64	  -1.05	   0.00	TAACTCC_3/0	0	1.34	+
3:188131	   33.0	0	   15.0	NaN	NaN	    8.6	   0.54	NaN	   1.54	  -0.61	   0.00	0	    4.0	NaN	NaN	    4.0	   0.11	NaN	   0.25	  -1.23	   0.00	0	    8.0	NaN	NaN	    8.5	   0.15	NaN	   0.21	  -0.45	   0.00	0	    6.0	NaN	NaN	    6.3	   0.01	NaN	   0.22	  -0.68	   0.00	ATATCCG_3/0	0	1.34	+
4:7651	   48.0	0	   11.0	NaN	NaN	   13.9	  -0.01	NaN	   0.09	  -0.58	   0.57	0	    8.0	NaN	NaN	    7.6	   0.16	NaN	   0.31	  -0.48	   0.57	0	   16.0	NaN	NaN	   13.1	   0.41	NaN	   0.61	  -0.63	   0.57	0	   13.0	NaN	NaN	    8.9	   0.29	NaN	   0.92	  -0.54	   0.57	TATCTCC_5/0	0	1.58	+
4:9894	   70.0	0	   15.0	NaN	NaN	   16.3	   0.02	NaN	   0.18	  -0.53	   0.00	0	   15.0	NaN	NaN	    8.5	   1.02	NaN	   1.55	  -0.73	   0.00	0	   23.0	NaN	NaN	   13.2	   1.49	NaN	   2.05	  -0.55	   0.00	0	   17.0	NaN	NaN	    9.8	   0.72	NaN	   1.64	  -0.79	   0.00	TATCTCCG_8/0	0	1.97	+
4:13136	   32.5	0	   14.8	NaN	NaN	   12.2	   0.15	NaN	   0.62	  -0.70	   0.00	0	    3.0	NaN	NaN	    6.1	   0.00	NaN	   0.02	  -0.69	   0.00	0	   10.1	NaN	NaN	   12.0	   0.13	NaN	   0.18	  -0.83	   0.00	0	    4.6	NaN	NaN	    9.0	  -0.03	NaN	   0.02	  -0.50	   0.00	AAAACCC_3/0	0	1.34	+
4:62528	   37.4	0	    9.8	NaN	NaN	    8.7	   0.10	NaN	   0.42	  -0.90	   0.00	0	    9.2	NaN	NaN	    4.6	   1.14	NaN	   1.68	  -0.37	   0.00	0	   14.4	NaN	NaN	    8.2	   1.22	NaN	   1.69	  -0.43	   0.00	0	    4.0	NaN	NaN	    4.7	  -0.02	NaN	   0.16	  -0.42	   0.00	CGCGGCT_3/0	0	1.34	+
4:76720	   44.0	0	    9.0	NaN	NaN	   11.2	  -0.00	NaN	   0.10	  -0.59	   0.00	0	   12.0	NaN	NaN	    5.2	   1.51	NaN	   2.14	  -0.60	   0.00	0	   16.0	NaN	NaN	    8.2	   1.46	NaN	   2.00	  -0.38	   0.00	0	    7.0	NaN	NaN	    6.6	   0.02	NaN	   0.32	  -0.76	   0.00	ATCTCCG_3/0	0	1.34	+
4:120520	   30.0	0	   10.0	NaN	NaN	    8.7	   0.10	NaN	   0.42	  -0.73	   0.00	0	    5.0	NaN	NaN	    4.3	   0.19	NaN	   0.37	  -1.08	   0.00	0	    9.0	NaN	NaN	    8.2	   0.24	NaN	   0.36	  -0.76	   0.00	0	    6.0	NaN	NaN	    4.7	   0.09	NaN	   0.47	  -0.81	   0.00	TAANTCCG_7/0	0	1.84	+
4:133324	   33.0	0	    8.0	NaN	NaN	    8.7	   0.01	NaN	   0.19	  -0.92	   0.00	0	    6.0	NaN	NaN	    5.2	   0.18	NaN	   0.38	  -0.73	   0.00	0	   16.0	NaN	NaN	    8.2	   1.46	NaN	   2.00	  -0.57	   0.00	0	    3.0	NaN	NaN	    6.4	  -0.02	NaN	   0.02	  -0.49	   0.00	CCCGGTT_2/0	0	1.23	+
4:169873	   32.0	0	   10.0	NaN	NaN	   10.1	   0.03	NaN	   0.26	  -0.53	   0.00	0	    4.0	NaN	NaN	    4.3	   0.10	NaN	   0.21	  -0.59	   0.00	0	   13.0	NaN	NaN	    8.2	   0.78	NaN	   1.14	  -0.79	   0.00	0	    5.0	NaN	NaN	    4.7	   0.03	NaN	   0.29	  -0.96	   0.00	AGCTCTT_3/0	0	1.34	+
4:230215	   34.0	0	    9.0	NaN	NaN	    8.7	   0.04	NaN	   0.29	  -1.07	   0.00	0	    3.0	NaN	NaN	    4.3	   0.03	NaN	   0.10	  -0.34	   0.00	0	   16.0	NaN	NaN	    9.6	   1.03	NaN	   1.45	  -0.53	   0.00	0	    6.0	NaN	NaN	    5.1	   0.07	NaN	   0.39	  -0.62	   0.00	AAACCCA_2/0	0	1.23	+
4:270962	   30.0	0	   14.0	NaN	NaN	    8.7	   0.37	NaN	   1.21	  -0.48	   0.00	0	    1.0	NaN	NaN	    4.4	  -0.01	NaN	   0.01	  -4.00	   0.00	0	    9.0	NaN	NaN	    8.5	   0.22	NaN	   0.33	  -0.29	   0.00	0	    6.0	NaN	NaN	    4.7	   0.09	NaN	   0.47	  -0.80	   0.00	CGCCGCT_2/0	0	1.23	+
4:303984	   31.0	0	    7.0	NaN	NaN	    8.7	  -0.01	NaN	   0.11	  -0.92	   0.00	0	    8.0	NaN	NaN	    4.3	   0.71	NaN	   1.15	  -0.70	   0.00	0	   10.0	NaN	NaN	    9.2	   0.24	NaN	   0.36	  -0.49	   0.00	0	    6.0	NaN	NaN	    4.7	   0.09	NaN	   0.47	  -0.47	   0.00	ATATCCG_3/0	0	1.34	+
4:349924	   35.4	0	   15.9	NaN	NaN	    9.3	   0.54	NaN	   1.53	  -0.89	   0.00	0	    3.0	NaN	NaN	    4.6	   0.03	NaN	   0.07	  -1.48	   0.00	0	    8.7	NaN	NaN	    8.2	   0.25	NaN	   0.36	  -0.67	   0.00	0	    7.8	NaN	NaN	    5.6	   0.17	NaN	   0.69	  -0.65	   0.00	AACTCCG_4/0	0	1.46	+
4:381551	   30.0	0	    9.0	NaN	NaN	    9.0	   0.04	NaN	   0.27	  -0.64	   0.00	0	    4.0	NaN	NaN	    5.6	   0.04	NaN	   0.09	  -1.69	   0.00	0	   13.0	NaN	NaN	   10.7	   0.37	NaN	   0.55	  -0.64	   0.00	0	    4.0	NaN	NaN	    5.6	  -0.03	NaN	   0.09	  -1.20	   0.00	AATCCGA_5/1	0	1.42	+
4:438760	   32.0	0	   10.0	NaN	NaN	    9.0	   0.09	NaN	   0.38	  -0.64	   0.00	0	    3.0	NaN	NaN	    4.3	   0.03	NaN	   0.10	  -2.42	   0.00	0	   10.0	NaN	NaN	    8.2	   0.34	NaN	   0.51	  -0.63	   0.00	0	    9.0	NaN	NaN	    5.3	   0.33	NaN	   1.05	  -0.53	   0.00	AAAACCC_3/0	0	1.34	+
4:486750	   32.0	0	   11.0	NaN	NaN	    8.9	   0.16	NaN	   0.55	  -0.58	   0.00	0	    4.0	NaN	NaN	    4.3	   0.10	NaN	   0.21	  -0.68	   0.00	0	   12.0	NaN	NaN	    8.2	   0.62	NaN	   0.90	  -0.44	   0.00	0	    5.0	NaN	NaN	    4.8	   0.04	NaN	   0.29	  -0.86	   0.00	TATCTCC_5/0	0	1.58	+
4:488528	   41.0	0	   13.0	NaN	NaN	    9.2	   0.26	NaN	   0.86	  -0.95	   0.00	0	    9.0	NaN	NaN	    4.9	   0.75	NaN	   1.21	  -0.53	   0.00	0	   12.0	NaN	NaN	    8.2	   0.62	NaN	   0.90	  -0.38	   0.00	0	    7.0	NaN	NaN	    5.2	   0.15	NaN	   0.57	  -0.46	   0.00	AAACCCA_2/0	0	1.23	+
4:491645	   37.0	0	   13.0	NaN	NaN	    9.6	   0.22	NaN	   0.76	  -0.56	   0.00	0	    4.0	NaN	NaN	    4.6	   0.07	NaN	   0.17	  -0.87	   0.00	0	   12.0	NaN	NaN	    8.2	   0.62	NaN	   0.90	  -0.75	   0.00	0	    8.0	NaN	NaN	    5.9	   0.17	NaN	   0.62	  -0.66	   0.00	AAAACCG_3/0	0	1.34	+
4:514285	   35.0	0	   13.0	NaN	NaN	    9.5	   0.24	NaN	   0.79	  -0.63	   0.00	0	    6.0	NaN	NaN	    4.4	   0.29	NaN	   0.56	  -0.91	   0.00	0	    9.0	NaN	NaN	    8.6	   0.21	NaN	   0.31	  -0.48	   0.00	0	    7.0	NaN	NaN	    4.9	   0.18	NaN	   0.66	  -0.78	   0.00	AAAACCC_3/0	0	1.34	+
4:522144	   32.0	0	   15.0	NaN	NaN	    9.8	   0.32	NaN	   1.12	  -0.53	   0.00	0	    3.0	NaN	NaN	    4.3	   0.03	NaN	   0.10	  -0.88	   0.00	0	   10.0	NaN	NaN	    8.6	   0.29	NaN	   0.44	  -0.67	   0.00	0	    4.0	NaN	NaN	    4.8	  -0.02	NaN	   0.15	  -0.56	   0.00	AAAACCC_3/0	0	1.34	+
4:525186	   41.0	0	    8.0	NaN	NaN	   10.0	  -0.01	NaN	   0.11	  -0.93	   0.00	0	   12.0	NaN	NaN	    6.0	   1.13	NaN	   1.69	  -0.62	   0.00	0	   19.0	NaN	NaN	    9.7	   1.69	NaN	   2.28	  -0.45	   0.00	0	    2.0	NaN	NaN	    7.0	  -0.02	NaN	   0.00	  -2.17	   0.00	ACCCCGG_2/0	0	1.23	+
4:542469	   40.9	0	   11.0	NaN	NaN	    8.8	   0.16	NaN	   0.56	  -0.72	   0.00	0	    6.0	NaN	NaN	    4.3	   0.30	NaN	   0.58	  -0.65	   0.00	0	   10.9	NaN	NaN	    8.2	   0.48	NaN	   0.69	  -0.67	   0.00	0	   13.0	NaN	NaN	    5.8	   1.10	NaN	   2.20	  -0.53	   0.00	AACTCCG_4/0	0	1.46	+
4:648085	   30.2	0	    5.0	NaN	NaN	    8.7	  -0.03	NaN	   0.03	  -0.65	   0.00	0	    8.8	NaN	NaN	    4.3	   0.98	NaN	   1.50	  -0.76	   0.00	0	   12.4	NaN	NaN	    8.2	   0.79	NaN	   1.14	  -0.74	   0.00	0	    4.0	NaN	NaN	    4.7	  -0.02	NaN	   0.16	  -0.34	   0.00	TAAATCCGA_12/1	0	2.27	+
4:668166	   37.0	0	   15.0	NaN	NaN	    8.7	   0.52	NaN	   1.47	  -0.40	   0.00	0	    0.0	NaN	NaN	    5.5	  -0.00	NaN	   0.00	  -0.58	   0.00	0	   14.0	NaN	NaN	    8.2	   0.99	NaN	   1.40	  -0.88	   0.00	0	    8.0	NaN	NaN	    5.3	   0.19	NaN	   0.77	  -0.56	   0.00	AGCTCTT_3/0	0	1.34	+
4:700848	   32.0	0	   13.0	NaN	NaN	    8.7	   0.26	NaN	   0.97	  -0.45	   0.00	0	    1.0	NaN	NaN	    4.4	  -0.01	NaN	   0.01	  -4.00	   0.00	0	   12.0	NaN	NaN	    8.4	   0.58	NaN	   0.84	  -0.31	   0.00	0	    6.0	NaN	NaN	    4.9	   0.08	NaN	   0.43	  -1.09	   0.00	CGCCGCT_2/0	0	1.23	+
4:715021	   32.0	0	   13.0	NaN	NaN	   10.1	   0.17	NaN	   0.66	  -0.52	   0.00	0	    4.0	NaN	NaN	    4.8	   0.06	NaN	   0.15	  -0.35	   0.00	0	   14.0	NaN	NaN	    8.2	   0.99	NaN	   1.40	  -0.56	   0.00	0	    1.0	NaN	NaN	    4.7	  -0.02	NaN	   0.00	  -4.00	   0.00	ACTCCGA_3/0	0	1.34	+
4:821166	   31.0	0	   13.0	NaN	NaN	    8.7	   0.27	NaN	   0.97	  -0.61	   0.00	0	    4.0	NaN	NaN	    4.3	   0.09	NaN	   0.21	  -1.55	   0.00	0	    6.0	NaN	NaN	    8.2	   0.06	NaN	   0.08	  -0.47	   0.00	0	    8.0	NaN	NaN	    4.7	   0.31	NaN	   0.97	  -0.43	   0.00	ATATCCG_3/0	0	1.34	+
4:847572	   34.0	0	    8.0	NaN	NaN	   10.0	  -0.00	NaN	   0.11	  -0.61	   0.00	0	    8.0	NaN	NaN	    6.6	   0.23	NaN	   0.47	  -1.13	   0.00	0	   14.0	NaN	NaN	    8.7	   0.84	NaN	   1.21	  -0.64	   0.00	0	    4.0	NaN	NaN	    4.7	  -0.02	NaN	   0.16	  -0.63	   0.00	ATATCCG_3/0	0	1.34	+
4:889236	   34.0	0	   10.0	NaN	NaN	    9.5	   0.05	NaN	   0.32	  -0.51	   0.00	0	    5.0	NaN	NaN	    4.3	   0.19	NaN	   0.37	  -0.50	   0.00	0	   18.0	NaN	NaN	    9.3	   1.57	NaN	   2.14	  -0.70	   0.00	0	    1.0	NaN	NaN	    6.4	  -0.01	NaN	   0.00	  -4.00	   0.00	ACGCCGT_3/0	0	1.34	+
4:909711	   31.0	0	    8.0	NaN	NaN	    8.7	   0.01	NaN	   0.19	  -0.75	   0.00	0	   10.0	NaN	NaN	    5.5	   0.80	NaN	   1.28	  -0.66	   0.00	0	    8.0	NaN	NaN	    8.4	   0.16	NaN	   0.22	  -0.11	   0.00	0	    5.0	NaN	NaN	    4.7	   0.04	NaN	   0.29	  -0.71	   0.00	AGCTCTT_3/0	0	1.34	+
4:913983	   30.0	0	    9.0	NaN	NaN	    8.7	   0.04	NaN	   0.29	  -0.56	   0.00	0	    8.0	NaN	NaN	    4.3	   0.71	NaN	   1.15	  -0.86	   0.00	0	   10.0	NaN	NaN	    9.0	   0.25	NaN	   0.38	  -0.36	   0.00	0	    3.0	NaN	NaN	    5.1	  -0.03	NaN	   0.05	  -1.29	   0.00	AGCTCTT_3/0	0	1.34	+
4:917429	   32.0	0	   11.0	NaN	NaN	    9.0	   0.15	NaN	   0.53	  -0.72	   0.00	0	    1.0	NaN	NaN	    4.3	  -0.01	NaN	   0.01	  -4.00	   0.00	0	   13.0	NaN	NaN	    8.2	   0.78	NaN	   1.14	  -0.69	   0.00	0	    7.0	NaN	NaN	    4.7	   0.17	NaN	   0.70	  -0.95	   0.00	TATCTCC_5/0	0	1.58	+
4:1032878	   31.0	0	   10.0	NaN	NaN	    9.8	   0.05	NaN	   0.28	  -0.56	   0.00	0	    4.0	NaN	NaN	    4.3	   0.10	NaN	   0.21	  -0.54	   0.00	0	   12.0	NaN	NaN	    8.2	   0.63	NaN	   0.90	  -0.81	   0.00	0	    5.0	NaN	NaN	    4.7	   0.03	NaN	   0.29	  -0.64	   0.00	AAAACCCA_4/0	0	1.46	+
4:1036029	   33.9	0	    7.5	NaN	NaN	   11.0	  -0.02	NaN	   0.07	  -0.56	   0.00	0	    9.9	NaN	NaN	    4.3	   1.29	NaN	   1.89	  -0.56	   0.00	0	   11.5	NaN	NaN	    8.2	   0.63	NaN	   0.90	  -0.48	   0.00	0	    5.0	NaN	NaN	    4.7	   0.03	NaN	   0.29	  -0.65	   0.00	AAACCCA_2/0	0	1.23	+
4:1130263	   35.0	0	   17.0	NaN	NaN	   10.9	   0.40	NaN	   1.27	  -0.73	   0.00	0	    5.0	NaN	NaN	    4.3	   0.19	NaN	   0.37	  -0.89	   0.00	0	    9.0	NaN	NaN	    9.3	   0.16	NaN	   0.24	  -0.73	   0.00	0	    4.0	NaN	NaN	    6.0	  -0.03	NaN	   0.07	  -0.58	   0.00	AAAACCCA_4/0	0	1.46	+
4:1136847	   38.0	0	    8.0	NaN	NaN	    8.7	   0.01	NaN	   0.19	  -0.59	   0.00	0	   11.0	NaN	NaN	    4.3	   1.66	NaN	   2.32	  -0.79	   0.00	0	   14.0	NaN	NaN	    8.2	   0.99	NaN	   1.40	  -0.64	   0.00	0	    5.0	NaN	NaN	    4.7	   0.03	NaN	   0.29	  -0.75	   0.00	TAANTCCG_7/0	0	1.84	+
4:1221286	   33.0	0	    9.0	NaN	NaN	    8.7	   0.05	NaN	   0.29	  -0.81	   0.00	0	    3.0	NaN	NaN	    4.3	   0.04	NaN	   0.10	  -0.76	   0.00	0	   16.0	NaN	NaN	    8.2	   1.46	NaN	   1.99	  -0.63	   0.00	0	    5.0	NaN	NaN	    4.7	   0.03	NaN	   0.29	  -1.34	   0.00	ACTCCGA_3/0	0	1.34	+
4:1258793	   38.3	0	    4.0	NaN	NaN	    9.2	  -0.02	NaN	   0.01	  -1.42	   0.00	0	   12.8	NaN	NaN	    5.8	   1.55	NaN	   2.19	  -0.65	   0.00	0	   14.3	NaN	NaN	    8.2	   1.22	NaN	   1.69	  -0.80	   0.00	0	    7.2	NaN	NaN	    5.4	   0.17	NaN	   0.74	  -0.71	   0.00	AGCTCTT_3/0	0	1.34	+
4:1347434	   31.0	0	   10.0	NaN	NaN	    9.1	   0.08	NaN	   0.37	  -0.68	   0.00	0	    3.0	NaN	NaN	    4.6	   0.03	NaN	   0.07	  -0.68	   0.00	0	   10.0	NaN	NaN	    8.2	   0.34	NaN	   0.51	  -0.50	   0.00	0	    8.0	NaN	NaN	    5.3	   0.18	NaN	   0.77	  -0.59	   0.00	AAAACCGA_6/0	0	1.71	+
4:1353200	   31.0	0	    9.0	NaN	NaN	   11.7	  -0.02	NaN	   0.08	  -0.44	   0.72	0	    0.0	NaN	NaN	    4.8	  -0.00	NaN	  -0.00	  -4.00	   0.72	0	   12.0	NaN	NaN	    8.2	   0.62	NaN	   0.90	  -0.51	   0.72	0	   10.0	NaN	NaN	    6.0	   0.35	NaN	   1.07	  -0.71	   0.72	AGCTCTT_3/0	0	1.34	+
4:1384269	   30.0	0	   13.0	NaN	NaN	    8.7	   0.27	NaN	   0.97	  -0.56	   0.00	0	    3.0	NaN	NaN	    4.3	   0.03	NaN	   0.10	  -2.50	   0.00	0	    9.0	NaN	NaN	    8.2	   0.25	NaN	   0.36	  -0.59	   0.00	0	    5.0	NaN	NaN	    4.7	   0.04	NaN	   0.29	  -0.60	   0.00	TATCTCC_5/0	0	1.58	+
4:1423039	   33.0	0	    9.0	NaN	NaN	   10.9	  -0.01	NaN	   0.12	  -0.65	   0.59	0	    9.0	NaN	NaN	    4.5	   0.89	NaN	   1.39	  -0.99	   0.59	0	   12.0	NaN	NaN	    8.2	   0.62	NaN	   0.90	  -0.60	   0.59	0	    3.0	NaN	NaN	    5.5	  -0.03	NaN	   0.04	  -0.66	   0.59	TAACTCC_3/0	0	1.34	+
4:1426641	   30.0	0	    9.0	NaN	NaN	   10.1	   0.01	NaN	   0.17	  -0.76	   0.00	0	    5.0	NaN	NaN	    4.5	   0.17	NaN	   0.33	  -0.79	   0.00	0	   12.0	NaN	NaN	    9.2	   0.47	NaN	   0.67	  -0.52	   0.00	0	    4.0	NaN	NaN	    5.3	  -0.03	NaN	   0.11	  -0.66	   0.00	CGGTGCC_2/0	0	1.23	+
4:1439192	   32.0	0	    5.0	NaN	NaN	    8.7	  -0.02	NaN	   0.03	  -0.84	   0.00	0	    7.0	NaN	NaN	    4.3	   0.48	NaN	   0.84	  -0.48	   0.00	0	   12.0	NaN	NaN	   10.1	   0.34	NaN	   0.50	  -0.64	   0.00	0	    8.0	NaN	NaN	    5.2	   0.21	NaN	   0.81	  -0.76	   0.00	AAAACCG_3/0	0	1.34	+
4:1449427	   30.5	0	   10.9	NaN	NaN	    8.7	   0.15	NaN	   0.58	  -0.64	   0.00	0	    9.0	NaN	NaN	    4.3	   0.98	NaN	   1.50	  -0.63	   0.00	0	    5.7	NaN	NaN	    9.7	   0.03	NaN	   0.04	  -0.84	   0.00	0	    5.0	NaN	NaN	    5.7	  -0.02	NaN	   0.17	  -0.50	   0.00	TATCTCC_5/0	0	1.58	+
4:1475873	   32.0	0	    8.0	NaN	NaN	    8.7	   0.01	NaN	   0.19	  -0.37	   0.00	0	    5.0	NaN	NaN	    4.3	   0.18	NaN	   0.36	  -1.07	   0.00	0	   15.0	NaN	NaN	    8.2	   1.22	NaN	   1.68	  -0.84	   0.00	0	    4.0	NaN	NaN	    4.7	  -0.02	NaN	   0.16	  -0.65	   0.00	ACCCCGG_2/0	0	1.23	+
5:36017	   32.0	0	   12.0	NaN	NaN	    9.0	   0.20	NaN	   0.70	  -0.75	   0.00	0	    4.0	NaN	NaN	    4.3	   0.09	NaN	   0.21	  -0.81	   0.00	0	    7.0	NaN	NaN	    8.2	   0.11	NaN	   0.15	  -0.76	   0.00	0	    9.0	NaN	NaN	    4.8	   0.46	NaN	   1.24	  -0.34	   0.00	ACTCCGA_3/0	0	1.34	+
5:62891	   31.0	0	    7.0	NaN	NaN	    9.9	  -0.02	NaN	   0.06	  -0.80	   0.00	0	    4.0	NaN	NaN	    4.3	   0.09	NaN	   0.21	  -0.74	   0.00	0	   16.0	NaN	NaN	    8.2	   1.47	NaN	   2.00	  -0.90	   0.00	0	    4.0	NaN	NaN	    4.8	  -0.02	NaN	   0.15	  -0.31	   0.00	CCCGGTT_2/0	0	1.23	+
5:80243	   40.8	0	    9.0	NaN	NaN	    9.5	   0.01	NaN	   0.21	  -1.13	   0.00	0	    6.0	NaN	NaN	    4.3	   0.31	NaN	   0.58	  -0.72	   0.00	0	   14.9	NaN	NaN	    9.1	   0.95	NaN	   1.36	  -0.58	   0.00	0	   10.8	NaN	NaN	    5.1	   0.86	NaN	   1.83	  -0.95	   0.00	TATCTCCG_8/0	0	1.97	+
5:124267	   35.0	0	    9.0	NaN	NaN	    9.0	   0.03	NaN	   0.26	  -0.93	   0.61	0	   11.0	NaN	NaN	    4.3	   1.66	NaN	   2.31	  -0.79	   0.61	0	   14.0	NaN	NaN	    8.9	   0.81	NaN	   1.17	  -1.16	   0.61	0	    1.0	NaN	NaN	    4.8	  -0.02	NaN	   0.00	  -4.00	   0.61	AAAACCG_3/0	0	1.34	+
5:127963	   31.8	0	   11.0	NaN	NaN	    8.8	   0.16	NaN	   0.57	  -0.79	   0.00	0	    7.9	NaN	NaN	    4.3	   0.71	NaN	   1.15	  -0.88	   0.00	0	    2.2	NaN	NaN	    8.5	  -0.00	NaN	   0.00	  -0.79	   0.00	0	   10.7	NaN	NaN	    4.8	   0.98	NaN	   1.97	  -0.71	   0.00	AAACCCA_2/0	0	1.23	+
5:178054	   32.1	0	   12.9	NaN	NaN	   10.0	   0.19	NaN	   0.69	  -0.62	   0.00	0	    5.8	NaN	NaN	    4.5	   0.27	NaN	   0.53	  -0.75	   0.00	0	    6.0	NaN	NaN	    8.2	   0.06	NaN	   0.08	  -0.67	   0.00	0	    7.5	NaN	NaN	    5.6	   0.17	NaN	   0.69	  -0.78	   0.00	AACCCCGG_4/0	0	1.46	+
5:187105	   31.0	0	   11.0	NaN	NaN	    9.0	   0.15	NaN	   0.53	  -0.60	   0.00	0	    6.0	NaN	NaN	    5.5	   0.17	NaN	   0.33	  -0.58	   0.00	0	    6.0	NaN	NaN	   10.1	   0.02	NaN	   0.03	  -0.55	   0.00	0	    8.0	NaN	NaN	    5.5	   0.16	NaN	   0.71	  -0.58	   0.00	AAATCCGA_10/1	0	2.01	+
5:196293	   31.0	0	   10.0	NaN	NaN	    8.8	   0.10	NaN	   0.42	  -0.76	   0.00	0	    7.0	NaN	NaN	    4.5	   0.43	NaN	   0.77	  -0.48	   0.00	0	    7.0	NaN	NaN	    9.0	   0.07	NaN	   0.10	  -0.86	   0.00	0	    7.0	NaN	NaN	    4.8	   0.18	NaN	   0.67	  -1.73	   0.00	TATCTCC_5/0	0	1.58	+
5:212391	   37.0	0	    7.0	NaN	NaN	    8.8	  -0.01	NaN	   0.11	  -0.55	   0.77	0	    7.0	NaN	NaN	    4.3	   0.48	NaN	   0.84	  -0.44	   0.77	0	   17.0	NaN	NaN	    8.9	   1.46	NaN	   2.01	  -0.64	   0.77	0	    6.0	NaN	NaN	    4.8	   0.09	NaN	   0.45	  -0.62	   0.77	TATCTCCG_8/0	0	1.97	+
5:223677	   30.0	0	    7.0	NaN	NaN	    8.8	  -0.00	NaN	   0.11	  -0.81	   0.00	0	    3.0	NaN	NaN	    5.1	   0.02	NaN	   0.06	  -0.70	   0.00	0	   15.0	NaN	NaN	   12.6	   0.37	NaN	   0.55	  -0.71	   0.00	0	    5.0	NaN	NaN	    4.9	   0.03	NaN	   0.26	  -0.75	   0.00	CGCCGCT_2/0	0	1.23	+
5:238726	   32.0	0	   11.0	NaN	NaN	   11.1	   0.04	NaN	   0.26	  -0.83	   0.00	0	    5.0	NaN	NaN	    4.9	   0.12	NaN	   0.26	  -0.83	   0.00	0	    7.0	NaN	NaN	    8.2	   0.11	NaN	   0.15	  -0.76	   0.00	0	    9.0	NaN	NaN	    4.8	   0.45	NaN	   1.24	  -0.70	   0.00	AAAACCCA_4/0	0	1.46	+
5:312316	   47.0	0	   16.0	NaN	NaN	    8.8	   0.68	NaN	   1.75	  -0.63	   0.00	0	   10.0	NaN	NaN	    4.6	   1.13	NaN	   1.68	  -0.50	   0.00	0	   16.0	NaN	NaN	    8.2	   1.46	NaN	   2.00	  -0.58	   0.00	0	    5.0	NaN	NaN	    5.4	  -0.00	NaN	   0.20	  -1.20	   0.00	TAANTCCG_7/0	0	1.84	+
5:320863	   33.0	0	   12.0	NaN	NaN	    9.8	   0.15	NaN	   0.55	  -0.65	   0.00	0	    4.0	NaN	NaN	    4.8	   0.07	NaN	   0.15	  -1.49	   0.00	0	   10.0	NaN	NaN	    8.5	   0.31	NaN	   0.46	  -0.75	   0.00	0	    7.0	NaN	NaN	    5.2	   0.15	NaN	   0.57	  -0.83	   0.00	TATCTCC_5/0	0	1.58	+
5:328812	   32.0	0	    8.0	NaN	NaN	    9.0	   0.01	NaN	   0.17	  -0.64	   0.00	0	    5.0	NaN	NaN	    4.3	   0.19	NaN	   0.36	  -0.79	   0.00	0	   12.0	NaN	NaN	    8.2	   0.63	NaN	   0.90	  -0.59	   0.00	0	    7.0	NaN	NaN	    4.8	   0.18	NaN	   0.67	  -0.67	   0.00	AAAACCC_3/0	0	1.34	+
5:334172	   30.0	0	   14.0	NaN	NaN	    8.8	   0.37	NaN	   1.20	  -0.58	   0.00	0	    5.0	NaN	NaN	    7.0	   0.03	NaN	   0.08	  -0.71	   0.00	0	    7.0	NaN	NaN	    8.2	   0.11	NaN	   0.15	  -1.04	   0.00	0	    4.0	NaN	NaN	    6.1	  -0.03	NaN	   0.06	  -0.82	   0.00	AAAACCC_3/0	0	1.34	+
5:340793	   32.0	0	   10.0	NaN	NaN	   13.3	  -0.02	NaN	   0.07	  -0.63	   0.00	0	   10.0	NaN	NaN	    6.1	   0.62	NaN	   1.05	  -0.86	   0.00	0	   10.0	NaN	NaN	    9.4	   0.23	NaN	   0.33	  -0.76	   0.00	0	    2.0	NaN	NaN	    6.5	  -0.02	NaN	   0.00	  -1.86	   0.00	AGCTCTT_3/0	0	1.34	+
5:342700	   39.0	0	   20.0	NaN	NaN	   13.9	   0.32	NaN	   1.14	  -0.71	   0.00	0	    1.0	NaN	NaN	    5.2	  -0.01	NaN	   0.00	  -4.00	   0.00	0	    9.0	NaN	NaN	    9.2	   0.17	NaN	   0.24	  -0.55	   0.00	0	    9.0	NaN	NaN	    6.6	   0.19	NaN	   0.66	  -0.54	   0.00	TATCTCC_5/0	0	1.58	+
5:345365	   30.0	0	   15.0	NaN	NaN	   11.3	   0.22	NaN	   0.78	  -0.81	   0.00	0	    5.0	NaN	NaN	    5.2	   0.10	NaN	   0.22	  -0.38	   0.00	0	    6.0	NaN	NaN	    8.4	   0.05	NaN	   0.07	  -0.56	   0.00	0	    4.0	NaN	NaN	    5.7	  -0.03	NaN	   0.09	  -0.63	   0.00	AGCTCTT_3/0	0	1.34	+
5:456684	   40.0	0	   11.0	NaN	NaN	    8.8	   0.16	NaN	   0.57	  -0.78	   0.66	0	    3.0	NaN	NaN	    6.1	   0.00	NaN	   0.02	  -0.69	   0.66	0	   20.0	NaN	NaN	   10.7	   1.59	NaN	   2.17	  -0.76	   0.66	0	    6.0	NaN	NaN	    5.5	   0.04	NaN	   0.33	  -0.57	   0.66	AAAACCC_3/0	0	1.34	+
5:465944	   33.0	0	    9.0	NaN	NaN	    9.0	   0.04	NaN	   0.26	  -0.64	   0.00	0	    5.0	NaN	NaN	    4.3	   0.19	NaN	   0.37	  -0.99	   0.00	0	   15.0	NaN	NaN	    8.2	   1.23	NaN	   1.69	  -0.56	   0.00	0	    4.0	NaN	NaN	    4.8	  -0.01	NaN	   0.15	  -0.60	   0.00	AGCTCTT_3/0	0	1.34	+
5:497797	   30.0	0	   14.0	NaN	NaN	   10.0	   0.25	NaN	   0.87	  -0.67	   0.00	0	    5.0	NaN	NaN	    4.5	   0.17	NaN	   0.33	  -0.58	   0.00	0	    6.0	NaN	NaN	    8.4	   0.05	NaN	   0.07	  -0.55	   0.00	0	    5.0	NaN	NaN	    5.7	  -0.02	NaN	   0.17	  -0.63	   0.00	AAAACCG_3/0	0	1.34	+
5:555928	   30.0	0	    9.0	NaN	NaN	    9.2	   0.03	NaN	   0.24	  -0.78	   0.00	0	    6.0	NaN	NaN	    4.3	   0.30	NaN	   0.58	  -0.85	   0.00	0	   10.0	NaN	NaN	    8.2	   0.35	NaN	   0.51	  -0.77	   0.00	0	    5.0	NaN	NaN	    5.1	   0.02	NaN	   0.24	  -0.67	   0.00	AAAACCCA_4/0	0	1.46	+
6:7817	   42.0	0	   15.0	NaN	NaN	    8.7	   0.51	NaN	   1.48	  -0.90	   0.00	0	    6.0	NaN	NaN	    4.2	   0.31	NaN	   0.61	  -0.56	   0.00	0	   15.0	NaN	NaN	    8.1	   1.26	NaN	   1.74	  -0.70	   0.00	0	    6.0	NaN	NaN	    4.9	   0.08	NaN	   0.43	  -0.87	   0.00	CGGGGAA_3/0	0	1.34	+
6:15463	   30.0	0	    7.0	NaN	NaN	    8.7	  -0.01	NaN	   0.11	  -0.69	   0.00	0	    6.0	NaN	NaN	    4.2	   0.31	NaN	   0.61	  -0.65	   0.00	0	   12.0	NaN	NaN	    8.1	   0.64	NaN	   0.94	  -0.42	   0.00	0	    5.0	NaN	NaN	    4.9	   0.03	NaN	   0.27	  -0.98	   0.00	AAAACCC_3/0	0	1.34	+
6:71656	   33.0	0	   16.0	NaN	NaN	    9.3	   0.54	NaN	   1.55	  -0.95	   0.00	0	    2.0	NaN	NaN	    4.3	   0.00	NaN	   0.03	  -1.26	   0.00	0	    8.0	NaN	NaN	    8.1	   0.18	NaN	   0.26	  -0.39	   0.00	0	    7.0	NaN	NaN	    5.1	   0.16	NaN	   0.59	  -0.59	   0.00	TAAATCCGA_12/1	0	2.27	+
6:77257	   35.3	0	    9.0	NaN	NaN	    8.7	   0.10	NaN	   0.42	  -1.11	   0.00	0	    9.2	NaN	NaN	    4.5	   1.19	NaN	   1.76	  -0.66	   0.00	0	   14.6	NaN	NaN	    8.1	   1.26	NaN	   1.74	  -0.89	   0.00	0	    2.4	NaN	NaN	    7.0	  -0.02	NaN	   0.01	  -0.60	   0.00	TAACTCCG_14/0	0	2.82	+
6:107406	   31.0	0	    3.0	NaN	NaN	   10.7	  -0.01	NaN	   0.00	  -1.08	   0.00	0	   11.0	NaN	NaN	    4.2	   1.73	NaN	   2.40	  -1.15	   0.00	0	   17.0	NaN	NaN	   10.7	   0.95	NaN	   1.35	  -0.67	   0.00	0	    0.0	NaN	NaN	    5.4	  -0.00	NaN	  -0.00	  -4.00	   0.00	ATCTCCG_3/0	0	1.34	+
6:135717	   30.0	0	    9.0	NaN	NaN	    9.2	   0.03	NaN	   0.25	  -0.28	   0.00	0	    4.0	NaN	NaN	    4.2	   0.09	NaN	   0.22	  -0.70	   0.00	0	   11.0	NaN	NaN	    9.8	   0.27	NaN	   0.40	  -0.45	   0.00	0	    6.0	NaN	NaN	    5.7	   0.02	NaN	   0.29	  -0.98	   0.00	AAAACCCA_4/0	0	1.46	+
6:164585	   33.0	0	   14.0	NaN	NaN	    9.7	   0.27	NaN	   0.94	  -0.42	   0.00	0	    7.0	NaN	NaN	    4.2	   0.50	NaN	   0.88	  -0.81	   0.00	0	    7.0	NaN	NaN	    9.3	   0.06	NaN	   0.09	  -0.29	   0.00	0	    5.0	NaN	NaN	    6.3	  -0.02	NaN	   0.12	  -1.07	   0.00	TAAATCCGA_12/1	0	2.27	+
6:193645	   39.0	0	   14.0	NaN	NaN	    8.8	   0.37	NaN	   1.21	  -0.86	   0.00	0	    5.0	NaN	NaN	    4.4	   0.18	NaN	   0.35	  -1.03	   0.00	0	   15.0	NaN	NaN	    8.1	   1.26	NaN	   1.74	  -0.63	   0.00	0	    5.0	NaN	NaN	    4.9	   0.03	NaN	   0.27	  -0.98	   0.00	AAAACCCA_4/0	0	1.46	+
6:227436	   30.0	0	    3.0	NaN	NaN	    9.8	  -0.01	NaN	   0.00	  -1.23	   0.00	0	   11.0	NaN	NaN	    6.1	   0.82	NaN	   1.31	  -0.83	   0.00	0	   12.0	NaN	NaN	    8.1	   0.64	NaN	   0.94	  -0.62	   0.00	0	    4.0	NaN	NaN	    4.9	  -0.01	NaN	   0.14	  -0.46	   0.00	AACTCCGA_7/0	0	1.84	+
7:23143	   31.0	0	   10.0	NaN	NaN	    8.5	   0.11	NaN	   0.46	  -0.47	   0.00	0	    4.0	NaN	NaN	    4.0	   0.11	NaN	   0.24	  -1.38	   0.00	0	   10.0	NaN	NaN	    7.8	   0.39	NaN	   0.58	  -0.78	   0.00	0	    7.0	NaN	NaN	    5.9	   0.08	NaN	   0.43	  -0.39	   0.00	AATCCGA_5/1	0	1.42	+
7:117991	   37.0	0	   18.0	NaN	NaN	   10.8	   0.55	NaN	   1.57	  -0.57	   0.00	0	    2.0	NaN	NaN	    5.4	  -0.01	NaN	   0.01	  -0.61	   0.00	0	   13.0	NaN	NaN	    9.5	   0.54	NaN	   0.79	  -0.84	   0.00	0	    4.0	NaN	NaN	    6.3	  -0.03	NaN	   0.06	  -1.03	   0.00	TATCTCC_5/0	0	1.58	+
7:168575	   33.0	0	   11.0	NaN	NaN	    8.7	   0.16	NaN	   0.58	  -0.49	   0.00	0	    6.0	NaN	NaN	    5.2	   0.18	NaN	   0.38	  -0.65	   0.00	0	   11.0	NaN	NaN	    8.8	   0.38	NaN	   0.56	  -0.44	   0.00	0	    5.0	NaN	NaN	    4.7	   0.02	NaN	   0.30	  -0.54	   0.00	AAAACCC_3/0	0	1.34	+
7:183116	   30.0	0	    9.0	NaN	NaN	    9.5	   0.02	NaN	   0.22	  -0.44	   0.00	0	    3.0	NaN	NaN	    4.8	   0.03	NaN	   0.07	  -1.19	   0.00	0	   13.0	NaN	NaN	    9.8	   0.49	NaN	   0.71	  -0.55	   0.00	0	    5.0	NaN	NaN	    5.2	   0.01	NaN	   0.23	  -0.56	   0.00	TATCTCC_5/0	0	1.58	+
7:194264	   30.0	0	   14.0	NaN	NaN	   10.0	   0.25	NaN	   0.87	  -0.62	   0.00	0	    7.0	NaN	NaN	    4.5	   0.42	NaN	   0.77	  -0.80	   0.00	0	    7.0	NaN	NaN	    9.5	   0.06	NaN	   0.08	  -0.73	   0.00	0	    2.0	NaN	NaN	    5.2	  -0.02	NaN	   0.02	  -1.40	   0.00	AAACCCA_2/0	0	1.23	+
7:210699	   35.0	0	   11.0	NaN	NaN	    9.0	   0.16	NaN	   0.54	  -0.56	   0.00	0	    8.0	NaN	NaN	    4.8	   0.54	NaN	   0.95	  -0.32	   0.00	0	    9.0	NaN	NaN	    7.8	   0.27	NaN	   0.42	  -0.75	   0.00	0	    7.0	NaN	NaN	    4.7	   0.16	NaN	   0.72	  -0.78	   0.00	ATATCCG_3/0	0	1.34	+
7:234520	   30.4	0	    7.2	NaN	NaN	    8.5	   0.01	NaN	   0.21	  -0.74	   0.00	0	    6.9	NaN	NaN	    4.2	   0.49	NaN	   0.87	  -0.94	   0.00	0	    9.5	NaN	NaN	    9.2	   0.25	NaN	   0.36	  -0.96	   0.00	0	    6.8	NaN	NaN	    5.5	   0.11	NaN	   0.51	  -1.00	   0.00	AAAACCG_3/0	0	1.34	+
7:248454	   35.0	0	    3.0	NaN	NaN	    8.9	  -0.02	NaN	   0.00	  -0.80	   0.00	0	   12.0	NaN	NaN	    4.8	   1.75	NaN	   2.41	  -0.75	   0.00	0	   17.0	NaN	NaN	    7.9	   1.84	NaN	   2.47	  -0.60	   0.00	0	    3.0	NaN	NaN	    6.7	  -0.02	NaN	   0.02	  -0.86	   0.00	AACCCCG_2/0	0	1.23	+
7:300047	   31.0	0	   13.0	NaN	NaN	    9.0	   0.27	NaN	   0.90	  -0.57	   0.00	0	    8.0	NaN	NaN	    4.0	   0.80	NaN	   1.28	  -0.70	   0.00	0	    6.0	NaN	NaN	    9.4	   0.03	NaN	   0.04	  -0.97	   0.00	0	    4.0	NaN	NaN	    5.9	  -0.04	NaN	   0.08	  -0.85	   0.00	AAAACCCA_4/0	0	1.46	+
7:307812	   32.0	0	    3.0	NaN	NaN	    9.8	  -0.01	NaN	   0.00	  -0.98	   0.00	0	    5.0	NaN	NaN	    4.2	   0.18	NaN	   0.38	  -0.21	   0.00	0	   14.0	NaN	NaN	    7.9	   1.07	NaN	   1.50	  -0.35	   0.00	0	   10.0	NaN	NaN	    4.7	   0.74	NaN	   1.67	  -0.70	   0.00	AAACCCA_2/0	0	1.23	+
7:321984	   31.0	0	    7.0	NaN	NaN	    9.3	  -0.01	NaN	   0.09	  -0.83	   0.00	0	    7.0	NaN	NaN	    4.0	   0.54	NaN	   0.95	  -0.71	   0.00	0	   10.0	NaN	NaN	    8.5	   0.30	NaN	   0.45	  -0.48	   0.00	0	    7.0	NaN	NaN	    4.7	   0.16	NaN	   0.72	  -0.88	   0.00	CCCGGTT_2/0	0	1.23	+
7:324287	   33.0	0	   10.0	NaN	NaN	    9.5	   0.05	NaN	   0.32	  -0.87	   0.00	0	    4.0	NaN	NaN	    4.6	   0.08	NaN	   0.17	  -1.20	   0.00	0	   10.0	NaN	NaN	    7.8	   0.39	NaN	   0.58	  -0.67	   0.00	0	    9.0	NaN	NaN	    4.9	   0.45	NaN	   1.20	  -1.19	   0.00	TAACTCCG_14/0	0	2.82	+
7:329637	   31.0	0	   15.0	NaN	NaN	    9.2	   0.43	NaN	   1.33	  -0.48	   0.60	0	    2.0	NaN	NaN	    5.6	  -0.01	NaN	   0.01	  -2.12	   0.60	0	    6.0	NaN	NaN	    7.8	   0.06	NaN	   0.10	  -0.79	   0.60	0	    8.0	NaN	NaN	    5.3	   0.19	NaN	   0.77	  -0.45	   0.60	ACCCCGG_2/0	0	1.23	+
7:401517	   30.2	0	   13.6	NaN	NaN	   10.5	   0.22	NaN	   0.75	  -0.61	   0.00	0	    4.1	NaN	NaN	    4.6	   0.15	NaN	   0.31	  -1.20	   0.00	0	   10.7	NaN	NaN	   10.1	   0.24	NaN	   0.37	  -0.57	   0.00	0	    1.8	NaN	NaN	    4.7	  -0.03	NaN	   0.02	  -0.75	   0.00	ACTCCGA_3/0	0	1.34	+
7:481955	   30.0	0	   13.0	NaN	NaN	    9.4	   0.24	NaN	   0.80	  -0.59	   0.00	0	    4.0	NaN	NaN	    4.1	   0.10	NaN	   0.23	  -0.55	   0.00	0	    8.0	NaN	NaN	    7.8	   0.19	NaN	   0.28	  -0.68	   0.00	0	    5.0	NaN	NaN	    5.7	  -0.02	NaN	   0.17	  -0.43	   0.00	AAATCCGA_10/1	0	2.01	+
7:488415	   33.0	0	   15.0	NaN	NaN	   10.1	   0.30	NaN	   1.05	  -0.54	   0.00	0	    4.0	NaN	NaN	    4.1	   0.10	NaN	   0.23	  -0.27	   0.00	0	    6.0	NaN	NaN	    8.2	   0.06	NaN	   0.08	  -1.06	   0.00	0	    8.0	NaN	NaN	    5.8	   0.18	NaN	   0.64	  -0.49	   0.00	ATATCCG_3/0	0	1.34	+
7:498824	   30.0	0	   15.0	NaN	NaN	   15.7	   0.02	NaN	   0.22	  -0.59	   0.00	0	    4.0	NaN	NaN	    6.1	   0.03	NaN	   0.07	  -0.40	   0.00	0	    7.0	NaN	NaN	   11.9	   0.02	NaN	   0.02	  -0.83	   0.00	0	    4.0	NaN	NaN	    7.1	  -0.03	NaN	   0.03	  -0.74	   0.00	AAACCCA_2/0	0	1.23	+
7:537804	   31.1	0	   14.0	NaN	NaN	   11.7	   0.15	NaN	   0.53	  -0.69	   0.00	0	    5.4	NaN	NaN	    4.0	   0.34	NaN	   0.66	  -0.60	   0.00	0	    5.0	NaN	NaN	    7.8	   0.03	NaN	   0.05	  -0.35	   0.00	0	    6.7	NaN	NaN	    5.2	   0.15	NaN	   0.57	  -0.47	   0.00	CGCGGCT_3/0	0	1.34	+
7:550030	   33.6	0	   10.6	NaN	NaN	    8.5	   0.16	NaN	   0.63	  -0.79	   0.00	0	    7.0	NaN	NaN	    4.0	   0.54	NaN	   0.95	  -0.54	   0.00	0	    9.0	NaN	NaN	    7.8	   0.27	NaN	   0.42	  -0.85	   0.00	0	    7.0	NaN	NaN	    4.9	   0.18	NaN	   0.65	  -0.96	   0.00	AATCCGA_5/1	0	1.42	+
7:567238	   31.6	0	   15.8	NaN	NaN	    9.0	   0.61	NaN	   1.65	  -0.59	   0.00	0	    5.0	NaN	NaN	    4.1	   0.19	NaN	   0.41	  -0.62	   0.00	0	    6.1	NaN	NaN	   10.0	   0.04	NaN	   0.06	  -1.03	   0.00	0	    4.7	NaN	NaN	    5.9	  -0.02	NaN	   0.16	  -0.90	   0.00	ACCCCGG_2/0	0	1.23	+
7:616265	   33.6	0	    8.0	NaN	NaN	    8.8	   0.04	NaN	   0.29	  -1.03	   0.00	0	   11.6	NaN	NaN	    4.5	   1.89	NaN	   2.58	  -1.06	   0.00	0	    9.7	NaN	NaN	    9.5	   0.22	NaN	   0.32	  -1.46	   0.00	0	    4.3	NaN	NaN	    4.7	   0.02	NaN	   0.30	  -1.15	   0.00	CGGGGAA_3/0	0	1.34	+
7:678393	   32.0	0	    9.0	NaN	NaN	    9.9	   0.02	NaN	   0.18	  -0.56	   0.00	0	    4.0	NaN	NaN	    4.5	   0.09	NaN	   0.18	  -0.55	   0.00	0	   14.0	NaN	NaN	   10.0	   0.61	NaN	   0.87	  -0.60	   0.00	0	    5.0	NaN	NaN	    6.0	  -0.01	NaN	   0.14	  -1.11	   0.00	CGCCGCT_2/0	0	1.23	+
7:762840	   30.1	0	    9.0	NaN	NaN	    8.5	   0.05	NaN	   0.32	  -0.72	   0.00	0	    6.9	NaN	NaN	    4.0	   0.55	NaN	   0.95	  -1.12	   0.00	0	    7.2	NaN	NaN	    8.9	   0.13	NaN	   0.18	  -0.52	   0.00	0	    7.0	NaN	NaN	    5.9	   0.09	NaN	   0.43	  -0.68	   0.00	TAACTCC_3/0	0	1.34	+
7:789841	   30.0	0	    6.0	NaN	NaN	    8.5	  -0.02	NaN	   0.07	  -0.79	   0.00	0	    9.0	NaN	NaN	    4.2	   1.05	NaN	   1.58	  -0.84	   0.00	0	   15.0	NaN	NaN	    8.5	   1.13	NaN	   1.57	  -0.55	   0.00	0	    0.0	NaN	NaN	    5.1	  -0.00	NaN	  -0.00	  -4.00	   0.00	AACCCCG_2/0	0	1.23	+
7:803061	   31.0	0	   12.0	NaN	NaN	    8.9	   0.22	NaN	   0.73	  -0.86	   0.00	0	    7.0	NaN	NaN	    4.2	   0.51	NaN	   0.89	  -0.99	   0.00	0	    8.0	NaN	NaN	    8.1	   0.18	NaN	   0.26	  -0.58	   0.00	0	    4.0	NaN	NaN	    5.4	  -0.03	NaN	   0.10	  -0.72	   0.00	AACCCCGG_4/0	0	1.46	+
7:883057	   47.0	0	   11.0	NaN	NaN	    9.4	   0.11	NaN	   0.47	  -0.41	   0.00	0	   14.0	NaN	NaN	    6.3	   1.62	NaN	   2.27	  -0.72	   0.00	0	   19.0	NaN	NaN	    9.4	   1.79	NaN	   2.40	  -0.67	   0.00	0	    3.0	NaN	NaN	    5.4	  -0.03	NaN	   0.04	  -0.60	   0.00	CGCCGCT_2/0	0	1.23	+
7:905589	   32.0	0	   12.0	NaN	NaN	   10.5	   0.10	NaN	   0.44	  -0.54	   0.00	0	    6.0	NaN	NaN	    4.0	   0.34	NaN	   0.66	  -0.76	   0.00	0	   11.0	NaN	NaN	    9.7	   0.27	NaN	   0.42	  -0.77	   0.00	0	    3.0	NaN	NaN	    6.3	  -0.03	NaN	   0.02	  -0.75	   0.00	AAAACCG_3/0	0	1.34	+
7:948600	   30.0	0	    8.0	NaN	NaN	   10.8	  -0.02	NaN	   0.07	  -0.60	   0.00	0	    2.0	NaN	NaN	    4.0	   0.01	NaN	   0.04	  -1.00	   0.00	0	   11.0	NaN	NaN	    7.8	   0.53	NaN	   0.78	  -0.76	   0.00	0	    9.0	NaN	NaN	    4.7	   0.48	NaN	   1.32	  -0.69	   0.00	ATATCCG_3/0	0	1.34	+
7:957869	   33.0	0	   11.0	NaN	NaN	   10.8	   0.05	NaN	   0.29	  -0.82	   0.00	0	    4.0	NaN	NaN	    4.8	   0.07	NaN	   0.15	  -0.88	   0.00	0	   12.0	NaN	NaN	    9.6	   0.40	NaN	   0.59	  -0.71	   0.00	0	    6.0	NaN	NaN	    5.1	   0.08	NaN	   0.41	  -0.81	   0.00	TAACGCC_4/0	0	1.46	+
7:968831	   30.0	0	    1.0	NaN	NaN	    9.4	  -0.00	NaN	   0.00	  -4.00	   0.00	0	    8.0	NaN	NaN	    5.2	   0.46	NaN	   0.81	  -0.60	   0.00	0	   15.0	NaN	NaN	    7.8	   1.33	NaN	   1.84	  -0.53	   0.00	0	    6.0	NaN	NaN	    5.4	   0.04	NaN	   0.34	  -0.71	   0.00	ATATCCG_3/0	0	1.34	+
7:1004811	   33.0	0	   11.0	NaN	NaN	    9.8	   0.10	NaN	   0.41	  -0.52	   0.00	0	    7.0	NaN	NaN	    4.3	   0.47	NaN	   0.83	  -0.85	   0.00	0	    9.0	NaN	NaN	    9.8	   0.13	NaN	   0.19	  -0.60	   0.00	0	    6.0	NaN	NaN	    6.8	  -0.02	NaN	   0.18	  -0.45	   0.00	AAACCCA_2/0	0	1.23	+
7:1005835	   35.0	0	    6.0	NaN	NaN	    9.6	  -0.02	NaN	   0.04	  -0.44	   0.00	0	   10.0	NaN	NaN	    4.1	   1.39	NaN	   2.02	  -0.97	   0.00	0	   15.0	NaN	NaN	   10.1	   0.71	NaN	   1.04	  -0.82	   0.00	0	    4.0	NaN	NaN	    6.8	  -0.03	NaN	   0.04	  -1.15	   0.00	CGGGGAA_3/0	0	1.34	+
7:1084804	   31.0	0	   14.0	NaN	NaN	   10.0	   0.26	NaN	   0.87	  -0.73	   0.00	0	    8.0	NaN	NaN	    4.1	   0.78	NaN	   1.25	  -0.46	   0.00	0	    6.0	NaN	NaN	    9.2	   0.03	NaN	   0.05	  -0.44	   0.00	0	    3.0	NaN	NaN	    4.7	  -0.04	NaN	   0.07	  -0.58	   0.00	AGCTCTT_3/0	0	1.34	+
8:52391	   42.0	0	    9.0	NaN	NaN	    8.3	   0.07	NaN	   0.34	  -0.73	   0.73	0	    9.0	NaN	NaN	    6.2	   0.43	NaN	   0.77	  -0.56	   0.73	0	   17.0	NaN	NaN	    8.1	   1.79	NaN	   2.40	  -0.46	   0.73	0	    7.0	NaN	NaN	    5.9	   0.08	NaN	   0.42	  -0.82	   0.73	AACTCCG_4/0	0	1.46	+
8:53094	   31.0	0	    6.0	NaN	NaN	    8.5	  -0.02	NaN	   0.07	  -1.56	   0.00	0	    7.0	NaN	NaN	    6.0	   0.19	NaN	   0.40	  -0.80	   0.00	0	   15.0	NaN	NaN	    7.8	   1.35	NaN	   1.87	  -0.77	   0.00	0	    3.0	NaN	NaN	    6.1	  -0.03	NaN	   0.02	  -2.10	   0.00	TATCTCCG_8/0	0	1.97	+
8:86552	   32.0	0	   13.0	NaN	NaN	    8.8	   0.27	NaN	   0.97	  -0.48	   0.00	0	    8.0	NaN	NaN	    5.1	   0.49	NaN	   0.86	  -0.75	   0.00	0	    6.0	NaN	NaN	   10.0	   0.02	NaN	   0.03	  -0.50	   0.00	0	    5.0	NaN	NaN	    4.9	   0.03	NaN	   0.27	  -0.70	   0.00	AAAACCGA_6/0	0	1.71	+
8:98861	   32.0	0	    8.0	NaN	NaN	    9.2	   0.01	NaN	   0.16	  -0.78	   0.00	0	    3.0	NaN	NaN	    4.3	   0.03	NaN	   0.10	  -0.60	   0.00	0	   14.0	NaN	NaN	    8.5	   0.89	NaN	   1.29	  -0.71	   0.00	0	    7.0	NaN	NaN	    5.6	   0.09	NaN	   0.48	  -0.37	   0.00	GCTCCGA_3/0	0	1.34	+
8:121110	   32.0	0	   14.0	NaN	NaN	    8.3	   0.43	NaN	   1.34	  -0.56	   0.00	0	    4.0	NaN	NaN	    4.0	   0.11	NaN	   0.25	  -0.56	   0.00	0	    8.0	NaN	NaN	    8.9	   0.12	NaN	   0.18	  -0.91	   0.00	0	    6.0	NaN	NaN	    4.8	   0.09	NaN	   0.46	  -0.36	   0.00	ATATCCG_3/0	0	1.34	+
8:130867	   37.0	0	   10.0	NaN	NaN	    8.3	   0.12	NaN	   0.48	  -0.76	   0.00	0	    6.0	NaN	NaN	    4.0	   0.34	NaN	   0.67	  -0.66	   0.00	0	   13.0	NaN	NaN	    7.8	   0.89	NaN	   1.28	  -0.76	   0.00	0	    8.0	NaN	NaN	    4.5	   0.34	NaN	   1.06	  -0.61	   0.00	AAAACCGA_6/0	0	1.71	+
8:362600	   31.0	0	   14.0	NaN	NaN	    9.3	   0.29	NaN	   1.04	  -0.56	   0.00	0	    4.0	NaN	NaN	    5.5	   0.03	NaN	   0.10	  -0.05	   0.00	0	    6.0	NaN	NaN	    8.1	   0.06	NaN	   0.09	  -0.69	   0.00	0	    7.0	NaN	NaN	    5.9	   0.09	NaN	   0.43	  -0.88	   0.00	ACTCCGA_3/0	0	1.34	+
8:380805	   34.0	0	    5.0	NaN	NaN	    9.0	  -0.02	NaN	   0.02	  -0.72	   0.49	0	    7.0	NaN	NaN	    5.1	   0.31	NaN	   0.61	  -0.79	   0.49	0	   19.0	NaN	NaN	   10.9	   1.29	NaN	   1.78	  -0.76	   0.49	0	    3.0	NaN	NaN	    5.2	  -0.03	NaN	   0.05	  -1.38	   0.49	ATCTCCG_3/0	0	1.34	+
8:390959	   33.0	0	    8.0	NaN	NaN	   10.7	  -0.02	NaN	   0.08	  -0.86	   0.00	0	    4.0	NaN	NaN	    4.6	   0.07	NaN	   0.17	  -0.66	   0.00	0	   14.0	NaN	NaN	    8.6	   0.87	NaN	   1.25	  -0.92	   0.00	0	    7.0	NaN	NaN	    5.6	   0.09	NaN	   0.49	  -0.56	   0.00	CGGTGCC_2/0	0	1.23	+
8:405022	   30.0	0	    9.0	NaN	NaN	   10.7	  -0.01	NaN	   0.13	  -0.67	   0.00	0	    4.0	NaN	NaN	    5.3	   0.04	NaN	   0.11	  -0.57	   0.00	0	   11.0	NaN	NaN	    8.4	   0.45	NaN	   0.65	  -0.52	   0.00	0	    6.0	NaN	NaN	    5.5	   0.03	NaN	   0.33	  -0.56	   0.00	AACTCCG_4/0	0	1.46	+
8:458820	   37.4	0	   16.8	NaN	NaN	    9.1	   0.81	NaN	   1.89	  -0.67	   0.00	0	    3.0	NaN	NaN	    5.2	   0.01	NaN	   0.05	  -1.03	   0.00	0	    9.7	NaN	NaN	    8.4	   0.31	NaN	   0.47	  -0.75	   0.00	0	    7.8	NaN	NaN	    5.1	   0.22	NaN	   0.84	  -1.02	   0.00	ATATCCG_3/0	0	1.34	+
8:469610	   30.0	0	    7.0	NaN	NaN	    9.0	  -0.01	NaN	   0.10	  -0.74	   0.00	0	    5.0	NaN	NaN	    4.0	   0.21	NaN	   0.43	  -0.88	   0.00	0	    8.0	NaN	NaN	    7.8	   0.20	NaN	   0.29	  -1.16	   0.00	0	   10.0	NaN	NaN	    4.8	   0.72	NaN	   1.61	  -0.59	   0.00	ATATCCG_3/0	0	1.34	+
8:473832	   30.0	0	    3.0	NaN	NaN	    9.3	  -0.01	NaN	   0.00	  -1.30	   0.00	0	    8.0	NaN	NaN	    4.0	   0.80	NaN	   1.29	  -1.37	   0.00	0	   12.0	NaN	NaN	    7.8	   0.69	NaN	   1.01	  -0.82	   0.00	0	    7.0	NaN	NaN	    6.1	   0.06	NaN	   0.38	  -0.87	   0.00	AATCCGA_5/1	0	1.42	+
9:32971	   32.0	0	   19.0	NaN	NaN	   11.3	   0.61	NaN	   1.64	  -0.72	   0.00	0	    0.0	NaN	NaN	    5.3	  -0.00	NaN	  -0.00	  -4.00	   0.00	0	   10.0	NaN	NaN	    8.5	   0.30	NaN	   0.45	  -0.51	   0.00	0	    3.0	NaN	NaN	    5.5	  -0.03	NaN	   0.04	  -1.68	   0.00	AAAACCCA_4/0	0	1.46	+
9:54443	   30.0	0	   10.0	NaN	NaN	    8.6	   0.10	NaN	   0.44	  -0.55	   0.00	0	    6.0	NaN	NaN	    4.3	   0.29	NaN	   0.57	  -0.89	   0.00	0	    8.0	NaN	NaN	    7.9	   0.19	NaN	   0.27	  -0.80	   0.00	0	    6.0	NaN	NaN	    4.7	   0.09	NaN	   0.48	  -1.03	   0.00	AGCTCTT_3/0	0	1.34	+
9:128430	   37.0	0	   11.0	NaN	NaN	    8.6	   0.16	NaN	   0.60	  -0.91	   0.00	0	   10.0	NaN	NaN	    4.6	   1.13	NaN	   1.68	  -0.79	   0.00	0	   10.0	NaN	NaN	   10.5	   0.16	NaN	   0.22	  -0.75	   0.00	0	    6.0	NaN	NaN	    5.2	   0.06	NaN	   0.38	  -0.52	   0.00	CCCGGTT_2/0	0	1.23	+
9:183860	   32.0	0	   11.0	NaN	NaN	   11.1	   0.04	NaN	   0.26	  -0.70	   0.00	0	    5.0	NaN	NaN	    4.2	   0.19	NaN	   0.40	  -0.73	   0.00	0	   12.0	NaN	NaN	    7.9	   0.67	NaN	   0.98	  -0.66	   0.00	0	    4.0	NaN	NaN	    4.7	  -0.02	NaN	   0.16	  -0.35	   0.00	TAACTCC_3/0	0	1.34	+
9:208237	   34.0	0	   14.0	NaN	NaN	   11.3	   0.16	NaN	   0.60	  -0.46	   0.00	0	    9.0	NaN	NaN	    4.2	   1.05	NaN	   1.58	  -0.48	   0.00	0	    7.0	NaN	NaN	    9.0	   0.07	NaN	   0.10	  -0.75	   0.00	0	    4.0	NaN	NaN	    5.3	  -0.03	NaN	   0.11	  -0.81	   0.00	AAACCCA_2/0	0	1.23	+
9:334788	   30.0	0	   11.0	NaN	NaN	    8.6	   0.16	NaN	   0.60	  -0.38	   0.00	0	    5.0	NaN	NaN	    4.4	   0.18	NaN	   0.35	  -0.82	   0.00	0	    9.0	NaN	NaN	    8.7	   0.20	NaN	   0.29	  -0.73	   0.00	0	    5.0	NaN	NaN	    5.0	   0.03	NaN	   0.25	  -0.55	   0.00	AAAACCC_3/0	0	1.34	+
9:354756	   41.0	0	    9.0	NaN	NaN	    8.6	   0.05	NaN	   0.31	  -0.67	   0.00	0	    7.0	NaN	NaN	    5.3	   0.28	NaN	   0.54	  -0.71	   0.00	0	   16.0	NaN	NaN	    7.9	   1.56	NaN	   2.13	  -0.62	   0.00	0	    9.0	NaN	NaN	    6.7	   0.18	NaN	   0.63	  -0.56	   0.00	CCCGGTT_2/0	0	1.23	+
9:419220	   32.0	0	    6.0	NaN	NaN	    8.6	  -0.02	NaN	   0.07	  -1.04	   0.00	0	    6.0	NaN	NaN	    4.6	   0.24	NaN	   0.49	  -1.04	   0.00	0	   12.0	NaN	NaN	    7.9	   0.67	NaN	   0.98	  -0.70	   0.00	0	    8.0	NaN	NaN	    4.7	   0.30	NaN	   0.98	  -0.47	   0.00	AACCCCG_2/0	0	1.23	+
mit:1471	   35.1	0	   12.9	NaN	NaN	    9.1	   0.26	NaN	   0.87	  -0.81	   0.00	0	    4.7	NaN	NaN	    4.1	   0.19	NaN	   0.41	  -0.87	   0.00	0	   15.5	NaN	NaN	   10.0	   0.93	NaN	   1.33	  -0.69	   0.00	0	    2.0	NaN	NaN	    1.6	   0.03	NaN	   0.32	  -1.31	   0.00	AAAACCC_3/0	0	1.34	+
mit:3283	   30.0	0	    8.0	NaN	NaN	    9.1	   0.01	NaN	   0.16	  -0.54	   0.00	0	    8.0	NaN	NaN	    4.1	   0.78	NaN	   1.24	  -1.07	   0.00	0	   10.0	NaN	NaN	   10.0	   0.19	NaN	   0.27	  -0.73	   0.00	0	    4.0	NaN	NaN	    1.6	   0.36	NaN	   1.10	  -0.61	   0.00	ATATCCG_3/0	0	1.34	+
mit:24722	   49.5	0	   21.7	NaN	NaN	   17.1	   0.24	NaN	   0.85	  -0.69	   0.00	0	    6.8	NaN	NaN	    4.9	   0.33	NaN	   0.65	  -0.84	   0.00	0	   18.0	NaN	NaN	   13.9	   0.54	NaN	   0.77	  -0.68	   0.00	0	    3.0	NaN	NaN	    2.9	   0.03	NaN	   0.26	  -1.38	   0.00	TAACTCC_3/0	0	1.34	+
mit:31086	   43.7	0	   13.9	NaN	NaN	    9.1	   0.30	NaN	   1.09	  -0.60	   0.00	0	    4.9	NaN	NaN	    4.1	   0.19	NaN	   0.41	  -1.03	   0.00	0	   19.9	NaN	NaN	   10.0	   1.85	NaN	   2.49	  -0.69	   0.00	0	    5.0	NaN	NaN	    1.6	   0.72	NaN	   1.62	  -1.02	   0.00	ATATCCG_3/0	0	1.34	+
mit:45464	   31.0	0	    5.0	NaN	NaN	   10.9	  -0.02	NaN	   0.01	  -0.70	   0.00	0	    6.0	NaN	NaN	    6.4	   0.09	NaN	   0.21	  -0.73	   0.00	0	   16.0	NaN	NaN	   10.9	   0.71	NaN	   1.05	  -1.16	   0.00	0	    4.0	NaN	NaN	    1.8	   0.30	NaN	   0.98	  -1.06	   0.00	AACCCCG_2/0	0	1.23	+
mit:53503	   38.0	0	   14.0	NaN	NaN	    9.1	   0.30	NaN	   1.09	  -0.66	   0.00	0	    9.0	NaN	NaN	    4.1	   1.08	NaN	   1.61	  -0.62	   0.00	0	   14.0	NaN	NaN	   10.0	   0.61	NaN	   0.88	  -0.92	   0.00	0	    1.0	NaN	NaN	    1.6	  -0.03	NaN	   0.10	  -4.00	   0.00	ATATCCG_3/0	0	1.34	+
mit:61041	   39.0	0	   11.0	NaN	NaN	   11.2	   0.03	NaN	   0.25	  -0.53	   0.62	0	    8.0	NaN	NaN	    4.6	   0.61	NaN	   1.03	  -0.53	   0.62	0	   16.0	NaN	NaN	   11.9	   0.57	NaN	   0.83	  -0.58	   0.62	0	    4.0	NaN	NaN	    1.6	   0.36	NaN	   1.10	  -1.03	   0.62	TATCTCC_5/0	0	1.58	+
mit:65807	   31.0	0	    6.0	NaN	NaN	   17.6	  -0.01	NaN	   0.00	  -0.51	   0.00	0	    8.0	NaN	NaN	    6.6	   0.23	NaN	   0.47	  -0.80	   0.00	0	   15.0	NaN	NaN	   15.5	   0.16	NaN	   0.23	  -0.88	   0.00	0	    2.0	NaN	NaN	    2.7	  -0.02	NaN	   0.13	  -0.60	   0.00	AAAACCC_3/0	0	1.34	+
mit:68362	   43.0	0	   13.0	NaN	NaN	   19.7	  -0.03	NaN	   0.02	  -0.90	   0.00	0	   11.0	NaN	NaN	    9.0	   0.27	NaN	   0.53	  -0.80	   0.00	0	   16.0	NaN	NaN	   17.5	   0.12	NaN	   0.17	  -0.67	   0.00	0	    3.0	NaN	NaN	    3.2	   0.00	NaN	   0.21	  -0.72	   0.00	AGCTCTT_3/0	0	1.34	+
mit:70666	   35.0	0	   16.0	NaN	NaN	   16.6	   0.02	NaN	   0.23	  -0.46	   0.00	0	    8.0	NaN	NaN	    9.3	   0.06	NaN	   0.15	  -0.67	   0.00	0	    8.0	NaN	NaN	   18.0	  -0.00	NaN	   0.00	  -0.31	   0.00	0	    3.0	NaN	NaN	    3.0	   0.02	NaN	   0.24	  -0.76	   0.00	AGCTCTT_3/0	0	1.34	+
mit:78948	   34.0	0	   15.0	NaN	NaN	    9.1	   0.43	NaN	   1.33	  -0.43	   0.00	0	    7.0	NaN	NaN	    4.1	   0.52	NaN	   0.92	  -0.70	   0.00	0	    9.0	NaN	NaN	   10.0	   0.12	NaN	   0.18	  -0.99	   0.00	0	    3.0	NaN	NaN	    1.9	   0.11	NaN	   0.52	  -1.66	   0.00	TAACGCC_4/0	0	1.46	+
plasmid-2-micron:4521	  592.7	0	  182.0	NaN	NaN	  284.5	  -0.00	NaN	   0.00	  -0.59	   0.00	0	  103.0	NaN	NaN	  109.5	   0.06	NaN	   0.15	  -0.83	   0.00	0	  204.6	NaN	NaN	  251.5	  -0.00	NaN	   0.00	  -0.73	   0.00	0	  103.1	NaN	NaN	  155.6	  -0.01	NaN	   0.00	  -0.68	   0.00	--------	-1	0.00	*
plasmid-2-micron:4769	  202.3	0	   40.0	NaN	NaN	  289.9	  -0.00	NaN	  -0.00	  -0.55	   0.00	0	   32.0	NaN	NaN	  109.5	  -0.01	NaN	  -0.00	  -0.55	   0.00	0	   81.4	NaN	NaN	  248.3	  -0.00	NaN	  -0.00	  -0.58	   0.00	0	   48.9	NaN	NaN	  151.8	  -0.01	NaN	  -0.00	  -0.74	   0.00	--------	-1	0.00	*
plasmid-2-micron:6173	  121.0	0	   41.0	NaN	NaN	  257.2	  -0.00	NaN	  -0.00	  -0.90	   0.00	0	   15.0	NaN	NaN	  109.5	  -0.00	NaN	  -0.00	  -0.89	   0.00	0	   27.0	NaN	NaN	  248.3	  -0.00	NaN	  -0.00	  -0.98	   0.00	0	   38.0	NaN	NaN	  150.6	  -0.01	NaN	  -0.00	  -1.01	   0.00	--------	-1	0.00	*
