#Pip2_GEM_2.m9
#KSM version: 1
#460/460
#1.21
#k-mer/r.c.            	Offset	PosCt	wPosCt	NegCt	HgpLg10	CIDs	PosHits (base85 encoding)	NegHits (base85 encoding)
TCACAGACAGG/CCTGTCTGTGA	3	4	4	0	-2.1	*	zzzzzzzz&-;h3zz#XA~	
CGTCACAGACA/TGTCTGTGACG	1	4	4	0	-2.1	*	zzzzzzzz&-;h3zz#XA~	
GTCACAGACAG/CTGTCTGTGAC	2	4	4	0	-2.1	*	zzzzzzzz&-;h3zz#XA~	
CCGTCGCGGAG/CTCCGCGACGG	0	3	3	0	-1.8	*	zzzzzzzzz!.Y%Lz!.Y%Lz!!!!#~	
CGTCGCGGAGA/TCTCCGCGACG	1	3	3	0	-1.8	*	zzzzzzzzz!.Y%Lz!.Y%Lz!!!!#~	
TCCCCGTCGCG/CGCGACGGGGA	-3	3	3	0	-1.8	*	zzzzzzzzz!.Y%Lz!.Y%Lz!!!!#~	
$$$
%%%
0 0 0 0 0 0 0 0 0 0 0 0 0 0 0 0 0 0 0 0 0 0 0 0 0 0 0 0 0 0 0 0 0 0 0 0 0 0 0 0 0 0 0 0 0 0 0 0 0 0 0 0 0 0 0 0 0 0 0 0 0 0 0 0 0 0 0 0 0 0 0 0 0 0 0 0 0 0 0 0 0 0 0 0 0 0 0 0 0 0 0 0 0 0 0 0 0 0 0 0 0 0 0 0 0 0 0 0 0 0 0 0 0 0 0 0 0 0 0 0 0 0 0 0 0 0 0 0 0 0 0 0 0 0 0 0 0 0 0 0 0 0 0 0 0 0 0 0 0 0 0 0 0 0 0 0 0 0 0 0 0 0 0 0 0 0 0 0 0 0 0 0 0 0 0 0 0 0 0 0 0 0 0 0 0 0 0 0 0 0 0 0 0 0 0 0 0 0 0 0 0 0 0 0 0 0 0 0 0 0 0 0 0 0 0 0 0 0 0 0 0 0 0 0 0 0 0 0 0 0 0 0 0 0 0 0 0 0 0 0 0 0 0 0 0 0 0 0 0 0 0 0 0 0 0 0 0 0 0 0 13 0 0 0 0 13 0 0 0 0 0 0 0 0 0 0 0 0 0 0 0 0 0 0 0 0 0 0 0 0 0 0 0 0 0 0 0 0 0 0 0 0 0 15 0 0 0 0 0 0 0 0 0 0 0 0 0 0 0 0 0 0 0 0 0 0 0 0 0 0 0 0 0 0 0 0 0 0 0 0 0 0 0 0 0 0 0 0 0 0 0 0 0 0 0 13 0 0 0 0 0 0 0 0 0 0 13 15 0 0 0 0 0 0 0 0 0 0 0 0 0 0 0 0 0 0 0 0 0 0 0 0 0 0 0 0 0 0 0 0 0 0 0 0 0 0 0 0 0 0 0 0 0 0 0 0 0 0 0 0 0 0 0 0 0 0 0 0 0 0 0 0 0 0 0 0 0 0 0 0 0 15 0 0 0 0 0 0 0 0 0 0 0 0 0 0 0 0 0 0 
0 0 0 0 0 0 0 0 0 0 0 0 0 0 0 0 0 0 0 0 0 0 0 0 0 0 0 0 0 0 0 0 0 0 0 0 0 0 0 0 0 0 0 0 0 0 0 0 0 0 0 0 0 0 0 0 0 0 0 0 0 0 0 0 0 0 0 0 0 0 0 0 0 0 0 0 0 0 0 0 0 0 0 0 0 0 0 0 0 0 0 0 0 0 0 0 0 0 0 0 0 0 0 0 0 0 0 0 0 0 0 0 0 0 0 0 0 0 0 0 0 0 0 0 0 0 0 0 0 0 0 0 0 0 0 0 0 0 0 0 0 0 0 0 0 0 0 0 0 0 0 0 0 0 0 0 0 0 0 0 0 0 0 0 0 0 0 0 0 0 0 0 0 0 0 0 0 0 0 0 0 0 0 0 0 0 0 0 0 0 0 0 0 0 0 0 0 0 0 0 0 0 0 0 0 0 0 0 0 0 0 0 0 0 0 0 0 0 0 0 0 0 0 0 0 0 0 0 0 0 0 0 0 0 0 0 0 0 0 0 0 0 0 0 0 0 0 0 0 0 0 0 0 0 0 0 0 0 0 0 0 0 0 0 0 0 0 0 0 0 0 0 0 0 0 0 0 0 0 0 0 0 0 0 0 0 0 0 0 0 0 0 0 0 0 0 0 0 0 0 0 0 0 0 0 0 0 0 0 0 0 0 0 0 0 0 0 0 0 0 0 0 0 0 0 0 0 0 0 0 0 0 0 0 0 0 0 0 0 0 0 0 0 0 0 0 0 0 0 0 0 0 0 0 0 0 0 0 0 0 0 0 0 0 0 0 0 0 0 0 0 0 0 0 0 0 0 0 0 0 0 0 0 0 0 0 0 0 0 0 0 0 0 0 0 0 0 0 0 0 0 0 0 0 0 0 0 0 0 0 0 0 0 0 0 0 0 0 0 0 0 0 0 0 0 0 0 0 0 0 0 0 0 0 0 0 0 0 0 0 0 0 0 0 0 0 0 0 0 0 0 0 0 0 0 0 0 0 0 0 
1.5973 1.5711 1.5874 1.4023 1.3920 1.4204 1.4546 1.4043 1.4258 1.1825 1.3336 1.2489 1.2015 1.4546 1.2662 1.6441 1.0857 1.3062 1.4412 1.2957 1.1607 0.9899 1.1471 1.1362 0.9215 1.1559 1.2756 0.9387 0.9385 1.3534 1.1571 0.9127 1.1725 1.0498 1.2437 1.2192 0.9958 1.2614 1.2978 1.1521 1.0155 0.9831 0.9679 0.9215 1.1202 1.1922 0.9283 1.3123 0.9951 1.2957 1.2973 1.1953 1.0654 0.9300 0.9383 1.1401 1.2358 1.0138 0.9127 1.0030 1.2015 1.2709 1.2733 1.1081 1.2709 0.9965 0.9127 0.9236 0.9215 1.1550 0.9831 0.9383 0.9127 0.9300 0.9300 1.2662 0.9300 0.9965 1.0754 0.9127 0.9795 0.9383 1.3246 0.9127 0.9831 0.9831 0.9215 0.9690 0.9300 1.1262 1.0551 0.9690 0.9215 0.9383 0.9616 0.9300 0.9215 0.9297 0.9215 0.9300 0.9215 1.2163 0.9215 0.9463 1.0426 0.9383 1.0388 0.9619 1.2490 0.9215 0.9899 0.9719 0.9383 1.0704 0.9383 0.9300 0.9215 1.2248 0.9215 0.9215 0.9690 0.9215 0.9300 0.9215 0.9785 0.9300 0.9541 0.9215 0.9300 1.0215 0.9215 0.9256 0.9300 0.9376 0.9906 0.9300 0.9127 0.9572 0.9127 0.9215 0.9312 1.2411 0.9127 0.9463 1.0754 0.9215 0.9300 1.1115 0.9616 1.1825 0.9463 0.9127 0.9541 0.9831 0.9831 1.0122 0.9616 0.9429 0.9127 0.9127 1.0332 0.9383 0.9965 0.9541 0.9690 0.9996 0.9127 1.1339 0.9300 0.9383 0.9500 0.9383 0.9227 1.4737 0.9965 0.9383 0.9127 1.2045 0.9463 0.9541 0.9162 0.9127 0.9383 0.9127 1.1196 0.9215 0.9383 0.9300 0.9127 0.9300 0.9127 0.9127 0.9215 1.8224 0.9240 0.9215 0.9300 0.9127 0.9127 0.9463 0.9690 0.9127 0.9761 1.0987 1.0030 0.9300 1.0170 0.9215 0.9136 0.9215 1.1283 0.9761 1.0030 0.9300 0.9690 0.9383 0.9215 0.9463 0.9831 0.9127 0.9300 0.9690 0.9517 0.9189 0.9127 1.0215 0.9127 0.9127 1.1075 0.9127 0.9965 0.9899 0.9127 0.9550 1.0155 0.9690 0.9383 0.9127 0.9127 0.9383 0.9434 0.9127 0.9965 0.9215 0.9831 0.9127 0.9541 0.9300 0.9831 0.9127 0.9300 0.9215 0.9215 0.9456 0.9761 0.9383 0.9127 0.9300 0.9300 0.9215 0.9616 0.9690 0.9340 0.9300 0.9127 0.9831 0.9965 0.9127 0.9127 1.0468 0.9761 0.9127 0.9616 0.9127 0.9541 0.9541 0.9127 0.9383 0.9127 0.9300 0.9383 1.0274 0.9463 0.9463 1.0093 1.0388 0.9541 1.0332 0.9541 0.9215 0.9215 0.9215 0.9127 0.9215 0.9383 0.9172 1.1182 0.9127 0.9127 1.0093 0.9127 0.9127 1.0334 0.9308 0.9300 0.9719 0.9463 0.9300 0.9145 0.9268 0.9300 0.9899 1.0444 0.9174 0.9215 0.9383 0.9300 0.9215 0.9129 0.9300 0.9127 0.9616 1.0603 1.0444 0.9690 0.9215 0.9899 0.9383 0.9722 1.0332 0.9383 0.9598 0.9899 0.9127 0.9463 0.9690 0.9383 0.9215 0.9215 0.9300 0.9300 1.0228 0.9761 1.0498 0.9300 0.9127 0.9127 0.9215 0.9134 0.9357 0.9127 0.9463 0.9215 0.9300 0.9616 0.9690 0.9215 1.1031 0.9215 1.0498 0.9215 0.9383 0.9300 1.0093 1.0122 0.9300 0.9541 0.9383 1.0093 0.9127 1.0210 0.9215 0.9127 0.9127 0.9463 0.9127 0.9965 0.9215 0.9690 0.9463 0.9127 0.9463 0.9300 0.9554 0.9372 0.9127 0.9899 1.0332 0.9300 0.9541 0.9383 0.9463 0.9300 0.9383 0.9300 0.9463 0.9300 0.9127 0.9535 1.0215 0.9300 0.9127 0.9127 1.0606 0.9215 0.9215 0.9341 1.1688 0.9127 0.9143 0.9127 0.9300 0.9616 0.9215 0.9383 0.9300 0.9383 0.9127 0.9541 0.9300 0.9127 0.9127 0.9127 0.9300 1.0704 1.0200 0.9560 1.1212 0.9215 0.9899 1.0274 0.9300 1.0849 1.0027 0.9300 0.9541 0.9965 0.9899 1.0155 0.9242 0.9300 0.9127 1.1320 0.9127 1.0604 0.9383 0.9463 0.9300 0.9463 0.9463 1.7133 1.4248 1.2869 0.9127 0.9541 0.9383 0.9215 0.9965 0.9215 0.9127 
