-300	7.750751366304681E-4
-299	7.35849634754791E-4
-298	7.124295695385948E-4
-297	7.206203776413603E-4
-296	7.762274957225688E-4
-295	8.797382801402085E-4
-294	9.703677660462977E-4
-293	9.720129082913622E-4
-292	8.446780932840113E-4
-291	6.927974336651913E-4
-290	6.569124736339318E-4
-289	8.25391304059644E-4
-288	0.0010779082024932642
-287	0.00124196399315611
-286	0.0011944589451600648
-285	0.001009891107179273
-284	8.121579727784455E-4
-283	7.0004472950865E-4
-282	6.718873408663869E-4
-281	7.009094643345133E-4
-280	7.630307925442458E-4
-279	8.449551587202337E-4
-278	9.360824312354852E-4
-277	0.0010230618638437674
-276	0.0010815402518218834
-275	0.0010844137758273952
-274	0.0010151547575161777
-273	8.99540082537356E-4
-272	7.739227775383675E-4
-271	6.760413118180464E-4
-270	6.491759252808145E-4
-269	7.379923004824907E-4
-268	9.566209451544977E-4
-267	0.0011970516677306752
-266	0.0013207391018204679
-265	0.0012354013845563175
-264	0.001033810667162659
-263	8.550026043869265E-4
-262	8.025683129031075E-4
-261	8.383207570914114E-4
-260	8.886283632586018E-4
-259	8.983062964728304E-4
-258	8.859566768478002E-4
-257	8.886283632586018E-4
-256	9.360970412044237E-4
-255	0.001029045702680847
-254	0.0011608841663075511
-253	0.0013130103119708327
-252	0.0014187742646234614
-251	0.0013995142104848252
-250	0.0012139142047504349
-249	9.700417785202983E-4
-248	8.133103318705463E-4
-247	8.446126598600568E-4
-246	9.867591374786943E-4
-245	0.0011180395346990703
-244	0.0011512362964053073
-243	0.0011371025671275744
-242	0.0011608841663075511
-241	0.0012769847855806497
-240	0.001416439605357205
-239	0.0014794416782412836
-238	0.0013985081988461398
-237	0.001235452929821779
-236	0.001084413775827395
-235	0.0010172731530698502
-234	0.0010168915239466866
-233	0.0010438738624031156
-232	0.0010628354952094134
-231	0.001054433160436119
-230	0.001003333948978836
-229	9.06681021783375E-4
-228	8.115218199963719E-4
-227	7.773798548146695E-4
-226	8.461709217105829E-4
-225	9.893799532583172E-4
-224	0.0011608841663075511
-223	0.001315009558087499
-222	0.001407877247345523
-221	0.0013960571332085232
-220	0.0012652392931045467
-219	0.0011175945176662395
-218	0.0010844137758273952
-217	0.0012451923072281494
-216	0.0014722424343340066
-215	0.0015860807503168127
-214	0.0014662976459604926
-213	0.001228778702497288
-212	0.0010484832987715182
-211	0.0010500961557677333
-210	0.001157203363031399
-209	0.001243116352248211
-208	0.001216194273869251
-207	0.0011249871534071486
-206	0.001053092735139921
-205	0.0010652972230196821
-204	0.001151140659694937
-203	0.001281351547488289
-202	0.001422053203905848
-201	0.0015209482071877564
-200	0.0015211339507576636
-199	0.0013940669573322523
-198	0.0012246402668003396
-197	0.0011261060483437751
-196	0.0011779667319893133
-195	0.0013247257911433237
-194	0.0014771369600570822
-193	0.0015650232218268854
-192	0.0015944845549291252
-191	0.0015906901866852158
-190	0.001572965445738425
-189	0.0015372600660194346
-188	0.0014736798827807802
-187	0.001382088150679589
-186	0.0013013778019913612
-185	0.001280199188396188
-184	0.001348306105955311
-183	0.0014598661282545656
-182	0.0015501502732609364
-181	0.0015747291752291454
-180	0.001570371933564868
-179	0.0015941472639615178
-178	0.0016858389997669915
-177	0.0018160914449471207
-176	0.0019382640211222208
-175	0.002014299550443514
-174	0.0020404744571858487
-173	0.002021648566154981
-172	0.0019703121931775
-171	0.0019294776181633295
-170	0.0019497876120432274
-169	0.002054236567770633
-168	0.002155225366389713
-167	0.0021375065109673157
-166	0.001933865669876568
-165	0.0016692211727157105
-164	0.0015165245143892612
-163	0.0015925934599914115
-162	0.001789710855375047
-161	0.0019440258165827244
-160	0.0019404048025126568
-159	0.0018585836434856806
-158	0.0018270155126782883
-157	0.0019319623892723476
-156	0.002090921476471233
-155	0.002179198783483696
-154	0.0021097218084795296
-153	0.0019459040054726983
-152	0.0017887803174382103
-151	0.001719309382931343
-150	0.0017381446228284586
-149	0.001825863153586188
-148	0.001959513754133977
-147	0.002102031853292532
-146	0.0022128245423553715
-145	0.002261030435629292
-144	0.002254714239474198
-143	0.0022116721832632705
-142	0.0021460548649019588
-141	0.002057430356424781
-140	0.0019417210983985228
-139	0.0018050662478519043
-138	0.0016944718276613886
-137	0.0016671605771653721
-136	0.0017623971390986525
-135	0.0019476137697816268
-134	0.002172284628931092
-133	0.00239227861032141
-132	0.002589043543957205
-131	0.002750421993900666
-130	0.002858905402257029
-129	0.0028755807233037094
-128	0.0027561837893611695
-127	0.002496352797150939
-126	0.0022513354009988176
-125	0.0022162816196316737
-124	0.0025144237203581056
-123	0.0029813229648136385
-122	0.003380622863215527
-121	0.003520128644440996
-120	0.003384292412007147
-119	0.0030017279880910474
-118	0.002441276302151612
-117	0.0019326867127751287
-116	0.0017459356858297297
-115	0.002043319906889477
-114	0.002556416940352156
-113	0.002909124570321482
-112	0.0028397629158356
-111	0.002544341435670377
-110	0.0023332919235361095
-109	0.0024355212208037116
-108	0.002753836359486567
-107	0.003109519419258678
-106	0.0033550504047108235
-105	0.0034677010201009002
-104	0.0034559408946035824
-103	0.0033353479714047984
-102	0.0031499334497354925
-101	0.002950816842837862
-100	0.002785184577969204
-99	0.0026844907384472204
-98	0.0026762563216047113
-97	0.0027716057041728857
-96	0.0029160767804765767
-95	0.003038810824239025
-94	0.003086087657816173
-93	0.0030727412980947836
-92	0.0030307443105943204
-91	0.002985340154851593
-90	0.00293485586647278
-89	0.002870889375081404
-88	0.0027955497244791508
-87	0.002752990415180364
-86	0.00279787606187755
-85	0.002955953640782355
-84	0.003137299574182992
-83	0.0032230726458868115
-82	0.0031415729073815827
-81	0.003009665480876742
-80	0.0029913567562621416
-79	0.003192489052745039
-78	0.003486248406802314
-77	0.0036876567842282527
-76	0.0036621727632447287
-75	0.003477001371783993
-74	0.003249784250205883
-73	0.0030863923466647606
-72	0.003045613840493083
-71	0.0031744662188178275
-70	0.003477788089842852
-69	0.00379170254607953
-68	0.0039101538011161166
-67	0.0037034273980616553
-66	0.0033471741981083688
-65	0.0030933863919692687
-64	0.0031210410298154628
-63	0.003317054599650434
-62	0.0034953284489357608
-61	0.003515486635135727
-60	0.0034200440557254535
-59	0.0032972383181827667
-58	0.003212524749916898
-57	0.003140229558062698
-56	0.003031896669686421
-55	0.0028748777123987967
-54	0.002799755115988462
-53	0.0029729190107885307
-52	0.0034923429055985014
-51	0.00418233382308342
-50	0.004798782164374718
-49	0.005156132964135224
-48	0.0053030497911533536
-47	0.0053467508477489205
-46	0.005371024817815127
-45	0.005365942311538746
-44	0.005298144420679935
-43	0.005160240728754798
-42	0.005048714786303207
-41	0.005086018635620977
-40	0.005326962974356921
-39	0.00555579312157185
-38	0.005489113051679571
-37	0.004951842504793231
-36	0.004202164283823327
-35	0.003606576957379693
-34	0.003443862293435905
-33	0.0036419348574205004
-32	0.004040992414125761
-31	0.004488789597606066
-30	0.004863308518964214
-29	0.0050500881585651
-28	0.004994810657728542
-27	0.004883730801594047
-26	0.004963246536256037
-25	0.005392870027519677
-24	0.005984570320033088
-23	0.006463430678155134
-22	0.0066391690410033816
-21	0.006660042046730246
-20	0.006758941008246852
-19	0.007081250290224706
-18	0.007422326464376857
-17	0.00749001915417674
-16	0.0070901934155059914
-15	0.006420776033879083
-14	0.0057777092272186855
-13	0.0053825444839857035
-12	0.005159270374793967
-11	0.004957484740795534
-10	0.004681469717462512
-9	0.004454244617547193
-8	0.004453513048121915
-7	0.004776008374657859
-6	0.005194582996221565
-5	0.0054011190702784075
-4	0.005193736815478991
-3	0.004795508695214808
-2	0.004535745234062574
-1	0.00465330709939092
0	0.005025255529736126
1	0.005438201906426385
2	0.005707863800873144
3	0.005766383544820871
4	0.005575009660097287
5	0.005138809325482314
6	0.004638124347564676
7	0.004297115189885301
8	0.0042609558310554765
9	0.004358874309967963
10	0.0043411121805858825
11	0.004033725348569648
12	0.003566027126368846
13	0.0031431451781303533
14	0.0029196339637013262
15	0.0028477551257300336
16	0.0028291971025650236
17	0.002782445486209493
18	0.0026931744832852313
19	0.0025638554540686784
20	0.002407557036236175
21	0.0022797369770636783
22	0.0022464503012270473
23	0.002338112263465455
24	0.002442579038771343
25	0.0024120670322004666
26	0.002154947298526509
27	0.0018042094913948597
28	0.0015489979141688356
29	0.0015229115668212436
30	0.0016373682357628551
31	0.0017482404040139307
32	0.0017502129058260918
33	0.0016932199803763987
34	0.0016660082180732713
35	0.0017237355113072796
36	0.0017872049603975923
37	0.0017436309676455283
38	0.001527544672075924
39	0.0012627441596076944
40	0.0011203442528832717
41	0.0012112939746416775
42	0.0014058791480082858
43	0.0015142197962050596
44	0.0014052238417700887
45	0.0011829508045059728
46	0.0010102481035314402
47	0.0010092798443798751
48	0.0011394768782432931
49	0.001319586742728367
50	0.001481294316319117
51	0.001608033841008956
52	0.001696176899668645
53	0.001744107850604033
54	0.0017582621538613289
55	0.00174708804492183
56	0.0017127766985380029
57	0.0016324910465469846
58	0.0014771369600570822
59	0.0012392973397954824
60	9.98263204964899E-4
61	8.550026043869264E-4
62	8.743163174428105E-4
63	9.763360457524053E-4
64	0.0010450262214952164
65	0.0010043975417830951
66	9.386457634572817E-4
67	9.72012908291362E-4
68	0.0011843245946991084
69	0.0014777408276550378
70	0.0017100052087738527
71	0.001767575295176833
72	0.0016517644660115672
73	0.0013926000559322214
74	0.0010410194348053528
75	7.316001133470902E-4
76	6.198296374859543E-4
77	8.007256758601586E-4
78	0.0011274263879466882
79	0.001392600055932221
80	0.0014426194311560909
81	0.001338675141568255
82	0.0011956622842713273
83	0.001104829964744176
84	0.00106284332197069
85	0.0010427215033110148
86	0.0010237361137586036
87	0.0010101685888401462
88	0.0010125528217156414
89	0.0010349569122814393
90	0.0010555857873792958
91	0.001046178580587317
92	9.88036593158318E-4
93	9.007097970439434E-4
94	8.133103318705463E-4
95	7.525645052850319E-4
96	7.356552970165166E-4
97	7.773798548146695E-4
98	8.764697052776497E-4
99	9.673938903975766E-4
100	9.685558310150601E-4
101	8.33980700926366E-4
102	6.601806857503877E-4
103	5.79289724061675E-4
104	6.788487883962187E-4
105	8.68026987135775E-4
106	0.0010114004626235408
107	0.0010106994711674049
108	9.162707249340245E-4
109	8.156150500547477E-4
110	7.764359650421016E-4
111	7.872477579333283E-4
112	8.167674091468483E-4
113	8.392770578966951E-4
114	8.513194785793548E-4
115	8.550026043869265E-4
116	8.502698007124968E-4
117	8.284061617531031E-4
118	7.785322139067703E-4
119	6.997287878512145E-4
120	6.309179313829182E-4
121	6.209819965780552E-4
122	6.974722273522553E-4
123	8.026154349789752E-4
124	8.573073225711279E-4
125	8.067497808031357E-4
126	6.933694505954618E-4
127	5.838991604300777E-4
128	5.300635059672596E-4
129	5.235541515805004E-4
130	5.410545288215968E-4
131	5.650229279490212E-4
132	6.010170740479498E-4
133	6.603695509102338E-4
134	7.470122992365835E-4
135	8.352746873631403E-4
136	8.920854405349038E-4
137	8.916343772118056E-4
138	8.371556887135046E-4
139	7.391446595745915E-4
140	6.175647681236499E-4
141	5.30252267865236E-4
142	5.445116060978988E-4
143	6.997201816678553E-4
144	9.235471996119933E-4
145	0.0011157348165148691
146	0.0011935968482074853
147	0.0011447337475066362
148	9.743176264755634E-4
149	7.055922971814944E-4
150	4.3408837170760324E-4
151	2.734081621410501E-4
152	3.0122069930651866E-4
153	4.514618889787868E-4
154	6.221343556701558E-4
155	7.299327133291086E-4
156	7.663195336488566E-4
157	7.414493777587927E-4
158	6.707978787132816E-4
159	5.911249572665755E-4
160	5.445116060978988E-4
161	5.58118191794837E-4
162	5.99422576578424E-4
163	6.209819965780552E-4
164	5.90498285898024E-4
165	5.362516705422169E-4
166	5.01666974489418E-4
167	5.166048186996401E-4
168	5.566690120578086E-4
169	5.838991604300777E-4
170	5.726765546315147E-4
171	5.467492252728425E-4
172	5.422068879136975E-4
173	5.804427771192073E-4
174	6.240642034764651E-4
175	6.20981996578055E-4
176	5.420397322425986E-4
177	4.49811971192866E-4
178	4.2980602037766453E-4
179	5.377387477260795E-4
180	7.101652650883083E-4
181	8.538502452948259E-4
182	8.991812158781105E-4
183	8.710371231786535E-4
184	8.179197682389489E-4
185	7.788585876599797E-4
186	7.549935602766844E-4
187	7.379923004824907E-4
188	7.22844198694433E-4
189	7.178257494239753E-4
190	7.345352232061887E-4
191	7.780519541378983E-4
192	8.273795305629456E-4
193	8.550026043869264E-4
194	8.408889346968347E-4
195	7.949387093052596E-4
196	7.345352232061887E-4
197	6.740424707993409E-4
198	6.15747244107362E-4
199	5.589170345586289E-4
200	5.028193335815187E-4
