#Pip2_GEM_2.m6
#KSM version: 1
#460/460
#1.10
#k-mer/r.c.      	Offset	PosCt	wPosCt	NegCt	HgpLg10	CIDs	PosHits (base85 encoding)	NegHits (base85 encoding)
AGCTCTTC/GAAGAGCT	1	19	19	1	-5.8	*	!!!"Lz5Ti<7!!!!1!!!!a#QOi;"98E%!!!'#z$ig85!!!!a&-)\1z!.b~	zzzzzz!!!!a~
AAGCTCTT/AAGAGCTT	0	15	15	1	-4.6	*	!"]-\z!!#8,z+92C,z"@)qe!!!'+z#S6tYz!!!!1z!!*~	zzz!!*~
AGCTCTTT/AAAGAGCT	1	14	14	0	-5.2	*	z+92BA!<<*"!!!!"+92BIzz!!!!)!!!9)!WW3C!!!!1!!!!q!!!!%5Q~	
AGCTCTTNT/ANAAGAGCT	1	14	14	1	-4.6	-0,-1	N.A.	N.A.
GAGCTCTT/AAGAGCTC	0	9	9	1	-3.0	*	z+92BA!?_@Bzz!!!!1!!",A!'gMez!!!!)zzz5Q~	zzzzzz!!!!a~
CAGCTCTT/AAGAGCTG	0	9	9	1	-2.7	*	zz5QCca!!!!"z!!!!#zz!!!!1"onW'!!!!q!!!!a~	zzzzz!!!!1~
TNAGCTCTT/AAGAGCTNA	-1	9	9	0	-3.6	2,-3,-4	N.A.	N.A.
GCTCTTCT/AGAAGAGC	2	8	8	3	-1.5	*	zz5Tg%,z!!!!a!!!!1zzz$ig85zzz!!*~	zzzzzz!!!!azz!!!Q1zz!!!Q~
AGCTCNTTC/GAANGAGCT	1	8	8	0	-3.3	5,-6	N.A.	N.A.
AGCTCTTNC/GNAAGAGCT	1	8	8	0	-3.3	5,7	N.A.	N.A.
CTCTTTTC/GAAAAGAG	3	7	7	2	-1.7	*	zz!!!$"zzzzz!.Y(M!WW3Czzz5QDo~	zzzzzz!!!!1z!!%N~
GCTCTTCA/TGAAGAGC	2	7	7	0	-2.7	*	zzzzz#QOi+"98E%!!!'#zz!!!!a&-)\1z!.Y~	
GCTCTTCNA/TNGAAGAGC	2	7	7	0	-3.0	8,9	N.A.	N.A.
GCTCTTTT/AAAAGAGC	2	7	7	0	-3.0	*	z+92BAzzzzzJ,fQTz!WW3Czz!!!!%5Q~	
TAGCTCTT/AAGAGCTA	0	7	7	0	-3.0	*	zzz!!!!1!!!!)#QOi)zz!!!9)zz&-)\1!!!!%!.Y~	
CAAGCTCT/AGAGCTTG	-1	6	6	1	-2.1	*	!"],1zzz+92BAzz!!!'+"98E%zzzz!!*~	zzzzzzzzzzzz!.Y~
TCTTCTTC/GAAGAAGA	4	6	6	2	-1.5	*	zz5QCf"!!!"Lzzzzzzzz!!!QA~	zzzzzz!!!!azzzz!!3~
AAAGCTCT/AGAGCTTT	-1	5	5	1	-1.8	*	zz!!#8,zzzzzz!"],1!!!-%!!!!1~	zzzzzzzzzzz!!!'~
GCTCTTTC/GAAAGAGC	2	5	5	1	-1.8	*	zzz!!!!"+92BIzzz!!!9)z!!!!1~	zzzzzzzzzzzzz!!!!)~
TAAGCTCT/AGAGCTTA	-1	5	5	1	-1.8	*	!!!"Lzzz!!!!az!'gMazz#QOiI~	zzz!!*~
GGAGCTCT/AGAGCTCC	-1	4	4	0	-2.1	*	zz!$D7Azz!!!!1!!",A!'g~	
CTCTTCCA/TGGAAGAG	3	4	4	0	-2.1	*	!!!"Lz!!!!A!!!!1zzzzzzz!!!9~	
CTAAAAGC/GCTTTTAG	-2	4	4	0	-2.1	*	zzz!!*'"!$D7Azzzzz!!!-%+9~	
AGGTCTTT/AAAGACCT	1	3	3	0	-1.8	*	z!$D7AJ,fQLz5Q~	
AACAGCGG/CCGCTGTT	0	3	3	0	-1.8	*	zzzzzz!$D7Az!"],1zzz!!!!#~	
AACTCGTT/AACGAGTT	-8	3	3	0	-1.8	*	zzz!!iQ1zzzz!!i~	
AGCTCATT/AATGAGCT	1	3	3	0	-1.8	*	zzzz!<<*"zz!!iQ)z!!!'~	
TAAGCTGT/ACAGCTTA	-1	3	3	0	-1.8	*	zzzzz5QCcizzzzzzzz&-~	
TCAAATCT/AGATTTGA	8	3	3	0	-1.8	*	zzzz!<<*"!!!9)!!!9~	
AGCCTTTC/GAAAGGCT	1	3	3	0	-1.8	*	zzzzzz!!!!"zzzz!<<*"z!'g~	
CTTTAGCT/AGCTAAAG	-3	3	3	0	-1.8	*	zzzzzzzz!!!9)zzz"98E)~	
CAACTCCT/AGGAGTTG	0	3	3	0	-1.8	*	!!!"Lz5QCcazzz+9~	
AGCTCTTG/CAAGAGCT	1	3	3	0	-1.8	*	zzzzzz!!",A!'gMe~	
CAGAAGCC/GGCTTCTG	-3	3	3	0	-1.8	*	z&-)\1+92BAzzz!!!!"~	
CCAGCTCT/AGAGCTGG	-1	3	3	0	-1.8	*	zzzzz!!!!#zz!!!!1z!!!!a~	
CTATAGCT/AGCTATAG	-3	3	3	0	-1.8	*	zzzz!!!!)zzzzzz"98E%z!$D~	
CTCTTCGT/ACGAAGAG	5	3	3	0	-1.8	*	zzzz!!iQ)"98E%zzzz!!!'~	
CTTGAGCT/AGCTCAAG	-3	3	3	0	-1.8	*	zzz!'gMazzz!!!!%zzzzz5Q~	
GCTCATTC/GAATGAGC	2	3	3	0	-1.8	*	zzzz!<<*"zz!!iQ)z!!!'~	
GGCAGCTC/GAGCTGCC	-2	3	3	0	-1.8	*	zzzzzzzzzz!!!!1!!!!az!!!!"~	
GAAAGCTC/GAGCTTTC	-2	3	3	0	-1.8	*	zz!!#8,zzzzzzz!!!-~	
GCAGAAGC/GCTTCTGC	-4	3	3	0	-1.8	*	zz+92BAzzz!!!!"z!'g~	
GCTCTTCC/GGAAGAGC	2	3	3	0	-1.8	*	!!!"Lz!!!!A!!!!1~	
GTAGCTCT/AGAGCTAC	-1	3	3	0	-1.8	*	zzzzzzz!.Y%Lzzz&-)\1z!.Y~	
GCTTTTGA/TCAAAAGC	2	3	3	0	-1.8	*	zzzz"98E%!WW3#zz!!!$~	
TGAGCTCT/AGAGCTCA	-1	3	3	0	-1.8	*	z+92BAzzzzz!!!!%zzzzz5Q~	
TTAACAGC/GCTGTTAA	-2	3	3	0	-1.8	*	zzzzz!!!!)!!%NLzzzzz!!!!#~	
GGAGCGAA/TTCGCTCC	-6	3	3	0	-1.8	*	zzzz!!!!"!WW3#zzzzzzzz#Q~	
$$$
AGAAGAGCT/AGCTCTTCT	0	8	8	1	-2.7	0	zz5Tg%,z!!!!a!!!!1zzz$ig85zzz!!*~	zzzzzz!!!!a~
AAAAGAGCT/AGCTCTTTT	0	6	6	0	-2.7	1	z+92BAzzzzz!!!!)z!WW3Czz!!!!%5Q~	
TGAGCTCTT/AAGAGCTCA	0	3	3	0	-1.8	2	z+92BAzzzzz!!!!%zzzzz5Q~	
AAGAGCTAA/TTAGCTCTT	0	3	3	0	-1.8	3	zzzzz#QOi)zz!!!9)zzz!!!!%~	
AAGAGCTGA/TCAGCTCTT	0	3	3	0	-1.8	4	zz5QCca!!!!"zzzzz"9~	
AGCTCTTTC/GAAAGAGCT	0	5	5	0	-2.4	5	zzz!!!!"+92BIzzz!!!9)z!!!!1~	
GAATGAGCT/AGCTCATTC	0	3	3	0	-1.8	6	zzzz!<<*"zz!!iQ)z!!!'~	
AGCTCTTCC/GGAAGAGCT	0	3	3	0	-1.8	7	!!!"Lz!!!!A!!!!1~	
GCTCTTCAA/TTGAAGAGC	0	4	4	0	-2.1	8	zzzzzz"98E%!!!'#zzz&-)\1z!.Y~	
GCTCTTCCA/TGGAAGAGC	0	3	3	0	-1.8	9	!!!"Lz!!!!A!!!!1~	
%%%
0 0 0 0 0 0 0 8 0 0 0 0 9 0 0 0 0 0 0 0 0 0 0 0 0 0 0 0 0 0 0 12 0 0 0 0 8 11 0 0 0 0 0 0 0 8 0 0 0 0 0 0 0 0 0 0 0 0 0 0 0 0 0 0 9 0 0 0 0 9 11 8 0 0 0 0 0 11 0 0 8 0 0 0 0 0 11 0 0 0 0 0 0 13 9 8 0 0 0 0 0 0 0 0 0 0 0 8 0 0 8 0 0 0 0 0 0 0 0 0 11 0 0 8 11 0 0 9 15 0 8 0 0 11 8 0 0 0 0 8 0 0 0 0 0 0 0 0 0 0 0 0 9 0 0 10 0 0 11 0 0 9 8 11 0 0 8 0 0 0 0 0 0 0 0 0 0 0 0 8 0 0 0 0 0 11 0 8 11 0 0 0 0 0 11 0 0 0 0 0 0 0 0 0 0 8 9 0 0 0 0 8 0 10 0 0 9 0 0 0 0 0 0 0 0 0 0 0 0 0 0 8 0 0 0 9 0 0 10 8 0 12 0 0 0 0 0 0 0 0 12 11 0 0 0 0 0 0 8 0 0 0 0 0 0 0 0 8 8 0 8 8 8 0 0 13 0 0 0 0 0 0 0 0 9 0 0 0 0 11 11 11 0 0 0 0 0 0 0 0 9 0 8 0 0 9 0 8 0 0 0 0 0 0 0 10 0 12 0 0 0 0 0 0 0 0 0 0 0 0 0 0 0 0 0 0 0 8 9 0 0 0 0 0 0 0 0 0 12 0 11 0 8 0 16 0 12 0 0 0 0 0 0 0 0 0 0 0 0 0 0 8 0 0 0 0 0 0 0 0 10 0 11 0 0 0 8 0 0 0 0 0 0 0 0 0 0 0 0 0 0 0 0 0 8 0 0 0 0 8 13 0 9 0 0 0 0 0 0 0 0 0 14 0 11 0 0 0 0 8 8 12 0 0 0 0 0 8 0 0 8 0 0 0 0 0 0 0 0 0 0 9 15 0 0 0 0 0 0 0 
0 0 0 0 0 0 0 0 0 0 0 0 0 0 0 0 0 0 0 0 0 0 0 0 0 0 0 0 0 0 0 0 0 0 0 0 0 0 0 0 0 0 0 0 0 0 0 0 0 0 0 0 0 0 0 0 0 0 0 0 0 0 0 0 0 0 0 0 0 0 0 0 0 0 0 0 0 0 0 0 0 0 0 0 0 0 0 0 0 0 0 0 0 0 0 0 0 0 0 0 0 0 0 0 9 0 0 0 0 0 0 0 0 0 0 0 0 0 0 0 0 0 0 0 0 0 0 0 0 0 0 0 0 0 0 0 0 0 0 0 0 0 0 0 0 0 0 0 0 0 0 0 0 0 0 0 0 0 0 0 0 0 0 0 0 0 0 0 0 0 0 0 0 0 0 0 0 0 0 0 0 0 0 0 0 0 0 0 8 0 0 0 0 0 0 0 0 0 0 0 0 0 0 0 0 0 0 0 0 0 0 0 0 0 0 0 0 0 0 0 8 0 10 0 0 0 0 0 0 0 0 0 0 0 0 0 0 0 0 0 0 0 0 0 0 0 0 0 0 0 0 0 0 0 0 0 0 0 0 0 0 0 0 0 0 0 0 0 0 0 0 0 0 0 0 0 0 0 0 8 0 0 0 0 0 0 0 0 0 0 0 0 0 0 0 0 0 0 0 0 0 0 0 0 0 0 0 0 8 0 0 0 0 0 0 0 0 0 0 0 0 0 0 0 0 0 0 0 0 0 0 0 0 0 0 0 0 0 0 0 0 0 0 0 0 0 0 0 0 0 0 0 0 0 0 0 0 0 0 0 0 8 0 0 0 0 0 0 0 8 0 0 0 0 0 0 0 0 0 0 0 0 0 0 0 0 0 0 0 0 0 0 0 0 0 0 0 0 0 8 0 0 0 0 8 0 0 0 0 0 0 0 0 0 0 0 0 0 0 0 0 0 0 0 0 0 0 0 0 0 0 0 0 0 0 0 0 0 0 0 0 0 0 8 0 0 0 0 0 0 0 0 0 0 0 0 0 0 0 0 
1.5973 1.5711 1.5874 1.4023 1.3920 1.4204 1.4546 1.4043 1.4258 1.1825 1.3336 1.2489 1.2015 1.4546 1.2662 1.6441 1.0857 1.3062 1.4412 1.2957 1.1607 0.9899 1.1471 1.1362 0.9215 1.1559 1.2756 0.9387 0.9385 1.3534 1.1571 0.9127 1.1725 1.0498 1.2437 1.2192 0.9958 1.2614 1.2978 1.1521 1.0155 0.9831 0.9679 0.9215 1.1202 1.1922 0.9283 1.3123 0.9951 1.2957 1.2973 1.1953 1.0654 0.9300 0.9383 1.1401 1.2358 1.0138 0.9127 1.0030 1.2015 1.2709 1.2733 1.1081 1.2709 0.9965 0.9127 0.9236 0.9215 1.1550 0.9831 0.9383 0.9127 0.9300 0.9300 1.2662 0.9300 0.9965 1.0754 0.9127 0.9795 0.9383 1.3246 0.9127 0.9831 0.9831 0.9215 0.9690 0.9300 1.1262 1.0551 0.9690 0.9215 0.9383 0.9616 0.9300 0.9215 0.9297 0.9215 0.9300 0.9215 1.2163 0.9215 0.9463 1.0426 0.9383 1.0388 0.9619 1.2490 0.9215 0.9899 0.9719 0.9383 1.0704 0.9383 0.9300 0.9215 1.2248 0.9215 0.9215 0.9690 0.9215 0.9300 0.9215 0.9785 0.9300 0.9541 0.9215 0.9300 1.0215 0.9215 0.9256 0.9300 0.9376 0.9906 0.9300 0.9127 0.9572 0.9127 0.9215 0.9312 1.2411 0.9127 0.9463 1.0754 0.9215 0.9300 1.1115 0.9616 1.1825 0.9463 0.9127 0.9541 0.9831 0.9831 1.0122 0.9616 0.9429 0.9127 0.9127 1.0332 0.9383 0.9965 0.9541 0.9690 0.9996 0.9127 1.1339 0.9300 0.9383 0.9500 0.9383 0.9227 1.4737 0.9965 0.9383 0.9127 1.2045 0.9463 0.9541 0.9162 0.9127 0.9383 0.9127 1.1196 0.9215 0.9383 0.9300 0.9127 0.9300 0.9127 0.9127 0.9215 1.8224 0.9240 0.9215 0.9300 0.9127 0.9127 0.9463 0.9690 0.9127 0.9761 1.0987 1.0030 0.9300 1.0170 0.9215 0.9136 0.9215 1.1283 0.9761 1.0030 0.9300 0.9690 0.9383 0.9215 0.9463 0.9831 0.9127 0.9300 0.9690 0.9517 0.9189 0.9127 1.0215 0.9127 0.9127 1.1075 0.9127 0.9965 0.9899 0.9127 0.9550 1.0155 0.9690 0.9383 0.9127 0.9127 0.9383 0.9434 0.9127 0.9965 0.9215 0.9831 0.9127 0.9541 0.9300 0.9831 0.9127 0.9300 0.9215 0.9215 0.9456 0.9761 0.9383 0.9127 0.9300 0.9300 0.9215 0.9616 0.9690 0.9340 0.9300 0.9127 0.9831 0.9965 0.9127 0.9127 1.0468 0.9761 0.9127 0.9616 0.9127 0.9541 0.9541 0.9127 0.9383 0.9127 0.9300 0.9383 1.0274 0.9463 0.9463 1.0093 1.0388 0.9541 1.0332 0.9541 0.9215 0.9215 0.9215 0.9127 0.9215 0.9383 0.9172 1.1182 0.9127 0.9127 1.0093 0.9127 0.9127 1.0334 0.9308 0.9300 0.9719 0.9463 0.9300 0.9145 0.9268 0.9300 0.9899 1.0444 0.9174 0.9215 0.9383 0.9300 0.9215 0.9129 0.9300 0.9127 0.9616 1.0603 1.0444 0.9690 0.9215 0.9899 0.9383 0.9722 1.0332 0.9383 0.9598 0.9899 0.9127 0.9463 0.9690 0.9383 0.9215 0.9215 0.9300 0.9300 1.0228 0.9761 1.0498 0.9300 0.9127 0.9127 0.9215 0.9134 0.9357 0.9127 0.9463 0.9215 0.9300 0.9616 0.9690 0.9215 1.1031 0.9215 1.0498 0.9215 0.9383 0.9300 1.0093 1.0122 0.9300 0.9541 0.9383 1.0093 0.9127 1.0210 0.9215 0.9127 0.9127 0.9463 0.9127 0.9965 0.9215 0.9690 0.9463 0.9127 0.9463 0.9300 0.9554 0.9372 0.9127 0.9899 1.0332 0.9300 0.9541 0.9383 0.9463 0.9300 0.9383 0.9300 0.9463 0.9300 0.9127 0.9535 1.0215 0.9300 0.9127 0.9127 1.0606 0.9215 0.9215 0.9341 1.1688 0.9127 0.9143 0.9127 0.9300 0.9616 0.9215 0.9383 0.9300 0.9383 0.9127 0.9541 0.9300 0.9127 0.9127 0.9127 0.9300 1.0704 1.0200 0.9560 1.1212 0.9215 0.9899 1.0274 0.9300 1.0849 1.0027 0.9300 0.9541 0.9965 0.9899 1.0155 0.9242 0.9300 0.9127 1.1320 0.9127 1.0604 0.9383 0.9463 0.9300 0.9463 0.9463 1.7133 1.4248 1.2869 0.9127 0.9541 0.9383 0.9215 0.9965 0.9215 0.9127 
