DE Gcr2_GEM_1_m0 6.49 10 k7_c40
1 3 11 4 23 T
2 1 0 0 39 T
3 0 3 0 36 T
4 0 1 5 34 T
5 0 19 6 15 C
6 0 0 0 39 T
7 9 12 11 8 C
XX

DE Gcr2_GEM_1_m1 5.66 1 k6_c26
1 16 5 2 3 A
2 17 4 3 2 A
3 5 19 0 3 C
4 0 7 0 19 T
5 1 3 18 4 G
6 9 3 12 3 G
XX

DE Gcr2_GEM_1_m2 5.38 7 k5_c38
1 0 0 37 0 G
2 22 4 12 0 A
3 1 0 0 36 T
4 0 0 37 0 G
5 27 7 0 3 A
XX

DE Gcr2_GEM_1_m3 5.98 -4 k5_c49
1 0 0 48 0 G
2 0 2 0 46 T
3 0 0 48 0 G
4 7 11 31 0 G
5 7 15 1 26 T
XX

DE Gcr2_GEM_1_m4 5.88 9 k6_c29
1 22 1 1 5 A
2 0 1 23 4 G
3 21 2 6 0 A
4 15 8 4 2 A
5 6 3 20 0 G
6 2 0 4 23 T
XX

DE Gcr2_GEM_1_m5 5.31 1 k5_c44
1 0 0 43 0 G
2 2 0 32 10 G
3 9 34 0 0 C
4 43 0 0 0 A
5 10 0 32 2 G
XX

DE Gcr2_GEM_1_m6 6.60 6 k6_c16
1 0 0 0 15 T
2 0 15 0 0 C
3 0 0 0 15 T
4 3 1 3 9 T
5 0 0 15 0 G
6 0 0 12 4 G
XX

DE Gcr2_GEM_1_m7 6.79 8 k7_c14
1 0 0 11 2 G
2 9 0 0 5 A
3 0 0 0 13 T
4 0 0 0 13 T
5 0 13 0 0 C
6 0 0 0 13 T
7 0 0 4 10 T
XX

DE Gcr2_GEM_1_m8 8.81 3 k7_c13
1 0 1 0 11 T
2 0 1 0 11 T
3 0 1 11 1 G
4 0 9 3 0 C
5 0 10 0 2 C
6 0 0 0 12 T
7 0 0 12 0 G
XX

DE Gcr2_GEM_1_m9 8.62 -12 k8_c14
1 10 1 1 2 A
2 1 0 12 0 G
3 13 0 0 0 A
4 0 0 13 0 G
5 12 1 0 0 A
6 8 5 1 0 A
7 12 2 0 0 A
8 13 0 0 0 A
XX

DE Gcr2_GEM_1_m10 6.83 -3 k8_c19
1 15 0 3 0 A
2 18 0 0 0 A
3 13 5 0 0 A
4 18 0 0 0 A
5 7 0 0 12 T
6 4 0 0 14 T
7 18 0 0 0 A
8 0 0 5 13 T
XX

DE Gcr2_GEM_1_m11 8.44 18 k8_c10
1 3 0 7 0 G
2 0 9 0 0 C
3 0 0 0 9 T
4 2 1 7 0 G
5 9 0 0 0 A
6 9 0 0 0 A
7 6 3 1 0 A
8 0 0 0 9 T
XX

DE Gcr2_GEM_1_m12 7.60 14 k9_c16
1 15 0 0 0 A
2 0 11 3 1 C
3 0 12 1 2 C
4 1 13 1 0 C
5 11 2 1 1 A
6 11 3 1 0 A
7 0 13 0 2 C
8 0 4 0 11 T
9 0 14 0 1 C
XX

DE Gcr2_GEM_1_m13 9.37 7 k9_c11
1 1 6 1 3 C
2 0 10 0 0 C
3 5 5 0 0 C
4 2 7 0 2 C
5 0 0 3 7 T
6 0 2 0 8 T
7 0 0 7 3 G
8 3 0 8 0 G
9 2 1 8 0 G
XX

