-300	7.092336595684824E-24
-299	7.092336595684824E-24
-298	3.2638525430611225E-4
-297	0.001136973346632344
-296	0.001490725887586404
-295	0.0014936622998283295
-294	0.0012478236215010838
-293	9.239415547576016E-4
-292	6.616236374340515E-4
-291	4.759807500995383E-4
-290	3.50999609006401E-4
-289	2.7249222494778755E-4
-288	2.335717868800827E-4
-287	2.291767783004803E-4
-286	2.6220426286914945E-4
-285	3.673856248981612E-4
-284	5.874108288625617E-4
-283	9.381905991915903E-4
-282	0.001328518700131257
-281	0.0016404096558817645
-280	0.0017778402843905562
-279	0.0017326365785940345
-278	0.0015185868251758443
-277	0.0011717250725213396
-276	8.170684158227267E-4
-275	6.018797119739228E-4
-274	6.202850254173218E-4
-273	7.538632507892233E-4
-272	8.31056490274403E-4
-271	7.30287836254108E-4
-270	5.299043418954674E-4
-269	3.5823405056208146E-4
-268	3.130138801124716E-4
-267	3.69616246384843E-4
-266	4.7282243971232164E-4
-265	5.79309291350913E-4
-264	6.933357962481397E-4
-263	8.31056490274403E-4
-262	9.95610943246799E-4
-261	0.0011380788607691982
-260	0.001196524982392165
-259	0.001134570731758814
-258	0.0010180642688824588
-257	9.384104378689627E-4
-256	9.535534465000786E-4
-255	9.875949572611183E-4
-254	9.311759963132822E-4
-253	7.205919418819772E-4
-252	4.74755580449432E-4
-251	3.5823405056208146E-4
-250	4.8485387717152084E-4
-249	7.654791308499885E-4
-248	0.0010602332685748833
-247	0.0012496676193042963
-246	0.0012960449999190862
-245	0.001182056099280804
-244	9.321048615032727E-4
-243	7.374482517094093E-4
-242	8.31056490274403E-4
-241	0.0013366188176961924
-240	0.0019407005549637124
-239	0.002220586043188646
-238	0.001895358130015987
-237	0.001251293689223976
-236	7.164681011241629E-4
-235	6.040481024477733E-4
-234	7.675658556047331E-4
-233	9.456448794246433E-4
-232	9.419364296411934E-4
-231	8.202027096044286E-4
-230	7.092336595684825E-4
-229	7.043010018879266E-4
-228	7.666035873190858E-4
-227	8.238220487187225E-4
-226	8.254621105353878E-4
-225	8.083298635847844E-4
-224	8.31056490274403E-4
-223	9.313713707285591E-4
-222	0.0010633966759388662
-221	0.0011603527746137624
-220	0.0011729694749784696
-219	0.0011220143433253434
-218	0.0010457643854635222
-217	9.82145286135129E-4
-216	9.676774458142217E-4
-215	0.001038529943907842
-214	0.001204179199574117
-213	0.0013673309909755186
-212	0.001403998436025604
-211	0.001230441091147944
-210	9.239042668061694E-4
-209	6.018797119739228E-4
-208	3.727860380486086E-4
-207	3.0874930612267266E-4
-206	4.7282243971232164E-4
-205	8.755877816916033E-4
-204	0.001317745352365933
-203	0.0015475245913985662
-202	0.0013972875823729564
-201	0.001035926984553343
-200	7.164681011241629E-4
-199	6.326271859678292E-4
-198	7.408842957586633E-4
-197	9.384104378689627E-4
-196	0.0011348487507067014
-195	0.0012897308968225568
-194	0.0013750606698028818
-193	0.0013760135803111092
-192	0.0013304520073189917
-191	0.0012894100468753636
-190	0.0012930880941497064
-189	0.0013383517407941027
-188	0.0014112328775812842
-187	0.001493481543925317
-186	0.0015497203738056044
-185	0.0015402901498428852
-184	0.0014423253093475662
-183	0.0013001349083887287
-182	0.0011748216577251234
-181	0.0011110547790428103
-180	0.0010877695377370879
-179	0.0010674677101305638
-178	0.0010281320813383759
-177	0.0010096694716457807
-176	0.0010674677101305638
-175	0.0012265676035305593
-174	0.0013906218692237903
-173	0.001432936202248326
-172	0.001273799998923124
-171	0.0010214374606906868
-170	8.31056490274403E-4
-169	8.29784240306413E-4
-168	0.0010324248630538618
-167	0.0014257017606926453
-166	0.0019714385006265314
-165	0.002531859311170771
-164	0.0029442885858684898
-163	0.0030846065047701633
-162	0.0029829163939556914
-161	0.002707877366012328
-160	0.0023280212506180706
-159	0.0019113707458138956
-158	0.0015258212667315246
-157	0.0012373172271748392
-156	0.001103999035636369
-155	0.001182056099280804
-154	0.0014912933734048451
-153	0.0019059780058332354
-152	0.002263992692522729
-151	0.00244402963128143
-150	0.0024880190273228494
-149	0.0024787005877118483
-148	0.0024786828329887863
-147	0.0024700495375960117
-146	0.0024147532894513717
-145	0.0022941844315804674
-144	0.0021674843274399154
-143	0.002113232095594086
-142	0.002184367846023766
-141	0.0023312756543753996
-140	0.0024787005877118483
-139	0.002578132849641158
-138	0.002688043189952124
-137	0.0028936474949787256
-136	0.0032220019056104577
-135	0.0034675235809588758
-134	0.0033664699346910476
-133	0.0027731215103046505
-132	0.0020138513706197962
-131	0.0015330557082872051
-130	0.0016371019409872863
-129	0.0020802423865192133
-128	0.002478700587711848
-127	0.0025469359721957577
-126	0.002392351506808328
-125	0.002220586043188646
-124	0.00218933472998449
-123	0.002264517903878401
-122	0.002364112198561608
-121	0.0024199825460328324
-120	0.0024195470715207704
-119	0.002364112198561608
-118	0.0022604179080360945
-117	0.0021369384102032283
-116	0.0020275814726665683
-115	0.0019531490567435248
-114	0.001882019898606905
-113	0.001769466928143366
-112	0.0016172599205443927
-111	0.0016131560322207835
-110	0.0019914092648881656
-109	0.0028598082615918525
-108	0.0038202802306959095
-107	0.0043482870218940935
-106	0.004100071652550537
-105	0.0034550018107108974
-104	0.0029732263520912115
-103	0.0030504065878088505
-102	0.003424253650586538
-101	0.003667991128548333
-100	0.0034749354632287784
-99	0.0030187745098043703
-98	0.002593288976862088
-97	0.002424983082481025
-96	0.0024712550827087165
-95	0.0026222267430848103
-94	0.002781942179265507
-93	0.0029101349073732134
-92	0.002980460793646892
-91	0.0029720862460597994
-90	0.0028862198395223793
-89	0.0027295806906793697
-88	0.002544578821647084
-87	0.002516387876428121
-86	0.002865872404496652
-85	0.003683359614133203
-84	0.004537027348843718
-83	0.004864516110940498
-82	0.004309508906438399
-81	0.003339858756162514
-80	0.002629461184640491
-79	0.0026693296699326187
-78	0.0032189495042297504
-77	0.0038549239332553785
-76	0.004231404585041236
-75	0.004312736616852017
-74	0.004140813568260655
-73	0.0037821024940799825
-72	0.0034013645100824308
-71	0.0031879342472803307
-70	0.0032828492060227006
-69	0.00363395836400532
-68	0.004140813568260655
-67	0.004695926366559161
-66	0.005163647109623244
-65	0.005401285848913295
-64	0.005308701910361763
-63	0.004955951717789309
-62	0.004455640969488653
-61	0.003932562867457353
-60	0.003560260628512336
-59	0.003524464973175371
-58	0.003920947044076004
-57	0.004485639672274899
-56	0.004864516110940498
-55	0.004808937533157111
-54	0.004491816791672531
-53	0.004191454659150418
-52	0.004128095386936721
-51	0.004289757141106548
-50	0.004606401566417295
-49	0.004977307117206159
-48	0.005179019486129556
-47	0.004957401175423697
-46	0.0042135537597165285
-45	0.003469535103202915
-44	0.00340264214246945
-43	0.004414084967709327
-42	0.005800726283542145
-41	0.0065833419481941
-40	0.006105362285589962
-39	0.005000835482448779
-38	0.004226464191188173
-37	0.004462290039164804
-36	0.0052817105534915115
-35	0.005981462236220177
-34	0.006040027875672209
-33	0.005662875405247118
-32	0.005237219044613941
-31	0.005050594436022192
-30	0.004991822912043291
-29	0.004850047227829136
-28	0.004476804171243262
-27	0.003973206660995752
-26	0.0035027616485083287
-25	0.003188126257178225
-24	0.0029885582983047113
-23	0.002822465755162569
-22	0.0026471232037684265
-21	0.0025752715911063102
-20	0.0027585184569020923
-19	0.0032715150430958078
-18	0.003881087400484141
-17	0.004277105282077936
-16	0.0042629761596886225
-15	0.004096258380329972
-14	0.004148048009816336
-13	0.0046677342902278676
-12	0.005417879168707914
-11	0.006039337768665621
-10	0.006251724017343319
-9	0.006089687057316082
-8	0.00566663483499218
-7	0.005101397879880419
-6	0.0045344970538918165
-5	0.004111875802037933
-4	0.003932903971128846
-3	0.003910657015168705
-2	0.003911636789960174
-1	0.0038441070683091823
0	0.003783379291034722
1	0.0038465268159590493
2	0.004087325900613764
3	0.004306364401367825
4	0.004240933074299533
5	0.0037393282191564045
6	0.003093868310362809
7	0.0027078773660123285
8	0.002854212424091258
9	0.003283862602156725
10	0.0036173500376585695
11	0.0035799112604484565
12	0.003315640369985362
13	0.0030733458581300903
14	0.0030404788673051852
15	0.003159061142180156
16	0.003309757077986251
17	0.003402572993513769
18	0.0034648829017892026
19	0.0035534027393980933
20	0.003696938545339808
21	0.0038126567682690254
22	0.0037898139592542532
23	0.0035561844806207194
24	0.0031936139397205432
25	0.0028224657551625685
26	0.0025484012040360156
27	0.0024182729973516183
28	0.002464231704600487
29	0.0026888191841947275
30	0.0029761424502304235
31	0.0031806998057246506
32	0.00319407879964635
33	0.0030562239647719167
34	0.0028441690798296105
35	0.0026297593329145884
36	0.002464085549589609
37	0.00239304996478433
38	0.0024345165938249214
39	0.002494196573623607
40	0.002449762821489126
41	0.0022265360213397697
42	0.0019404279235320427
43	0.0017549980450320048
44	0.001781286426363947
45	0.00192025520228509
46	0.0020203470311108878
47	0.0019825831580722536
48	0.0019182991760619413
49	0.0019914092648881656
50	0.0022972431599404134
51	0.002656792818933264
52	0.0028224657551625685
53	0.0026282900729266184
54	0.002234776240533467
55	0.001884055317293606
56	0.0017670635618918537
57	0.0018699580305103223
58	0.0021277009787054476
59	0.0024546096059880978
60	0.0026824208876868746
61	0.0026222267430848103
62	0.002172970722505245
63	0.0015850029004327404
64	0.001196524982392165
65	0.0012354841371163643
66	0.001488809386170093
67	0.0016331752143260842
68	0.0014471788832155267
69	0.0011171087619034352
70	9.311759963132822E-4
71	0.001090791290760757
72	0.0014501635831304196
73	0.0017767013696990464
74	0.0018867526421355544
75	0.001792423373677417
76	0.0015547590329542465
77	0.0012433833028633618
78	9.622327233729046E-4
79	8.238220487187225E-4
80	8.914088580419442E-4
81	0.0010312220301048208
82	0.0010602332685748833
83	8.673577160572465E-4
84	6.292842709073567E-4
85	5.946452704182424E-4
86	9.139199511996999E-4
87	0.0013449751471285962
88	0.001547524591398566
89	0.001300027761005884
90	8.559271081573894E-4
91	5.874108288625617E-4
92	7.551958005754616E-4
93	0.0011741136265284741
94	0.001547524591398566
95	0.0016530340552689013
96	0.0015652276798474368
97	0.001432936202248326
98	0.0013694046544340342
99	0.0013455352477602675
100	0.001296644488431044
101	0.0011760222817347986
102	0.0010088521292976375
103	8.382909318300836E-4
104	7.021924490822143E-4
105	6.171978769623194E-4
106	5.946452704182424E-4
107	6.350831565815481E-4
108	6.9590195131869E-4
109	7.237025426798434E-4
110	6.843317925451509E-4
111	6.20620458114624E-4
112	5.946452704182424E-4
113	6.487478713097123E-4
114	7.46329545937651E-4
115	8.31056490274403E-4
116	8.558539327069846E-4
117	8.10683231281099E-4
118	6.947647764571213E-4
119	5.27721225434547E-4
120	4.107843023693541E-4
121	4.655879981566411E-4
122	7.555106082249271E-4
123	0.001110907646136414
124	0.0013038789299867246
125	0.0011832932697191099
126	9.050954426673372E-4
127	7.01999218012802E-4
128	7.359648802068785E-4
129	8.859387747808563E-4
130	9.601137625360044E-4
131	8.280091526163865E-4
132	6.04450047537251E-4
133	4.655879981566411E-4
134	5.36988615636079E-4
135	7.418737523510015E-4
136	9.528793209803238E-4
137	0.0010737639303397255
138	0.001132776973791945
139	0.0011892905408364847
140	0.001278939284302921
141	0.001342408110341126
142	0.001296644488431044
143	0.001092446895424918
144	8.160178376641805E-4
145	5.874108288625617E-4
146	4.969887751601936E-4
147	5.163521524028138E-4
148	5.874108288625617E-4
149	6.584502980614598E-4
150	7.032585545210612E-4
151	7.01999218012802E-4
152	6.443397984145171E-4
153	5.579633660296397E-4
154	4.800568812680022E-4
155	4.453203784339948E-4
156	4.7850618741024104E-4
157	6.018797119739228E-4
158	8.171980404325702E-4
159	0.0010441849992151066
160	0.001182056099280804
161	0.0011630829820576402
162	0.0010517618108484173
163	9.456448794246433E-4
164	9.122763181184786E-4
165	8.991676035046966E-4
166	8.238220487187225E-4
167	6.395233749491625E-4
168	4.4267693559734084E-4
169	3.6546849211776205E-4
170	4.903626111062964E-4
171	7.00939079724277E-4
172	8.31056490274403E-4
173	7.662616625841025E-4
174	5.988543265797179E-4
175	4.7282243971232164E-4
176	4.926579984211845E-4
177	6.048691550983754E-4
178	7.164681011241629E-4
179	7.523991065039315E-4
180	7.093347557435299E-4
181	6.018797119739228E-4
182	4.476981115403863E-4
183	2.7669198364544155E-4
184	1.2182283070592066E-4
185	3.4667331370455346E-5
186	7.092336595684824E-24
187	7.092336595684824E-24
188	1.1594483732377558E-4
189	2.86190361773784E-4
190	4.7282243971232164E-4
191	6.451027975514094E-4
192	8.009966019019682E-4
193	9.456448794246433E-4
194	0.0010768028194150007
195	0.001162682261708288
196	0.0011641092087746724
197	0.0010602305796489943
198	5.200615770008908E-4
199	1.5370196417566637E-4
200	1.7147952666283344E-5
