#Gcr2_GEM_2.m10
#KSM version: 1
#667/667
#1.19
#k-mer/r.c.	Offset	PosCt	wPosCt	NegCt	HgpLg10	CIDs	PosHits (base85 encoding)	NegHits (base85 encoding)
TTCCT/AGGAA	1	134	134	108	-1.6	*	OV%p/!W[fX"TSN/!C?gD/\!J;637,i!'gMa?m#V%'G3S[J8#WE"?;c6QnU(ILk(G8!!%NN!<@ZX&-@QY_LP(Z!XJr35QDo,M?*cI!(6q~	5QCeC!W[a9!.Y>("T\Ub![s06-4E?L!e<N9!!!'X!WYIg:^Is=!"+5V"9OMfKE)1,!!iT0!<PP(5X9rG!!G*W5l^lb`.n=(J.X%4!!!'~
TTCGT/ACGAA	1	82	82	58	-1.8	*	!>#52&J+pDJ:mn&!^V>^fH^Fs!!$F.#S96,!!N?F+92D("@*5(:]SH9z!!!-6J,fQ`#iG^d7$/$O!'hY,"9AN'!<E7P$3gP3!!*~	!!!9)&-`+9&3p3q!!8ZY!!"9p!"],9Jfk$ozz!([+j!!#7a!'h/)!<aN3&.egAJ.N->"98E%!.YX%!!!"l!0A</z!W~
TTNGTNT/ANACNAA	1	44	43	20	-3.1	0,-1,-2	N.A.	N.A.
CTNCCT/AGGNAG	0	41	41	20	-2.7	3,4	N.A.	N.A.
TCGTA/TACGA	2	40	40	26	-1.5	*	!!!!%&.egA!!!-%za92JC!!!!%!"],1&-;t7!!!!1";h,l5QF%Lz!&+BQ&.esI!%7sQ5QLjM!5K]W"98E%z!!E9%!"]~	!!%NT!!3-#!'gMe!!&)`&-)\1zJ,fQLz!!!!q!'gVd!!#8L!!!Q1!WW3#z!$D7A!!!Q9!!"\Q!!!Q1!<~
TNCGTA/TACGNA	1	24	24	12	-1.9	-5,-6	N.A.	N.A.
ANNTCGT/ACGANNT	-1	20	19	4	-3.7	7,-8,9,10	N.A.	N.A.
ANTCGNT/ANCGANT	0	19	19	3	-4.3	11,-12	N.A.	N.A.
ATNCGNT/ANCGNAT	0	19	19	4	-3.7	-13,11	N.A.	N.A.
GNTNCGT/ACGNANC	-1	17	17	2	-4.5	14,15,16,-17	N.A.	N.A.
TTCNTNG/CNANGAA	1	16	17	6	-2.3	18,19	N.A.	N.A.
ANTNCGT/ACGNANT	-1	16	16	4	-2.9	7,9,20	N.A.	N.A.
GNNTCGT/ACGANNC	-1	16	16	1	-5.2	21,22,16,-17	N.A.	N.A.
$$$
TTCGTTT/AAACGAA	0	15	15	7	-1.6	0	z!<<*"!.Y%L!'gMaz!!",B#QOi)z!!!"L!'gMa!!%NLz!!!-&zz!!!Q9z!!*'"!<~	z&-)\1z!!3-#zz!!!!"zzzz!'gMizzzz!!!!)z!!",~
ATACGAA/TTCGTAT	0	8	8	2	-2.0	1	z&-)\1zzL]@DTzzzzz!!#7azzzz5QLib!!",A"9~	zzzzzzzzzzz!!!Q1zzzz!!!Q~
AGACAAA/TTTGTCT	0	21	21	11	-1.6	2	#QR*i!!#7a!'gMa!!*'"z!($Ycz!!"DIz#QOi*!'gMazz!!",Az!<<*"z!"8i15R7>kzJ,~	z!!3-#z!!!!"!$D7A0E;(Q!!!'#!.Y%L+92BAzzzz!<<*Bzzzzz!W~
CTTCCT/AGGAAG	0	29	29	14	-2.4	3	!"],9!!!'#!!!!)z!"^ga!WW3#zz&.egA!'gMa!!iQ)&-)\9#QOjUz!!!!#!!39G5QCq;!XJc,z!WW9~	zzz!!*(M!!!!%"98E%!WW3#!!!!1zzz!!%fT!!!!"z!<<*"z!!Ek+~
CTACCT/AGGTAG	0	13	13	6	-1.5	4	!!!"L!!%TNzz!'gMazzz!!N?fzz!!!$"!!",A!!3-#z!!%NLz!<<*"z!!!$~	!!!$"zzzzzzzz!'gMazzzzz+92BAz!!!-%!!!",~
TACGAA/TTCGTA	0	20	20	11	-1.5	5	z&.egAzza92JCzzz!!!!1"98E%5QF%Lzz!!!!%!$D7E5QLjM!'hY,"98E%z!!E~	z!!3-#!'gMa!!&)`zzJ,fQLzz!'gPb!!#7a!!!Q1zzzz!!!Q~
TACGTA/TACGTA	0	5	5	1	-2.1	6	zzzzzzz+92BA!!!!1z!!!!%!!!"Lz#Q~	zzzzzzzzzzzzzzzz!W~
ATTTCGT/ACGAAAT	0	8	8	3	-1.5	7	z!<<*"zz!!E9%zzzzzzzzz!'gMa!.Y%Lz"98E%!<E6~	zzzzzzzzzz!!#7az!!!!#z!"]~
ACGAGGT/ACCTCGT	0	4	4	0	-2.1	8	zzzzzz!$D7A!!!!1#QOi)zzzzzzJ,~	
ACTTCGT/ACGAAGT	0	5	5	1	-1.8	9	z!"],1zzzz!"_Bqz+92BAz!!!-~	zzzzzzzzzzzzzzz"9~
AAGTCGT/ACGACTT	0	3	3	0	-1.8	10	zzzzzzzzzzz!'gMazzzzzzzz!^H~	
ATTCGTT/AACGAAT	0	15	15	3	-3.2	11	z&HDe2z!'gMa!$D7A!!$C,zz!!!"M!'geizz!!!!"z!.Y%L!!!Q1zz!!!"L!!3~	zzz!!!Q1zz!!!!"zzzzzzzzz!!!!)~
ATCGAGT/ACTCGAT	0	4	4	0	-2.1	12	zzzzzzzzz!!%NL!$D7Azzzz!WW3#zz!<~	
ATCGGAT/ATCCGAT	0	4	4	1	-1.5	13	zzzz!!!-%zzz!<<*&zzz!!",~	zzzzzzzzzzzzzJ,~
GCTGCGT/ACGCAGC	0	3	3	1	-1.5	14	!!!!)zzzzzzzzzzzzzz!!!-%zzz!!!$~	zzzzzzzzzzzzzzzzz!!!'~
GTTCCGT/ACGGAAC	0	4	4	1	-1.5	15	zz!.Y%Lzzz!!!!#zz!!!!azzzzzzzz!W~	zzzzzzzzzzzzzzzzzzz+9~
GATTCGT/ACGAATC	0	7	7	0	-3.0	16	z!<<*"J,fQLzz!!#7azzz!!!9)zz!!!!"zz!!!!azz!!!"L~	
ACGAACC/GGTTCGT	0	3	3	0	-1.8	17	zz!!E9%zzzzzzzzzzzz!!!!)z!!!$~	
TTCGTTG/CAACGAA	0	9	9	4	-1.3	18	!<<*"&-)\1z!!*'"!$D7Azzz!!!!"!!!!1&-)\1zzz#XA~	zzz!!!Q1zzzzzzzzzz!"]D9zzz!!!!)~
TTCATCG/CGATGAA	0	7	7	2	-2.0	19	!!iQ)zzzz!!3-#zzz!!!'#zz!!"-,zzz!$D7A!W~	zzzzzzzzzzz!!E9%zz!'g~
ACTACGT/ACGTAGT	0	3	3	0	-1.8	20	zzzzzzzz!!!!Qzzzz!!i~	
GGGTCGT/ACGACCC	0	3	3	1	-1.5	21	"9:[ezzzzzzzzzzzzzzzzz!.Y~	zzzzzzzzzzzzzzz!!!Q~
GTATCGT/ACGATAC	0	3	3	0	-1.8	22	zzzz5QCcazzzzzzzz5QCcazzzz!<~	
%%%
6 0 5 5 5 0 0 5 5 0 0 5 6 0 0 0 0 5 0 5 0 0 5 0 0 0 5 5 0 0 0 5 9 5 0 0 8 0 0 0 0 0 0 0 7 0 0 0 0 5 0 0 0 0 5 5 0 5 0 5 0 0 0 0 5 0 5 0 0 0 0 6 0 0 6 0 0 0 5 5 0 0 5 0 0 0 0 0 5 0 0 6 0 0 0 0 5 5 0 0 0 0 0 0 5 5 0 0 0 0 8 0 5 0 0 0 0 0 0 5 5 0 5 5 0 5 0 5 5 0 5 7 5 5 5 7 0 0 7 5 6 8 5 5 0 0 5 0 6 6 0 0 0 0 5 0 0 0 0 0 0 6 0 0 0 0 5 0 0 5 0 0 0 0 5 0 5 0 0 0 0 8 8 0 6 0 5 0 0 0 0 0 0 0 0 6 0 0 0 0 0 0 0 0 6 5 5 0 0 0 0 0 0 0 6 0 0 5 0 5 0 0 0 0 0 0 0 0 5 5 5 0 5 5 5 0 0 5 0 0 5 0 5 5 0 5 0 0 5 0 0 5 5 5 0 0 5 0 5 5 6 6 0 0 5 0 5 0 6 0 0 0 0 0 0 0 0 0 5 0 8 5 5 5 6 5 5 8 0 0 6 5 0 0 0 5 5 0 0 5 5 5 8 0 0 5 0 8 5 0 0 5 5 0 5 5 6 5 5 5 0 0 5 0 6 0 6 0 0 0 0 6 5 5 5 0 5 0 6 5 5 0 7 6 0 5 5 0 0 0 5 0 0 0 0 5 6 0 0 5 0 0 0 0 5 5 5 0 5 0 5 5 0 5 0 0 0 0 0 6 0 0 0 5 0 0 0 6 0 0 0 5 0 0 0 0 5 5 0 5 0 0 6 5 0 5 0 5 9 0 0 0 5 0 5 6 0 0 0 5 5 0 5 5 0 5 0 5 5 0 0 0 0 0 5 0 0 5 0 5 0 5 6 0 5 0 0 0 5 0 0 6 0 0 0 0 0 0 0 5 0 6 7 7 5 0 5 0 0 0 0 5 0 6 6 5 0 0 0 0 5 5 5 0 5 0 7 5 7 6 0 0 5 0 0 6 5 0 5 0 8 0 0 5 0 0 0 7 0 6 7 5 0 5 0 0 0 0 6 5 0 0 0 0 0 5 6 5 5 0 6 0 0 7 5 0 0 0 0 0 5 5 0 6 5 5 8 0 0 0 0 0 6 0 5 5 0 0 0 0 6 0 5 0 0 0 0 0 6 5 5 0 0 0 0 0 5 5 0 0 0 0 5 0 6 0 0 5 0 0 0 5 0 6 0 0 0 5 0 0 0 5 0 0 0 0 0 8 0 6 0 5 0 0 0 5 5 7 6 0 0 0 0 0 5 6 0 0 0 0 0 0 5 0 5 0 0 0 5 0 0 5 0 0 0 0 0 5 5 0 5 0 5 0 5 0 0 0 5 0 0 0 0 0 0 0 0 
0 0 0 0 0 0 5 0 0 0 0 0 0 0 0 0 5 0 0 5 0 0 0 5 0 0 5 5 0 0 0 5 0 5 0 0 6 0 0 0 0 5 5 0 0 0 0 0 0 0 0 0 0 0 0 5 0 5 0 0 0 0 5 0 0 0 0 0 5 0 0 0 0 0 0 0 0 0 6 5 0 0 0 5 0 0 0 0 5 0 5 5 0 5 0 0 5 0 5 0 0 0 0 0 6 6 0 0 0 0 0 0 0 0 5 5 8 0 0 6 5 0 6 0 5 0 5 6 0 5 0 0 5 0 0 0 0 0 0 5 0 5 0 0 5 0 5 0 5 5 0 5 0 0 6 0 0 0 0 5 0 5 6 0 5 5 0 0 0 0 5 5 5 0 0 0 0 5 5 0 0 0 5 0 0 0 0 5 0 0 0 0 0 6 0 0 0 0 0 6 0 0 0 0 0 5 0 5 0 5 0 0 0 0 5 0 8 0 0 0 0 0 0 0 0 0 0 0 0 0 0 0 0 0 0 0 0 0 0 5 0 5 0 0 0 0 0 0 5 0 5 0 6 5 0 0 0 5 0 0 0 5 0 0 0 0 0 0 0 0 0 0 0 0 0 0 0 0 5 0 0 0 5 0 5 0 5 0 0 0 0 0 5 0 5 0 5 0 0 5 0 0 5 0 6 5 0 5 5 0 0 0 0 0 0 0 0 0 0 0 0 0 0 0 0 0 0 0 0 5 0 5 0 0 0 0 0 0 0 0 0 0 7 5 0 0 0 0 0 0 5 0 0 0 5 0 0 0 0 0 0 5 5 0 0 0 6 0 0 5 5 6 7 0 0 6 5 5 0 6 0 0 0 0 5 5 5 0 0 0 0 5 0 0 5 0 0 0 0 0 5 0 5 0 0 5 0 0 6 6 0 0 0 0 5 5 5 0 0 0 5 0 0 5 0 0 0 5 5 0 0 0 5 0 0 0 0 0 0 0 0 5 5 0 0 5 0 0 6 0 0 0 0 0 0 5 0 5 0 0 7 5 5 0 5 0 5 6 0 0 5 0 0 0 0 5 5 0 0 5 0 0 6 0 0 5 5 0 0 0 0 0 0 0 5 0 5 5 0 0 6 0 0 5 0 5 0 5 0 5 0 0 0 5 0 0 0 0 0 0 0 0 6 0 0 0 0 5 5 5 0 0 7 5 0 0 5 0 0 8 0 6 5 6 5 0 0 0 0 0 5 0 0 0 0 0 0 0 0 0 0 5 5 0 5 0 0 0 0 0 0 0 0 5 0 5 5 0 5 0 0 0 5 5 5 5 5 0 5 0 0 5 0 0 0 0 0 6 0 0 0 0 0 6 5 5 5 0 0 5 0 0 0 5 0 5 5 0 0 0 5 0 0 0 0 0 5 0 0 5 0 0 0 0 0 5 0 0 0 0 0 5 0 0 0 0 0 0 0 0 0 0 0 0 0 0 0 5 0 0 0 0 0 0 0 0 0 
1.4161 1.3990 1.6730 0.9915 0.9998 1.3168 1.6843 0.9971 0.9515 1.7702 0.9557 1.6643 1.0256 1.3227 0.9686 1.0295 0.9593 1.0724 0.9867 1.0015 0.9704 1.2124 0.9915 0.9570 0.9811 0.9358 0.9742 1.3794 0.9593 0.9358 0.9872 1.0787 0.9478 0.9593 0.9593 0.9704 0.9478 0.9811 0.9712 0.9596 0.9478 1.0015 1.7093 0.9915 1.0468 0.9704 1.0533 0.9478 0.9478 0.9683 0.9811 0.9358 1.2689 1.2758 0.9825 1.0047 1.5894 0.9478 0.9358 0.9915 1.0341 0.9593 0.9823 1.1273 0.9358 0.9811 0.9423 1.0015 1.0015 0.9593 0.9478 0.9579 0.9704 0.9411 0.9668 1.0509 1.0205 0.9799 1.0006 1.0111 0.9358 0.9358 1.0111 0.9915 1.0934 0.9478 1.0015 0.9704 1.0383 0.9478 0.9358 0.9465 1.0205 0.9358 0.9646 1.0223 0.9478 1.6100 0.9358 0.9358 1.9755 0.9811 0.9789 0.9478 0.9593 0.9358 0.9811 0.9405 0.9529 0.9668 0.9915 1.0015 0.9677 0.9478 0.9478 0.9823 0.9915 0.9593 0.9593 0.9358 0.9358 0.9518 0.9358 0.9358 0.9358 0.9442 0.9704 0.9539 1.0551 0.9478 0.9540 0.9358 0.9593 0.9915 0.9358 0.9451 1.0081 0.9407 1.0111 1.0995 1.4058 0.9593 0.9358 0.9478 0.9491 0.9593 0.9568 0.9478 0.9358 1.0527 0.9593 0.9811 0.9704 0.9704 0.9915 0.9358 0.9368 0.9358 0.9593 0.9547 0.9358 1.0262 0.9800 0.9593 0.9593 0.9681 0.9704 0.9704 0.9811 0.9457 0.9368 0.9794 0.9915 0.9902 0.9391 0.9685 0.9527 0.9567 0.9593 0.9478 0.9358 1.0908 0.9704 1.0711 1.0722 0.9915 0.9704 1.5710 0.9358 0.9747 0.9478 0.9811 0.9412 0.9358 0.9968 0.9564 1.0162 1.1208 1.0111 0.9593 0.9358 0.9478 0.9358 0.9478 0.9704 0.9704 0.9593 1.0133 0.9593 0.9358 0.9811 0.9358 0.9613 1.0015 0.9478 0.9915 1.0102 0.9358 0.9594 0.9412 0.9478 0.9358 0.9475 0.9395 0.9593 1.0133 1.0015 0.9485 0.9478 1.5620 0.9358 0.9593 0.9752 0.9593 0.9593 0.9478 1.0711 0.9811 0.9358 0.9915 0.9811 0.9478 0.9358 0.9882 0.9863 1.0475 0.9358 0.9358 0.9593 0.9532 0.9409 0.9811 0.9811 0.9478 0.9593 0.9526 0.9358 0.9704 0.9915 0.9811 0.9704 0.9704 1.0127 0.9593 0.9358 0.9478 0.9434 0.9704 0.9358 0.9473 1.0205 0.9478 0.9813 0.9927 0.9358 0.9358 0.9987 0.9915 0.9915 0.9581 1.0359 1.0015 0.9593 1.3163 0.9407 0.9765 0.9811 0.9593 0.9478 0.9811 0.9593 0.9358 0.9478 0.9704 0.9791 0.9593 0.9811 0.9704 0.9524 0.9742 0.9593 0.9358 0.9409 0.9991 1.0015 0.9358 0.9358 0.9704 0.9791 0.9358 0.9403 0.9478 0.9566 0.9593 0.9593 0.9440 0.9408 0.9523 0.9532 1.0366 0.9478 0.9811 0.9358 0.9358 0.9358 0.9714 0.9478 1.0015 0.9478 0.9358 0.9384 0.9778 1.0436 0.9704 0.9748 0.9358 0.9358 0.9593 0.9478 1.0260 1.0595 0.9704 0.9811 0.9358 0.9720 0.9453 1.0468 0.9399 0.9358 0.9664 0.9589 0.9636 0.9478 0.9412 0.9358 0.9704 0.9471 0.9704 0.9704 0.9593 0.9358 0.9358 0.9358 0.9478 0.9811 0.9593 1.0015 0.9358 0.9471 0.9593 0.9358 0.9758 0.9374 0.9811 0.9727 1.0777 0.9478 1.0205 0.9478 0.9478 0.9478 0.9811 0.9478 1.0862 0.9358 0.9358 0.9486 1.0029 0.9358 0.9581 0.9704 1.0015 0.9478 0.9593 0.9478 0.9478 1.0787 0.9478 0.9478 1.0030 0.9358 0.9869 0.9462 0.9358 0.9704 0.9805 0.9413 0.9358 0.9949 0.9811 1.0551 0.9704 0.9478 0.9358 1.0111 0.9787 0.9478 1.0015 0.9358 0.9403 0.9358 0.9405 0.9478 0.9667 0.9915 0.9358 0.9358 0.9592 0.9915 0.9358 0.9753 0.9358 1.0632 0.9478 0.9358 0.9704 1.0000 0.9593 1.0111 0.9358 1.0541 0.9478 1.0468 0.9398 0.9704 0.9478 0.9448 1.0205 1.1003 0.9358 0.9811 1.0276 1.2633 0.9358 0.9433 0.9358 0.9811 1.0732 1.0111 1.5786 0.9561 0.9811 0.9358 0.9964 1.0563 0.9358 0.9358 0.9445 0.9915 0.9478 1.0078 0.9865 0.9704 0.9358 0.9593 0.9358 0.9593 1.2693 0.9789 0.9704 0.9811 0.9478 0.9811 0.9478 0.9404 0.9494 0.9358 0.9704 0.9681 0.9478 0.9358 0.9358 0.9668 0.9358 0.9500 1.0381 0.9832 0.9915 1.2422 0.9682 0.9358 1.1401 0.9478 0.9915 0.9358 0.9772 1.0111 0.9772 0.9683 0.9358 0.9478 0.9478 0.9464 0.9704 1.0015 0.9358 0.9478 0.9358 0.9478 0.9727 0.9358 0.9704 0.9704 0.9614 0.9358 0.9794 0.9911 0.9811 0.9367 0.9358 0.9915 0.9915 0.9915 0.9915 0.9836 1.0632 0.9478 1.0862 0.9915 0.9939 0.9358 0.9478 0.9846 1.0468 0.9358 1.3456 0.9593 0.9358 0.9704 0.9478 0.9478 0.9704 0.9679 0.9565 0.9915 0.9358 0.9704 0.9414 0.9915 1.1799 1.0404 0.9471 0.9478 0.9478 0.9915 1.3334 1.0019 1.1142 0.9593 0.9358 0.9593 0.9478 1.0313 0.9358 0.9358 0.9781 0.9468 0.9393 0.9478 0.9704 0.9478 0.9869 0.9647 0.9607 0.9478 0.9593 0.9685 0.9704 0.9521 0.9593 1.2144 1.0111 0.9593 0.9549 0.9811 0.9508 1.0271 0.9478 0.9387 0.9358 1.8045 1.6131 1.8445 1.8721 1.6925 1.7779 1.7122 0.9775 0.9704 0.9478 1.4121 1.3282 1.0934 1.1208 0.9915 1.0787 1.1005 1.1337 1.1398 0.9358 0.9358 0.9358 0.9433 0.9358 0.9478 0.9593 0.9478 0.9358 0.9358 0.9358 0.9704 0.9358 0.9358 0.9358 0.9358 0.9704 0.9704 0.9478 0.9593 0.9593 0.9593 0.9358 0.9593 0.9593 0.9358 0.9446 0.9915 0.9478 0.9811 0.9478 0.9704 0.9619 0.9811 0.9593 0.9358 0.9478 0.9811 0.9704 0.9593 0.9358 0.9358 0.9915 1.1005 0.9358 1.0053 1.0468 0.9811 
