DE Gcr2_GEM_2_m0 7.00 -2 k10_c407
1 163 58 152 34 A
2 301 13 74 19 A
3 334 2 61 10 A
4 382 8 15 3 A
5 381 6 14 7 A
6 396 2 3 6 A
7 338 16 16 36 A
XX

DE Gcr2_GEM_2_m1 6.51 9 k8_c310
1 0 1 0 308 T
2 0 2 0 308 T
3 0 105 1 203 T
4 27 223 0 60 C
5 281 28 0 0 A
6 213 2 54 42 A
XX

DE Gcr2_GEM_2_m2 6.33 5 k6_c156
1 0 0 155 0 G
2 136 14 4 3 A
3 151 0 4 0 A
4 0 3 152 0 G
5 26 22 28 81 T
6 18 3 1 133 T
XX

DE Gcr2_GEM_2_m3 7.38 7 k6_c130
1 3 1 7 119 T
2 2 0 0 128 T
3 11 0 0 119 T
4 0 16 111 2 G
5 0 106 24 0 C
6 10 19 93 7 G
XX

DE Gcr2_GEM_2_m4 8.70 8 k7_c100
1 2 3 2 94 T
2 0 0 6 94 T
3 0 83 2 14 C
4 8 0 0 91 T
5 0 0 81 18 G
6 10 84 0 6 C
7 0 88 0 11 C
XX

DE Gcr2_GEM_2_m5 6.44 -1 k6_c198
1 53 113 26 7 C
2 190 5 0 3 A
3 197 0 0 0 A
4 5 24 168 0 G
5 194 0 0 3 A
6 12 4 173 8 G
XX

DE Gcr2_GEM_2_m6 8.71 0 k9_c122
1 8 5 93 16 G
2 11 110 0 0 C
3 121 0 0 0 A
4 102 0 15 5 A
5 29 82 10 1 C
6 121 0 0 0 A
7 121 0 0 0 A
XX

DE Gcr2_GEM_2_m7 8.38 14 k7_c104
1 5 82 1 17 C
2 16 87 1 1 C
3 96 1 7 1 A
4 1 64 1 39 C
5 1 1 1 102 T
6 1 1 1 102 T
7 2 1 1 101 T
XX

DE Gcr2_GEM_2_m8 7.97 5 k7_c84
1 2 10 59 13 G
2 3 73 7 0 C
3 3 3 3 76 T
4 1 1 11 71 T
5 0 83 0 0 C
6 6 6 2 70 T
7 3 1 72 7 G
XX

DE Gcr2_GEM_2_m9 6.92 11 k6_c170
1 42 20 76 32 G
2 167 3 0 0 A
3 3 0 0 167 T
4 9 5 12 144 T
5 0 165 5 0 C
6 0 9 4 157 T
XX

DE Gcr2_GEM_2_m10 5.89 8 k5_c261
1 8 29 8 217 T
2 3 3 1 253 T
3 0 246 0 14 C
4 5 114 142 0 G
5 0 0 0 260 T
XX

DE Gcr2_GEM_2_m11 6.20 -2 k5_c288
1 15 52 149 71 G
2 0 0 0 287 T
3 0 0 287 0 G
4 0 0 287 0 G
5 199 31 21 37 A
XX

DE Gcr2_GEM_2_m12 9.02 13 k10_c57
1 2 24 6 25 T
2 1 11 36 9 G
3 28 19 3 7 A
4 45 0 10 1 A
5 2 5 49 1 G
6 4 0 12 40 T
7 8 0 4 44 T
8 1 2 36 18 G
9 4 2 5 46 T
10 3 1 13 40 T
XX

DE Gcr2_GEM_2_m13 10.59 17 k15_c79
1 70 6 1 2 A
2 1 1 4 74 T
3 4 2 1 72 T
4 2 2 1 74 T
5 4 2 1 72 T
6 23 41 1 14 C
7 50 4 1 24 A
8 33 1 6 40 T
9 1 9 8 62 T
10 45 2 2 30 A
11 52 6 1 21 A
12 4 1 1 74 T
13 32 2 2 43 T
14 30 4 1 44 T
15 1 1 2 75 T
XX

