-300	3.8319563317392634E-4
-299	7.491184965562886E-4
-298	7.007400843260323E-4
-297	6.82390484721554E-4
-296	6.912339278926403E-4
-295	6.92521517505809E-4
-294	6.526330000361321E-4
-293	5.876316464943753E-4
-292	5.75710959593501E-4
-291	6.863524919106459E-4
-290	8.814737838977603E-4
-289	0.0010222529818165326
-288	9.813954122920281E-4
-287	7.829436143607756E-4
-286	5.879877066186315E-4
-285	5.541438680639188E-4
-284	7.001285767480395E-4
-283	9.380217067235627E-4
-282	0.0011658221405018137
-281	0.001301940894885613
-280	0.0012700056819140136
-279	0.0010240754403266067
-278	6.588679851198654E-4
-277	3.7572288246315305E-4
-276	3.569564777706125E-4
-275	5.953791718564181E-4
-274	8.96954026897842E-4
-273	0.0010585310015533626
-272	0.0010297127266054515
-271	9.499256641668367E-4
-270	9.612852615116126E-4
-269	0.0010363827784550092
-268	0.0010359206007533274
-267	8.624195522834786E-4
-266	6.600423257520424E-4
-265	6.342112085982179E-4
-264	9.172312299070772E-4
-263	0.0013433429529092226
-262	0.0016546844628301052
-261	0.0016549096342698725
-260	0.0014254467913670185
-259	0.0011657397696268204
-258	0.0010478831390302098
-257	0.001069123124163765
-256	0.0011318391468306116
-255	0.0011415762425643333
-254	0.001079240385698827
-253	9.750782340729334E-4
-252	8.613961127930251E-4
-251	7.55211875846157E-4
-250	7.034962789486179E-4
-249	7.697150212277575E-4
-248	0.0010142864379725346
-247	0.0013731153359886606
-246	0.0017252267716547265
-245	0.0018990058944296066
-244	0.0018784677324055325
-243	0.001717977754222601
-242	0.0015333023422145788
-241	0.0013037143467250635
-240	9.733893784134957E-4
-239	5.470523165955262E-4
-238	1.907086688196683E-4
-237	1.506558215428703E-4
-236	2.9117342514466365E-4
-235	4.965464014523705E-4
-234	6.026232861714812E-4
-233	4.995893955145503E-4
-232	2.9497716772238853E-4
-231	2.3308790113131826E-4
-230	3.7068808495362246E-4
-229	5.579917920793677E-4
-228	6.139018267746758E-4
-227	4.967536557234444E-4
-226	4.2225154440946006E-4
-225	6.116494827512255E-4
-224	0.0011301731641529269
-223	0.0016756723152325334
-222	0.0019033068580105526
-221	0.0016787925122292988
-220	0.0012581592470521836
-219	9.682329167443436E-4
-218	9.8389919102496E-4
-217	0.0011610459248661135
-216	0.0012857965621911312
-215	0.001212848550405942
-214	9.936104421357005E-4
-213	7.31150019101064E-4
-212	5.218885308768173E-4
-211	3.790430794160233E-4
-210	2.9466755857705806E-4
-209	2.631767830988339E-4
-208	2.797073143217067E-4
-207	3.2811741814323293E-4
-206	3.630364357233831E-4
-205	3.918785064390133E-4
-204	4.6190238617155045E-4
-203	6.905728130925868E-4
-202	0.0011188773245709416
-201	0.0017100400962747266
-200	0.0022338437252549517
-199	0.0024766401341035442
-198	0.002324772292207815
-197	0.0019901638554499063
-196	0.001746914404541335
-195	0.0017736489644799617
-194	0.0019019404956695579
-193	0.0019303950486649916
-192	0.001747379241404909
-191	0.0015185612932806832
-190	0.0013875917439363922
-189	0.0014292680703581805
-188	0.0015453772747303178
-187	0.0016130880794566497
-186	0.0015336953443204288
-185	0.001311922757925225
-184	0.0010788546191449195
-183	9.915210131414822E-4
-182	0.0011527370509770215
-181	0.0014612847652537616
-180	0.0017389892396482782
-179	0.0017733857095740698
-178	0.001607286911537395
-177	0.0013916017654680723
-176	0.001342614469201821
-175	0.0013720674334786658
-174	0.0012908238831952545
-173	9.530309131165576E-4
-172	6.156164588428128E-4
-171	6.322557664758697E-4
-170	0.0011938761847483013
-169	0.0019570433088641355
-168	0.002456596232379931
-167	0.0024045461642693768
-166	0.002072791183141827
-165	0.0018596678844551347
-164	0.0020134513454142496
-163	0.0023479681806105757
-162	0.0025846368443404088
-161	0.0025557683810831177
-160	0.0023356342682757164
-159	0.002059843291019402
-158	0.001864179804611104
-157	0.001822019971815398
-156	0.0019598159446394705
-155	0.002192425004124518
-154	0.002442376768483499
-153	0.0026647259147593136
-152	0.0028630769465520303
-151	0.0028896420108943323
-150	0.0025745453617631595
-149	0.0019263996796262577
-148	0.0013449704939240185
-147	0.001270654661666804
-146	0.0018171709906195793
-145	0.002568179147415949
-144	0.0030430311046878724
-143	0.0030778524499823607
-142	0.0029469201252512356
-141	0.002944792244817275
-140	0.0030408785641503136
-139	0.0030356096204482534
-138	0.002790929857924802
-137	0.002461555007663204
-136	0.0020998088287529715
-135	0.001686836691279142
-134	0.0011886994296013403
-133	8.764563954001629E-4
-132	0.0010430484003682854
-131	0.0016523507020462032
-130	0.002258833046193802
-129	0.002423883904026989
-128	0.0021624101329301097
-127	0.0018910547601506645
-126	0.0020217739041994047
-125	0.002553768744235755
-124	0.0030589506263492537
-123	0.003093373649014157
-122	0.002607947843467841
-121	0.002074461293301137
-120	0.001996480901201715
-119	0.0024360123155552265
-118	0.0029007901577373747
-117	0.0028764147501218512
-116	0.0023376447748106204
-115	0.0017723639841111419
-114	0.00167706090728483
-113	0.0020848429781922624
-112	0.002609563515875092
-111	0.0028462467677328887
-110	0.0026958345818963725
-109	0.002351739920177268
-108	0.002058235238807052
-107	0.0019947545786716
-106	0.0021824527569708875
-105	0.0025746855717442662
-104	0.0029986595954394272
-103	0.0032256913061487476
-102	0.003047949891260241
-101	0.00244201291209811
-100	0.0017118896344671523
-99	0.0012457578911405805
-98	0.0013533490705157946
-97	0.0018933987229468694
-96	0.002550883451402831
-95	0.0028764370831800045
-94	0.002764169645862152
-93	0.0022989487494726457
-92	0.0018680830749433165
-91	0.0017155294270680547
-90	0.001954118092511656
-89	0.00243272562760892
-88	0.0030354628638508464
-87	0.0036552268179516068
-86	0.004090406602251146
-85	0.004034457764199764
-84	0.0032890779086065815
-83	0.002218654668023673
-82	0.0014894785704083068
-81	0.0016586159893253337
-80	0.0025964982638643163
-79	0.00371030046497778
-78	0.004412203577718652
-77	0.004523777422015969
-76	0.004262668407724315
-75	0.003923250093461296
-74	0.003758815717584711
-73	0.003882347530793885
-72	0.004311426649448721
-71	0.004819744122763592
-70	0.005116284116087998
-69	0.004997140424808098
-68	0.004621590363370763
-67	0.00428006340360187
-66	0.004200997650557792
-65	0.004318827097891281
-64	0.00448326490563848
-63	0.004582336544651051
-62	0.004648171259676572
-61	0.004669749505750638
-60	0.004595456228863405
-59	0.004327393932067528
-58	0.00387476904960348
-57	0.003320272270684444
-56	0.002903329579616269
-55	0.0028627424841735955
-54	0.0033153192246134695
-53	0.003932013110108018
-52	0.004271023537035993
-51	0.004064507817080293
-50	0.003725923627723832
-49	0.0037794006599988104
-48	0.004548730601317269
-47	0.005628158619714728
-46	0.006460201548420255
-45	0.0066367203230066766
-44	0.006342094175053662
-43	0.0060132471651624725
-42	0.006016204739724414
-41	0.006280587632297778
-40	0.006471537958337644
-39	0.00629453761420611
-38	0.005814038364059733
-37	0.00530376497004773
-36	0.005018206014308313
-35	0.004977139329103683
-34	0.00502816457153315
-33	0.0049965991856018655
-32	0.004800992102195246
-31	0.004613049445356618
-30	0.0046693041992160724
-29	0.005094795889778949
-28	0.005515584595001612
-27	0.005462112509762263
-26	0.0047415113483889335
-25	0.003817514815110113
-24	0.0032338460172891114
-23	0.0031339594983755326
-22	0.0032101129392937892
-21	0.0031707375692452485
-20	0.0031749333798625867
-19	0.0035373533021622857
-18	0.004456096588290607
-17	0.00560381447227103
-16	0.006471214293793141
-15	0.006666591196538022
-14	0.0063762230625439694
-13	0.006132174108192874
-12	0.006400158750832075
-11	0.007092897103382629
-10	0.0077115416455959
-9	0.007746678678307462
-8	0.007019797268371389
-7	0.0057412140022001
-6	0.004256078685159635
-5	0.0030919356568259522
-4	0.00270781642152504
-3	0.0033979301111804494
-2	0.004825090728254313
-1	0.00614242146818991
0	0.006523463787158758
1	0.005786844264069334
2	0.004617887959240274
3	0.0038385303635756667
4	0.003869189023793713
5	0.00429676205399075
6	0.0045366459739195845
7	0.00424776127240654
8	0.0037030884434234106
9	0.00328382929037411
10	0.0031319309462437546
11	0.00302171827236879
12	0.002716048035914148
13	0.0022903927576757403
14	0.002011474969370243
15	0.0020894019093177937
16	0.002398848922483943
17	0.002774377471416066
18	0.0031249646303805603
19	0.0035449299310374347
20	0.003928704922517667
21	0.004081584205760489
22	0.0038208505283973413
23	0.0033638990601949624
24	0.0030443292475485174
25	0.0031133912803925716
26	0.0033383357152417625
27	0.0033555124145260313
28	0.0029148707854010354
29	0.002330619547976532
30	0.0020371488751721825
31	0.002236876080841587
32	0.002545042957516177
33	0.0025078927587517895
34	0.0020580699649928227
35	0.0015920728226492846
36	0.0015158226461799917
37	0.00183702853156724
38	0.0022982185171290513
39	0.0026294580445021466
40	0.0026938296644791744
41	0.002410911302515366
42	0.001772429855186994
43	0.0010588744085451964
44	7.16512629219294E-4
45	0.0010878741662299432
46	0.00194490310853093
47	0.0027076237017764275
48	0.0028554510482114107
49	0.0023929406154425074
50	0.001697252670529301
51	0.0011645197975969986
52	9.695702379628174E-4
53	0.0010827089381779094
54	0.0014069425554322338
55	0.0017407425227670588
56	0.0018771248807904915
57	0.0016814282921068402
58	0.0013095337259427435
59	0.0010773657024871737
60	0.0012512518134997002
61	0.0017517861101454364
62	0.0022102143048797216
63	0.0022720965029255384
64	0.0019270702263605637
65	0.0015147069589219401
66	0.0013692725150883192
67	0.0014734579051242029
68	0.0015388983910979758
69	0.0013115160882362004
70	8.83152091470197E-4
71	4.823724286073539E-4
72	4.5196746462861087E-4
73	3.975867383462663E-4
74	5.157511607149828E-4
75	8.875332498249715E-4
76	0.0013670486503408335
77	0.0017524879120904265
78	0.0018438041018132457
79	0.0016255027608084954
80	0.0012920963472067388
81	0.0010601704767156989
82	0.0010189048554207951
83	0.00107223338002656
84	0.001077129212051951
85	9.081476342439854E-4
86	6.010061141442677E-4
87	2.6864810500744303E-4
88	1.5631394434183476E-4
89	2.8594200369054247E-4
90	7.404484886199755E-4
91	0.0012321976428810064
92	0.0014792518006343162
93	0.0012960011319558499
94	8.608330473685504E-4
95	5.353843686745872E-4
96	6.324498800020444E-4
97	0.0011113960735916664
98	0.001619507243916
99	0.0017917241644874846
100	0.001532377478416483
101	0.0011136096224212393
102	8.60483563424322E-4
103	9.125487528635431E-4
104	0.0010753499320064373
105	0.0010975242790222232
106	8.661623821994813E-4
107	5.252765915826233E-4
108	2.6789747837311555E-4
109	2.1390735430517726E-4
110	3.4455581279217566E-4
111	5.989856741126512E-4
112	8.784096746729166E-4
113	0.001082539198596613
114	0.0011374714483329588
115	0.0010787528902077455
116	0.001015864445910943
117	0.0010462466308373388
118	0.001151175197629454
119	0.00121416149992861
120	0.0011218419493877875
121	8.796442373909621E-4
122	6.463924708186909E-4
123	5.942555608264088E-4
124	7.701756302576641E-4
125	0.0010148099668406186
126	0.0011375658698622357
127	0.0010515541823275737
128	8.535371965824014E-4
129	6.716133417943127E-4
130	5.698424436462346E-4
131	5.169901151997727E-4
132	4.725256789431024E-4
133	4.467546265317187E-4
134	4.756332378912497E-4
135	5.879728118716545E-4
136	7.663785242485511E-4
137	9.675727585484492E-4
138	0.0011385035484810855
139	0.0012085639088110103
140	0.0011262169798515356
141	8.753754549866618E-4
142	5.634255245481308E-4
143	3.537395917385687E-4
144	3.7854717192271664E-4
145	5.968254957699923E-4
146	8.421573272725907E-4
147	9.493604606230349E-4
148	8.708032451633879E-4
149	6.822052158153943E-4
150	4.818200424115515E-4
151	3.4084903773699046E-4
152	2.601262498952594E-4
153	2.2613140090141842E-4
154	2.4507979871344016E-4
155	3.630272847093019E-4
156	6.117948521669687E-4
157	9.14337568525495E-4
158	0.0011112960671055732
159	0.0010680547246612955
160	8.2930752795799E-4
161	5.65438941670388E-4
162	4.3324073719317266E-4
163	4.386971036413426E-4
164	5.119046018382759E-4
165	5.957703895135636E-4
166	7.108643502655444E-4
167	8.435053866875526E-4
168	9.45374509782372E-4
169	9.152139894940835E-4
170	7.449128555014298E-4
171	4.8176429806436234E-4
172	2.6016001048758894E-4
173	1.5734906953408605E-4
174	1.9906243695235926E-4
175	3.22509758780746E-4
176	4.2225154440946006E-4
177	4.3132340256325053E-4
178	4.606530056216879E-4
179	4.875415820216581E-4
180	5.038522640169185E-4
181	4.926891074914296E-4
182	4.7566247859878535E-4
183	4.777568688888045E-4
184	4.910148847086215E-4
185	4.8788402809958533E-4
186	4.465331462708593E-4
187	3.8139806301721425E-4
188	3.207237989381938E-4
189	2.873477966848483E-4
190	2.938136624475282E-4
191	3.088161207484765E-4
192	3.891805056835816E-4
193	5.493568191256233E-4
194	7.399666433746098E-4
195	8.828468482899663E-4
196	8.921872447174718E-4
197	7.676647323028757E-4
198	5.366967375691242E-4
199	2.4443735075767433E-4
200	5.017840132126663E-4
