-300	8.954159322065406E-4
-299	9.043594480559413E-4
-298	9.13035198030947E-4
-297	9.211754162571631E-4
-296	9.28512336860195E-4
-295	9.354969784551866E-4
-294	9.454554976154391E-4
-293	9.624328354037922E-4
-292	9.854869674309381E-4
-291	9.937280074989797E-4
-290	9.612791039578721E-4
-289	8.766487731294107E-4
-288	7.858870032227504E-4
-287	7.494291504188867E-4
-286	8.066801847728491E-4
-285	9.129235318358057E-4
-284	0.001002412231032959
-283	0.0010258127834591642
-282	9.994455368878869E-4
-281	9.560443007622454E-4
-280	9.238743880041633E-4
-279	9.133271254507874E-4
-278	9.303253434180694E-4
-277	9.769844208002746E-4
-276	0.0010401899308049188
-275	0.0011030199952178305
-274	0.0011507251345464686
-273	0.0011772454641848099
-272	0.0011786934982484611
-271	0.0011543549107100714
-270	0.0011162080149704624
-269	0.0010794042842874984
-268	0.0010592893445791366
-267	0.0010719854324037102
-266	0.0011338089369796447
-265	0.001248236062488949
-264	0.0013673822729679639
-263	0.0014305228474166135
-262	0.0013962671260008747
-261	0.0013005606935509375
-260	0.0011986831960630446
-259	0.0011367056275372067
-258	0.0011238643739885017
-257	0.0011601871694357751
-256	0.0012398817101867742
-255	0.0013338755417048526
-254	0.0014072761717422663
-253	0.0014334785660023522
-252	0.001419027521992776
-251	0.0013787552951722846
-250	0.0013260844817207806
-249	0.0012687990407027948
-248	0.0012132732719040127
-247	0.0011681587837568783
-246	0.0011512164192808635
-245	0.0011824843301421987
-244	0.0012687476692745056
-243	0.0013637795946809799
-242	0.0014081002656322092
-241	0.0013644812012758788
-240	0.0012846993602680615
-239	0.0012427830611419263
-238	0.0012888487189865205
-237	0.0013773651351144062
-236	0.0014388892073940232
-235	0.0014233139319006624
-234	0.0013578766975370193
-233	0.00128915099141264
-232	0.001255433884434883
-231	0.0012619167827023546
-230	0.0013055146761114748
-229	0.0013818375355012615
-228	0.0014812752554811339
-227	0.0015929127116031095
-226	0.0017030023660106696
-225	0.0017864670272131468
-224	0.0018153970903113372
-223	0.0017745525226157315
-222	0.0016993715802756015
-221	0.0016379620916499148
-220	0.0016251602143295355
-219	0.001642715422832919
-218	0.0016591055209104184
-217	0.0016488558497370924
-216	0.0016106819001868238
-215	0.0015493467005582018
-214	0.001475538470170787
-213	0.0014236461924280353
-212	0.0014339840417543737
-211	0.0015292458994552907
-210	0.001661644474360521
-209	0.00176577218218086
-208	0.0017939150334772037
-207	0.0017691334182108605
-206	0.0017321813211932397
-205	0.0017145337140748742
-204	0.0017105495158627917
-203	0.0017053086324031435
-202	0.0016886222273536362
-201	0.0016692264956181986
-200	0.0016605888899123157
-199	0.0016715912711306555
-198	0.0016927731328846242
-197	0.0017100883769648125
-196	0.0017144955885080525
-195	0.0017169720860361493
-194	0.0017334998714171484
-193	0.0017725258530720866
-192	0.0018123565656339579
-191	0.0018237634502887472
-190	0.0017884952482884254
-189	0.001732209901148913
-188	0.001691542650452118
-187	0.001691925383851744
-186	0.0017139765732886781
-185	0.0017271113367756015
-184	0.0017105185050896574
-183	0.0016824817600658312
-182	0.0016710584963035692
-181	0.0016959767334414413
-180	0.0017436469912745173
-179	0.00179215041463699
-178	0.001824897694021977
-177	0.0018466177025582898
-176	0.0018673688590336627
-175	0.0018963871362227417
-174	0.0019396187228478197
-173	0.002002187361618101
-172	0.0020824674764733696
-171	0.0021518362162757303
-170	0.0021749214111178696
-169	0.002129427926362652
-168	0.0020453687684536676
-167	0.0019658339791046825
-166	0.0019234673609797514
-165	0.0019091277605440692
-164	0.001903227785213115
-163	0.001890752307658461
-162	0.0018749752615760495
-161	0.0018637428459179139
-160	0.0018669548865947313
-159	0.001902725717351755
-158	0.0019912232988928817
-157	0.002137085681314645
-156	0.0022828312722841327
-155	0.002355448568861067
-154	0.0023087567369151495
-153	0.0022038976175559775
-152	0.0021288437207031257
-151	0.002149081647643828
-150	0.0022401543651359686
-149	0.00235511893130509
-148	0.002453502518042647
-147	0.0025207127523037393
-146	0.0025486273748093783
-145	0.002533812486818917
-144	0.002491587631745081
-143	0.0024419607135389367
-142	0.002401198705201859
-141	0.0023706048559364477
-140	0.002347741483995612
-139	0.002333444110281629
-138	0.0023416410662942637
-137	0.0023895338861826525
-136	0.0024854134680664043
-135	0.0026019281659470143
-134	0.002702815697796453
-133	0.002755965471864836
-132	0.002745873657514868
-131	0.0026611881143874007
-130	0.0025060680963338395
-129	0.0023467184340478092
-128	0.0022648553524334918
-127	0.0023135456594484817
-126	0.002431258495264042
-125	0.0025278135831048516
-124	0.0025346812399561895
-123	0.002469934157845743
-122	0.002373295622561799
-121	0.0022792023198953872
-120	0.0022009445356484998
-119	0.0021465259556258686
-118	0.002124702386621536
-117	0.0021472381193867805
-116	0.0022266495656621914
-115	0.0023637071596346298
-114	0.002512197425276064
-113	0.002614160909004732
-112	0.0026271748329731582
-111	0.0025709631222709966
-110	0.0024807863777221843
-109	0.002396231469145002
-108	0.002374190342335116
-107	0.002475881212082534
-106	0.0027259636184274925
-105	0.003002862402411143
-104	0.0031484437303248617
-103	0.0030577120821539514
-102	0.0028382251926594043
-101	0.002650679110296139
-100	0.002616129852389413
-99	0.002697073311745848
-98	0.0028163653500424064
-97	0.0029097983273088
-96	0.002964910596985733
-95	0.002982177010866655
-94	0.00296430333558993
-93	0.002922918997173562
-92	0.0028718843364804653
-91	0.002824585950397871
-90	0.0027925154599102793
-89	0.002786690742026505
-88	0.0028176259976870487
-87	0.0028938207235591506
-86	0.0030232707402417344
-85	0.0031987983894373297
-84	0.0033525320972628806
-83	0.0034014268109389344
-82	0.003291556907878952
-81	0.003085474486268051
-80	0.00287485107448426
-79	0.002734426110239629
-78	0.002671210668582292
-77	0.002675283733894403
-76	0.0027328883061947195
-75	0.002814923448048423
-74	0.0028884522376572967
-73	0.002928823172076459
-72	0.002944526423774355
-71	0.0029523375840727647
-70	0.002968736317154069
-69	0.0030090185786430623
-68	0.0030881843970251423
-67	0.0032082414659363023
-66	0.0033192281396149286
-65	0.0033581904374500034
-64	0.0032874033292706185
-63	0.0031700575866663006
-62	0.003094572931666689
-61	0.0031192366337963635
-60	0.0031818061525596773
-59	0.003189906494955926
-58	0.003084984385239401
-57	0.002943773416684377
-56	0.002876828899820123
-55	0.0029578743172183615
-54	0.0031133058396206254
-53	0.003232687809810899
-52	0.003235885681060334
-51	0.0031639693485887477
-50	0.003088309818103123
-49	0.0030612448662119553
-48	0.0030589793531297805
-47	0.0030386849099726452
-46	0.002973958423905841
-45	0.0029040978062916368
-44	0.0028848262245415477
-43	0.0029531722584889134
-42	0.0030713861376543785
-41	0.0031830235039804135
-40	0.003244206808201739
-39	0.003261325736222087
-38	0.003253336782737437
-37	0.0032387999644086524
-36	0.003234689385756127
-35	0.0032575826732651318
-34	0.003312024605529534
-33	0.003354428569577567
-32	0.003329175104546056
-31	0.003208151010192881
-30	0.0030732681287601407
-29	0.0030339445631109847
-28	0.003160867204654074
-27	0.0033697980989801034
-26	0.0035377680802252775
-25	0.003569744931335982
-24	0.0034824442304993448
-23	0.0033205185047126763
-22	0.0031428579279201905
-21	0.003065303261853705
-20	0.0032179329151919424
-19	0.003731892677490925
-18	0.00474259786181589
-17	0.006386531162109376
-16	0.008677226895644544
-15	0.01113642587301704
-14	0.013162920528153143
-13	0.014291435473935207
-12	0.01460042403906997
-11	0.014304271731220255
-10	0.01359756710925829
-9	0.01259571093689394
-8	0.011394307029046468
-7	0.010098031804044531
-6	0.008847852093854372
-5	0.007793807333851642
-4	0.007051914940433411
-3	0.006602104254082485
-2	0.006390282596303106
-1	0.006354023978899535
0	0.0063975691748761184
1	0.006416825647537225
2	0.006317392104471419
3	0.006043632230404058
4	0.005549600954344689
5	0.004823877804784117
6	0.003993140708138162
7	0.0032185921903038965
8	0.0026233284402484443
9	0.002178020299219135
10	0.0018152322715333487
11	0.0014912784523630146
12	0.0012574713002982566
13	0.0011888728647837454
14	0.0013255604510431687
15	0.0015676723874162746
16	0.0017803622580218276
17	0.001860358165005386
18	0.0018306862826196874
19	0.0017459473031442648
20	0.0016542829897173306
21	0.0015779993889118225
22	0.0015329436181593596
23	0.0015271479623014466
24	0.00153738537581914
25	0.0015326139806033823
26	0.0014907582380761831
27	0.0014256079677838162
28	0.001359919328803621
29	0.0013109659712320745
30	0.001274091509242205
31	0.0012391570480261775
32	0.0011989153718329581
33	0.0011576859811387205
34	0.0011226800554764368
35	0.001100932313412763
36	0.0010987716296490821
37	0.0011223504179204598
38	0.001174102517169282
39	0.0012415874671672183
40	0.001308646232893258
41	0.001362256185045232
42	0.001401940317196341
43	0.001430358028638625
44	0.001447571223141293
45	0.0014432518223822229
46	0.0014044742525164604
47	0.0013253330897284438
48	0.0012280035103201848
49	0.0011416808406230889
50	0.0010879848646606243
51	0.0010582331972245197
52	0.0010361679107985678
53	0.0010090919928184543
54	9.785520905274449E-4
55	9.496557661206986E-4
56	9.263883241448936E-4
57	9.082460385527901E-4
58	8.936029256486663E-4
59	8.830494133096991E-4
60	8.860415757046563E-4
61	9.142518985752041E-4
62	9.712554238671803E-4
63	0.001028237418343114
64	0.001048285704969707
65	0.001009478732356408
66	9.498574516836529E-4
67	9.224534397746253E-4
68	9.636850076489981E-4
69	0.0010435174031124025
70	0.0011153026081669585
71	0.0011452906758965926
72	0.0011513239437124546
73	0.001164142820107501
74	0.0012016813848313283
75	0.0012306484026600977
76	0.001204946309626611
77	0.001099613164950074
78	9.742295205953091E-4
79	9.09511551713543E-4
80	9.571205309793868E-4
81	0.001052498121160993
82	0.001102031082549899
83	0.0010420676172875716
84	9.288016949151922E-4
85	8.483887268238725E-4
86	8.61599792765284E-4
87	9.276686459333396E-4
88	9.804447078825126E-4
89	9.715085100309963E-4
90	9.233650232518618E-4
91	8.762503282819001E-4
92	8.597642402605818E-4
93	8.609615119380972E-4
94	8.562606304673168E-4
95	8.297038739955193E-4
96	7.958286846476215E-4
97	7.767962955429487E-4
98	7.876035674631649E-4
99	8.145898718392911E-4
100	8.369302077646875E-4
101	8.378233247851906E-4
102	8.16562974256545E-4
103	7.764666579869715E-4
104	7.262918334856484E-4
105	6.965557810655845E-4
106	7.23215736740745E-4
107	8.231803894897935E-4
108	9.371642401501818E-4
109	9.868332425240593E-4
110	9.210804604867664E-4
111	7.977073982064039E-4
112	7.017426699242644E-4
113	6.950393439173066E-4
114	7.46748304605155E-4
115	8.028448904431018E-4
116	8.228093247819679E-4
117	8.201413705546948E-4
118	8.218456755897537E-4
119	8.467439358129645E-4
120	8.809260395395428E-4
121	9.022989231820533E-4
122	8.959614626403202E-4
123	8.757802917632108E-4
124	8.628139838868521E-4
125	8.701651431266784E-4
126	8.791124967153516E-4
127	8.629788026648408E-4
128	8.054092152012697E-4
129	7.31338473407385E-4
130	6.760237125800883E-4
131	6.64182331703478E-4
132	6.783727845104398E-4
133	6.906137884210566E-4
134	6.805761190264039E-4
135	6.585387846015279E-4
136	6.424328515924685E-4
137	6.467201163555133E-4
138	6.719852948879466E-4
139	7.153438330973011E-4
140	7.715663993487653E-4
141	8.260445518381497E-4
142	8.618250712189206E-4
143	8.660103742516291E-4
144	8.419254221251692E-4
145	7.969508121355207E-4
146	7.391706954891866E-4
147	6.794834390347671E-4
148	6.294909635313862E-4
149	5.985994602279139E-4
150	5.874322023322073E-4
151	5.944167335418688E-4
152	6.160658423647368E-4
153	6.412332965495914E-4
154	6.56858108655448E-4
155	6.536204725352887E-4
156	6.371653072179615E-4
157	6.168787130262811E-4
158	6.009867571184145E-4
159	5.930753739939401E-4
160	5.955704649877889E-4
161	6.086659820831436E-4
162	6.236280798561953E-4
163	6.294909635313862E-4
164	6.200598578745084E-4
165	6.082240658167514E-4
166	6.116439098306543E-4
167	6.40756898118349E-4
168	6.77109281800344E-4
169	6.950244977267404E-4
170	6.765100859075255E-4
171	6.343099989922287E-4
172	5.888522927902649E-4
173	5.5683211381014E-4
174	5.400129713567249E-4
175	5.364254654339815E-4
176	5.42967166733993E-4
177	5.520035287013287E-4
178	5.547669754686791E-4
179	5.448762742589821E-4
180	5.254955646561662E-4
181	5.021753293344071E-4
182	4.8287218883185393E-4
183	4.851673151425479E-4
184	5.290480181245032E-4
185	6.222724138930171E-4
186	7.236818435925196E-4
187	7.798884546247238E-4
188	7.5426318153242E-4
189	6.772121074227084E-4
190	5.95900102543766E-4
191	5.467948494887549E-4
192	5.235752802307743E-4
193	5.092231390879082E-4
194	4.910093972449148E-4
195	4.7336193335325053E-4
196	4.649978529310461E-4
197	4.72431390202261E-4
198	4.93365294214169E-4
199	5.232994427198724E-4
200	5.577337134724735E-4
