-300	7.591114360387948E-4
-299	9.100862925356482E-4
-298	9.094076886060036E-4
-297	9.050291397055398E-4
-296	8.949356783062973E-4
-295	8.829663043703243E-4
-294	8.76773734182968E-4
-293	8.873180180838008E-4
-292	9.03535175867342E-4
-291	9.058516627698965E-4
-290	8.771115904698879E-4
-289	8.460697085529786E-4
-288	8.522775036745472E-4
-287	9.149969094265246E-4
-286	9.916054862881434E-4
-285	0.0010286573048466727
-284	0.001003795193997293
-283	9.541214248589508E-4
-282	9.27657450427849E-4
-281	9.498901279374095E-4
-280	9.991292139982146E-4
-279	0.0010414834778193593
-278	0.001048575556210754
-277	0.001030924560679305
-276	0.001012342875545994
-275	0.0010199233666204851
-274	0.001044553764643177
-273	0.001064905205122322
-272	0.0010591184571081334
-271	0.00103836073053515
-270	0.0010226261245358025
-269	0.0010256608790033222
-268	0.0010364525889010629
-267	0.001040806361428824
-266	0.0010396890098053491
-265	0.001049664767298169
-264	0.0010845485677057447
-263	0.0011336208976430637
-262	0.00117649192120345
-261	0.0011990210187319225
-260	0.0012139104498135778
-259	0.0012333489043151837
-258	0.00125943840942176
-257	0.0012670101487791737
-256	0.0012442147139894977
-255	0.0011941136140109034
-254	0.0011519816484349263
-253	0.0011388314944090656
-252	0.0011607715257296747
-251	0.0011923197095402979
-250	0.0012159351562309414
-249	0.0012247193658288216
-248	0.0012335489239931777
-247	0.0012481198939918363
-246	0.0012675008616478349
-245	0.0012832096718764796
-244	0.0012974761924363341
-243	0.001314043119333166
-242	0.0013287121503446618
-241	0.0013332273989088994
-240	0.0013231553865497945
-239	0.0013111420221482727
-238	0.0013125253035953857
-237	0.0013385299034249225
-236	0.0013820161283495968
-235	0.0014177756708402673
-234	0.0014190292390855238
-233	0.001377271311634833
-232	0.0013267461215688513
-231	0.0013105898020356896
-230	0.0013530863579163715
-229	0.0014224580277756858
-228	0.001474576099211074
-227	0.0014809001638615847
-226	0.0014551123570450606
-225	0.0014219403225418958
-224	0.0014065156126296273
-223	0.001423204657309647
-222	0.0014764405924527115
-221	0.0015408480301822632
-220	0.0015773525019902887
-219	0.001557700028579304
-218	0.0015045201338443495
-217	0.001456681217514128
-216	0.0014431340867857177
-215	0.001453028086225948
-214	0.0014791425979971465
-213	0.00152286085367092
-212	0.0015956584937774345
-211	0.001674644666554164
-210	0.0017247152325419871
-209	0.0017146425758804253
-208	0.0016643461124231519
-207	0.0016106910378694984
-206	0.001594393834965112
-205	0.0016181010402140093
-204	0.0016686251263195167
-203	0.0017161346102098321
-202	0.0017456020707101172
-201	0.0017534724997489075
-200	0.0017585887713412137
-199	0.0017731592946602854
-198	0.0018014437275504908
-197	0.0018317261143023303
-196	0.0018586835734705212
-195	0.0018807310753756593
-194	0.00189913965993746
-193	0.0019120847795946862
-192	0.001916822770146345
-191	0.0019101047083153622
-190	0.0018852089645937536
-189	0.0018369937758379864
-188	0.0017741844605357335
-187	0.0017238911023851643
-186	0.0017131964088214562
-185	0.0017473710507903144
-184	0.00180452017643518
-183	0.0018587874955137114
-182	0.0018946600935779595
-181	0.001910570080424716
-180	0.0019110089603946961
-179	0.0019133069658836682
-178	0.0019406950445333502
-177	0.0020096307054180834
-176	0.002102408009059512
-175	0.0021770329332078796
-174	0.00219295652538875
-173	0.0021409996110893685
-172	0.0020527971984810245
-171	0.001972587985759832
-170	0.0019494099275863424
-169	0.0019943296068809565
-168	0.0020956902384001654
-167	0.0021998455787051578
-166	0.0022693573306095064
-165	0.0022861974495764744
-164	0.002275962507938428
-163	0.0022544149989636242
-162	0.0022242121352992767
-161	0.002169192389796821
-160	0.0021115375523146586
-159	0.0020908382071209448
-158	0.0021512687494641457
-157	0.0022663989101912706
-156	0.002382535659191397
-155	0.002432737021302334
-154	0.0024190041869396857
-153	0.002372090750983747
-152	0.0023491422310100794
-151	0.0023706073757673637
-150	0.0024373497401596867
-149	0.0025172956695682356
-148	0.002567221580948672
-147	0.0025497748147394216
-146	0.0024669084839492182
-145	0.002378072435447378
-144	0.0023479980341050873
-143	0.0023947792783578243
-142	0.0024614190937422334
-141	0.002483204982614296
-140	0.002446000363099664
-139	0.002399976738952923
-138	0.0024000471941078034
-137	0.002455937352474923
-136	0.0025321557219313644
-135	0.0025885025350747496
-134	0.0026088640600929283
-133	0.002608413832615556
-132	0.002610198685603226
-131	0.0026337411567185186
-130	0.0026674301766448695
-129	0.002690720656107833
-128	0.002688251163591161
-127	0.002678395065361026
-126	0.0026853640572461796
-125	0.0027174484332544656
-124	0.0027614334700429566
-123	0.0028022168924910374
-122	0.0028359229561385085
-121	0.002861796648249896
-120	0.002879567104680712
-119	0.0028884664048790414
-118	0.0028797325700369073
-117	0.0028405098492644792
-116	0.002760215727914077
-115	0.002667288040917649
-114	0.002604291016996245
-113	0.002615866422394353
-112	0.0026968784286900307
-111	0.002820785576664473
-110	0.0029354281666842726
-109	0.0030060700832213517
-108	0.003013531784902397
-107	0.0029766771631207054
-106	0.0029285078048504913
-105	0.0028970478435490013
-104	0.0028822024996442027
-103	0.002864570493758514
-102	0.0028275510945358676
-101	0.002783293973027392
-100	0.0027678351033974314
-99	0.0028109927810376677
-98	0.0028941088488585592
-97	0.0029646793314813268
-96	0.0029769742938870404
-95	0.0029398048029790915
-94	0.0028916285072766736
-93	0.002866430028548876
-92	0.002862504259482351
-91	0.0028665279022264795
-90	0.0028677251195665947
-89	0.0028663839325845215
-88	0.002858052852942053
-87	0.002837099318336724
-86	0.0028037030988167506
-85	0.0027689875073202684
-84	0.0027462782017361642
-83	0.0027451734862301014
-82	0.002765288915022653
-81	0.0027984592424032876
-80	0.0028196234078502946
-79	0.002816645444506593
-78	0.002792397386261847
-77	0.0027852067132458406
-76	0.0028186988688173316
-75	0.0028993183294483776
-74	0.002992026235035704
-73	0.003059301289151012
-72	0.0030742392517855038
-71	0.0030481751340501874
-70	0.003017698696518002
-69	0.0030181292584977983
-68	0.003055898860023894
-67	0.003103726789721734
-66	0.0031271819433657893
-65	0.0030989217508409824
-64	0.003021249944877629
-63	0.002914487881019203
-62	0.002837572863642189
-61	0.002845138327528908
-60	0.0029659372501752777
-59	0.0031360067379356932
-58	0.003252895844684822
-57	0.0032377666913482642
-56	0.0031305916539968006
-55	0.0030311517847405934
-54	0.0030223819754201047
-53	0.0030831282574363315
-52	0.0031489980734902474
-51	0.003165400064273368
-50	0.0031335026912277394
-49	0.0030616302345787562
-48	0.0029581690731177333
-47	0.00284705290632256
-46	0.0027863366923114104
-45	0.002828513568951176
-44	0.002960205935161941
-43	0.003108918251720392
-42	0.0032009481566993387
-41	0.0032142147249372044
-40	0.0031806241052661677
-39	0.003143863414880413
-38	0.0031392438981936587
-37	0.0031561856422770364
-36	0.0031679298571017406
-35	0.0031442274818343327
-34	0.003108362772332034
-33	0.0030967622021651135
-32	0.0031239110276365797
-31	0.003137019907851937
-30	0.0030782213089806496
-29	0.0029537310650444497
-28	0.0028551142039919984
-27	0.0028758221390365528
-26	0.0030257496800841772
-25	0.0032295828526986707
-24	0.003408358806265561
-23	0.003549354635698079
-22	0.0037022618266324666
-21	0.0039186193687494476
-20	0.0042017040137533514
-19	0.004517448618139927
-18	0.004862512218001384
-17	0.005396700450256687
-16	0.006370399318326906
-15	0.007944503758147281
-14	0.009824401920593216
-13	0.011434995693769857
-12	0.012273816831051559
-11	0.012332984016294195
-10	0.011827077410220222
-9	0.010946359584657677
-8	0.009751162956217065
-7	0.008542122131040223
-6	0.007688165870731902
-5	0.0074094115595590565
-4	0.0073974576538366615
-3	0.007240681437595421
-2	0.006742021408459766
-1	0.006145714168222897
0	0.005757220741182103
1	0.005654745367951773
2	0.005639730019934845
3	0.0054843000722212465
4	0.00510362214389891
5	0.004544984481579998
6	0.003884997073655355
7	0.003213753417446541
8	0.002620900185416625
9	0.0021813685162063124
10	0.0019089781154413977
11	0.0017785651556588055
12	0.0017543123884580587
13	0.0017819314814052352
14	0.0017982283806530393
15	0.0017557773714905604
16	0.0016790155205240762
17	0.001626154130962829
18	0.00164223293987799
19	0.0016979544296221252
20	0.0017274797208391372
21	0.0016756213389372925
22	0.001558667863048534
23	0.0014472128236180171
24	0.00140900814228818
25	0.0014496016384671784
26	0.0015140926061959815
27	0.0015437273787834084
28	0.0015204075319063285
29	0.0014668600224615705
30	0.0014120079199564644
31	0.0013749447146012507
32	0.0013651501727720706
33	0.001386528698161673
34	0.0014257090206102122
35	0.0014552222987590407
36	0.0014507563904339461
37	0.0014152583217963582
38	0.001374246693641129
39	0.0013541981566330657
40	0.0013637663346751044
41	0.0013889691267714361
42	0.0014101736416419035
43	0.0014108601454297857
44	0.0013990035154041885
45	0.0013899757376429854
46	0.001395499691623312
47	0.001396610485367718
48	0.0013691342966132393
49	0.0013087411690186372
50	0.0012495085849946479
51	0.001230329412936819
52	0.0012646489278840105
53	0.00132567713076236
54	0.0013775201090021367
55	0.0013903231446038742
56	0.0013594534971929791
57	0.0012907501917906836
58	0.0012069033494258394
59	0.0011357797101496205
60	0.0011024952779716507
61	0.0011132694598272996
62	0.001143851695059866
63	0.0011625164876684778
64	0.0011448172762517478
65	0.0011045639946747356
66	0.0010673794202097967
67	0.0010577396329952207
68	0.001064088319989886
69	0.0010647371290290852
70	0.0010444572647195153
71	0.0010228558700236786
72	0.001026668775757398
73	0.0010675387941816604
74	0.0011226905421901005
75	0.0011636741499070112
76	0.0011776413200855682
77	0.0011766875846200295
78	0.0011763601510818848
79	0.0011808299418699486
80	0.001181161347469305
81	0.0011659636187026047
82	0.001127513778335539
83	0.001068537189360225
84	9.99042498009724E-4
85	9.456753662729361E-4
86	9.305058595105958E-4
87	9.638344837838396E-4
88	0.0010173248387911106
89	0.0010496968860055573
90	0.001030285439661006
91	9.782775732159253E-4
92	9.39908959078661E-4
93	9.51865874939873E-4
94	9.93691849139704E-4
95	0.0010179424699564175
96	9.87824208477725E-4
97	9.250687674406455E-4
98	8.749365231407026E-4
99	8.73922311185367E-4
100	9.105369115305388E-4
101	9.484274544313637E-4
102	9.554797981352546E-4
103	9.335973791090673E-4
104	9.057024836619767E-4
105	8.927452898992103E-4
106	8.935086623600596E-4
107	8.977456555291188E-4
108	8.969622836014122E-4
109	8.929300934063318E-4
110	8.882364400014295E-4
111	8.852002084280312E-4
112	8.870592055383168E-4
113	8.977516759495202E-4
114	9.189413377183223E-4
115	9.41806301362091E-4
116	9.515829748986077E-4
117	9.36163581846025E-4
118	9.00657045604081E-4
119	8.659206541342483E-4
120	8.523513146755727E-4
121	8.631126625872486E-4
122	8.851177149108429E-4
123	9.045888106301845E-4
124	9.174518506342333E-4
125	9.210379529078563E-4
126	9.107266545828809E-4
127	8.795746687325198E-4
128	8.365384314696209E-4
129	7.965615331934627E-4
130	7.755521518724289E-4
131	7.693912176720005E-4
132	7.67931213208012E-4
133	7.619100622053542E-4
134	7.549605872891156E-4
135	7.526049295815198E-4
136	7.539418381597713E-4
137	7.547308709557173E-4
138	7.542227740061384E-4
139	7.648581897099021E-4
140	7.925361518038098E-4
141	8.331456332470285E-4
142	8.581580615599537E-4
143	8.52169263162062E-4
144	8.151851872694314E-4
145	7.811421668106275E-4
146	7.654613686502464E-4
147	7.664223484063873E-4
148	7.517532896841973E-4
149	7.161100087660968E-4
150	6.708449599385387E-4
151	6.4856761445703E-4
152	6.54727844114863E-4
153	6.818094981500924E-4
154	7.093602373784207E-4
155	7.297778924367739E-4
156	7.394487848823386E-4
157	7.351401969279533E-4
158	7.196527573124222E-4
159	7.013245953508767E-4
160	6.983018344534309E-4
161	7.086524912134222E-4
162	7.211208132569925E-4
163	7.169981366084121E-4
164	6.97500264030309E-4
165	6.699916789452828E-4
166	6.422334175586967E-4
167	6.184932958626864E-4
168	6.038031846795153E-4
169	6.071332251257105E-4
170	6.273763834072669E-4
171	6.582725150416926E-4
172	6.868178333235608E-4
173	7.060836730466103E-4
174	7.120827830036617E-4
175	7.04816067965356E-4
176	6.87159974846975E-4
177	6.634804590235213E-4
178	6.414250104893976E-4
179	6.269386434215298E-4
180	6.240556385555572E-4
181	6.307693755633678E-4
182	6.394791935918377E-4
183	6.422294052473991E-4
184	6.351427384736772E-4
185	6.196457196334322E-4
186	5.981641915079668E-4
187	5.746573364449723E-4
188	5.613647271189091E-4
189	5.706763028340661E-4
190	6.026948400030476E-4
191	6.377071857649849E-4
192	6.55553333545237E-4
193	6.545413772757316E-4
194	6.465780644190582E-4
195	6.426121536096547E-4
196	6.403889607911709E-4
197	6.351363771824491E-4
198	6.235417818475627E-4
199	6.072948402204247E-4
200	7.724392286182191E-4
