DE Ino2_GEM_1_m0 7.12 0 k6_c327
1 0 326 0 0 C
2 223 24 61 18 A
3 0 326 0 0 C
4 302 0 14 10 A
5 0 0 67 260 T
6 29 30 230 38 G
XX

DE Ino2_GEM_1_m1 6.42 -2 k7_c336
1 86 155 34 62 C
2 242 34 56 4 A
3 37 0 42 257 T
4 5 13 288 30 G
5 0 298 33 4 C
6 3 157 121 54 C
XX

DE Ino2_GEM_1_m2 6.83 6 k6_c218
1 22 23 0 174 T
2 0 0 196 22 G
3 16 0 6 196 T
4 0 0 196 22 G
5 168 0 49 0 A
6 167 6 12 32 A
XX

DE Ino2_GEM_1_m3 6.31 4 k6_c280
1 0 0 0 279 T
2 0 0 0 279 T
3 0 0 0 279 T
4 0 0 0 279 T
5 0 228 0 51 C
XX

DE Ino2_GEM_1_m4 8.89 -13 k8_c76
1 73 2 0 0 A
2 70 3 3 0 A
3 70 5 0 0 A
4 75 0 0 0 A
5 0 0 75 0 G
6 59 6 11 0 A
7 61 3 11 0 A
8 65 3 8 0 A
XX

