-300	7.200965826674578E-4
-299	8.469892210353888E-4
-298	8.335276661351113E-4
-297	8.347044528690258E-4
-296	8.509808844344463E-4
-295	8.729518974240043E-4
-294	8.904290985189346E-4
-293	8.995538425153025E-4
-292	8.96537550571869E-4
-291	8.765124651816051E-4
-290	8.381060877071399E-4
-289	8.040651523125344E-4
-288	8.000882774460535E-4
-287	8.32002201775626E-4
-286	8.748495529208608E-4
-285	9.021263885588838E-4
-284	9.116702728549829E-4
-283	9.186187806513824E-4
-282	9.377366330451767E-4
-281	9.68478269541842E-4
-280	9.995083456768995E-4
-279	0.0010167427265541404
-278	0.0010071043288320445
-277	9.749272775756014E-4
-276	9.340064649659373E-4
-275	9.118741905964497E-4
-274	9.177386590389354E-4
-273	9.486422131896821E-4
-272	9.800996091371876E-4
-271	9.969693933727123E-4
-270	9.942753249839117E-4
-269	9.902129511880214E-4
-268	0.0010020895311935044
-267	0.0010381692598887878
-266	0.001079189805498212
-265	0.0011047037542256347
-264	0.0011041223697968374
-263	0.0010980215505972508
-262	0.0011065417694042404
-261	0.0011395490685654087
-260	0.0011759602120660602
-259	0.0011921049697968423
-258	0.0011747925247210715
-257	0.001146057007979053
-256	0.0011322424493126692
-255	0.0011469384868817009
-254	0.0011623365618217381
-253	0.0011583658471324347
-252	0.0011308252091298135
-251	0.0011121096169478687
-250	0.001115302175727406
-249	0.0011401540986873907
-248	0.0011679733097010665
-247	0.0011924293952956728
-246	0.0012117664160836753
-245	0.0012256729779985035
-244	0.0012388886969407192
-243	0.0012579022033003045
-242	0.0012871294686279426
-241	0.0013152201063233561
-240	0.0013300385426251666
-239	0.0013347017745182614
-238	0.0013441221156245645
-237	0.0013694978587812014
-236	0.001398690683270767
-235	0.0014138548217315881
-234	0.001400616257618424
-233	0.0013612713130177327
-232	0.0013132282292737522
-231	0.0012800964408176505
-230	0.0012899897738194001
-229	0.0013397990634996552
-228	0.0014091362028537733
-227	0.0014531610247595335
-226	0.001459012899467749
-225	0.0014312948291681402
-224	0.0013996986108159096
-223	0.0013846869509543133
-222	0.001400308214352902
-221	0.0014465199353202209
-220	0.0015011262965130996
-219	0.0015363235794801848
-218	0.0015306290241814762
-217	0.0014974396446992507
-216	0.0014608691940943292
-215	0.0014461979993123705
-214	0.0014558197362379657
-213	0.001484835455532343
-212	0.0015265772122946026
-211	0.0015839772795967157
-210	0.0016589776327690811
-209	0.0017366970266990385
-208	0.0017899856680789101
-207	0.0017964569312094783
-206	0.0017629575258893782
-205	0.001709569017444743
-204	0.0016548512821615404
-203	0.0016093279234228423
-202	0.0015979088752147235
-201	0.0016464996548327922
-200	0.0017547335596164535
-199	0.001867802852752174
-198	0.0019262796484581278
-197	0.0019162579026551908
-196	0.0018837292559438926
-195	0.0018760227357157019
-194	0.0018909350119852833
-193	0.0019021414204119323
-192	0.001891555293812872
-191	0.001879982973187936
-190	0.0018732798948537881
-189	0.0018653753071821723
-188	0.0018380934555301542
-187	0.0018050347654546054
-186	0.001789680147421786
-185	0.0018115974337556554
-184	0.0018657045943840074
-183	0.0019374123153731557
-182	0.002001314889604232
-181	0.002036663923697497
-180	0.0020313941780707133
-179	0.0020013021887846792
-178	0.001972829935651472
-177	0.0019684138988640813
-176	0.0019889967129554167
-175	0.0020243481234664324
-174	0.0020624063473192655
-173	0.0020892917426473074
-172	0.002088128451403524
-171	0.0020492640404226685
-170	0.0019977882126444185
-169	0.0019792408362683065
-168	0.0020276305698904047
-167	0.0021162253594347175
-166	0.0021953569691233943
-165	0.002227074743020946
-164	0.002226833640053301
-163	0.002216943366821272
-162	0.00221149689640948
-161	0.0022041452331028957
-160	0.0022040358845689216
-159	0.0022267722580400218
-158	0.0022828970761899874
-157	0.002348299812311338
-156	0.0023900146837515456
-155	0.0023866195353373244
-154	0.0023621432480216325
-153	0.00235217664909304
-152	0.002382147163442679
-151	0.0024336599283634845
-150	0.0024761455111028336
-149	0.0024817016894547886
-148	0.0024505878860882346
-147	0.0023958043943866506
-146	0.002349354438848306
-145	0.00233811927666429
-144	0.0023751591122684176
-143	0.002428898419649176
-142	0.0024570437420293207
-141	0.002433287837925644
-140	0.0023958397625097024
-139	0.0024029445355439345
-138	0.002494496309902316
-137	0.002630214191745309
-136	0.0027400076654150404
-135	0.0027685258390685156
-134	0.0027327255501499535
-133	0.00267863675546942
-132	0.002646867624755366
-131	0.0026415074596824748
-130	0.0026458816441107535
-129	0.0026419545106519246
-128	0.002625892537541445
-127	0.002624549751029037
-126	0.0026690376169040096
-125	0.0027661532885139856
-124	0.0028701231227793887
-123	0.0029283099712159475
-122	0.002921896369750685
-121	0.002884327299759142
-120	0.002857267199389628
-119	0.0028599712607896826
-118	0.0028739959378950132
-117	0.0028717827470450246
-116	0.002834198718237102
-115	0.0027841512931985448
-114	0.002757743894557567
-113	0.0027876790823408003
-112	0.002854852385916495
-111	0.002923763481162727
-110	0.00295819318848053
-109	0.002961157448683499
-108	0.0029492694212822114
-107	0.002944884016612718
-106	0.0029470242049855436
-105	0.002944165283630333
-104	0.002915954462616707
-103	0.0028658721886598354
-102	0.002810340663034858
-101	0.002784287916487573
-100	0.002806700012989009
-99	0.002881949378152159
-98	0.0029765020912014524
-97	0.003042129724607815
-96	0.003038164638688662
-95	0.0029682777398865046
-94	0.002879210620821392
-93	0.002824121980901149
-92	0.0028368428579843433
-91	0.002905581240500929
-90	0.0029995219889078855
-89	0.003062096849235013
-88	0.0030559074932327976
-87	0.0029671990955338224
-86	0.002849424671022267
-85	0.0027726488696671395
-84	0.0027883091937089483
-83	0.002868872567669015
-82	0.002949569521207149
-81	0.0029732792403491647
-80	0.0029404818452185557
-79	0.0028973563451126115
-78	0.0028917715782446228
-77	0.002934598103161423
-76	0.002988560548601481
-75	0.0030141815159176267
-74	0.003010916555281188
-73	0.003011397983355102
-72	0.0030419970985105047
-71	0.003080227414684217
-70	0.003095860699600712
-69	0.00307280631760865
-68	0.0030434339561381087
-67	0.00303978144516701
-66	0.003080372330372928
-65	0.0031410277608801473
-64	0.0031796858112149834
-63	0.003160270953490618
-62	0.003087947780582189
-61	0.003014215502771078
-60	0.002995119890987114
-59	0.0030513916910918717
-58	0.0031384014878102877
-57	0.0031981304134503525
-56	0.0031938600648738925
-55	0.0031487900639338394
-54	0.0031007701159006767
-53	0.003080015507839524
-52	0.0030848242381413416
-51	0.003101527681785666
-50	0.003101804168406036
-49	0.0030581844609321052
-48	0.002958803891432206
-47	0.002851604481881453
-46	0.002807749255332284
-45	0.0028769963514956184
-44	0.0030130425616854816
-43	0.003139489848153618
-42	0.0031981678740370945
-41	0.0032067381703262433
-40	0.003188456258292379
-39	0.003155954315434583
-38	0.0031033395156036233
-37	0.0030565132679110756
-36	0.003052655650894267
-35	0.003122327056213469
-34	0.0032461310313260127
-33	0.0033793501407063534
-32	0.0034403212195102126
-31	0.003386205240426785
-30	0.0032168867142873796
-29	0.003045849478973345
-28	0.002992363887887077
-27	0.0031331813868838584
-26	0.003391495270738881
-25	0.00362359657814783
-24	0.0037080968882455233
-23	0.003660979241813895
-22	0.003598853546398422
-21	0.003633535221977562
-20	0.003781984191748947
-19	0.004018791710699299
-18	0.004367116475379846
-17	0.005051661740763375
-16	0.006300178195978461
-15	0.008197104674687167
-14	0.010296429344495468
-13	0.011990660718984305
-12	0.012809936003906999
-11	0.01286191348961289
-10	0.012384437472205762
-9	0.011541202508394018
-8	0.01030647283763183
-7	0.008952260459709135
-6	0.007862313711153295
-5	0.007361784011213684
-4	0.007245811417563545
-3	0.007163774190469532
-2	0.006834502293210101
-1	0.006379610933183207
0	0.006015003007342877
1	0.005858457667130947
2	0.005762633012065409
3	0.005529938710769375
4	0.005057841254562417
5	0.004415400426790041
6	0.0037140437757950664
7	0.0030635729199055225
8	0.0025230856278380155
9	0.002128540408383784
10	0.0018748316618911161
11	0.0017384967853860949
12	0.0016902941253735516
13	0.0016873901352959036
14	0.0016869055493188296
15	0.0016581012054264546
16	0.001616325556722602
17	0.001592584975468651
18	0.001606697330270628
19	0.0016290512039753718
20	0.0016166896527337869
21	0.0015442481835997314
22	0.001457597280942074
23	0.0014197077538208298
24	0.0014693062690616671
25	0.0015515984620919107
26	0.001598534297710279
27	0.0015688066626036055
28	0.0015112919060136995
29	0.0014749547479644444
30	0.0014866141094677671
31	0.0015147287198043406
32	0.001536673547082517
33	0.0015414637004248577
34	0.001536343561790797
35	0.0015208976363160953
36	0.0014932197885624823
37	0.0014590736837243965
38	0.0014283930180060051
39	0.0014078699609683673
40	0.001388982688079527
41	0.0013599866214882837
42	0.0013144314219257873
43	0.0012674450543376336
44	0.0012433781026079903
45	0.0012597583540198344
46	0.0012999016533344933
47	0.0013279301957843754
48	0.0013155312066438828
49	0.0012776475781985709
50	0.001246206764554698
51	0.001244354487669839
52	0.0012558055917308857
53	0.0012629599723438948
54	0.0012572343057488486
55	0.0012526850710216871
56	0.0012528473325206719
57	0.0012539257633571545
58	0.0012434206593708872
59	0.001219245214312189
60	0.0011851261881828876
61	0.0011525061238110226
62	0.0011268431704707176
63	0.0011095881477070618
64	0.0010970261405354375
65	0.00109323588474605
66	0.0011032993403703654
67	0.0011224015166265765
68	0.0011274315934898592
69	0.0010969967787749688
70	0.001041043487379816
71	0.0010058181787824473
72	0.0010352493709629377
73	0.001121633123323582
74	0.00119936575466253
75	0.0012029784074455191
76	0.001128761268053586
77	0.0010380518396763292
78	9.943650378258116E-4
79	0.00100802743908947
80	0.0010423813028382187
81	0.0010584714882310362
82	0.0010474623775224602
83	0.0010207085185868635
84	9.918524908331312E-4
85	9.700055164850923E-4
86	9.624740553924656E-4
87	9.722773698567973E-4
88	9.857243132173144E-4
89	9.83902373875191E-4
90	9.568150992237286E-4
91	9.288945838940024E-4
92	9.243711757963731E-4
93	9.522472706220602E-4
94	9.767428151759867E-4
95	9.761317098843801E-4
96	9.474421786740228E-4
97	9.273099433428772E-4
98	9.304841280368241E-4
99	9.542369717713045E-4
100	9.66146411365466E-4
101	9.500125633303577E-4
102	9.040872913535481E-4
103	8.559078631639873E-4
104	8.279599759722679E-4
105	8.33315355982038E-4
106	8.60756992924097E-4
107	8.93630809627207E-4
108	9.148395657598836E-4
109	9.082982578180596E-4
110	8.711587458757344E-4
111	8.115079762798046E-4
112	7.633894186822579E-4
113	7.525815593468259E-4
114	7.910312145565698E-4
115	8.507662096683801E-4
116	8.92596999186398E-4
117	8.853714466269532E-4
118	8.36101504367414E-4
119	7.789438525616294E-4
120	7.482851770218961E-4
121	7.548130539915135E-4
122	7.813833588059674E-4
123	8.053552976549333E-4
124	8.101358412408019E-4
125	7.98145361441721E-4
126	7.772346105836797E-4
127	7.565460069475492E-4
128	7.389387661064113E-4
129	7.267525627607091E-4
130	7.249128638137556E-4
131	7.300569412838699E-4
132	7.345294500583086E-4
133	7.28304196619335E-4
134	7.205222790523323E-4
135	7.248948856800363E-4
136	7.470872299388865E-4
137	7.710692869773091E-4
138	7.791771575791785E-4
139	7.71048572176816E-4
140	7.613009169988576E-4
141	7.615477177837996E-4
142	7.60909997434792E-4
143	7.462136684025047E-4
144	7.133355488097032E-4
145	6.858157814436153E-4
146	6.753962836933007E-4
147	6.805820746232283E-4
148	6.747616238648733E-4
149	6.545544519294701E-4
150	6.289353637953373E-4
151	6.182241799262341E-4
152	6.208322686734455E-4
153	6.293848062354074E-4
154	6.409140733592631E-4
155	6.578948273443712E-4
156	6.78680630343936E-4
157	6.84579592441626E-4
158	6.678987442954231E-4
159	6.322142164754553E-4
160	6.043708538769211E-4
161	5.962929943798985E-4
162	6.092806536975941E-4
163	6.273211177381817E-4
164	6.415648433072299E-4
165	6.469837100274025E-4
166	6.424136952356211E-4
167	6.307912382640165E-4
168	6.183641151268652E-4
169	6.179556092011493E-4
170	6.315587333490553E-4
171	6.541419012244444E-4
172	6.692468890565094E-4
173	6.701813220787677E-4
174	6.569278236440844E-4
175	6.409710355943451E-4
176	6.301687353792714E-4
177	6.286137093153028E-4
178	6.323429956234845E-4
179	6.35636031084835E-4
180	6.331516384473168E-4
181	6.216930598481954E-4
182	6.019757678130571E-4
183	5.777673141173467E-4
184	5.595935912125206E-4
185	5.52737167670185E-4
186	5.569002047758201E-4
187	5.601317587518829E-4
188	5.598429386651971E-4
189	5.596659412594923E-4
190	5.709217848338878E-4
191	5.914717751959749E-4
192	6.126123149817447E-4
193	6.189772658023667E-4
194	6.054962012222273E-4
195	5.739172609371551E-4
196	5.39145755170488E-4
197	5.142825731216374E-4
198	5.08098941835418E-4
199	5.174807343044473E-4
200	7.447496037250878E-4
