Position	IP	CondEth_Present	CondEth_IP	CondEth_Control	CondEth_Fold	CondEth_Expectd	CondEth_Q_-lg10	CondEth_P_-lg10	CondEth_P_poiss	CondEth_IPvsEMP	CondEth_Noise	CondGlu_Present	CondGlu_IP	CondGlu_Control	CondGlu_Fold	CondGlu_Expectd	CondGlu_Q_-lg10	CondGlu_P_-lg10	CondGlu_P_poiss	CondGlu_IPvsEMP	CondGlu_Noise	KmerGroup	MotifId	KG_score	Strand
1:23666	   37.0	0	   16.0	NaN	NaN	   18.4	   0.12	NaN	   0.13	  -0.57	   0.00	0	   21.0	NaN	NaN	   13.9	   1.21	NaN	   1.34	  -0.66	   0.00	CCATGTGCT_166/26	0	5.76	+
1:34793	   30.1	0	   19.3	NaN	NaN	   15.0	   0.83	NaN	   0.90	  -0.50	   0.00	0	   10.8	NaN	NaN	   11.8	   0.18	NaN	   0.20	  -0.43	   0.00	GCACATGA_55/6	0	4.28	+
1:50817	   30.0	0	   14.0	NaN	NaN	   11.9	   0.47	NaN	   0.51	  -0.56	   0.00	0	   16.0	NaN	NaN	   10.4	   1.09	NaN	   1.20	  -0.38	   0.00	GCCATGTGA_171/22	0	6.73	+
1:174410	   31.0	0	   20.0	NaN	NaN	   32.2	   0.00	NaN	   0.00	  -0.50	   0.00	0	   11.0	NaN	NaN	   18.4	   0.01	NaN	   0.01	  -0.33	   0.00	GCANGTTC_27/2	0	3.17	+
1:175367	   56.0	0	   41.0	NaN	NaN	   31.6	   1.12	NaN	   1.22	  -0.51	   0.00	0	   15.0	NaN	NaN	   19.3	   0.06	NaN	   0.06	  -0.85	   0.00	CATGAGCG_44/3	0	4.34	+
1:175729	   44.1	0	   22.7	NaN	NaN	   22.5	   0.29	NaN	   0.32	  -0.57	   0.00	0	   21.4	NaN	NaN	   15.5	   1.05	NaN	   1.16	  -0.49	   0.00	GCANGTTC_27/2	0	3.17	+
1:186110	   35.8	0	   18.6	NaN	NaN	   11.9	   1.34	NaN	   1.45	  -0.63	   0.00	0	   17.2	NaN	NaN	    9.5	   1.87	NaN	   2.05	  -0.69	   0.00	GCATATGAA_217/25	0	8.17	+
1:202403	   30.0	0	   17.0	NaN	NaN	   11.9	   0.94	NaN	   1.02	  -0.91	   0.00	0	   13.0	NaN	NaN	   11.1	   0.45	NaN	   0.49	  -0.70	   0.00	TGCATGTTCC_143/21	0	5.68	+
1:205087	   32.7	0	   19.3	NaN	NaN	   15.0	   0.83	NaN	   0.90	  -0.42	   0.00	0	   13.4	NaN	NaN	   13.1	   0.32	NaN	   0.35	  -1.65	   0.00	CATGTNCC_36/5	0	3.17	+
10:52671	   40.0	0	   23.0	NaN	NaN	   15.0	   1.38	NaN	   1.50	  -0.52	   0.00	0	   17.0	NaN	NaN	   11.5	   1.02	NaN	   1.13	  -0.37	   0.00	CCATGTGAT_185/26	0	6.54	+
10:123756	   34.0	0	   20.0	NaN	NaN	   21.1	   0.19	NaN	   0.20	  -0.54	   0.00	0	   14.0	NaN	NaN	   16.1	   0.12	NaN	   0.14	  -0.98	   0.00	GCATGAG_39/6	0	3.17	+
10:148952	   42.8	0	   24.3	NaN	NaN	   15.0	   1.82	NaN	   1.96	  -0.60	   0.25	0	   18.5	NaN	NaN	   11.5	   1.45	NaN	   1.60	  -0.62	   0.25	GCACGTGA_106/10	0	6.46	+
10:188210	   43.0	0	   22.0	NaN	NaN	   15.0	   1.18	NaN	   1.28	  -0.51	   0.00	0	   21.0	NaN	NaN	   11.5	   1.96	NaN	   2.14	  -0.41	   0.00	CAGCATGTTC_142/16	0	6.75	+
10:207712	   31.5	0	   15.3	NaN	NaN	   15.0	   0.34	NaN	   0.37	  -0.74	   0.00	0	   16.1	NaN	NaN	   13.2	   0.67	NaN	   0.75	  -0.51	   0.00	TGCATGT_52/12	0	2.94	+
10:297096	   38.0	0	   22.0	NaN	NaN	   15.0	   1.18	NaN	   1.28	  -0.96	   0.00	0	   16.0	NaN	NaN	   11.5	   0.83	NaN	   0.92	  -0.85	   0.00	GCATGNNCG_19/1	0	2.69	+
10:300031	   39.6	0	   21.6	NaN	NaN	   15.0	   1.18	NaN	   1.28	  -0.84	   0.00	0	   18.0	NaN	NaN	   11.5	   1.22	NaN	   1.35	  -0.60	   0.00	CCGCACGTG_95/11	0	5.49	+
10:364225	   40.0	0	   23.0	NaN	NaN	   15.0	   1.38	NaN	   1.50	  -0.89	   0.00	0	   17.0	NaN	NaN	   11.5	   1.02	NaN	   1.13	  -0.91	   0.00	CATATGA_37/5	0	3.24	+
10:409062	   30.0	0	   20.0	NaN	NaN	   15.0	   0.84	NaN	   0.91	  -0.68	   0.00	0	   10.0	NaN	NaN	   11.5	   0.13	NaN	   0.15	  -0.69	   0.00	--------	-1	0.00	*
10:445103	   40.0	0	   20.0	NaN	NaN	   15.0	   0.84	NaN	   0.91	  -0.94	   0.00	0	   20.0	NaN	NaN	   11.5	   1.69	NaN	   1.86	  -0.75	   0.00	CACGTGA_22/1	0	2.97	+
10:445888	   44.1	0	   24.3	NaN	NaN	   15.0	   1.82	NaN	   1.96	  -0.94	   0.00	0	   19.8	NaN	NaN	   11.5	   1.69	NaN	   1.86	  -1.05	   0.00	CACGTGA_22/1	0	2.97	+
10:450164	   30.0	0	   14.0	NaN	NaN	   15.0	   0.18	NaN	   0.20	  -0.89	   0.00	0	   16.0	NaN	NaN	   11.5	   0.83	NaN	   0.92	  -0.92	   0.00	GNATGTGA_72/5	0	5.88	+
10:461855	   36.0	0	   20.0	NaN	NaN	   15.0	   0.84	NaN	   0.91	  -0.56	   0.00	0	   16.0	NaN	NaN	   11.5	   0.83	NaN	   0.92	  -0.51	   0.00	--------	-1	0.00	*
10:517253	   32.7	0	   22.8	NaN	NaN	   15.0	   1.38	NaN	   1.50	  -0.38	   0.00	0	    9.9	NaN	NaN	   11.5	   0.14	NaN	   0.15	  -0.53	   0.00	TGCATGTGGA_237/33	0	7.38	+
10:641557	   37.0	0	   21.0	NaN	NaN	   15.0	   1.00	NaN	   1.09	  -0.57	   0.00	0	   16.0	NaN	NaN	   11.5	   0.83	NaN	   0.92	  -0.61	   0.00	TGCATGT_52/12	0	2.94	+
10:646642	   32.2	0	   22.2	NaN	NaN	   15.0	   1.38	NaN	   1.50	  -0.62	   0.00	0	   10.0	NaN	NaN	   11.5	   0.13	NaN	   0.15	  -0.63	   0.00	--------	-1	0.00	*
10:662152	   41.0	0	   20.0	NaN	NaN	   15.0	   0.84	NaN	   0.91	  -0.55	   0.00	0	   21.0	NaN	NaN	   11.5	   1.96	NaN	   2.14	  -0.39	   0.00	CATGTGCC_130/14	0	6.65	+
10:667997	   33.0	0	   15.5	NaN	NaN	   15.0	   0.34	NaN	   0.37	  -0.12	   0.00	0	   17.5	NaN	NaN	   11.5	   1.23	NaN	   1.35	  -0.19	   0.00	GCNTGTGAA_131/6	0	10.15	+
10:716536	   44.0	0	   24.0	NaN	NaN	   15.0	   1.59	NaN	   1.72	  -0.44	   0.00	0	   20.0	NaN	NaN	   11.5	   1.69	NaN	   1.86	  -0.31	   0.00	GCACGTGAA_208/16	0	10.54	+
11:26860	   37.0	0	   23.0	NaN	NaN	   17.5	   0.85	NaN	   0.92	  -0.54	   0.00	0	   14.0	NaN	NaN	   13.3	   0.30	NaN	   0.34	  -0.47	   0.00	GCATGAG_39/6	0	3.17	+
11:30581	   37.0	0	   17.0	NaN	NaN	   17.5	   0.22	NaN	   0.24	  -1.00	   0.00	0	   20.0	NaN	NaN	   13.0	   1.24	NaN	   1.37	  -0.57	   0.00	CATATGA_37/5	0	3.24	+
11:99521	   35.0	0	   28.0	NaN	NaN	   31.2	   0.12	NaN	   0.13	  -0.51	   0.00	0	    7.0	NaN	NaN	   17.6	  -0.00	NaN	   0.00	  -1.29	   0.00	GGCATGT_37/5	0	3.24	+
11:100135	   56.9	0	   36.7	NaN	NaN	   31.5	   0.68	NaN	   0.74	  -0.59	   0.00	0	   20.2	NaN	NaN	   16.8	   0.67	NaN	   0.75	  -0.53	   0.00	CATGTGG_41/10	0	2.64	+
11:106666	   69.0	0	   34.0	NaN	NaN	   42.9	   0.03	NaN	   0.03	  -0.60	   0.00	0	   35.0	NaN	NaN	   31.3	   0.50	NaN	   0.55	  -0.75	   0.00	--------	-1	0.00	*
11:132061	   42.0	0	   25.0	NaN	NaN	   17.5	   1.17	NaN	   1.27	  -0.77	   0.00	0	   17.0	NaN	NaN	   13.0	   0.71	NaN	   0.78	  -0.52	   0.00	CATATGA_37/5	0	3.24	+
11:168874	   36.0	0	   19.0	NaN	NaN	   17.5	   0.38	NaN	   0.41	  -0.67	   0.00	0	   17.0	NaN	NaN	   13.0	   0.71	NaN	   0.78	  -0.44	   0.00	TTGCATGTG_211/22	0	8.66	+
11:175765	   34.0	0	   23.0	NaN	NaN	   20.6	   0.45	NaN	   0.49	  -0.48	   0.00	0	   11.0	NaN	NaN	   13.0	   0.11	NaN	   0.13	  -0.50	   0.00	GCATGAGC_95/10	0	5.77	+
11:178387	   48.0	0	   30.0	NaN	NaN	   22.0	   1.12	NaN	   1.22	  -0.39	   0.00	0	   18.0	NaN	NaN	   13.3	   0.81	NaN	   0.90	  -0.60	   0.00	CTGCNTGTGAA_143/8	0	9.91	+
11:265545	   32.0	0	   18.0	NaN	NaN	   23.6	   0.04	NaN	   0.05	  -0.40	   0.00	0	   14.0	NaN	NaN	   19.8	   0.03	NaN	   0.03	  -0.58	   0.00	GNATGTGA_72/5	0	5.88	+
11:266159	   32.0	0	   16.0	NaN	NaN	   28.6	  -0.00	NaN	   0.00	  -0.37	   0.00	0	   16.0	NaN	NaN	   20.1	   0.06	NaN	   0.07	  -0.50	   0.00	TGCATGT_52/12	0	2.94	+
11:268199	   46.0	0	   28.0	NaN	NaN	   17.5	   1.75	NaN	   1.90	  -0.97	   0.00	0	   18.0	NaN	NaN	   13.2	   0.82	NaN	   0.91	  -1.16	   0.00	CTGCATGT_91/16	0	4.22	+
11:281450	   34.0	0	   24.0	NaN	NaN	   17.5	   1.00	NaN	   1.09	  -0.32	   0.00	0	   10.0	NaN	NaN	   13.0	   0.07	NaN	   0.08	  -0.35	   0.00	CATGTGAA_145/12	0	8.20	+
11:326669	   36.0	0	   17.0	NaN	NaN	   17.5	   0.22	NaN	   0.24	  -0.73	   0.00	0	   19.0	NaN	NaN	   13.2	   1.00	NaN	   1.11	  -0.46	   0.00	AGCATGTTC_122/13	0	6.49	+
11:328992	   33.0	0	   15.0	NaN	NaN	   17.5	   0.11	NaN	   0.12	  -0.39	   0.04	0	   18.0	NaN	NaN	   14.6	   0.61	NaN	   0.67	  -0.45	   0.04	GCATGAGC_95/10	0	5.77	+
11:340083	   50.0	0	   28.0	NaN	NaN	   17.5	   1.75	NaN	   1.90	  -0.44	   0.00	0	   22.0	NaN	NaN	   13.0	   1.69	NaN	   1.85	  -0.40	   0.00	GCATGAG_39/6	0	3.17	+
11:345561	   33.0	0	   19.0	NaN	NaN	   17.5	   0.38	NaN	   0.41	  -0.36	   0.00	0	   14.0	NaN	NaN	   13.0	   0.33	NaN	   0.37	  -0.84	   0.00	TGCATGT_52/12	0	2.94	+
11:391365	   52.0	0	   28.0	NaN	NaN	   28.0	   0.26	NaN	   0.28	  -0.51	   0.00	0	   24.0	NaN	NaN	   16.7	   1.14	NaN	   1.26	  -0.82	   0.00	CATATGA_37/5	0	3.24	+
11:396138	   34.7	0	   15.0	NaN	NaN	   17.5	   0.11	NaN	   0.12	  -1.07	   0.00	0	   19.7	NaN	NaN	   13.0	   1.24	NaN	   1.37	  -0.37	   0.00	CATGTGG_41/10	0	2.64	+
11:441025	   38.0	0	   17.0	NaN	NaN	   17.5	   0.22	NaN	   0.24	  -0.80	   0.09	0	   21.0	NaN	NaN	   13.0	   1.45	NaN	   1.60	  -0.54	   0.09	TGCATGT_52/12	0	2.94	+
11:454120	   44.0	0	   24.0	NaN	NaN	   17.5	   1.00	NaN	   1.09	  -0.59	   0.00	0	   20.0	NaN	NaN	   13.0	   1.24	NaN	   1.37	  -0.83	   0.00	CCATGTGCA_154/25	0	5.44	+
11:455939	   32.0	0	   23.0	NaN	NaN	   17.5	   0.85	NaN	   0.92	  -0.40	   0.00	0	    9.0	NaN	NaN	   13.0	   0.04	NaN	   0.05	  -0.51	   0.00	TCCATGTGAA_186/24	0	6.98	+
11:468875	   51.0	0	   29.0	NaN	NaN	   17.5	   1.98	NaN	   2.13	  -0.36	   0.00	0	   22.0	NaN	NaN	   13.0	   1.69	NaN	   1.85	  -0.34	   0.00	GGCATGAG_70/7	0	5.04	+
11:523266	   35.0	0	   23.0	NaN	NaN	   29.1	   0.04	NaN	   0.05	  -0.48	   0.00	0	   12.0	NaN	NaN	   19.5	   0.01	NaN	   0.01	  -1.07	   0.00	CTGCNTGT_19/2	0	2.46	+
11:523861	   40.0	0	   25.0	NaN	NaN	   38.1	   0.00	NaN	   0.00	  -0.56	   0.00	0	   15.0	NaN	NaN	   21.3	   0.02	NaN	   0.03	  -0.42	   0.00	GNATGTGA_72/5	0	5.88	+
11:530661	   41.0	0	   23.0	NaN	NaN	   17.5	   0.85	NaN	   0.92	  -0.71	   0.00	0	   18.0	NaN	NaN	   13.0	   0.87	NaN	   0.96	  -0.40	   0.00	GGNATGTGA_82/5	0	6.67	+
11:557821	   33.0	0	   14.0	NaN	NaN	   17.5	   0.07	NaN	   0.08	  -0.46	   0.00	0	   19.0	NaN	NaN	   13.0	   1.05	NaN	   1.15	  -0.42	   0.00	CATGTGAA_145/12	0	8.20	+
11:568312	   35.0	0	   22.0	NaN	NaN	   17.5	   0.71	NaN	   0.77	  -0.38	   0.00	0	   13.0	NaN	NaN	   13.0	   0.24	NaN	   0.27	  -1.02	   0.00	GNATGTGAA_129/7	0	9.38	+
11:591767	   39.0	0	   21.0	NaN	NaN	   17.5	   0.59	NaN	   0.63	  -0.58	   0.00	0	   18.0	NaN	NaN	   13.0	   0.87	NaN	   0.96	  -0.78	   0.00	AGCATGTGAA_321/36	0	10.43	+
11:671860	   33.0	0	   14.0	NaN	NaN	   17.5	   0.07	NaN	   0.08	  -0.25	   0.00	0	   19.0	NaN	NaN	   13.0	   1.05	NaN	   1.15	  -0.55	   0.00	TGGCATGTGG_231/26	0	8.59	+
12:70434	   32.0	0	   23.0	NaN	NaN	   13.6	   1.75	NaN	   1.90	  -0.55	   0.00	0	    9.0	NaN	NaN	   11.0	   0.10	NaN	   0.12	  -0.50	   0.00	CATATGAA_110/9	0	7.07	+
12:73028	   35.0	0	   20.0	NaN	NaN	   13.6	   1.11	NaN	   1.21	  -0.68	   0.00	0	   15.0	NaN	NaN	   11.5	   0.67	NaN	   0.74	  -0.46	   0.00	CGCATGTGCC_272/24	0	11.31	+
12:74387	   33.0	0	   20.0	NaN	NaN	   13.6	   1.11	NaN	   1.21	  -0.56	   0.00	0	   13.0	NaN	NaN	   11.0	   0.46	NaN	   0.51	  -0.44	   0.00	CATGTGAA_145/12	0	8.20	+
12:94163	   30.1	0	   15.4	NaN	NaN	   18.4	   0.12	NaN	   0.13	  -0.52	   0.00	0	   14.7	NaN	NaN	   13.0	   0.44	NaN	   0.48	  -0.79	   0.00	--------	-1	0.00	*
12:112521	   39.0	0	   22.8	NaN	NaN	   13.6	   1.75	NaN	   1.90	  -1.23	   0.00	0	   16.2	NaN	NaN	   11.0	   1.14	NaN	   1.25	  -0.45	   0.00	GCACGTGAA_208/16	0	10.54	+
12:115883	   39.0	0	   22.9	NaN	NaN	   13.6	   1.75	NaN	   1.90	  -0.68	   0.00	0	   16.1	NaN	NaN	   11.0	   1.14	NaN	   1.25	  -0.59	   0.00	CACGTGA_22/1	0	2.97	+
12:149467	   33.0	0	   22.0	NaN	NaN	   13.9	   1.44	NaN	   1.56	  -0.70	   0.00	0	   11.0	NaN	NaN	   11.0	   0.24	NaN	   0.27	  -1.03	   0.00	TCATGTNC_20/2	0	2.55	+
12:155516	   38.0	0	   23.0	NaN	NaN	   13.6	   1.75	NaN	   1.90	  -0.68	   0.00	0	   15.0	NaN	NaN	   11.0	   0.76	NaN	   0.84	  -0.55	   0.00	GCATGAG_39/6	0	3.17	+
12:199994	   38.0	0	   21.0	NaN	NaN	   13.6	   1.30	NaN	   1.42	  -0.44	   0.00	0	   17.0	NaN	NaN	   11.0	   1.14	NaN	   1.25	  -0.98	   0.00	CGCCATGTGCC_205/26	0	7.40	+
12:213711	   39.7	0	   20.2	NaN	NaN	   13.6	   1.30	NaN	   1.42	  -0.61	   0.00	0	   19.5	NaN	NaN	   11.0	   1.85	NaN	   2.03	  -0.52	   0.00	--------	-1	0.00	*
12:254544	   37.7	0	   20.0	NaN	NaN	   13.6	   1.11	NaN	   1.21	  -0.49	   0.00	0	   17.7	NaN	NaN	   11.0	   1.36	NaN	   1.50	  -0.53	   0.00	TGGCATGTGAT_355/38	0	11.62	+
12:299504	   31.0	0	   14.0	NaN	NaN	   13.6	   0.28	NaN	   0.30	  -0.68	   0.00	0	   17.0	NaN	NaN	   11.0	   1.14	NaN	   1.25	  -0.39	   0.00	GCATATG_47/12	0	2.69	+
12:302262	   35.7	0	   20.4	NaN	NaN	   13.6	   1.30	NaN	   1.42	  -0.39	   0.00	0	   15.3	NaN	NaN	   11.0	   0.94	NaN	   1.04	  -0.50	   0.00	CACGTGAA_96/5	0	7.82	+
12:308804	   32.4	0	   18.7	NaN	NaN	   13.6	   0.93	NaN	   1.01	  -0.58	   0.00	0	   13.7	NaN	NaN	   11.1	   0.58	NaN	   0.63	  -0.68	   0.00	GCNTGTGAT_105/7	0	7.54	+
12:343228	   34.0	0	   17.0	NaN	NaN	   13.6	   0.62	NaN	   0.67	  -0.68	   0.00	0	   17.0	NaN	NaN	   11.0	   1.14	NaN	   1.25	  -0.46	   0.00	GCATATGCC_124/19	0	5.20	+
12:395856	   40.0	0	   21.0	NaN	NaN	   13.6	   1.30	NaN	   1.42	  -0.47	   0.00	0	   19.0	NaN	NaN	   11.0	   1.60	NaN	   1.76	  -0.43	   0.00	CTGCATGTGCC_307/37	0	9.55	+
12:419051	   31.0	0	   16.0	NaN	NaN	   13.6	   0.49	NaN	   0.53	  -0.75	   0.00	0	   15.0	NaN	NaN	   11.0	   0.76	NaN	   0.84	  -0.58	   0.00	CACGTGA_22/1	0	2.97	+
12:461151	   38.0	0	   20.0	NaN	NaN	   16.7	   0.58	NaN	   0.62	  -0.71	   0.00	0	   18.0	NaN	NaN	   17.8	   0.26	NaN	   0.29	  -0.32	   0.00	CATGAGCG_44/3	0	4.34	+
12:462563	   35.0	0	   16.9	NaN	NaN	   16.1	   0.33	NaN	   0.36	  -0.52	   0.00	0	   18.2	NaN	NaN	   13.4	   0.96	NaN	   1.07	  -0.60	   0.00	CATGTGCC_130/14	0	6.65	+
12:505688	   34.0	0	   19.0	NaN	NaN	   13.6	   0.93	NaN	   1.01	  -0.36	   0.00	0	   15.0	NaN	NaN	   11.0	   0.76	NaN	   0.84	  -0.45	   0.00	AGCATATGAT_164/22	0	6.41	+
12:569356	   32.0	0	   12.0	NaN	NaN	   13.6	   0.14	NaN	   0.15	  -0.86	   0.00	0	   20.0	NaN	NaN	   11.4	   1.71	NaN	   1.88	  -0.57	   0.00	TGGCATGTG_221/17	0	10.93	+
12:617805	   41.4	0	   21.8	NaN	NaN	   13.6	   1.52	NaN	   1.65	  -0.58	   0.00	0	   19.7	NaN	NaN	   11.0	   1.86	NaN	   2.04	  -0.76	   0.00	AGCATGT_58/9	0	3.77	+
12:636848	   36.4	0	   21.6	NaN	NaN	   13.6	   1.52	NaN	   1.65	  -0.75	   0.00	0	   14.7	NaN	NaN	   11.0	   0.76	NaN	   0.84	  -0.42	   0.00	GCACATGA_55/6	0	4.28	+
12:682794	   30.5	0	   15.0	NaN	NaN	   13.6	   0.38	NaN	   0.41	  -0.28	   0.00	0	   15.5	NaN	NaN	   16.3	   0.23	NaN	   0.25	  -0.68	   0.00	TGCATGT_52/12	0	2.94	+
12:688245	   32.0	0	   17.0	NaN	NaN	   13.6	   0.62	NaN	   0.67	  -0.44	   0.00	0	   15.0	NaN	NaN	   12.2	   0.55	NaN	   0.60	  -0.45	   0.00	CATATGA_37/5	0	3.24	+
12:786592	   31.4	0	   15.6	NaN	NaN	   16.6	   0.21	NaN	   0.23	  -0.22	   0.00	0	   15.8	NaN	NaN	   16.5	   0.21	NaN	   0.24	  -0.49	   0.00	CATGTNCC_36/5	0	3.17	+
12:787089	   35.5	0	   24.8	NaN	NaN	   17.6	   1.15	NaN	   1.25	  -0.85	   0.00	0	   10.7	NaN	NaN	   16.1	   0.03	NaN	   0.03	  -1.23	   0.00	GNATGTGA_72/5	0	5.88	+
12:790065	   32.4	0	   20.3	NaN	NaN	   19.1	   0.41	NaN	   0.44	  -0.13	   0.00	0	   12.2	NaN	NaN	   14.8	   0.13	NaN	   0.14	  -0.16	   0.00	TGCATGT_52/12	0	2.94	+
12:875118	   38.0	0	   20.0	NaN	NaN	   13.6	   1.11	NaN	   1.21	  -0.44	   0.00	0	   18.0	NaN	NaN	   11.0	   1.36	NaN	   1.50	  -0.40	   0.00	TGGCATGTGAA_353/34	0	12.62	+
12:907633	   30.0	0	   17.0	NaN	NaN	   13.6	   0.62	NaN	   0.67	  -0.47	   0.00	0	   13.0	NaN	NaN	   11.0	   0.46	NaN	   0.51	  -0.70	   0.00	GCATGAG_39/6	0	3.17	+
13:1716	   40.0	0	   21.0	NaN	NaN	   15.3	   0.95	NaN	   1.03	  -0.57	   0.00	0	   19.0	NaN	NaN	   12.0	   1.29	NaN	   1.42	  -0.59	   0.00	GCATGNNCG_19/1	0	2.69	+
13:22707	   30.0	0	   17.0	NaN	NaN	   15.3	   0.41	NaN	   0.44	  -0.38	   0.00	0	   13.0	NaN	NaN	   12.0	   0.33	NaN	   0.37	  -0.60	   0.00	CATGTGCA_117/16	0	5.47	+
13:110058	   38.0	0	   20.0	NaN	NaN	   15.3	   0.79	NaN	   0.86	  -0.33	   0.00	0	   18.0	NaN	NaN	   12.0	   1.08	NaN	   1.19	  -0.46	   0.00	AGCATGTGG_184/28	0	6.14	+
13:118919	   36.0	0	   25.0	NaN	NaN	   15.3	   1.73	NaN	   1.87	  -0.57	   0.00	0	   11.0	NaN	NaN	   12.0	   0.17	NaN	   0.18	  -0.54	   0.00	--------	-1	0.00	*
13:292563	   47.0	0	   30.0	NaN	NaN	   40.9	   0.01	NaN	   0.01	  -0.36	   0.00	0	   17.0	NaN	NaN	   29.5	   0.00	NaN	   0.00	  -0.42	   0.00	GCATATG_47/12	0	2.69	+
13:304208	   41.0	0	   26.0	NaN	NaN	   15.3	   1.97	NaN	   2.12	  -0.51	   0.00	0	   15.0	NaN	NaN	   12.0	   0.58	NaN	   0.64	  -0.52	   0.00	TGNATGTGAA_141/8	0	9.76	+
13:383969	   37.6	0	   22.7	NaN	NaN	   15.3	   1.31	NaN	   1.42	  -0.51	   0.00	0	   14.9	NaN	NaN	   12.0	   0.58	NaN	   0.64	  -0.52	   0.00	GGCATATGCAG_133/19	0	5.61	+
13:396257	   37.0	0	   17.0	NaN	NaN	   15.3	   0.41	NaN	   0.44	  -0.49	   0.00	0	   20.0	NaN	NaN	   12.0	   1.51	NaN	   1.66	  -0.39	   0.00	GNATGTGAA_129/7	0	9.38	+
13:431907	   31.0	0	   19.0	NaN	NaN	   15.3	   0.65	NaN	   0.70	  -0.38	   0.00	0	   12.0	NaN	NaN	   12.0	   0.24	NaN	   0.27	  -0.81	   0.00	CCATGTGGC_109/21	0	4.24	+
13:485840	   33.0	0	   22.0	NaN	NaN	   15.3	   1.12	NaN	   1.21	  -0.30	   0.00	0	   11.0	NaN	NaN	   12.0	   0.17	NaN	   0.18	  -0.36	   0.00	TGGCATGTGCC_280/26	0	11.09	+
13:490823	   36.5	0	   23.0	NaN	NaN	   15.3	   1.30	NaN	   1.42	  -0.40	   0.00	0	   13.5	NaN	NaN	   12.5	   0.38	NaN	   0.42	  -0.46	   0.00	CATGTGAA_145/12	0	8.20	+
13:531766	   32.3	0	   16.8	NaN	NaN	   15.3	   0.41	NaN	   0.44	  -0.40	   0.00	0	   15.6	NaN	NaN	   12.0	   0.73	NaN	   0.80	  -0.49	   0.00	CCCATGTGAA_194/26	0	6.92	+
13:533853	   44.0	0	   28.0	NaN	NaN	   19.0	   1.39	NaN	   1.51	  -0.48	   0.00	0	   16.0	NaN	NaN	   15.8	   0.26	NaN	   0.29	  -0.50	   0.00	GCNTGTGAA_131/6	0	10.15	+
13:576950	   33.1	0	   20.9	NaN	NaN	   15.3	   0.95	NaN	   1.03	  -0.48	   0.00	0	   12.2	NaN	NaN	   12.0	   0.33	NaN	   0.37	  -0.59	   0.00	CATGTGCG_121/13	0	6.43	+
13:578668	   39.0	0	   23.0	NaN	NaN	   15.3	   1.31	NaN	   1.42	  -0.39	   0.00	0	   16.0	NaN	NaN	   12.0	   0.72	NaN	   0.80	  -0.54	   0.00	CTGCATATGA_153/19	0	6.56	+
13:588945	   42.0	0	   23.0	NaN	NaN	   15.3	   1.31	NaN	   1.42	  -0.58	   0.00	0	   19.0	NaN	NaN	   12.0	   1.29	NaN	   1.42	  -0.52	   0.00	CGGCATGTG_221/19	0	10.16	+
13:601921	   34.0	0	   18.0	NaN	NaN	   15.3	   0.52	NaN	   0.56	  -0.44	   0.00	0	   16.0	NaN	NaN	   14.1	   0.43	NaN	   0.47	  -0.58	   0.00	GCNTGTGAA_131/6	0	10.15	+
13:644172	   30.0	0	   18.0	NaN	NaN	   15.3	   0.52	NaN	   0.56	  -0.84	   0.00	0	   12.0	NaN	NaN	   12.0	   0.24	NaN	   0.27	  -0.91	   0.00	CATGTGCC_130/14	0	6.65	+
13:670700	   42.0	0	   24.0	NaN	NaN	   15.3	   1.51	NaN	   1.64	  -0.32	   0.00	0	   18.0	NaN	NaN	   12.0	   1.08	NaN	   1.19	  -0.36	   0.00	GCATATGCT_117/18	0	5.07	+
13:737601	   34.7	0	   22.6	NaN	NaN	   15.3	   1.31	NaN	   1.42	  -0.56	   0.00	0	   12.1	NaN	NaN	   12.0	   0.33	NaN	   0.37	  -0.81	   0.00	TGCATGT_52/12	0	2.94	+
13:755511	   32.8	0	   15.9	NaN	NaN	   15.5	   0.29	NaN	   0.31	  -0.46	   0.00	0	   16.9	NaN	NaN	   13.5	   0.63	NaN	   0.70	  -0.33	   0.00	TCCATGTGAT_205/28	0	6.99	+
13:756998	   32.0	0	   22.0	NaN	NaN	   15.3	   1.12	NaN	   1.21	  -0.46	   0.00	0	   10.0	NaN	NaN	   12.0	   0.11	NaN	   0.12	  -0.83	   0.00	GCNTGTGAA_131/6	0	10.15	+
13:785749	   32.0	0	   16.0	NaN	NaN	   15.3	   0.31	NaN	   0.34	  -0.32	   0.00	0	   16.0	NaN	NaN	   12.0	   0.73	NaN	   0.80	  -0.35	   0.00	GNATGTGAA_129/7	0	9.38	+
13:802609	   31.0	0	   17.0	NaN	NaN	   15.3	   0.41	NaN	   0.44	  -0.59	   0.00	0	   14.0	NaN	NaN	   12.0	   0.45	NaN	   0.49	  -0.56	   0.00	GTGCATGTGCT_294/34	0	9.63	+
13:808447	   32.0	0	   20.0	NaN	NaN	   15.3	   0.79	NaN	   0.86	  -0.93	   0.00	0	   12.0	NaN	NaN	   12.0	   0.24	NaN	   0.27	  -0.99	   0.00	TGCATGT_52/12	0	2.94	+
13:878779	   37.0	0	   21.0	NaN	NaN	   15.3	   0.95	NaN	   1.03	  -0.52	   0.00	0	   16.0	NaN	NaN	   12.0	   0.72	NaN	   0.80	  -0.52	   0.00	CCCATGTGCT_185/29	0	6.01	+
13:901036	   33.0	0	   25.0	NaN	NaN	   15.3	   1.73	NaN	   1.87	  -0.37	   0.00	0	    8.0	NaN	NaN	   12.0	   0.03	NaN	   0.04	  -0.94	   0.00	GGNATGTGA_82/5	0	6.67	+
14:42036	   39.0	0	   24.0	NaN	NaN	   15.0	   1.59	NaN	   1.72	  -0.36	   0.00	0	   15.0	NaN	NaN	   11.8	   0.62	NaN	   0.69	  -0.64	   0.00	GCATGAGC_95/10	0	5.77	+
14:47726	   37.6	0	   23.1	NaN	NaN	   15.0	   1.59	NaN	   1.72	  -0.51	   0.00	0	   14.5	NaN	NaN	   11.8	   0.62	NaN	   0.69	  -0.37	   0.00	GNATGTGA_72/5	0	5.88	+
14:95559	   42.0	0	   25.0	NaN	NaN	   15.0	   1.82	NaN	   1.96	  -0.52	   0.00	0	   17.0	NaN	NaN	   11.8	   0.95	NaN	   1.05	  -0.54	   0.00	CAGCATGTGGA_260/33	0	8.33	+
14:98296	   38.0	0	   22.0	NaN	NaN	   15.0	   1.18	NaN	   1.28	  -0.67	   0.00	0	   16.0	NaN	NaN	   11.8	   0.77	NaN	   0.86	  -0.42	   0.00	CATATGAA_110/9	0	7.07	+
14:178064	   39.0	0	   24.0	NaN	NaN	   15.0	   1.59	NaN	   1.72	  -0.99	   0.00	0	   15.0	NaN	NaN	   11.8	   0.62	NaN	   0.69	  -0.72	   0.00	CCCATGTG_88/16	0	4.08	+
14:210975	   35.0	0	   21.0	NaN	NaN	   15.0	   1.00	NaN	   1.09	  -0.37	   0.00	0	   14.0	NaN	NaN	   11.8	   0.48	NaN	   0.53	  -0.34	   0.00	CATGTGAA_145/12	0	8.20	+
14:285775	   44.0	0	   24.0	NaN	NaN	   15.0	   1.59	NaN	   1.72	  -0.34	   0.00	0	   20.0	NaN	NaN	   11.8	   1.60	NaN	   1.75	  -0.37	   0.00	--------	-1	0.00	*
14:332225	   35.7	0	   23.3	NaN	NaN	   15.0	   1.59	NaN	   1.72	  -0.88	   0.00	0	   12.5	NaN	NaN	   11.8	   0.36	NaN	   0.40	  -0.61	   0.00	AGCATGTTC_122/13	0	6.49	+
14:336095	   32.9	0	   13.0	NaN	NaN	   15.0	   0.12	NaN	   0.14	  -0.43	   0.00	0	   19.9	NaN	NaN	   11.8	   1.60	NaN	   1.75	  -0.51	   0.00	CATATGAT_64/9	0	4.14	+
14:342810	   37.0	0	   18.0	NaN	NaN	   19.9	   0.14	NaN	   0.16	  -0.56	   0.00	0	   19.0	NaN	NaN	   12.6	   1.14	NaN	   1.25	  -0.38	   0.00	GCACGTGAA_208/16	0	10.54	+
14:383657	   37.1	0	   23.2	NaN	NaN	   15.0	   1.59	NaN	   1.72	  -0.41	   0.00	0	   13.9	NaN	NaN	   11.8	   0.48	NaN	   0.53	  -0.58	   0.00	GGCATGAGC_111/11	0	6.44	+
14:396733	   31.0	0	   24.0	NaN	NaN	   17.2	   1.06	NaN	   1.15	  -0.55	   0.00	0	    7.0	NaN	NaN	   11.8	   0.02	NaN	   0.02	  -0.41	   0.00	CCATGTGCC_162/22	0	6.32	+
14:416270	   31.0	0	   17.0	NaN	NaN	   15.0	   0.44	NaN	   0.48	  -0.50	   0.00	0	   14.0	NaN	NaN	   11.8	   0.48	NaN	   0.53	  -0.40	   0.00	GCNTGTGAA_131/6	0	10.15	+
14:488605	   30.0	0	   21.0	NaN	NaN	   15.0	   1.00	NaN	   1.09	  -0.74	   0.00	0	    9.0	NaN	NaN	   12.0	   0.07	NaN	   0.07	  -0.80	   0.00	CATATGA_37/5	0	3.24	+
14:489151	   38.0	0	   18.0	NaN	NaN	   15.0	   0.56	NaN	   0.61	  -0.66	   0.00	0	   20.0	NaN	NaN	   12.3	   1.43	NaN	   1.58	  -0.76	   0.00	CATGTGG_41/10	0	2.64	+
14:519649	   31.0	0	   15.0	NaN	NaN	   15.0	   0.25	NaN	   0.28	  -0.54	   0.00	0	   16.0	NaN	NaN	   11.8	   0.78	NaN	   0.86	  -0.34	   0.00	TTGCATGTGCA_312/37	0	9.78	+
14:621698	   60.5	0	   34.7	NaN	NaN	   31.1	   0.53	NaN	   0.57	  -0.55	   0.00	0	   25.8	NaN	NaN	   19.9	   0.87	NaN	   0.96	  -0.47	   0.00	TGCATGTGA_321/39	0	9.76	+
14:655333	   49.0	0	   28.0	NaN	NaN	   19.4	   1.30	NaN	   1.41	  -0.53	   0.35	0	   21.0	NaN	NaN	   14.8	   1.03	NaN	   1.14	  -0.64	   0.35	CCCATGTGAA_194/26	0	6.92	+
14:703170	   35.0	0	   20.0	NaN	NaN	   15.0	   0.84	NaN	   0.91	  -1.00	   0.45	0	   15.0	NaN	NaN	   11.8	   0.62	NaN	   0.69	  -0.64	   0.45	GCNTGTGAA_131/6	0	10.15	+
14:720422	   44.0	0	   25.0	NaN	NaN	   15.0	   1.82	NaN	   1.96	  -0.58	   0.00	0	   19.0	NaN	NaN	   11.8	   1.36	NaN	   1.50	  -0.46	   0.00	CATATGAA_110/9	0	7.07	+
14:723084	   32.0	0	   23.0	NaN	NaN	   15.0	   1.38	NaN	   1.50	  -0.31	   0.00	0	    9.0	NaN	NaN	   11.8	   0.07	NaN	   0.08	  -0.84	   0.00	GCACATGA_55/6	0	4.28	+
14:749293	   35.0	0	   15.0	NaN	NaN	   15.0	   0.25	NaN	   0.28	  -1.08	   0.00	0	   20.0	NaN	NaN	   11.8	   1.60	NaN	   1.75	  -0.92	   0.00	GCATATG_47/12	0	2.69	+
15:34253	   33.5	0	   19.7	NaN	NaN	   15.1	   0.82	NaN	   0.88	  -0.37	   0.00	0	   13.7	NaN	NaN	   11.6	   0.50	NaN	   0.55	  -0.32	   0.00	CGNCATGT_27/4	0	2.71	+
15:42604	   32.0	0	   14.0	NaN	NaN	   15.1	   0.17	NaN	   0.19	  -0.48	   0.00	0	   18.0	NaN	NaN	   11.6	   1.18	NaN	   1.30	  -0.88	   0.00	CCATGTGAA_174/22	0	6.87	+
15:72298	   40.0	0	   21.0	NaN	NaN	   15.1	   0.98	NaN	   1.06	  -0.42	   0.00	0	   19.0	NaN	NaN	   11.6	   1.40	NaN	   1.54	  -0.37	   0.00	CATGTGCG_121/13	0	6.43	+
15:84809	   36.0	0	   28.0	NaN	NaN	   21.0	   0.99	NaN	   1.08	  -0.54	   0.00	0	    8.0	NaN	NaN	   11.9	   0.04	NaN	   0.04	  -0.34	   0.00	GCCATGTGCTG_201/28	0	6.83	+
15:91331	   36.0	0	   19.0	NaN	NaN	   15.1	   0.67	NaN	   0.73	  -0.41	   0.00	0	   17.0	NaN	NaN	   11.6	   0.98	NaN	   1.08	  -0.49	   0.00	GCATGAG_39/6	0	3.17	+
15:174880	   36.0	0	   16.0	NaN	NaN	   15.1	   0.33	NaN	   0.35	  -0.89	   0.00	0	   20.0	NaN	NaN	   11.6	   1.64	NaN	   1.80	  -0.45	   0.00	AGCATATGAA_244/27	0	8.96	+
15:206417	   31.0	0	   16.0	NaN	NaN	   15.1	   0.33	NaN	   0.35	  -0.79	   0.00	0	   15.0	NaN	NaN	   11.6	   0.64	NaN	   0.71	  -0.60	   0.00	GCATGNNCG_19/1	0	2.69	+
15:212996	   42.2	0	   21.4	NaN	NaN	   15.1	   1.15	NaN	   1.25	  -0.34	   0.00	0	   20.8	NaN	NaN	   11.6	   1.89	NaN	   2.07	  -0.29	   0.00	--------	-1	0.00	*
15:213790	   34.0	0	   20.0	NaN	NaN	   15.1	   0.82	NaN	   0.88	  -0.53	   0.00	0	   14.0	NaN	NaN	   11.6	   0.50	NaN	   0.55	  -0.57	   0.00	CATGTGG_41/10	0	2.64	+
15:222081	   32.0	0	   14.0	NaN	NaN	   15.1	   0.18	NaN	   0.19	  -0.44	   0.00	0	   18.0	NaN	NaN	   11.6	   1.18	NaN	   1.30	  -0.51	   0.00	CTGCATGTGAT_364/46	0	10.27	+
15:264577	   30.0	0	   19.0	NaN	NaN	   15.1	   0.67	NaN	   0.73	  -0.45	   0.00	0	   11.0	NaN	NaN	   11.6	   0.19	NaN	   0.21	  -0.66	   0.00	GCACATGA_55/6	0	4.28	+
15:324578	   33.0	0	   22.0	NaN	NaN	   15.1	   1.15	NaN	   1.25	  -0.46	   0.00	0	   11.0	NaN	NaN	   11.6	   0.19	NaN	   0.21	  -0.63	   0.00	GCANGTTC_27/2	0	3.17	+
15:363530	   37.8	0	   23.0	NaN	NaN	   15.1	   1.34	NaN	   1.46	  -0.59	   0.00	0	   14.9	NaN	NaN	   11.6	   0.64	NaN	   0.71	  -0.55	   0.00	GCATATGCT_117/18	0	5.07	+
15:363982	   31.2	0	   18.0	NaN	NaN	   15.1	   0.67	NaN	   0.73	  -0.49	   0.00	0	   13.1	NaN	NaN	   11.6	   0.50	NaN	   0.55	  -0.49	   0.00	--------	-1	0.00	*
15:373599	   38.1	0	   19.5	NaN	NaN	   15.1	   0.82	NaN	   0.88	  -0.46	   0.00	0	   18.6	NaN	NaN	   11.6	   1.40	NaN	   1.54	  -0.41	   0.00	CATGTGAT_160/17	0	7.43	+
15:431967	   36.0	0	   20.0	NaN	NaN	   15.1	   0.82	NaN	   0.88	  -0.38	   0.00	0	   16.0	NaN	NaN	   11.6	   0.80	NaN	   0.89	  -0.44	   0.00	GCATATGAT_134/20	0	5.47	+
15:438747	   30.0	0	   12.0	NaN	NaN	   15.1	   0.08	NaN	   0.09	  -0.81	   0.00	0	   18.0	NaN	NaN	   11.6	   1.18	NaN	   1.30	  -1.01	   0.00	CATGTGAT_160/17	0	7.43	+
15:445893	   32.1	0	   16.6	NaN	NaN	   15.1	   0.43	NaN	   0.46	  -0.30	   0.00	0	   15.5	NaN	NaN	   13.2	   0.54	NaN	   0.59	  -0.39	   0.00	GCATGNGA_64/3	0	6.08	+
15:447541	   34.0	0	   16.0	NaN	NaN	   15.1	   0.33	NaN	   0.35	  -0.97	   0.00	0	   18.0	NaN	NaN	   11.6	   1.18	NaN	   1.30	  -0.37	   0.00	AGCATATGCT_147/18	0	6.50	+
15:487843	   38.0	0	   23.0	NaN	NaN	   15.1	   1.34	NaN	   1.46	  -0.43	   0.00	0	   15.0	NaN	NaN	   11.6	   0.64	NaN	   0.71	  -0.30	   0.00	AGCATGTGGC_197/31	0	6.15	+
15:522483	   30.0	0	   16.0	NaN	NaN	   15.1	   0.33	NaN	   0.35	  -0.44	   0.00	0	   14.0	NaN	NaN	   11.6	   0.50	NaN	   0.55	  -0.78	   0.00	TGCNTGTG_54/2	0	5.64	+
15:529880	   38.5	0	   23.5	NaN	NaN	   15.1	   1.55	NaN	   1.68	  -0.73	   0.00	0	   15.0	NaN	NaN	   11.6	   0.64	NaN	   0.71	  -0.52	   0.00	CATGTGCA_117/16	0	5.47	+
15:574695	   35.0	0	   19.0	NaN	NaN	   15.1	   0.67	NaN	   0.73	  -0.61	   0.00	0	   16.0	NaN	NaN	   11.6	   0.80	NaN	   0.89	  -0.35	   0.00	GGCATGT_37/5	0	3.24	+
15:665060	   40.0	0	   22.0	NaN	NaN	   30.2	   0.02	NaN	   0.02	  -0.39	   0.00	0	   18.0	NaN	NaN	   19.7	   0.15	NaN	   0.17	  -0.50	   0.00	GCATGAG_39/6	0	3.17	+
15:694004	   30.0	0	   15.0	NaN	NaN	   15.1	   0.24	NaN	   0.26	  -0.34	   0.00	0	   15.0	NaN	NaN	   11.6	   0.64	NaN	   0.71	  -0.92	   0.00	CTGCNTGTGAA_143/8	0	9.91	+
15:704451	   34.0	0	   23.0	NaN	NaN	   15.1	   1.34	NaN	   1.46	  -0.53	   0.00	0	   11.0	NaN	NaN	   11.6	   0.19	NaN	   0.21	  -0.41	   0.00	GGNATGTGAA_138/7	0	10.10	+
15:753209	   30.0	0	   20.0	NaN	NaN	   15.1	   0.82	NaN	   0.88	  -0.48	   0.00	0	   10.0	NaN	NaN	   11.6	   0.13	NaN	   0.14	  -0.20	   0.00	CCATGTGG_93/17	0	4.15	+
15:762482	   50.0	0	   29.0	NaN	NaN	   18.0	   1.83	NaN	   1.98	  -0.73	   0.00	0	   21.0	NaN	NaN	   11.6	   1.89	NaN	   2.07	  -0.45	   0.00	GCATATG_47/12	0	2.69	+
15:827032	   33.9	0	   19.9	NaN	NaN	   15.1	   0.82	NaN	   0.88	  -0.57	   0.00	0	   14.0	NaN	NaN	   11.6	   0.50	NaN	   0.55	  -0.91	   0.00	AGCATATGCC_154/19	0	6.61	+
15:836560	   34.0	0	   21.0	NaN	NaN	   15.1	   0.98	NaN	   1.06	  -0.38	   0.00	0	   13.0	NaN	NaN	   11.6	   0.38	NaN	   0.42	  -1.05	   0.00	GCATGAG_39/6	0	3.17	+
15:842659	   39.9	0	   21.0	NaN	NaN	   15.1	   0.98	NaN	   1.06	  -0.54	   0.00	0	   19.0	NaN	NaN	   11.6	   1.40	NaN	   1.54	  -0.45	   0.00	CATGTGAA_145/12	0	8.20	+
15:861070	   38.7	0	   23.9	NaN	NaN	   15.1	   1.55	NaN	   1.68	  -0.44	   0.00	0	   14.8	NaN	NaN	   11.6	   0.64	NaN	   0.71	  -0.59	   0.00	--------	-1	0.00	*
15:870154	   34.8	0	   14.9	NaN	NaN	   15.1	   0.24	NaN	   0.26	  -0.81	   0.00	0	   19.9	NaN	NaN	   11.6	   1.64	NaN	   1.80	  -0.69	   0.00	CGCATGTGCC_272/24	0	11.31	+
15:948357	   31.0	0	   18.0	NaN	NaN	   15.1	   0.54	NaN	   0.59	  -0.50	   0.00	0	   13.0	NaN	NaN	   11.6	   0.38	NaN	   0.42	  -0.46	   0.00	--------	-1	0.00	*
15:991299	   42.0	0	   25.0	NaN	NaN	   15.1	   1.78	NaN	   1.92	  -0.47	   0.00	0	   17.0	NaN	NaN	   11.6	   0.98	NaN	   1.08	  -0.49	   0.00	CTGCATGT_91/16	0	4.22	+
15:1035400	   45.6	0	   25.8	NaN	NaN	   17.9	   1.27	NaN	   1.38	  -0.80	   0.00	0	   19.9	NaN	NaN	   13.5	   1.11	NaN	   1.23	  -0.59	   0.00	CGNCATGT_27/4	0	2.71	+
15:1045643	   41.0	0	   20.0	NaN	NaN	   15.1	   0.82	NaN	   0.88	  -0.73	   0.00	0	   21.0	NaN	NaN	   11.6	   1.89	NaN	   2.07	  -0.42	   0.00	TCCATGTGAA_186/24	0	6.98	+
15:1078555	   34.0	0	   22.0	NaN	NaN	   15.1	   1.15	NaN	   1.25	  -0.35	   0.00	0	   12.0	NaN	NaN	   11.6	   0.27	NaN	   0.30	  -0.38	   0.00	CGGCATGTGG_231/28	0	8.12	+
16:535	   35.0	0	   21.0	NaN	NaN	   15.6	   0.88	NaN	   0.96	  -0.63	   0.22	0	   14.0	NaN	NaN	   11.7	   0.50	NaN	   0.55	  -1.03	   0.22	GCATGAG_39/6	0	3.17	+
16:15415	   32.0	0	   11.0	NaN	NaN	   15.6	   0.03	NaN	   0.04	  -0.72	   0.00	0	   21.0	NaN	NaN	   11.7	   1.88	NaN	   2.06	  -0.91	   0.00	CATATGAT_64/9	0	4.14	+
16:31480	   38.9	0	   22.7	NaN	NaN	   15.6	   1.23	NaN	   1.33	  -0.57	   0.00	0	   16.2	NaN	NaN	   11.7	   0.97	NaN	   1.08	  -0.59	   0.00	--------	-1	0.00	*
16:33465	   31.0	0	   22.0	NaN	NaN	   15.6	   1.04	NaN	   1.14	  -0.50	   0.00	0	    9.0	NaN	NaN	   11.7	   0.08	NaN	   0.09	  -0.89	   0.00	TTGCATATG_97/13	0	5.11	+
16:124478	   30.3	0	   21.2	NaN	NaN	   35.9	  -0.00	NaN	   0.00	  -0.56	   0.00	0	    9.2	NaN	NaN	   20.4	   0.00	NaN	   0.00	  -0.80	   0.00	CGGCATGTTCC_157/19	0	6.75	+
16:189950	   30.4	0	   19.5	NaN	NaN	   15.6	   0.74	NaN	   0.79	  -0.54	   0.00	0	   10.9	NaN	NaN	   11.7	   0.19	NaN	   0.21	  -0.96	   0.00	--------	-1	0.00	*
16:269841	   37.0	0	   22.0	NaN	NaN	   15.6	   1.05	NaN	   1.14	  -0.49	   0.00	0	   15.0	NaN	NaN	   11.7	   0.64	NaN	   0.70	  -0.45	   0.00	--------	-1	0.00	*
16:273381	   35.0	0	   17.0	NaN	NaN	   15.6	   0.38	NaN	   0.40	  -0.40	   0.00	0	   18.0	NaN	NaN	   11.7	   1.17	NaN	   1.29	  -0.34	   0.00	CACGTGAA_96/5	0	7.82	+
16:303636	   35.0	0	   20.0	NaN	NaN	   15.6	   0.73	NaN	   0.79	  -0.68	   0.00	0	   15.0	NaN	NaN	   11.7	   0.64	NaN	   0.70	  -0.34	   0.00	TGCATGTGAA_331/39	0	10.22	+
16:344520	   31.0	0	   16.0	NaN	NaN	   15.6	   0.28	NaN	   0.31	  -0.46	   0.00	0	   15.0	NaN	NaN	   11.7	   0.64	NaN	   0.70	  -0.32	   0.00	TGCATGTGCC_283/34	0	9.13	+
16:347250	   48.0	0	   28.0	NaN	NaN	   25.8	   0.41	NaN	   0.45	  -0.43	   0.00	0	   20.0	NaN	NaN	   15.8	   0.68	NaN	   0.76	  -0.67	   0.00	CATGTGA_110/11	0	6.38	+
16:417257	   34.0	0	   20.0	NaN	NaN	   15.6	   0.73	NaN	   0.79	  -0.61	   0.00	0	   14.0	NaN	NaN	   11.7	   0.50	NaN	   0.55	  -0.41	   0.00	GCATGAG_39/6	0	3.17	+
16:440934	   34.0	0	   28.0	NaN	NaN	   28.8	   0.22	NaN	   0.23	  -0.39	   0.00	0	    6.0	NaN	NaN	   12.7	   0.00	NaN	   0.01	  -0.72	   0.00	GNATATGC_17/1	0	2.50	+
16:553102	   41.0	0	   22.0	NaN	NaN	   15.6	   1.05	NaN	   1.14	  -0.68	   0.00	0	   19.0	NaN	NaN	   11.7	   1.39	NaN	   1.53	  -0.45	   0.00	GGCATGAG_70/7	0	5.04	+
16:623771	   34.0	0	   23.0	NaN	NaN	   15.6	   1.22	NaN	   1.33	  -0.84	   0.00	0	   11.0	NaN	NaN	   11.7	   0.19	NaN	   0.21	  -1.04	   0.00	GGCATGTGA_339/34	0	11.86	+
16:798812	   30.0	0	   19.0	NaN	NaN	   15.6	   0.60	NaN	   0.65	  -0.50	   0.00	0	   11.0	NaN	NaN	   11.7	   0.19	NaN	   0.21	  -0.37	   0.00	CATGTGCTG_150/18	0	6.65	+
16:868688	   33.0	0	   20.0	NaN	NaN	   15.6	   0.74	NaN	   0.79	  -0.47	   0.00	0	   13.0	NaN	NaN	   11.7	   0.38	NaN	   0.41	  -0.43	   0.00	GCATATG_47/12	0	2.69	+
16:884002	   30.2	0	   15.2	NaN	NaN	   15.6	   0.28	NaN	   0.31	  -0.65	   0.00	0	   15.0	NaN	NaN	   11.7	   0.64	NaN	   0.70	  -0.75	   0.00	CATGTGAA_145/12	0	8.20	+
2:62681	   32.0	0	   15.0	NaN	NaN	   14.6	   0.28	NaN	   0.31	  -0.59	   0.00	0	   17.0	NaN	NaN	   11.6	   0.99	NaN	   1.10	  -0.64	   0.00	GTGCATGTGCA_296/37	0	9.07	+
2:63815	   32.0	0	   18.0	NaN	NaN	   14.6	   0.61	NaN	   0.66	  -1.17	   0.00	0	   14.0	NaN	NaN	   11.6	   0.51	NaN	   0.56	  -0.68	   0.00	CACGTGA_22/1	0	2.97	+
2:81191	   33.0	0	   18.0	NaN	NaN	   14.6	   0.61	NaN	   0.66	  -0.65	   0.00	0	   15.0	NaN	NaN	   11.6	   0.65	NaN	   0.72	  -0.49	   0.00	CATGTGCT_134/17	0	6.09	+
2:92498	   30.6	0	   15.6	NaN	NaN	   14.6	   0.38	NaN	   0.41	  -0.61	   0.00	0	   15.0	NaN	NaN	   11.6	   0.81	NaN	   0.90	  -0.75	   0.00	GCACGTG_34/6	0	2.83	+
2:114742	   31.0	0	   20.0	NaN	NaN	   14.6	   0.90	NaN	   0.98	  -0.39	   0.00	0	   11.0	NaN	NaN	   11.6	   0.19	NaN	   0.22	  -0.87	   0.00	TAGCATGTGAT_336/41	0	10.02	+
2:135148	   30.5	0	   14.7	NaN	NaN	   17.7	   0.10	NaN	   0.11	  -0.83	   0.00	0	   15.8	NaN	NaN	   13.1	   0.55	NaN	   0.61	  -1.25	   0.00	GCATGAG_39/6	0	3.17	+
2:233237	   34.0	0	   19.0	NaN	NaN	   14.6	   0.75	NaN	   0.81	  -0.88	   0.00	0	   15.0	NaN	NaN	   11.6	   0.65	NaN	   0.72	  -0.42	   0.00	--------	-1	0.00	*
2:286533	   35.9	0	   18.0	NaN	NaN	   14.6	   0.61	NaN	   0.66	  -0.33	   0.00	0	   17.9	NaN	NaN	   11.6	   1.19	NaN	   1.32	  -0.55	   0.00	CATGTGAA_145/12	0	8.20	+
2:313866	   39.5	0	   22.6	NaN	NaN	   14.6	   1.47	NaN	   1.59	  -0.63	   0.00	0	   17.0	NaN	NaN	   11.6	   0.99	NaN	   1.10	  -0.37	   0.00	GCATATGA_121/18	0	5.26	+
2:340614	   42.0	0	   23.0	NaN	NaN	   14.6	   1.47	NaN	   1.59	  -0.49	   0.00	0	   19.0	NaN	NaN	   11.6	   1.42	NaN	   1.56	  -0.46	   0.00	--------	-1	0.00	*
2:363924	   34.1	0	   21.1	NaN	NaN	   17.9	   0.65	NaN	   0.71	  -0.52	   0.00	0	   13.0	NaN	NaN	   14.1	   0.17	NaN	   0.18	  -0.25	   0.00	TCCATGTGAA_186/24	0	6.98	+
2:397049	   35.3	0	   18.8	NaN	NaN	   14.6	   0.75	NaN	   0.81	  -0.61	   0.00	0	   16.5	NaN	NaN	   11.6	   0.99	NaN	   1.10	  -0.63	   0.00	CCATGTGA_139/21	0	5.50	+
2:403192	   30.0	0	   18.0	NaN	NaN	   14.6	   0.61	NaN	   0.66	  -1.01	   0.00	0	   12.0	NaN	NaN	   11.6	   0.28	NaN	   0.31	  -0.87	   0.00	CAGCATGTGCT_287/30	0	10.28	+
2:441251	   45.8	0	   25.6	NaN	NaN	   17.3	   1.39	NaN	   1.51	  -0.50	   0.00	0	   20.1	NaN	NaN	   13.9	   1.21	NaN	   1.34	  -0.58	   0.00	--------	-1	0.00	*
2:454345	   38.4	0	   22.4	NaN	NaN	   14.6	   1.47	NaN	   1.59	  -0.56	   0.00	0	   16.0	NaN	NaN	   11.6	   0.99	NaN	   1.10	  -0.54	   0.00	GCACGTGA_106/10	0	6.46	+
2:545420	   34.0	0	   20.0	NaN	NaN	   16.9	   0.55	NaN	   0.60	  -0.39	   0.00	0	   14.0	NaN	NaN	   11.6	   0.51	NaN	   0.56	  -0.82	   0.00	AGCATGTGAT_324/41	0	9.49	+
2:577136	   38.0	0	   24.0	NaN	NaN	   14.6	   1.69	NaN	   1.83	  -0.87	   0.00	0	   14.0	NaN	NaN	   11.6	   0.51	NaN	   0.56	  -0.29	   0.00	CNTGTGAT_37/5	0	3.24	+
2:643728	   35.0	0	   20.0	NaN	NaN	   14.6	   0.90	NaN	   0.98	  -0.65	   0.00	0	   15.0	NaN	NaN	   11.6	   0.65	NaN	   0.72	  -0.39	   0.00	CACGTGAA_96/5	0	7.82	+
2:712035	   38.0	0	   24.0	NaN	NaN	   14.6	   1.69	NaN	   1.83	  -0.47	   0.00	0	   14.0	NaN	NaN	   11.6	   0.51	NaN	   0.56	  -0.39	   0.00	GGCATGAG_70/7	0	5.04	+
2:769954	   39.0	0	   20.0	NaN	NaN	   14.6	   0.90	NaN	   0.98	  -0.42	   0.00	0	   19.0	NaN	NaN	   11.6	   1.42	NaN	   1.56	  -0.39	   0.00	GCACGTG_34/6	0	2.83	+
3:109010	   35.0	0	   20.6	NaN	NaN	   12.4	   1.66	NaN	   1.80	  -0.62	   0.00	0	   14.4	NaN	NaN	   11.6	   0.65	NaN	   0.72	  -1.24	   0.00	--------	-1	0.00	*
3:111074	   37.0	0	   22.0	NaN	NaN	   20.0	   0.41	NaN	   0.44	  -0.26	   0.00	0	   15.0	NaN	NaN	   16.4	   0.16	NaN	   0.17	  -0.60	   0.00	CGCATGTGGA_233/22	0	9.81	+
3:140394	   31.0	0	   19.0	NaN	NaN	   12.8	   1.11	NaN	   1.21	  -0.39	   0.00	0	   12.0	NaN	NaN	    9.9	   0.49	NaN	   0.54	  -0.38	   0.00	TTGCATGTGAA_343/39	0	10.78	+
3:152972	   30.0	0	   14.0	NaN	NaN	   12.4	   0.41	NaN	   0.44	  -0.52	   0.00	0	   16.0	NaN	NaN	    9.2	   1.44	NaN	   1.59	  -0.47	   0.00	GNATATGC_17/1	0	2.50	+
3:195269	   35.0	0	   18.0	NaN	NaN	   12.4	   1.01	NaN	   1.10	  -0.46	   0.00	0	   17.0	NaN	NaN	    9.2	   1.71	NaN	   1.88	  -0.48	   0.00	TGGCATGTGAT_355/38	0	11.62	+
3:210561	   32.0	0	   16.0	NaN	NaN	   12.4	   0.67	NaN	   0.73	  -0.62	   0.00	0	   16.0	NaN	NaN	    9.2	   1.44	NaN	   1.59	  -0.64	   0.00	CGCACGTG_73/11	0	4.23	+
3:236932	   36.0	0	   20.3	NaN	NaN	   17.8	   0.55	NaN	   0.59	  -0.55	   0.00	0	   15.7	NaN	NaN	   11.0	   0.94	NaN	   1.04	  -0.80	   0.00	CATGTGCTG_150/18	0	6.65	+
3:239400	   42.0	0	   31.0	NaN	NaN	   26.9	   0.58	NaN	   0.62	  -0.45	   0.00	0	   11.0	NaN	NaN	   16.7	   0.02	NaN	   0.03	  -0.59	   0.00	GCACGTG_34/6	0	2.83	+
3:241056	   55.8	0	   32.3	NaN	NaN	   28.2	   0.63	NaN	   0.69	  -0.64	   0.00	0	   23.5	NaN	NaN	   17.3	   1.04	NaN	   1.14	  -0.68	   0.00	--------	-1	0.00	*
3:293866	   33.0	0	   16.0	NaN	NaN	   12.4	   0.67	NaN	   0.73	  -0.36	   0.00	0	   17.0	NaN	NaN	    9.2	   1.71	NaN	   1.88	  -0.79	   0.00	CACGTGAA_96/5	0	7.82	+
3:339535	   34.1	0	   19.6	NaN	NaN	   12.4	   1.42	NaN	   1.55	  -0.66	   0.00	0	   14.5	NaN	NaN	    9.2	   1.20	NaN	   1.32	  -0.61	   0.00	GCATGNNCG_19/1	0	2.69	+
4:9864	   41.1	0	   22.2	NaN	NaN	   18.2	   0.74	NaN	   0.81	  -0.77	   0.00	0	   18.9	NaN	NaN	   15.1	   0.65	NaN	   0.73	  -0.79	   0.00	CATGTGA_110/11	0	6.38	+
4:19483	   31.0	0	   18.0	NaN	NaN	   14.6	   0.61	NaN	   0.66	  -0.40	   0.00	0	   13.0	NaN	NaN	   11.8	   0.36	NaN	   0.40	  -0.94	   0.00	AGCATGTGCT_267/28	0	9.82	+
4:19951	   33.0	0	   18.0	NaN	NaN	   14.6	   0.61	NaN	   0.66	  -0.89	   0.00	0	   15.0	NaN	NaN	   11.8	   0.62	NaN	   0.68	  -0.56	   0.00	CATGTGA_110/11	0	6.38	+
4:48565	   33.0	0	   18.0	NaN	NaN	   14.6	   0.61	NaN	   0.66	  -0.35	   0.00	0	   15.0	NaN	NaN	   11.8	   0.62	NaN	   0.68	  -0.47	   0.00	CATGTGCG_121/13	0	6.43	+
4:100979	   36.0	0	   18.0	NaN	NaN	   14.6	   0.61	NaN	   0.66	  -0.48	   0.00	0	   18.0	NaN	NaN	   11.8	   1.14	NaN	   1.26	  -0.78	   0.00	AGCATATGCA_144/17	0	6.60	+
4:104656	   41.0	0	   24.0	NaN	NaN	   14.6	   1.68	NaN	   1.82	  -0.67	   0.00	0	   17.0	NaN	NaN	   11.8	   0.94	NaN	   1.04	  -0.33	   0.00	GGCATGT_37/5	0	3.24	+
4:155927	   44.0	0	   25.0	NaN	NaN	   14.6	   1.92	NaN	   2.07	  -0.85	   0.00	0	   19.0	NaN	NaN	   11.8	   1.35	NaN	   1.49	  -0.60	   0.00	CATATGA_37/5	0	3.24	+
4:158759	   30.0	0	   16.0	NaN	NaN	   14.6	   0.38	NaN	   0.40	  -0.98	   0.00	0	   14.0	NaN	NaN	   11.8	   0.48	NaN	   0.53	  -0.64	   0.00	GCATNTTC_16/0	0	2.64	+
4:229062	   39.0	0	   16.0	NaN	NaN	   14.6	   0.38	NaN	   0.40	  -0.40	   0.17	0	   23.0	NaN	NaN	   13.1	   1.90	NaN	   2.08	  -0.48	   0.17	CATGTGAA_145/12	0	8.20	+
4:357900	   33.8	0	   20.8	NaN	NaN	   14.6	   1.07	NaN	   1.16	  -0.46	   0.00	0	   13.0	NaN	NaN	   11.9	   0.35	NaN	   0.39	  -0.54	   0.00	CNTGTGAT_37/5	0	3.24	+
4:364264	   32.0	0	   22.0	NaN	NaN	   14.6	   1.26	NaN	   1.37	  -0.38	   0.00	0	   10.0	NaN	NaN	   14.2	   0.04	NaN	   0.05	  -0.62	   0.00	CATATGAA_110/9	0	7.07	+
4:405702	   37.9	0	   19.5	NaN	NaN	   14.6	   0.90	NaN	   0.98	  -1.04	   0.00	0	   18.4	NaN	NaN	   11.8	   1.36	NaN	   1.49	  -0.93	   0.00	CATATGAT_64/9	0	4.14	+
4:416759	   39.0	0	   22.0	NaN	NaN	   14.6	   1.26	NaN	   1.37	  -1.05	   0.00	0	   17.0	NaN	NaN	   11.8	   0.95	NaN	   1.04	  -1.10	   0.00	CACGTGA_22/1	0	2.97	+
4:423488	   34.0	0	   15.0	NaN	NaN	   14.6	   0.28	NaN	   0.30	  -1.00	   0.00	0	   19.0	NaN	NaN	   11.8	   1.36	NaN	   1.49	  -0.67	   0.00	AGCATGT_58/9	0	3.77	+
4:442752	   32.0	0	   21.0	NaN	NaN	   14.6	   1.07	NaN	   1.16	  -0.45	   0.00	0	   11.0	NaN	NaN	   11.8	   0.18	NaN	   0.20	  -0.53	   0.00	CTGCATATGAA_233/26	0	8.69	+
4:528524	   31.3	0	   14.7	NaN	NaN	   14.6	   0.28	NaN	   0.30	  -1.22	   0.00	0	   16.6	NaN	NaN	   11.8	   0.95	NaN	   1.04	  -0.81	   0.00	CACGTGAA_96/5	0	7.82	+
4:528970	   31.7	0	   17.3	NaN	NaN	   14.6	   0.61	NaN	   0.66	  -0.42	   0.00	0	   14.4	NaN	NaN	   11.8	   0.62	NaN	   0.68	  -0.91	   0.00	GCATGAG_39/6	0	3.17	+
4:548904	   33.0	0	   19.0	NaN	NaN	   14.6	   0.74	NaN	   0.81	  -1.00	   0.00	0	   14.0	NaN	NaN	   11.8	   0.48	NaN	   0.53	  -0.79	   0.00	GCACGTG_34/6	0	2.83	+
4:659066	   32.4	0	   18.5	NaN	NaN	   14.6	   0.75	NaN	   0.81	  -0.60	   0.00	0	   13.9	NaN	NaN	   11.8	   0.48	NaN	   0.53	  -0.49	   0.00	GNATATGC_17/1	0	2.50	+
4:659191	   32.6	0	   24.5	NaN	NaN	   14.6	   1.92	NaN	   2.07	  -0.48	   0.00	0	    8.1	NaN	NaN	   11.8	   0.07	NaN	   0.08	  -0.64	   0.00	GNCATGTG_59/5	0	4.88	+
4:678644	   32.0	0	   14.0	NaN	NaN	   14.6	   0.21	NaN	   0.22	  -0.71	   0.00	0	   18.0	NaN	NaN	   11.8	   1.14	NaN	   1.26	  -0.68	   0.00	GCATGAG_39/6	0	3.17	+
4:816644	   31.0	0	   20.0	NaN	NaN	   14.6	   0.90	NaN	   0.98	  -0.77	   0.00	0	   11.0	NaN	NaN	   11.8	   0.18	NaN	   0.20	  -0.90	   0.00	CCATGTG_58/12	0	3.25	+
4:847141	   30.0	0	   15.0	NaN	NaN	   14.6	   0.28	NaN	   0.30	  -0.29	   0.00	0	   15.0	NaN	NaN	   11.8	   0.62	NaN	   0.68	  -0.74	   0.00	CCATGTG_58/12	0	3.25	+
4:864589	   40.0	0	   21.0	NaN	NaN	   14.6	   1.07	NaN	   1.16	  -0.50	   0.00	0	   19.0	NaN	NaN	   11.8	   1.36	NaN	   1.49	  -0.38	   0.00	TGGCATGAG_101/8	0	6.84	+
4:872046	   35.8	0	   16.8	NaN	NaN	   14.6	   0.48	NaN	   0.52	  -0.32	   0.00	0	   19.0	NaN	NaN	   12.9	   1.08	NaN	   1.19	  -1.07	   0.00	TGCATATGAT_148/21	0	5.90	+
4:889429	   32.0	0	   20.0	NaN	NaN	   14.6	   0.90	NaN	   0.98	  -0.42	   0.44	0	   12.0	NaN	NaN	   11.8	   0.26	NaN	   0.29	  -0.83	   0.44	GCATATG_47/12	0	2.69	+
4:896900	   35.0	0	   16.0	NaN	NaN	   14.6	   0.38	NaN	   0.40	  -0.43	   0.00	0	   19.0	NaN	NaN	   12.5	   1.17	NaN	   1.29	  -0.43	   0.00	CATGTGCA_117/16	0	5.47	+
4:903567	   36.0	0	   17.0	NaN	NaN	   14.6	   0.48	NaN	   0.52	  -0.62	   0.00	0	   19.0	NaN	NaN	   11.8	   1.36	NaN	   1.49	  -0.51	   0.00	--------	-1	0.00	*
4:907185	   39.0	0	   20.0	NaN	NaN	   14.6	   0.90	NaN	   0.98	  -0.87	   0.00	0	   19.0	NaN	NaN	   12.1	   1.27	NaN	   1.40	  -0.71	   0.00	CTGCATGTG_217/25	0	8.17	+
4:955784	   37.0	0	   24.0	NaN	NaN	   14.6	   1.68	NaN	   1.82	  -0.59	   0.00	0	   13.0	NaN	NaN	   11.8	   0.36	NaN	   0.40	  -0.44	   0.00	CTGCATGTGGA_276/37	0	8.23	+
4:961063	   38.8	0	   23.9	NaN	NaN	   14.6	   1.68	NaN	   1.82	  -0.47	   0.00	0	   14.9	NaN	NaN	   11.8	   0.62	NaN	   0.68	  -0.44	   0.00	--------	-1	0.00	*
4:1035402	   43.9	0	   23.4	NaN	NaN	   14.6	   1.69	NaN	   1.82	  -0.81	   0.00	0	   20.6	NaN	NaN	   11.8	   1.84	NaN	   2.01	  -0.62	   0.00	GCACGTG_34/6	0	2.83	+
4:1069777	   32.7	0	   22.7	NaN	NaN	   14.6	   1.46	NaN	   1.59	  -0.50	   0.00	0	   10.0	NaN	NaN	   11.8	   0.18	NaN	   0.20	  -0.47	   0.00	--------	-1	0.00	*
4:1128136	   42.0	0	   21.0	NaN	NaN	   14.6	   1.07	NaN	   1.16	  -0.51	   0.00	0	   21.0	NaN	NaN	   11.8	   1.84	NaN	   2.01	  -1.01	   0.00	GNATGTGAA_129/7	0	9.38	+
4:1136822	   48.1	0	   25.6	NaN	NaN	   22.3	   0.57	NaN	   0.61	  -0.51	   0.00	0	   22.5	NaN	NaN	   21.9	   0.33	NaN	   0.36	  -0.70	   0.00	--------	-1	0.00	*
4:1137076	   49.9	0	   17.4	NaN	NaN	   22.0	   0.07	NaN	   0.08	  -0.53	   0.00	0	   32.5	NaN	NaN	   21.7	   1.67	NaN	   1.84	  -0.73	   0.00	TGCATGTTC_123/17	0	5.55	+
4:1204287	   37.0	0	   20.0	NaN	NaN	   14.6	   0.90	NaN	   0.98	  -0.45	   0.00	0	   17.0	NaN	NaN	   11.8	   0.95	NaN	   1.04	  -0.65	   0.00	TGGCATGTGGA_273/28	0	10.12	+
4:1207816	   38.3	0	   23.8	NaN	NaN	   14.6	   1.68	NaN	   1.82	  -0.48	   0.00	0	   14.5	NaN	NaN	   11.8	   0.62	NaN	   0.68	  -0.45	   0.00	--------	-1	0.00	*
4:1209016	   30.0	0	   13.0	NaN	NaN	   14.6	   0.14	NaN	   0.15	  -0.94	   0.00	0	   17.0	NaN	NaN	   11.8	   0.95	NaN	   1.04	  -0.91	   0.00	CTGCNTGT_19/2	0	2.46	+
4:1433516	   37.7	0	   19.7	NaN	NaN	   14.6	   0.90	NaN	   0.98	  -0.44	   0.00	0	   18.0	NaN	NaN	   14.1	   0.83	NaN	   0.92	  -0.56	   0.00	TGCNTGTG_54/2	0	5.64	+
4:1438806	   32.3	0	   17.4	NaN	NaN	   14.6	   0.61	NaN	   0.66	  -0.57	   0.00	0	   14.9	NaN	NaN	   11.8	   0.62	NaN	   0.68	  -0.74	   0.00	--------	-1	0.00	*
4:1475867	   32.6	0	   12.2	NaN	NaN	   14.6	   0.14	NaN	   0.15	  -0.50	   0.00	0	   20.3	NaN	NaN	   11.8	   1.84	NaN	   2.01	  -0.55	   0.00	--------	-1	0.00	*
4:1479857	   31.1	0	   16.3	NaN	NaN	   14.6	   0.48	NaN	   0.52	  -1.07	   0.00	0	   14.8	NaN	NaN	   11.8	   0.62	NaN	   0.68	  -0.71	   0.00	CATGTGCT_134/17	0	6.09	+
5:5542	   32.0	0	   19.0	NaN	NaN	   15.5	   0.62	NaN	   0.67	  -0.51	   0.00	0	   13.0	NaN	NaN	   11.9	   0.34	NaN	   0.38	  -0.43	   0.00	GGNATGTGA_82/5	0	6.67	+
5:28333	   40.1	0	   24.1	NaN	NaN	   15.5	   1.67	NaN	   1.81	  -0.59	   0.00	0	   16.0	NaN	NaN	   11.9	   0.74	NaN	   0.82	  -0.43	   0.00	--------	-1	0.00	*
5:53464	   33.0	0	   18.0	NaN	NaN	   15.5	   0.49	NaN	   0.54	  -0.42	   0.00	0	   15.0	NaN	NaN	   11.9	   0.59	NaN	   0.65	  -0.53	   0.00	CTGCATGTGAT_364/46	0	10.27	+
5:107961	   33.0	0	   19.0	NaN	NaN	   15.5	   0.62	NaN	   0.67	  -0.56	   0.00	0	   14.0	NaN	NaN	   11.9	   0.46	NaN	   0.51	  -0.76	   0.00	CCGCACGTGA_148/15	0	7.36	+
5:116997	   31.7	0	   14.7	NaN	NaN	   15.5	   0.22	NaN	   0.24	  -0.68	   0.00	0	   17.0	NaN	NaN	   11.9	   0.91	NaN	   1.01	  -1.01	   0.00	GCATATG_47/12	0	2.69	+
5:260556	   44.9	0	   23.3	NaN	NaN	   15.5	   1.46	NaN	   1.58	  -0.69	   0.00	0	   21.6	NaN	NaN	   12.2	   1.95	NaN	   2.13	  -0.90	   0.00	AGCATATGAA_244/27	0	8.96	+
5:269668	   38.0	0	   22.0	NaN	NaN	   15.5	   1.07	NaN	   1.17	  -0.64	   0.00	0	   16.0	NaN	NaN	   11.9	   0.74	NaN	   0.82	  -1.14	   0.00	CATGTGCC_130/14	0	6.65	+
5:270873	   37.0	0	   25.0	NaN	NaN	   15.5	   1.67	NaN	   1.81	  -0.62	   0.00	0	   12.0	NaN	NaN	   11.9	   0.25	NaN	   0.27	  -0.51	   0.00	--------	-1	0.00	*
5:285427	   45.8	0	   29.9	NaN	NaN	   22.7	   1.01	NaN	   1.10	  -0.54	   0.00	0	   15.8	NaN	NaN	   11.9	   0.74	NaN	   0.82	  -0.44	   0.00	--------	-1	0.00	*
5:292170	   42.0	0	   21.0	NaN	NaN	   15.5	   0.91	NaN	   0.98	  -0.47	   0.00	0	   21.0	NaN	NaN	   11.9	   1.79	NaN	   1.96	  -0.48	   0.00	--------	-1	0.00	*
5:302055	   36.0	0	   24.0	NaN	NaN	   15.5	   1.46	NaN	   1.58	  -0.51	   0.00	0	   12.0	NaN	NaN	   11.9	   0.25	NaN	   0.27	  -0.79	   0.00	TAGCATGTGCT_276/29	0	10.00	+
5:303137	   32.0	0	   20.0	NaN	NaN	   15.5	   0.75	NaN	   0.82	  -0.53	   0.00	0	   12.0	NaN	NaN	   11.9	   0.25	NaN	   0.27	  -0.61	   0.00	GCACGTG_34/6	0	2.83	+
5:314234	   35.0	0	   20.0	NaN	NaN	   17.6	   0.47	NaN	   0.51	  -0.49	   0.00	0	   15.0	NaN	NaN	   11.9	   0.59	NaN	   0.65	  -0.69	   0.00	CAGCATGTG_206/21	0	8.69	+
5:379062	   31.0	0	   17.0	NaN	NaN	   15.5	   0.39	NaN	   0.42	  -0.39	   0.00	0	   14.0	NaN	NaN	   11.9	   0.46	NaN	   0.51	  -0.43	   0.00	CATATGAA_110/9	0	7.07	+
5:423916	   40.0	0	   25.0	NaN	NaN	   15.5	   1.67	NaN	   1.81	  -0.44	   0.00	0	   15.0	NaN	NaN	   11.9	   0.59	NaN	   0.65	  -0.30	   0.00	GNATGTGA_72/5	0	5.88	+
6:6953	   35.0	0	   18.0	NaN	NaN	   12.5	   0.99	NaN	   1.08	  -0.66	   0.00	0	   17.0	NaN	NaN	   12.0	   0.89	NaN	   0.99	  -0.72	   0.00	GCATGNNCG_19/1	0	2.69	+
6:90087	   31.0	0	   19.0	NaN	NaN	   12.0	   1.30	NaN	   1.42	  -0.58	   0.00	0	   12.0	NaN	NaN	    9.9	   0.49	NaN	   0.54	  -0.23	   0.00	--------	-1	0.00	*
6:132231	   36.0	0	   19.0	NaN	NaN	   12.0	   1.31	NaN	   1.42	  -0.46	   0.00	0	   17.0	NaN	NaN	    9.9	   1.46	NaN	   1.61	  -1.06	   0.00	GCACGTG_34/6	0	2.83	+
6:148864	   38.0	0	   21.0	NaN	NaN	   12.0	   1.78	NaN	   1.92	  -0.39	   0.00	0	   17.0	NaN	NaN	    9.9	   1.46	NaN	   1.61	  -0.32	   0.00	TTGCATGTGG_224/32	0	7.03	+
7:87023	   35.0	0	   22.0	NaN	NaN	   16.4	   0.89	NaN	   0.96	  -0.45	   0.00	0	   13.0	NaN	NaN	   12.0	   0.34	NaN	   0.37	  -0.63	   0.00	CCCATGTGCT_185/29	0	6.01	+
7:186035	   43.0	0	   22.0	NaN	NaN	   17.3	   0.74	NaN	   0.80	  -0.75	   0.00	0	   21.0	NaN	NaN	   15.8	   0.82	NaN	   0.91	  -0.73	   0.00	GNATATGC_17/1	0	2.50	+
7:273645	   48.0	0	   27.0	NaN	NaN	   16.4	   1.84	NaN	   1.99	  -0.53	   0.00	0	   21.0	NaN	NaN	   12.0	   1.77	NaN	   1.94	  -0.79	   0.00	AGCATGT_58/9	0	3.77	+
7:332887	   30.0	0	   19.0	NaN	NaN	   16.4	   0.49	NaN	   0.53	  -0.89	   0.00	0	   11.0	NaN	NaN	   12.0	   0.17	NaN	   0.19	  -0.53	   0.00	GCATGAG_39/6	0	3.17	+
7:341008	   44.0	0	   29.0	NaN	NaN	   34.0	   0.07	NaN	   0.08	  -0.61	   0.00	0	   15.0	NaN	NaN	   22.8	   0.01	NaN	   0.02	  -0.38	   0.00	GCACGTG_34/6	0	2.83	+
7:342274	   47.0	0	   28.0	NaN	NaN	   38.3	   0.01	NaN	   0.02	  -0.38	   0.00	0	   19.0	NaN	NaN	   26.1	   0.02	NaN	   0.03	  -0.58	   0.00	CATGAGCG_44/3	0	4.34	+
7:343972	   39.0	0	   23.0	NaN	NaN	   39.1	  -0.00	NaN	   0.00	  -0.41	   0.00	0	   16.0	NaN	NaN	   26.3	   0.00	NaN	   0.01	  -0.33	   0.00	CCATGTGCC_162/22	0	6.32	+
7:348756	   31.0	0	   18.0	NaN	NaN	   16.4	   0.39	NaN	   0.42	  -0.43	   0.00	0	   13.0	NaN	NaN	   12.0	   0.34	NaN	   0.37	  -0.64	   0.00	TTGCATATGA_170/20	0	7.15	+
7:381407	   32.0	0	   14.0	NaN	NaN	   16.4	   0.11	NaN	   0.12	  -0.54	   0.00	0	   18.0	NaN	NaN	   12.0	   1.09	NaN	   1.20	  -0.76	   0.00	CATGTGCG_121/13	0	6.43	+
7:395224	   34.0	0	   23.0	NaN	NaN	   16.4	   1.05	NaN	   1.14	  -0.48	   0.00	0	   11.0	NaN	NaN	   12.0	   0.17	NaN	   0.19	  -0.51	   0.00	AGCATATG_97/14	0	4.89	+
7:543753	   42.0	0	   24.0	NaN	NaN	   16.4	   1.22	NaN	   1.33	  -0.47	   0.00	0	   18.0	NaN	NaN	   12.0	   1.09	NaN	   1.20	  -0.45	   0.00	GCATGAG_39/6	0	3.17	+
7:546821	   34.1	0	   23.1	NaN	NaN	   16.4	   1.23	NaN	   1.33	  -0.57	   0.00	0	   11.0	NaN	NaN	   12.0	   0.24	NaN	   0.27	  -0.77	   0.00	GCATGAG_39/6	0	3.17	+
7:561652	   35.0	0	   21.0	NaN	NaN	   16.4	   0.74	NaN	   0.80	  -0.91	   0.00	0	   14.0	NaN	NaN	   12.0	   0.45	NaN	   0.50	  -0.74	   0.00	GCNTGTGAT_105/7	0	7.54	+
7:571181	   38.5	0	   20.7	NaN	NaN	   16.4	   0.74	NaN	   0.80	  -0.42	   0.00	0	   17.8	NaN	NaN	   12.0	   1.09	NaN	   1.20	  -0.54	   0.00	GGCATGTGCTG_313/27	0	12.62	+
7:574738	   40.0	0	   19.0	NaN	NaN	   16.4	   0.49	NaN	   0.53	  -0.48	   0.00	0	   21.0	NaN	NaN	   12.0	   1.77	NaN	   1.94	  -0.42	   0.00	GNATGTGA_72/5	0	5.88	+
7:575217	   36.0	0	   25.0	NaN	NaN	   16.4	   1.41	NaN	   1.54	  -0.39	   0.00	0	   11.0	NaN	NaN	   12.0	   0.17	NaN	   0.19	  -0.80	   0.00	CTGCATGTGA_351/43	0	10.28	+
7:575594	   34.0	0	   25.2	NaN	NaN	   16.4	   1.62	NaN	   1.76	  -1.01	   0.00	0	    8.9	NaN	NaN	   12.0	   0.06	NaN	   0.07	  -0.92	   0.00	AGCATGT_58/9	0	3.77	+
7:633478	   35.3	0	   20.4	NaN	NaN	   16.4	   0.74	NaN	   0.80	  -0.76	   0.00	0	   14.9	NaN	NaN	   12.0	   0.58	NaN	   0.64	  -0.63	   0.00	CCGCACGTGA_148/15	0	7.36	+
7:784931	   40.0	0	   24.0	NaN	NaN	   16.4	   1.22	NaN	   1.33	  -0.41	   0.00	0	   16.0	NaN	NaN	   12.0	   0.73	NaN	   0.81	  -0.44	   0.00	CTGCATGTGAA_360/43	0	10.70	+
7:800164	   30.9	0	   18.9	NaN	NaN	   16.4	   0.49	NaN	   0.53	  -0.29	   0.00	0	   12.0	NaN	NaN	   12.0	   0.24	NaN	   0.27	  -0.97	   0.00	AGCATGTGA_311/36	0	9.96	+
7:821596	   31.9	0	   22.9	NaN	NaN	   16.4	   1.05	NaN	   1.14	  -0.39	   0.00	0	    9.0	NaN	NaN	   12.0	   0.11	NaN	   0.12	  -0.37	   0.00	GCACGTGA_106/10	0	6.46	+
7:886961	   33.0	0	   17.0	NaN	NaN	   16.4	   0.30	NaN	   0.32	  -0.44	   0.00	0	   16.0	NaN	NaN	   12.0	   0.73	NaN	   0.81	  -0.48	   0.00	AGCATATGAA_244/27	0	8.96	+
7:910653	   33.1	0	   20.7	NaN	NaN	   16.4	   0.74	NaN	   0.80	  -0.74	   0.00	0	   12.5	NaN	NaN	   12.0	   0.34	NaN	   0.37	  -0.52	   0.00	GGCATGT_37/5	0	3.24	+
7:915862	   32.0	0	   20.0	NaN	NaN	   16.4	   0.61	NaN	   0.66	  -0.43	   0.00	0	   12.0	NaN	NaN	   12.0	   0.24	NaN	   0.27	  -0.48	   0.00	AGCATGT_58/9	0	3.77	+
7:1020935	   37.0	0	   25.0	NaN	NaN	   16.4	   1.42	NaN	   1.54	  -0.34	   0.00	0	   12.0	NaN	NaN	   12.0	   0.24	NaN	   0.27	  -0.62	   0.00	TGGCATGTGA_343/34	0	12.07	+
7:1038209	   44.6	0	   26.6	NaN	NaN	   16.4	   1.84	NaN	   1.99	  -0.52	   0.00	0	   18.0	NaN	NaN	   12.0	   1.09	NaN	   1.20	  -0.86	   0.00	--------	-1	0.00	*
7:1053406	   45.0	0	   27.0	NaN	NaN	   16.4	   1.84	NaN	   1.99	  -0.36	   0.00	0	   18.0	NaN	NaN	   12.0	   1.09	NaN	   1.20	  -0.37	   0.00	GCCATGTG_97/15	0	4.69	+
7:1072032	   32.0	0	   15.3	NaN	NaN	   16.4	   0.22	NaN	   0.24	  -0.74	   0.00	0	   16.7	NaN	NaN	   12.0	   0.90	NaN	   0.99	  -0.41	   0.00	GGCATGAGC_111/11	0	6.44	+
7:1077115	   35.0	0	   20.0	NaN	NaN	   16.4	   0.61	NaN	   0.66	  -0.55	   0.00	0	   15.0	NaN	NaN	   14.0	   0.33	NaN	   0.37	  -0.96	   0.00	--------	-1	0.00	*
7:1096368	   32.7	0	   17.3	NaN	NaN	   16.4	   0.39	NaN	   0.42	  -0.68	   0.00	0	   15.4	NaN	NaN	   12.0	   0.73	NaN	   0.81	  -0.79	   0.00	AGCATATG_97/14	0	4.89	+
7:1112252	   36.0	0	   16.0	NaN	NaN	   16.4	   0.22	NaN	   0.24	  -0.56	   0.00	0	   20.0	NaN	NaN	   12.0	   1.52	NaN	   1.67	  -0.61	   0.00	AGCATGTGCG_272/28	0	10.07	+
8:13841	   32.7	0	   20.5	NaN	NaN	   14.5	   1.10	NaN	   1.19	  -0.53	   0.00	0	   12.2	NaN	NaN	   21.5	   0.01	NaN	   0.01	  -0.43	   0.00	CATATGAA_110/9	0	7.07	+
8:34393	   40.1	0	   24.1	NaN	NaN	   15.8	   1.57	NaN	   1.70	  -0.40	   0.00	0	   15.9	NaN	NaN	   11.2	   0.88	NaN	   0.98	  -0.57	   0.00	GGCATGTGAA_349/34	0	12.40	+
8:50083	   31.0	0	   14.0	NaN	NaN	   29.8	  -0.00	NaN	   0.00	  -0.34	   0.00	0	   17.0	NaN	NaN	   20.2	   0.09	NaN	   0.10	  -0.35	   0.00	AGCATGTGCG_272/28	0	10.07	+
8:51463	   90.0	0	   54.0	NaN	NaN	   40.0	   1.57	NaN	   1.69	  -0.60	   0.00	0	   36.0	NaN	NaN	   28.8	   0.87	NaN	   0.97	  -0.49	   0.00	CGCATGTGCC_272/24	0	11.31	+
8:80017	   31.0	0	   15.0	NaN	NaN	   13.1	   0.44	NaN	   0.48	  -0.50	   0.00	0	   16.0	NaN	NaN	   10.5	   1.04	NaN	   1.15	  -0.39	   0.00	GCCATGTGAT_212/27	0	7.49	+
8:106155	   38.0	0	   19.0	NaN	NaN	   13.1	   1.05	NaN	   1.14	  -0.50	   0.00	0	   19.0	NaN	NaN	   10.5	   1.75	NaN	   1.92	  -0.47	   0.00	CAGCATGT_83/12	0	4.57	+
8:218829	   31.0	0	   16.0	NaN	NaN	   13.1	   0.57	NaN	   0.62	  -0.89	   0.00	0	   15.0	NaN	NaN	   10.5	   0.85	NaN	   0.94	  -0.34	   0.00	AGCATGTGG_184/28	0	6.14	+
8:422826	   33.2	0	   16.0	NaN	NaN	   13.1	   0.57	NaN	   0.62	  -0.99	   0.00	0	   17.2	NaN	NaN	   10.5	   1.49	NaN	   1.64	  -1.20	   0.00	CCATGTGCA_154/25	0	5.44	+
8:487836	   30.0	0	   20.0	NaN	NaN	   13.1	   1.25	NaN	   1.35	  -0.47	   0.00	0	   10.0	NaN	NaN	   10.5	   0.19	NaN	   0.22	  -0.28	   0.00	CATATGAT_64/9	0	4.14	+
9:19157	   30.0	0	   16.0	NaN	NaN	   13.3	   0.53	NaN	   0.57	  -0.35	   0.00	0	   14.0	NaN	NaN	   10.5	   0.69	NaN	   0.77	  -0.77	   0.00	GCNTGTGAA_131/6	0	10.15	+
9:50089	   33.1	0	   21.8	NaN	NaN	   29.1	   0.03	NaN	   0.03	  -0.49	   0.00	0	   11.3	NaN	NaN	   18.6	   0.01	NaN	   0.02	  -0.56	   0.00	CGCCATGTGA_191/23	0	7.43	+
9:111233	   31.0	0	   16.0	NaN	NaN	   13.3	   0.53	NaN	   0.57	  -0.44	   0.00	0	   15.0	NaN	NaN	   10.5	   0.87	NaN	   0.96	  -0.56	   0.00	GCACGTGAA_208/16	0	10.54	+
9:122180	   36.0	0	   21.0	NaN	NaN	   13.3	   1.38	NaN	   1.50	  -0.68	   0.00	0	   15.0	NaN	NaN	   10.5	   0.87	NaN	   0.96	  -0.88	   0.00	GGCATGT_37/5	0	3.24	+
9:134919	   35.0	0	   21.0	NaN	NaN	   22.2	   0.19	NaN	   0.20	  -0.38	   0.00	0	   14.0	NaN	NaN	   16.6	   0.10	NaN	   0.11	  -0.55	   0.00	CAGCATGTGCT_287/30	0	10.28	+
9:163219	   38.0	0	   19.0	NaN	NaN	   13.3	   0.99	NaN	   1.08	  -0.67	   0.00	0	   19.0	NaN	NaN	   10.5	   1.78	NaN	   1.96	  -0.53	   0.00	CAGCATGTGAT_347/43	0	10.10	+
9:173399	   30.0	0	   18.0	NaN	NaN	   13.3	   0.82	NaN	   0.89	  -0.88	   0.00	0	   12.0	NaN	NaN	   10.5	   0.41	NaN	   0.45	  -0.84	   0.00	CGCATGTGCA_293/27	0	11.48	+
9:235293	   35.0	0	   20.0	NaN	NaN	   26.2	   0.03	NaN	   0.04	  -0.63	   0.00	0	   15.0	NaN	NaN	   17.4	   0.11	NaN	   0.12	  -0.62	   0.00	CCCATGTGG_115/21	0	4.48	+
9:235912	   40.0	0	   16.0	NaN	NaN	   35.5	  -0.00	NaN	   0.00	  -0.66	   0.00	0	   24.0	NaN	NaN	   20.6	   0.54	NaN	   0.60	  -0.66	   0.00	CATGAGCG_44/3	0	4.34	+
9:236453	   31.0	0	   18.0	NaN	NaN	   34.4	  -0.00	NaN	   0.00	  -0.51	   0.00	0	   13.0	NaN	NaN	   19.7	   0.02	NaN	   0.02	  -0.48	   0.00	CAGCATGT_83/12	0	4.57	+
9:263852	   30.0	0	   19.0	NaN	NaN	   13.3	   0.99	NaN	   1.08	  -0.46	   0.00	0	   11.0	NaN	NaN	   10.5	   0.29	NaN	   0.32	  -0.59	   0.00	GCACGTGAA_208/16	0	10.54	+
9:339954	   30.0	0	   19.0	NaN	NaN	   13.3	   0.99	NaN	   1.08	  -0.32	   0.00	0	   11.0	NaN	NaN	   10.5	   0.29	NaN	   0.32	  -0.82	   0.00	GCATGAG_39/6	0	3.17	+
9:374704	   51.6	0	   25.9	NaN	NaN	   21.9	   0.62	NaN	   0.67	  -0.85	   0.00	0	   25.6	NaN	NaN	   21.0	   0.71	NaN	   0.78	  -0.62	   0.00	CATGTGAA_145/12	0	8.20	+
9:377788	   40.1	0	   16.2	NaN	NaN	   24.1	   0.02	NaN	   0.02	  -0.61	   0.00	0	   23.9	NaN	NaN	   23.3	   0.30	NaN	   0.33	  -0.63	   0.00	CATGTNCC_36/5	0	3.17	+
9:423792	   34.8	0	   19.8	NaN	NaN	   13.3	   1.18	NaN	   1.28	  -0.42	   0.00	0	   15.0	NaN	NaN	   10.5	   0.87	NaN	   0.96	  -0.65	   0.00	--------	-1	0.00	*
9:433668	   32.0	0	   20.0	NaN	NaN	   13.3	   1.18	NaN	   1.28	  -0.38	   0.00	0	   12.0	NaN	NaN	   10.5	   0.41	NaN	   0.45	  -0.26	   0.00	TGGCATGTGG_231/26	0	8.59	+
plasmid-2-micron:1344	  335.0	0	  182.0	NaN	NaN	  301.8	   0.00	NaN	   0.00	  -0.56	   0.84	0	  153.0	NaN	NaN	  238.5	   0.00	NaN	   0.00	  -0.57	   0.84	TGCATATGAT_148/21	0	5.90	+
plasmid-2-micron:4455	  460.0	0	  241.0	NaN	NaN	  301.8	  -0.00	NaN	   0.00	  -0.42	   0.71	0	  219.0	NaN	NaN	  238.5	   0.04	NaN	   0.04	  -0.54	   0.71	--------	-1	0.00	*
plasmid-2-micron:6271	  451.0	0	  251.0	NaN	NaN	  301.8	  -0.00	NaN	   0.00	  -0.71	   0.86	0	  200.0	NaN	NaN	  238.5	   0.00	NaN	   0.00	  -0.64	   0.86	CATGTGAT_160/17	0	7.43	+
