-300	8.346915376835574E-4
-299	7.880969104692499E-4
-298	7.4537736417141E-4
-297	7.104079797065064E-4
-296	6.870638379910067E-4
-295	6.790523913248614E-4
-294	6.894105775419504E-4
-293	7.210077058596356E-4
-292	7.721670563287696E-4
-291	8.230277923341675E-4
-290	8.491830480941348E-4
-289	8.359533262903128E-4
-288	8.075686034576853E-4
-287	7.979862245945723E-4
-286	8.298728283455498E-4
-285	8.807322279402203E-4
-284	9.167775302544433E-4
-283	9.152966060061112E-4
-282	8.978763812812496E-4
-281	8.971785460079172E-4
-280	9.33590410877882E-4
-279	9.784017696377503E-4
-278	9.906280367978375E-4
-277	9.44161325359529E-4
-276	8.724005422884943E-4
-275	8.236212930414722E-4
-274	8.326513360533543E-4
-273	8.805270416716416E-4
-272	9.348369332219868E-4
-271	9.688934000568691E-4
-270	9.789042956360732E-4
-269	9.668013394462094E-4
-268	9.380151468218862E-4
-267	9.119719164897032E-4
-266	9.11596743024257E-4
-265	9.528526159324239E-4
-264	0.0010238541044501961
-263	0.0011057536727458448
-262	0.0011784834084251719
-261	0.0012170938928441014
-260	0.0011954153307960872
-259	0.0011029528132214922
-258	9.919109756483145E-4
-257	9.301693397514613E-4
-256	9.619848583208113E-4
-255	0.0010371242086061325
-254	0.001081731498972165
-253	0.001046464011383944
-252	9.800317222076818E-4
-251	9.556577814098868E-4
-250	0.001022769070173643
-249	0.0011356073945483422
-248	0.0012246182917999534
-247	0.0012396327690839255
-246	0.0012080237131136336
-245	0.0011765494804919334
-244	0.0011805967557237977
-243	0.0012100655349226688
-242	0.0012434841421041067
-241	0.0012639398991947863
-240	0.0012727561197658397
-239	0.0012758151152995156
-238	0.0012788389341821496
-237	0.0012869085724164328
-236	0.0013049447629091447
-235	0.0013332352659777586
-234	0.0013535359515825282
-233	0.0013429697170944004
-232	0.0012900972577245037
-231	0.0012292304600446885
-230	0.0012061190084669863
-229	0.0012516874454966266
-228	0.001337559746011635
-227	0.0014205347429832357
-226	0.0014653266650619839
-225	0.001468311323615761
-224	0.0014337799256917793
-223	0.001370762947913643
-222	0.0013072479452105252
-221	0.0012759617420879902
-220	0.0012968374751055644
-219	0.0013386335290386236
-218	0.0013573146007165033
-217	0.0013267105698421306
-216	0.0012921120476127922
-215	0.0013166748280993652
-214	0.0014401502503004382
-213	0.0016086718329254481
-212	0.001744968639611544
-211	0.0017921738663966382
-210	0.0017750372389216992
-209	0.0017387126152284584
-208	0.0017183363947329401
-207	0.0017089751423483407
-206	0.0016956779643621503
-205	0.0016672724976061323
-204	0.001627700501089152
-203	0.0015846822643643475
-202	0.0015486406375869086
-201	0.0015408087133202337
-200	0.0015851221447297711
-199	0.0016921189187931644
-198	0.0018187463577368395
-197	0.001908554117599417
-196	0.0019214785574397466
-195	0.0018830028483975989
-194	0.0018349968646329722
-193	0.001812399992651807
-192	0.0018224296683438115
-191	0.0018653728399446346
-190	0.001933354097377288
-189	0.00198584859731424
-188	0.0019741691381153195
-187	0.0018730126309947775
-186	0.0017506124385845473
-185	0.001698586036370981
-184	0.001776763992581727
-183	0.0019178292464096132
-182	0.002022677829788763
-181	0.002021470736820431
-180	0.0019614288102744047
-179	0.0019190378550876044
-178	0.001948986110508774
-177	0.002018771553033961
-176	0.002074094593471037
-175	0.0020772967416178055
-174	0.0020572839032317936
-173	0.00205960308306046
-172	0.0021132599133146103
-171	0.0021810945360584344
-170	0.0022094057208194686
-169	0.002163229746498437
-168	0.002082552929488812
-167	0.0020260990955572548
-166	0.0020378335287739315
-165	0.0021026873464230354
-164	0.0021908331240922643
-163	0.0022715717483745923
-162	0.0023107173498840886
-161	0.002273212370240099
-160	0.0021478018436934627
-159	0.0020184411750209926
-158	0.0019928883616309985
-157	0.002137510909774908
-156	0.002353114361076631
-155	0.0024991137660031982
-154	0.0024768920508458723
-153	0.0023557036451928573
-152	0.002246770854456589
-151	0.00223500841796787
-150	0.002300100810730955
-149	0.002395424941668462
-148	0.0024818977963518545
-147	0.0025505966669479656
-146	0.0026001389222724746
-145	0.002629828255535717
-144	0.0026417136575266563
-143	0.0026385304434289173
-142	0.0026246450611214045
-141	0.002610948489264164
-140	0.0026099628392125263
-139	0.002629193326812422
-138	0.002656077585872193
-137	0.0026730363546907843
-136	0.0026708250275384263
-135	0.0026735376225705027
-134	0.002713602813913685
-133	0.002804866395094829
-132	0.0028868426372415314
-131	0.002880462930881576
-130	0.0027392981722559845
-129	0.002547477280458742
-128	0.002421768680297075
-127	0.002449135815764312
-126	0.0025973222075981995
-125	0.0028042663957225894
-124	0.0030068340977830385
-123	0.0031375997423119476
-122	0.0031280649355634213
-121	0.0029482625307476976
-120	0.0027223503688995373
-119	0.002613017538009832
-118	0.0027268667443088777
-117	0.002946155166984588
-116	0.003097053603464283
-115	0.003058526797167679
-114	0.0029207152754840916
-113	0.002826553511795234
-112	0.002872472907748561
-111	0.002968892578054485
-110	0.0029797285656891575
-109	0.00282302151730334
-108	0.0026333104942462275
-107	0.0025992591615416273
-106	0.002836436460457992
-105	0.003168032437242373
-104	0.0033441424143864683
-103	0.0031951367127168112
-102	0.002872485646399269
-101	0.002607934527934543
-100	0.002574065600855212
-99	0.0027068088328213685
-98	0.002882931122524983
-97	0.0030032116080933764
-96	0.003064478385395275
-95	0.0030875717897347575
-94	0.0030902063946659526
-93	0.0030775937267431912
-92	0.0030518195507708576
-91	0.0030139921490216458
-90	0.002961309873641501
-89	0.0028899935942446786
-88	0.0028046720017364754
-87	0.002743605072186368
-86	0.0027534606029548728
-85	0.002860098497609437
-84	0.0030061470845452343
-83	0.0031134267983643697
-82	0.0031247647521122066
-81	0.003067014772607155
-80	0.0029880373651108866
-79	0.0029271429861302645
-78	0.002889441897152929
-77	0.0028714943109117113
-76	0.002871916741135554
-75	0.002897550905537834
-74	0.002957294822828038
-73	0.0030509538156917567
-72	0.003141962422719
-71	0.0031846624864758817
-70	0.003150851088423026
-69	0.003082146265599087
-68	0.0030376212939372286
-67	0.0030586639923849412
-66	0.003115920351947017
-65	0.003162350906642577
-64	0.003161006113199237
-63	0.0031152961191786054
-62	0.0030387209948507877
-61	0.0029490295912067937
-60	0.0028809658821212524
-59	0.002873522622189695
-58	0.00294946417021611
-57	0.003066641301838313
-56	0.0031666763969025757
-55	0.0032053753627786924
-54	0.003195278216930563
-53	0.003163108504345609
-52	0.003129108473954316
-51	0.003087595190459408
-50	0.0030264044225066693
-49	0.0029414370904532455
-48	0.002860854721501723
-47	0.002820883994566047
-46	0.0028471118385368435
-45	0.00292256618221146
-44	0.003019635204363923
-43	0.0031133749981275445
-42	0.003189513314072773
-41	0.0032364458171293426
-40	0.0032469033590697993
-39	0.0032309575390379397
-38	0.0032030151430203747
-37	0.003179225591918503
-36	0.0031827088462928806
-35	0.003238327501618852
-34	0.0033535969033934294
-33	0.0034666433972002993
-32	0.0034982460786448163
-31	0.0034043057391117872
-30	0.0032812099531038317
-29	0.003260467990903023
-28	0.003426565551356098
-27	0.0036758940475684686
-26	0.0038578213212102095
-25	0.0038584823687542766
-24	0.0037110808058851454
-23	0.003485587403090171
-22	0.003254273566318159
-21	0.003098613243363727
-20	0.0031023810174829443
-19	0.0033752437768384694
-18	0.004130437629219319
-17	0.005607090987321092
-16	0.007878412832009204
-15	0.010353934416828319
-14	0.01227726756349291
-13	0.013104785804619205
-12	0.013143909516430493
-11	0.01291482078605181
-10	0.012788821777802759
-9	0.01254169496478118
-8	0.011800342897279471
-7	0.010359220227461484
-6	0.008682990014976877
-5	0.007403867421346757
-4	0.006967751819372358
-3	0.007075279426975439
-2	0.007240770673357885
-1	0.007093863679677694
0	0.006725467334917326
1	0.006341808220015355
2	0.006080623281399852
3	0.0058056909274568965
4	0.005312299932062074
5	0.0044782431399354545
6	0.0035113296791750757
7	0.002701872748723464
8	0.0022595833132732722
9	0.0020717634005176636
10	0.001945112803899928
11	0.0017363141947304274
12	0.0015019817557878174
13	0.001348712547717825
14	0.001351238428070765
15	0.0014568304420152977
16	0.0015808944316246694
17	0.0016526903617308933
18	0.0016568946882010514
19	0.0015920379896609918
20	0.0014691667775944021
21	0.0013493912949163276
22	0.0013063377173996528
23	0.0013835061713160337
24	0.0015038925849322165
25	0.0015603668370137184
26	0.0014819323069006024
27	0.0013421263762311128
28	0.0012506199272180397
29	0.0012838106169687075
30	0.001385003202168586
31	0.0014642292143976791
32	0.0014552373052962567
33	0.0013866446067456529
34	0.0013107853706874663
35	0.0012692759196912752
36	0.00126086085883857
37	0.00127356686383882
38	0.0012948151257135417
39	0.0013096048967324392
40	0.0013023299444772627
41	0.00126426606237063
42	0.0012142171471986266
43	0.0011778691215882046
44	0.0011754849682878515
45	0.001205635910532199
46	0.0012614702316774131
47	0.001332103635950829
48	0.0013905215110644562
49	0.0014056766656014722
50	0.0013577887329115164
51	0.0012721446454100722
52	0.0011852981602790864
53	0.0011264777569449773
54	0.001095610803812062
55	0.0010852993915291312
56	0.0010889305540915976
57	0.0011030310988813618
58	0.0011249127766269477
59	0.0011502603082454352
60	0.0011682502954081396
61	0.0011664323099749327
62	0.0011377758909495018
63	0.0010969304459107938
64	0.0010639653495815706
65	0.0010547825002328772
66	0.0010686138903288932
67	0.0011005240358820812
68	0.0011422589463870336
69	0.0011722906052668593
70	0.001165772489426797
71	0.0011083004619067147
72	0.0010272399302849952
73	9.603986882746493E-4
74	9.341759855862258E-4
75	9.293368959204191E-4
76	9.152379489754608E-4
77	8.726840499694526E-4
78	8.282736061999817E-4
79	8.200534004845059E-4
80	8.717096280167884E-4
81	9.494861334958181E-4
82	0.001005266173996889
83	0.0010063328839757075
84	9.815689074096268E-4
85	9.752567656564129E-4
86	0.0010162297899763643
87	0.0010715245512399102
88	0.001092728430220013
89	0.0010471510398428793
90	9.649909216476885E-4
91	8.921688493268653E-4
92	8.640503787808266E-4
93	8.737801947419647E-4
94	9.039477641506635E-4
95	9.38200723719345E-4
96	9.644193892485789E-4
97	9.715422463109722E-4
98	9.523503486918573E-4
99	9.149950230274722E-4
100	8.714701641667802E-4
101	8.333822654342815E-4
102	8.107882140566253E-4
103	8.133574957359966E-4
104	8.463423692961703E-4
105	8.973261860472775E-4
106	9.494750704210385E-4
107	9.859746785873967E-4
108	9.90088793669186E-4
109	9.451007305274622E-4
110	8.467335247271576E-4
111	7.40469094648705E-4
112	6.84229079376413E-4
113	7.152012732321882E-4
114	7.876380914883317E-4
115	8.350581046547438E-4
116	8.116716610390754E-4
117	7.544562201399824E-4
118	7.210810192538728E-4
119	7.511760909269472E-4
120	8.122146487045824E-4
121	8.536307013819483E-4
122	8.4033210686493E-4
123	7.991221195022724E-4
124	7.722778427534352E-4
125	7.879671147491044E-4
126	8.179207123048722E-4
127	8.197601469075568E-4
128	7.65239439595462E-4
129	6.826426496128351E-4
130	6.14386345755409E-4
131	5.918659570381773E-4
132	6.023923533531793E-4
133	6.222552648117144E-4
134	6.327836695789717E-4
135	6.35463538035698E-4
136	6.368200886165287E-4
137	6.427370252950682E-4
138	6.565319942007957E-4
139	6.808811270021585E-4
140	7.147220389337167E-4
141	7.420382794944796E-4
142	7.43074881749569E-4
143	7.063384561512254E-4
144	6.533819227001649E-4
145	6.140197787842226E-4
146	6.098574504107802E-4
147	6.296640780654086E-4
148	6.53999730853225E-4
149	6.671864751046395E-4
150	6.685943660512309E-4
151	6.613554561498695E-4
152	6.496824813501307E-4
153	6.421109115724084E-4
154	6.482569002298004E-4
155	6.713281080047149E-4
156	6.88898224656798E-4
157	6.721324472150058E-4
158	6.045195892818823E-4
159	5.18842930754326E-4
160	4.602093681028235E-4
161	4.610583028596015E-4
162	5.031591568038478E-4
163	5.556138567764902E-4
164	5.930156645992466E-4
165	6.119231820169964E-4
166	6.143863457554089E-4
167	6.048203302687781E-4
168	5.971012609258982E-4
169	6.07470500824188E-4
170	6.436876668792404E-4
171	6.795853912793468E-4
172	6.805145600309721E-4
173	6.255048954953335E-4
174	5.483014654526546E-4
175	4.963281740379106E-4
176	5.032972800570827E-4
177	5.480744610001766E-4
178	5.958137490282044E-4
179	6.186233402048869E-4
180	6.164280862047813E-4
181	5.961070026051535E-4
182	5.652749741525953E-4
183	5.344903622710009E-4
184	5.150473975535896E-4
185	5.135515048790173E-4
186	5.178528862676868E-4
187	5.111129380254368E-4
188	4.8347746454661884E-4
189	4.5302990257963476E-4
190	4.4483809696139906E-4
191	4.740459073333187E-4
192	5.161012525547709E-4
193	5.365280662896249E-4
194	5.119453777296174E-4
195	4.6335259817795285E-4
196	4.228442344657028E-4
197	4.1549158717415634E-4
198	4.382731318854743E-4
199	4.811441379320351E-4
200	5.340598746462175E-4
