DE Ino2_GEM_1_m0 8.34 8 k7_c385
1 15 88 281 0 G
2 64 320 0 0 C
3 295 19 0 71 A
4 0 17 57 310 T
5 26 9 305 45 G
6 22 18 75 270 T
7 13 23 327 22 G
XX

DE Ino2_GEM_1_m1 7.22 1 k6_c354
1 49 0 2 303 T
2 0 63 0 290 T
3 0 353 0 0 C
4 306 8 7 33 A
5 8 336 0 10 C
6 275 0 75 4 A
XX

DE Ino2_GEM_1_m2 6.96 2 k7_c378
1 33 0 341 4 G
2 373 0 4 0 A
3 373 0 4 0 A
4 377 0 0 0 A
5 350 0 27 0 A
6 238 42 51 47 A
XX

DE Ino2_GEM_1_m3 7.17 5 k8_c305
1 22 86 52 144 T
2 0 0 296 9 G
3 0 86 73 146 T
4 0 0 296 9 G
5 0 296 9 0 C
6 0 296 9 0 C
XX

