#Ino2_GEM_1.m3
#KSM version: 1
#945/945
#1.46
#k-mer/r.c.      	Offset	PosCt	wPosCt	NegCt	HgpLg10	CIDs	PosHits (base85 encoding)	NegHits (base85 encoding)
CATGTGCC/GGCACATG	0	25	25	4	-5.4	*	!!iQ)69kM^zJ,fQLzz+92BATE"rl5QCca!!#Ce!!!QA!.Y%L"98E%!!!!#zz!!!!%!!",Azz#QOi)zz!!33&z!!!!)zz!$D~	zzzzzzzzzzzz+92BAzzzzzz!!!-%z!<<*"zzz!!*~
GCATGTGNC/GNCACATGC	-1	20	21	1	-6.7	-0,1	N.A.	N.A.
ATGTGCCT/AGGCACAT	1	17	17	1	-5.5	*	z!'gMazJ,fQL!<<*"z+92BA+9;HBzz!!!!1z"98E%zz!!!!A!"],5!!",Az!!!'##QOi)zz!!3-#zz!!3-#!!!"L~	zzzzzzzzzzzzzzzzzzzzz!!3~
$$$
GCCACATGC/GCATGTGGC	0	10	10	0	-3.9	0	zz!Wi?%zzzz!!iQ)zzz!!!$#!!!"Lzz!.Y%Lz!WW3#zzzzz!'gNL~	
GCATGTGCC/GGCACATGC	0	10	10	1	-3.6	1	!!iQ)5X5;\zzzzzz5QCca!!#7az!.Y%Lzzzzz!!",Azzzzz!!!'$~	zzzzzzzzzzzzzzzzzzz!!!-~
%%%
0 0 0 0 0 0 0 0 0 0 0 9 0 0 0 0 0 0 0 0 0 0 0 0 0 0 0 0 0 0 0 0 0 8 0 0 0 0 9 0 0 0 0 0 0 0 10 0 0 0 0 0 0 0 0 0 0 0 0 0 9 0 0 0 0 8 0 0 0 0 0 0 0 8 0 0 0 0 0 0 0 0 0 0 0 0 0 0 0 0 0 0 0 0 0 0 0 0 0 0 0 0 0 9 0 0 0 0 0 0 0 0 0 0 0 0 0 0 0 0 0 0 0 0 0 0 0 0 8 0 0 0 0 0 0 0 0 0 0 0 0 0 0 0 0 0 0 0 0 0 0 0 0 0 0 0 0 0 0 0 0 0 0 0 0 0 0 0 0 0 0 0 0 0 0 0 0 0 0 0 0 0 0 0 0 0 0 0 0 0 0 0 0 0 0 0 0 9 0 0 0 0 0 0 0 0 0 0 0 0 0 0 0 0 0 0 0 0 0 0 0 0 0 0 0 0 0 0 0 9 0 8 8 0 0 8 0 0 0 0 0 0 0 0 0 0 0 0 0 0 0 0 0 0 0 0 0 0 0 0 0 0 9 0 0 0 0 0 0 0 0 0 0 0 0 0 0 0 0 0 0 0 0 0 0 0 0 0 0 0 0 0 0 0 0 0 0 0 0 0 0 0 0 0 0 0 8 0 0 0 9 0 0 0 0 0 0 0 0 0 0 0 0 0 0 0 0 0 0 0 0 0 0 0 0 0 0 0 0 0 8 0 0 0 0 0 0 0 9 0 0 0 0 0 0 0 0 0 0 0 0 0 0 0 0 0 0 9 8 0 0 0 0 0 0 0 8 0 0 0 0 0 0 0 0 0 9 0 0 0 0 0 0 0 0 0 0 0 0 0 0 0 0 0 0 0 0 0 0 0 0 0 0 0 0 8 0 0 0 0 0 0 0 0 0 0 0 0 0 0 0 0 0 0 0 0 0 0 0 0 0 8 0 0 0 0 0 0 0 0 0 0 0 0 0 0 0 0 0 0 0 0 0 0 0 0 0 0 0 0 0 0 0 0 0 0 0 0 0 0 0 0 0 0 0 0 0 0 0 0 0 0 0 0 0 8 0 0 0 0 0 0 0 0 0 0 0 0 0 8 0 0 0 0 0 0 0 0 0 0 0 0 0 0 8 0 0 0 0 0 0 0 0 0 0 0 0 0 9 0 0 0 0 0 0 8 0 0 0 0 0 0 0 0 0 0 0 0 0 0 0 0 0 0 0 10 0 0 0 0 0 0 0 0 0 0 0 0 0 0 0 0 0 0 0 0 0 0 0 0 0 0 0 0 0 0 0 0 0 0 0 0 0 0 0 0 0 0 0 0 0 0 0 0 0 0 0 0 0 0 0 0 0 0 0 8 0 0 0 0 0 0 0 0 0 0 0 0 0 0 0 0 0 9 0 0 0 0 0 0 0 0 0 0 0 0 0 0 0 0 0 0 0 0 0 0 0 0 0 0 0 0 0 0 0 0 0 0 0 0 0 0 0 0 0 0 0 0 0 0 0 0 0 0 0 0 0 0 0 0 0 0 0 0 0 0 0 0 0 0 0 0 0 0 0 0 0 0 0 0 0 0 0 0 0 0 0 0 0 0 0 0 0 0 0 0 0 0 0 0 0 0 0 0 0 9 0 0 0 0 8 0 0 9 0 0 0 0 0 0 9 0 0 0 0 0 8 0 0 0 0 0 0 0 0 0 0 0 0 0 0 0 0 0 0 0 0 0 0 0 0 0 0 0 0 0 0 0 0 0 0 0 0 0 0 0 0 0 0 0 0 0 0 0 0 0 0 0 0 0 0 0 0 0 0 0 0 8 0 0 0 0 0 0 0 0 0 0 0 0 0 8 0 0 0 0 0 0 0 0 0 0 0 0 0 0 0 0 0 0 0 0 0 0 0 0 0 0 0 0 0 0 0 0 0 0 0 0 0 0 0 0 0 0 0 0 0 0 0 0 0 0 0 0 0 8 0 0 0 0 0 0 0 0 0 0 0 0 0 8 0 0 0 0 0 0 0 0 0 0 0 0 0 0 0 0 0 0 0 0 0 0 0 0 0 0 0 0 0 0 0 0 0 0 0 
0 0 0 0 0 0 0 0 0 0 0 0 0 0 0 0 0 0 0 0 0 0 0 0 0 0 0 0 0 0 0 0 0 0 0 0 0 0 0 0 0 0 0 0 0 0 0 0 0 0 0 0 0 0 0 0 0 0 0 0 0 0 0 0 0 0 0 0 0 0 0 0 0 0 0 0 0 0 0 0 0 0 0 0 0 0 0 0 0 0 0 0 0 0 0 0 0 0 0 0 0 0 0 0 0 0 0 0 0 0 0 0 0 0 0 0 0 0 0 0 0 0 0 0 0 0 0 0 0 0 0 0 0 0 0 0 0 0 0 0 0 0 0 0 0 0 0 0 0 0 0 0 0 0 0 0 0 0 0 0 0 0 0 0 0 0 0 0 0 0 0 0 0 0 0 0 0 0 0 0 0 0 0 0 0 0 0 0 0 0 0 0 0 0 0 0 0 0 0 0 0 0 0 0 0 0 0 0 0 0 0 0 0 0 0 0 0 0 0 0 0 0 0 0 0 0 0 0 0 0 0 0 0 0 0 0 0 0 0 0 0 0 0 0 0 0 0 0 0 0 0 0 0 0 0 0 0 0 0 0 0 0 0 0 0 0 0 0 0 0 0 0 0 0 0 0 0 0 0 0 0 0 0 0 0 0 0 0 0 0 0 0 0 0 0 0 0 0 0 0 0 0 0 0 0 0 0 0 0 0 0 0 0 0 0 0 0 0 0 0 0 0 0 0 0 0 0 0 0 0 0 0 0 0 0 0 0 0 0 0 0 0 0 0 0 0 0 0 0 0 0 0 0 0 0 0 0 0 0 0 0 0 0 0 0 0 0 0 0 0 0 0 0 0 0 0 0 0 0 0 0 0 0 0 0 0 0 0 0 8 0 0 0 0 0 0 0 0 0 0 0 0 0 0 0 0 0 0 0 0 0 0 0 0 0 0 0 0 0 0 0 0 0 0 0 0 0 0 0 0 0 0 0 0 0 0 0 0 0 0 0 0 0 0 0 0 0 0 0 0 0 0 0 0 0 0 0 0 0 0 0 0 0 0 0 0 0 0 0 0 0 0 0 0 0 0 0 0 0 0 0 0 0 0 0 0 0 0 0 0 0 0 0 0 0 0 0 0 0 0 0 0 0 0 0 0 0 0 0 0 0 0 0 0 0 0 0 0 0 0 0 0 0 0 0 0 0 0 0 0 0 0 0 0 0 0 0 0 0 0 0 0 0 0 0 0 0 0 0 0 0 0 0 0 0 0 0 0 0 0 0 0 0 0 0 0 0 0 0 0 0 0 0 0 0 0 0 0 0 0 0 0 0 0 0 0 0 0 0 0 0 0 0 0 0 0 0 0 0 0 0 0 0 0 0 0 0 0 0 0 0 0 0 0 0 0 0 0 0 0 0 0 0 0 0 0 9 0 0 0 0 0 0 0 0 0 0 0 0 0 0 0 0 0 0 0 0 0 0 0 0 0 0 0 0 0 0 0 0 0 0 0 0 0 0 0 0 0 0 0 0 0 8 0 0 0 0 0 0 0 0 8 0 0 0 0 0 0 0 0 0 0 0 0 0 0 0 0 0 0 0 0 0 0 0 0 0 0 0 0 0 0 0 0 0 0 0 0 0 0 0 0 0 0 0 0 0 0 0 0 0 0 0 0 0 0 0 0 0 0 0 0 0 0 0 0 0 0 0 0 0 0 0 0 0 0 0 0 0 0 0 0 0 0 0 0 0 0 0 0 0 0 0 0 0 0 0 0 0 0 0 0 0 0 0 0 0 0 0 0 0 0 0 0 0 0 0 0 0 0 0 0 0 0 0 0 0 0 8 0 0 0 0 0 0 0 0 0 0 0 0 0 0 0 0 0 0 0 0 0 0 0 0 0 0 0 0 0 0 0 0 0 0 0 0 0 0 0 0 0 0 0 0 0 0 0 0 0 0 0 0 0 0 0 0 0 0 0 0 0 0 0 0 0 0 0 0 0 0 0 0 0 0 0 0 0 0 0 0 0 0 0 0 0 0 0 0 0 0 0 0 0 0 0 0 0 0 0 0 0 0 0 0 0 0 0 0 0 0 0 0 0 0 0 0 0 0 0 0 0 0 0 0 0 0 0 0 0 0 0 0 0 0 0 0 
1.7407 1.5994 1.5215 1.5398 1.5546 1.5326 1.4567 1.5382 1.4243 1.4965 1.4283 1.4867 1.4547 1.4024 1.4110 1.4562 1.3910 1.4357 1.3590 1.3483 1.3610 1.2925 1.3921 1.3968 1.3385 1.3293 1.3882 1.3990 1.3686 1.3015 1.4053 1.3564 1.2950 1.3026 1.3683 1.3782 1.3335 1.3093 1.3521 1.3657 1.3353 1.2694 1.3244 1.3367 1.3650 1.2359 1.3013 1.2885 1.2912 1.2763 1.2921 1.2533 1.2623 1.2633 1.2735 1.2457 1.2477 1.2876 1.2306 1.2031 1.3563 1.2288 1.2570 1.2468 1.2613 1.2318 1.3130 1.2282 1.2533 1.2930 1.2920 1.2152 1.2126 1.1947 1.2669 1.2245 1.1961 1.2777 1.2484 1.3097 1.2122 1.2244 1.1776 1.1988 1.2603 1.2961 1.3058 1.2429 1.2747 1.2175 1.1599 1.2124 1.2124 1.2330 1.2880 1.2598 1.1784 1.1893 1.2065 1.1954 1.1822 1.1641 1.2378 1.1434 1.2369 1.1162 1.2044 1.1824 1.2664 1.1770 1.1599 1.1614 1.2220 1.2233 1.1769 1.1852 1.1522 1.1896 1.1776 1.1323 1.2294 1.1690 1.2055 1.2046 1.2093 1.1961 1.1369 1.1396 1.1530 1.1902 1.1172 1.1450 1.1807 1.2276 1.2017 1.1910 1.2587 1.1557 1.1253 1.2138 1.1672 1.1582 1.1896 1.1608 1.2011 1.1982 1.1815 1.1795 1.0932 1.1945 1.1896 1.0176 1.2131 1.1359 1.1548 1.1397 1.2031 1.1722 1.1753 1.1193 1.1282 1.0985 1.1243 1.1947 1.1243 1.1233 1.1807 1.1377 1.1567 1.1369 1.0736 1.2163 1.0862 1.1940 1.1340 1.1964 1.1023 1.2118 1.1729 1.2978 1.0675 1.1359 1.0726 1.1363 1.0726 1.0850 1.2218 1.1302 1.1757 1.2044 1.1822 1.1193 1.1469 1.1172 1.1338 1.1382 1.1162 1.1223 1.1651 1.0909 1.1034 1.2327 1.0850 1.0978 1.0814 1.1311 1.1374 1.1376 1.1311 1.1424 1.1649 1.1674 1.1830 1.1223 1.1275 1.1056 1.1761 1.2160 1.0726 1.1852 1.0568 1.1858 1.1505 1.1203 1.1045 1.1172 1.0366 1.1477 1.0981 1.0874 1.0801 1.1917 1.1200 1.0688 1.2715 1.0886 1.0581 1.1592 1.0764 1.1127 1.0662 1.1315 1.0862 1.1130 1.1266 1.1302 1.1766 1.1172 1.0826 1.0826 1.0622 1.0897 1.1204 1.2296 1.1142 1.0540 1.0581 1.1285 1.1837 1.0675 1.0649 1.1557 1.0581 1.0075 1.1487 1.1091 1.0498 1.1099 1.0701 1.0838 1.0921 1.0862 1.1262 1.1137 1.0649 1.1305 1.0777 1.0998 1.0440 1.0484 1.0777 1.0176 1.2040 0.9912 1.0932 1.0209 1.0126 1.0856 1.1321 1.0649 1.0209 1.0838 1.1233 1.0484 1.0733 1.0297 1.0944 1.0109 0.9716 1.0874 1.0366 1.0498 1.1384 1.0366 1.0739 1.0209 1.0137 1.0895 1.0430 1.0932 0.9986 1.0126 1.0258 1.0627 1.0143 0.9894 1.0305 1.0489 1.0320 1.1487 1.0562 0.9968 1.1576 1.0635 1.0701 1.0955 1.0714 1.0109 1.0890 1.2085 1.0897 1.0662 0.9453 0.9716 1.0423 1.0004 1.0874 1.0645 1.1056 1.0591 1.0277 1.0554 1.0109 0.9986 1.0633 1.0022 1.0143 1.0160 1.0649 1.0801 1.1243 1.0336 1.0469 0.9761 1.0469 1.0675 1.0909 1.0305 1.0622 0.9873 1.0092 1.0440 1.0209 0.9961 0.9206 1.0396 0.9950 1.0160 1.0498 1.0706 1.0193 0.9836 0.9476 0.9757 1.0701 1.0610 1.0209 0.9797 1.0143 0.9757 1.0258 1.0449 1.0649 1.0273 1.0209 1.0764 0.9894 0.9855 0.9815 0.9674 1.0609 0.9695 1.0193 0.9653 0.9816 1.0057 0.9676 1.4357 1.0569 0.9777 0.9885 1.0109 1.0022 1.0381 1.0289 1.0594 0.9797 0.9013 1.0000 0.9406 0.9968 1.0554 1.0512 0.9544 0.9717 1.0320 1.0225 0.9568 1.0677 0.9406 1.0336 0.9931 1.0242 1.1830 1.0282 0.9632 0.9674 0.9567 0.8867 0.9831 1.0035 1.1720 0.9610 0.9757 0.9695 0.9736 0.9716 0.9931 1.0092 1.0801 0.9589 0.9614 0.9986 1.0143 0.8943 0.9836 0.9333 0.9875 0.9894 1.0336 1.0978 0.9601 0.9476 0.9589 0.9836 1.0982 1.0305 0.9816 1.0336 0.9125 0.9768 1.2213 1.0475 0.9453 1.0075 0.9912 0.9755 1.0089 0.9125 0.9716 0.9610 0.9283 1.0176 0.9855 1.0057 0.8176 0.9589 1.0897 1.0057 0.9476 0.9455 0.9632 0.9042 1.0056 0.9610 0.9013 0.9476 1.0426 0.9567 0.8895 0.9701 0.9757 0.8218 0.9152 0.9653 0.9632 1.0126 1.0415 0.9070 0.9894 0.9872 0.9730 1.0538 0.9125 0.9632 0.9855 0.9894 0.9308 0.9632 0.9406 0.8925 1.0336 0.9212 0.9695 0.9777 0.9382 0.9938 0.9382 0.9855 0.9257 0.9206 0.9179 0.9308 0.9695 1.0004 0.7921 0.9522 0.9632 0.9098 0.9382 0.9382 0.9255 0.9382 1.0109 0.9206 0.9610 0.9968 0.9453 0.8925 0.9907 0.9343 0.9179 0.9070 0.8955 0.9283 0.9206 0.9653 0.9499 0.8895 0.9674 0.9567 0.9232 0.9406 0.9152 0.9333 0.9257 0.9544 0.9406 0.9357 0.9333 0.9125 0.9308 0.9125 0.9179 0.9894 0.9125 0.9333 0.9321 0.9716 0.9070 0.9257 0.8925 0.9042 0.8530 0.8955 0.9125 0.8636 0.9593 1.0622 0.9152 0.9695 0.9406 0.9152 0.9950 0.8601 0.9986 0.9233 0.8895 0.8493 0.9676 0.9179 0.8737 0.8895 0.8670 0.9653 0.9070 0.9098 0.9695 0.8984 0.8565 0.8670 0.9293 0.9156 0.9232 0.9070 0.9430 0.9206 0.8955 0.9044 0.9063 0.9179 0.9013 0.9357 0.8984 0.9406 0.9013 0.8566 0.9563 0.8601 0.9836 0.9070 0.9333 0.9042 0.8769 0.9013 0.8984 0.8493 0.8833 0.8530 0.8925 0.8456 0.9856 0.9575 0.9544 0.8566 0.8566 0.8380 0.9126 0.8833 0.8925 0.8566 0.8769 0.8925 0.9013 0.8601 0.8601 0.9125 0.9382 0.9931 0.8769 0.9098 0.9372 0.9659 0.8043 0.8670 0.8301 0.9674 0.8064 0.8869 0.8704 0.8864 0.8925 0.9778 1.0411 0.9042 0.8132 0.8341 0.8983 0.8260 0.8881 0.9406 0.8864 0.8984 0.9206 0.9406 1.0526 0.8636 0.9308 0.8418 0.8601 0.9232 0.8341 0.9013 0.8456 0.9013 0.8708 0.8951 0.8218 0.7950 0.9653 0.8630 0.8864 0.9245 0.8601 0.8498 0.8418 0.8801 0.8088 0.8925 0.8176 0.9500 0.8704 0.8833 0.8833 0.9098 0.8636 0.9070 0.8341 0.8260 0.8515 0.8218 0.7642 0.8260 0.8864 0.8530 0.8670 0.9369 0.8132 0.8704 0.9738 1.1918 0.9736 0.8176 0.8704 0.8260 0.8327 0.8894 0.8493 0.8418 0.8380 0.8579 0.8769 0.8088 0.8530 0.9406 0.8218 0.7901 0.9206 0.8601 0.8566 0.8490 0.8769 0.8341 0.7997 0.8301 0.9048 0.8418 0.8573 1.0057 0.8540 0.8176 0.8703 0.8380 0.7901 0.8132 0.8380 0.8218 0.8456 0.8088 0.7950 0.8801 0.9198 0.9218 0.8088 0.8132 0.8671 0.8280 0.7828 0.7642 0.7997 0.8176 0.8493 0.8260 0.8456 0.8301 0.7950 0.7940 0.9836 0.8132 0.7914 0.9179 0.7997 0.8090 0.7696 0.8260 0.8043 0.8566 0.8833 0.7469 0.7344 0.8301 0.9432 0.8341 0.8380 0.8418 0.8925 0.7345 0.7281 0.9476 0.8260 0.8043 0.7901 0.7950 0.8601 0.7997 0.7749 0.7336 0.8301 0.8260 0.8088 0.8878 0.7814 0.7146 0.8566 0.7765 0.7528 0.8043 0.7852 0.7901 0.8735 0.9695 0.7586 0.8218 0.7950 0.8664 0.8088 0.8260 0.7997 0.7749 0.8301 0.8380 0.7950 0.8290 0.8088 0.7801 0.8418 0.8380 0.8418 0.8559 0.7801 0.7642 0.8088 0.8549 0.9308 0.7997 0.8530 0.8304 0.7749 0.8614 0.8153 0.7997 0.7281 0.8119 0.7749 1.0625 0.8269 0.8341 0.8043 0.7469 0.7852 0.8132 0.7901 0.8088 0.7749 0.7538 0.8088 0.7696 0.7408 0.7469 0.7997 0.7642 0.7586 0.8301 0.8301 0.7281 0.8418 0.8043 0.7469 0.7469 0.8301 0.7696 0.7345 0.7801 0.8801 0.7801 0.7469 0.7909 0.7619 0.7710 0.8043 0.9042 0.8132 0.7749 0.8260 0.7546 0.8418 0.8088 0.8670 0.8165 0.7371 0.7242 0.9123 0.7145 0.7469 0.7237 0.8530 0.8737 0.8456 0.8043 0.7408 0.8414 0.7408 0.7281 0.7362 0.7281 0.7642 0.7281 0.7586 0.7537 0.7789 0.7749 0.7192 1.3064 0.7997 0.7345 0.7836 0.7255 0.7163 0.8176 0.7997 0.7262 0.7204 0.7528 0.7756 0.7145 0.8176 0.7408 0.7521 0.7766 0.7204 0.8176 0.7281 0.7235 0.7642 0.9698 
