DE Ino2_GEM_2_m0 8.99 8 k7_c815
1 63 97 594 61 G
2 46 766 3 0 C
3 759 30 0 26 A
4 0 102 0 712 T
5 98 0 717 0 G
6 61 29 14 711 T
7 0 0 778 36 G
XX

DE Ino2_GEM_2_m1 5.89 17 k7_c884
1 29 0 855 0 G
2 752 0 132 0 A
3 741 0 142 0 A
4 801 0 82 0 A
5 883 0 0 0 A
XX

DE Ino2_GEM_2_m2 8.23 5 k7_c263
1 22 0 9 232 T
2 0 107 148 7 G
3 7 59 58 138 T
4 0 0 255 7 G
5 0 255 7 0 C
6 0 66 196 0 G
7 0 66 197 0 G
XX

DE Ino2_GEM_2_m3 11.99 17 k6_c65
1 0 0 0 64 T
2 0 0 0 64 T
3 64 0 0 0 A
4 0 64 0 0 C
5 0 64 0 0 C
6 0 64 0 0 C
XX

DE Ino2_GEM_2_m4 10.84 3 k5_c133
1 0 132 0 0 C
2 0 0 0 132 T
3 0 132 0 0 C
4 0 132 0 0 C
5 0 0 132 0 G
XX

