-300	8.83795529852271E-4
-299	8.336655174955062E-4
-298	7.887327833668143E-4
-297	7.541946056942691E-4
-296	7.352482627059436E-4
-295	7.348444670864593E-4
-294	7.469476693466323E-4
-293	7.632757544538272E-4
-292	7.761212297182866E-4
-291	7.800750918217691E-4
-290	7.703029597889131E-4
-289	7.476497635172864E-4
-288	7.356776763961815E-4
-287	7.636281826878212E-4
-286	8.468174957261461E-4
-285	9.448607451319655E-4
-284	0.0010034477895978062
-283	9.86987952111911E-4
-282	9.347684128453897E-4
-281	9.047958162650687E-4
-280	9.379926356523895E-4
-279	0.0010069446595472563
-278	0.0010671535053041875
-277	0.0010853321875967086
-276	0.0010730393103743651
-275	0.0010530448749057088
-274	0.0010438919297469725
-273	0.0010472157126051184
-272	0.0010604245084747889
-271	0.0010795255257128183
-270	0.001094921666124802
-269	0.0010956147548785255
-268	0.0010763067408555414
-267	0.0010545000677924712
-266	0.001053397303139703
-265	0.0010896679335336496
-264	0.001153849122354823
-263	0.0012299449521697607
-262	0.001300184679825236
-261	0.0013396982592889764
-260	0.001321840818808946
-259	0.0012348801191975481
-258	0.0011267344515249393
-257	0.0010602347394257153
-256	0.0010783118576086145
-255	0.001144296485078953
-254	0.0012016192519161894
-253	0.0012094352595612185
-252	0.0011897974949006739
-251	0.0011804834161826248
-250	0.0012069116291649508
-249	0.0012450653296447716
-248	0.0012585688609290189
-247	0.0012229766309005607
-246	0.0011615633057460131
-245	0.0011095336162279304
-244	0.0010948465241367514
-243	0.0011164779153744586
-242	0.001166157906870919
-241	0.0012329457860331657
-240	0.0012952175221768924
-239	0.0013286782550949582
-238	0.0013194114603729363
-237	0.0012950139567672577
-236	0.0012934608988270683
-235	0.0013384795376006702
-234	0.0013968055101329967
-233	0.0014209265499681377
-232	0.0013821766569594158
-231	0.0013272748961970868
-230	0.0013217865990806394
-229	0.0014081437048188035
-228	0.0015362445838572785
-227	0.0016328542144510058
-226	0.0016444574750366671
-225	0.0015964188447779091
-224	0.0015338227030201206
-223	0.0014926309227787996
-222	0.0014723153517498834
-221	0.0014632253312994205
-220	0.0014559690516118735
-219	0.0014421900981453665
-218	0.0014137909051764382
-217	0.0013712795436282964
-216	0.0013495866310108242
-215	0.0013922484214805725
-214	0.001523615084377425
-213	0.0016912924497745924
-212	0.0018237002629286159
-211	0.0018670552323008902
-210	0.001838761919172218
-209	0.001774021848028253
-208	0.0017061142397647147
-207	0.0016606291009175784
-206	0.0016612341344328838
-205	0.00171906957931691
-204	0.0017951658188168965
-203	0.0018380257722403223
-202	0.001813111960900101
-201	0.001753725314130894
-200	0.001710126363272798
-199	0.0017192427529261825
-198	0.0017646705807325138
-197	0.0018166730575935302
-196	0.0018511178344972777
-195	0.0018662903227770276
-194	0.0018660803738523588
-193	0.001854809166731034
-192	0.0018385231907735568
-191	0.0018237002629286159
-190	0.0018144184590911986
-189	0.0018051568909414877
-188	0.001787994929105965
-187	0.0017597871743546365
-186	0.00173648914803161
-185	0.0017388316016245168
-184	0.0017783506793334492
-183	0.001829804096208341
-182	0.0018587549600115856
-181	0.0018426898702713366
-180	0.0018067893935787857
-179	0.0017881575882908853
-178	0.0018133631754050814
-177	0.0018668335264808015
-176	0.001922460675717967
-175	0.001961865133343662
-174	0.001997581313693618
-173	0.00204987210713073
-172	0.0021290626339105266
-171	0.002205726933859084
-170	0.0022405012766951128
-169	0.0022072420659630296
-168	0.0021326862405100762
-167	0.0020567908730092024
-166	0.002012404551562409
-165	0.0020039419259879204
-164	0.0020287091615330123
-163	0.0020790682032768306
-162	0.002127604115625994
-161	0.002141957742818989
-160	0.0021040811552607173
-159	0.002053171328021739
-158	0.0020427364623390306
-157	0.002106225826998059
-156	0.002196852960978265
-155	0.002247772470807579
-154	0.0022142996877469907
-153	0.002140392841989713
-152	0.0020921708884620127
-151	0.002119281215553253
-150	0.00220548494550517
-149	0.0023180716340225923
-148	0.002427223811520153
-147	0.002514695907251701
-146	0.0025651353251808905
-145	0.0025702044061615727
-144	0.002549625238608401
-143	0.0025301348478262275
-142	0.002530485281323128
-141	0.0025374886754200854
-140	0.0025299721886413067
-139	0.0024957976181212886
-138	0.002458965315435685
-137	0.0024525102707704414
-136	0.0024993114699938907
-135	0.002581623881703933
-134	0.002671546470180855
-133	0.002741128693709102
-132	0.0027622219865897375
-131	0.002706628277127978
-130	0.0025662076970169034
-129	0.002413053191501039
-128	0.002339315909212771
-127	0.0024090158470301305
-126	0.0025736483948137425
-125	0.002756577790669875
-124	0.0028909485568486193
-123	0.0029490263521753527
-122	0.0029128571196192768
-121	0.002785632138056148
-120	0.0026551240299879557
-119	0.002630250753823248
-118	0.002777191632556129
-117	0.0029911714475229284
-116	0.0031246763446455316
-115	0.0030768651344114765
-114	0.002933587285570914
-113	0.002827364931439649
-112	0.0028470176905069683
-111	0.00290655512195609
-110	0.002876284270143717
-109	0.002679806603025606
-108	0.0024539012829537356
-107	0.0023886418958791395
-106	0.0026043357410954187
-105	0.0029422249712664494
-104	0.003173785452398673
-103	0.003137310852157592
-102	0.0029383660448449537
-101	0.002749333706421562
-100	0.0027022477479172555
-99	0.002767747020638001
-98	0.0028761216109587963
-97	0.0029681851409555917
-96	0.003026845375508142
-95	0.003045533615197155
-94	0.0030214435577798036
-93	0.0029668184897191354
-92	0.002897664094654663
-91	0.0028266159408048015
-90	0.0027528291347035786
-89	0.002672088667463923
-88	0.0025867452743332966
-87	0.0025254126670972987
-86	0.002523270301676062
-85	0.002600297097878442
-84	0.0027156698310681917
-83	0.0028133647404977842
-82	0.002849590302592897
-81	0.0028294839424720135
-80	0.0027704153224268196
-79	0.0026909554587247458
-78	0.0026144807835362027
-77	0.0025655690830073447
-76	0.0025647637927308405
-75	0.0026164709460854123
-74	0.002721062225896298
-73	0.002868209685622701
-72	0.003004786861259717
-71	0.0030669676594364064
-70	0.003016854167927893
-69	0.002920261199093546
-68	0.0028689317464387905
-67	0.0029233490269318318
-66	0.0030189571513919797
-65	0.003059940454101321
-64	0.002980489143045701
-63	0.002834816921026009
-62	0.0027071433645468926
-61	0.002660686881982192
-60	0.0026746612091825142
-59	0.00270727891386766
-58	0.0027265353266367207
-57	0.002739556829605968
-56	0.0027632525677709673
-55	0.0028090110842344668
-54	0.0028661385145279487
-53	0.0029184203922900795
-52	0.002950161610264781
-51	0.0029477444976170066
-50	0.002898070742616963
-49	0.002799221916032488
-48	0.0026939991186219307
-47	0.002636383333641272
-46	0.0026666428711917285
-45	0.0027701953487554738
-44	0.0029187457106599197
-43	0.00308238449402347
-42	0.0032247446071284993
-41	0.0033078445510483744
-40	0.003308283020136443
-39	0.003260979481865988
-38	0.003215433596990274
-37	0.0032087892415435435
-36	0.0032287671526839506
-35	0.003250732282850624
-34	0.003252117191406702
-33	0.003218624865411342
-32	0.003138025898847715
-31	0.003016546144053767
-30	0.002934232486786576
-29	0.002989587071158001
-28	0.003238527305889734
-27	0.0035666316581427987
-26	0.0038168938596880504
-25	0.003866326217354435
-24	0.0037280153382032617
-23	0.003449066404353928
-22	0.003095734722565331
-21	0.0028108760981543626
-20	0.0027564964610774147
-19	0.0030998873462448557
-18	0.004029482708382971
-17	0.005739002107172023
-16	0.008254414726265938
-15	0.010930688245213274
-14	0.012955039967536258
-13	0.013738773523907866
-12	0.01358953785360407
-11	0.013039068223051604
-10	0.012498188965917017
-9	0.01189408068482617
-8	0.011033013049644744
-7	0.00981360618719172
-6	0.008503882052099258
-5	0.007464213055952822
-4	0.006949836702112538
-3	0.006795450861037192
-2	0.006730618494960236
-1	0.006548040945232919
0	0.006292973069677659
1	0.00607380810523468
2	0.0059499884833318795
3	0.005785153413347878
4	0.005393991299148977
5	0.004665094529265366
6	0.003782671430882799
7	0.0030048343158509223
8	0.0025216611508893363
9	0.0022510925221974716
10	0.002043034670844718
11	0.0017881081838200814
12	0.001539791031791049
13	0.001392275531344726
14	0.0014082880512861417
15	0.001524691169292024
16	0.0016468815152570245
17	0.0016999036863233695
18	0.0016873941486235868
19	0.001632637335537779
20	0.0015594766102820434
21	0.001493991055416464
22	0.0014628186833371194
23	0.001479100595509404
24	0.0015019902496759803
25	0.0014771441926488254
26	0.0013727213243685454
27	0.0012468899572902572
28	0.0011803207569977044
29	0.0012271971321753017
30	0.001335753463910144
31	0.0014277368763899966
32	0.0014436646699408744
33	0.001399134849441798
34	0.0013285155959100376
35	0.0012618539065157607
36	0.0012119120430407197
37	0.0011871310834195635
38	0.0011928719293731198
39	0.0012221747777669337
40	0.0012649996492527303
41	0.0013109417448627586
42	0.0013481369871513739
43	0.001364356479053456
44	0.001352659448579022
45	0.0013272576240386383
46	0.001307650858818007
47	0.00130568314898192
48	0.001302575061311523
49	0.0012718913052670493
50	0.0011978876693545973
51	0.0011075842582637238
52	0.0010386922557298495
53	0.0010186311090136682
54	0.0010336533194769655
55	0.0010597196520068005
56	0.0010787092787506755
57	0.0010961750008978686
58	0.0011235880268981025
59	0.0011665673384548916
60	0.0012073230102869256
61	0.0012222128903666865
62	0.0011967889169440075
63	0.001153379389378129
64	0.0011235066973056423
65	0.0011294284776691564
66	0.0011563433566353547
67	0.0011801852076769378
68	0.0011825206977772178
69	0.0011674476679619532
70	0.0011446967527675136
71	0.0011217477154804156
72	0.001097076834387763
73	0.001066909516526807
74	0.0010290069394762067
75	9.872733629802564E-4
76	9.471488173246582E-4
77	9.14061027186245E-4
78	8.933884948063699E-4
79	8.904974168175162E-4
80	9.08276577741324E-4
81	9.397051136560621E-4
82	9.752847485291555E-4
83	0.0010083637597311347
84	0.0010436766382449527
85	0.001088804428456667
86	0.0011470750588052413
87	0.0012048039939412665
88	0.0012440535825682393
89	0.0012511569225877386
90	0.0012295301086936723
91	0.0011868599847780295
92	0.001133489787854602
93	0.0010903883274243926
94	0.001081180806110206
95	0.0011181514828734695
96	0.0011682208420301017
97	0.001186968424234643
98	0.0011450235832895744
99	0.0010732149255891386
100	0.001017420870675518
101	0.0010128251586658335
102	0.0010518328119769613
103	0.0011161541736007152
104	0.001189098385543571
105	0.001260369785870647
106	0.0013212715116617249
107	0.0013610734286830278
108	0.0013609123174465627
109	0.0012998916871507795
110	0.0011686797495233045
111	0.0010042035264084704
112	8.549547421797854E-4
113	7.602189240918836E-4
114	7.22456810923902E-4
115	7.349229443361027E-4
116	7.87122845785854E-4
117	8.535659559189514E-4
118	9.05012695178296E-4
119	9.214449606630835E-4
120	9.197305560976905E-4
121	9.259587618627868E-4
122	9.56965062235098E-4
123	9.925697570755672E-4
124	0.0010033393501411927
125	9.685341649530286E-4
126	9.021898040883572E-4
127	8.270356898885154E-4
128	7.624355794832777E-4
129	7.142905691561628E-4
130	6.851360899791263E-4
131	6.758560924374345E-4
132	6.807286046695983E-4
133	6.923801742274394E-4
134	7.057306681819346E-4
135	7.248732316806818E-4
136	7.561943293904344E-4
137	8.017139610685296E-4
138	8.459862668346422E-4
139	8.691989218990311E-4
140	8.586117385889603E-4
141	8.297730776997125E-4
142	8.05303437143576E-4
143	8.006838192173711E-4
144	8.028372437560486E-4
145	7.915472349790913E-4
146	7.533545954886149E-4
147	7.018292414172643E-4
148	6.572983672803165E-4
149	6.356918480592805E-4
150	6.353502806005933E-4
151	6.502169422169236E-4
152	6.732747755581526E-4
153	6.936653846230118E-4
154	6.995700387474458E-4
155	6.82972079931342E-4
156	6.510631408303627E-4
157	6.148369267641133E-4
158	5.843670168649039E-4
159	5.660464855158631E-4
160	5.653482809128243E-4
161	5.847648641061423E-4
162	6.148667475642608E-4
163	6.432439566101446E-4
164	6.603490883491913E-4
165	6.6808502701653E-4
166	6.712172286297213E-4
167	6.736854789137858E-4
168	6.761268824235804E-4
169	6.783528734214209E-4
170	6.792664699910339E-4
171	6.741370255017899E-4
172	6.573254771444698E-4
173	6.268582436264095E-4
174	5.954236697211638E-4
175	5.793755817188427E-4
176	5.894699228207784E-4
177	6.140711038731914E-4
178	6.359456526335247E-4
179	6.421660429138576E-4
180	6.37028532744817E-4
181	6.291353262116658E-4
182	6.261627857068974E-4
183	6.320839068519245E-4
184	6.499458435753897E-4
185	6.780861326296152E-4
186	6.960038420616412E-4
187	6.784884227421878E-4
188	6.118958382413804E-4
189	5.288481029269665E-4
190	4.7353374386609903E-4
191	4.7638098440829104E-4
192	5.127768330324958E-4
193	5.443479945000265E-4
194	5.429170725164514E-4
195	5.210902665643599E-4
196	5.016696750705964E-4
197	5.026067003539819E-4
198	5.224499603012469E-4
199	5.548973766910979E-4
200	5.936468713022419E-4
