Position	IP	CondAna_Present	CondAna_IP	CondAna_Control	CondAna_Fold	CondAna_Expectd	CondAna_Q_-lg10	CondAna_P_-lg10	CondAna_P_poiss	CondAna_IPvsEMP	CondAna_Noise	CondEth_Present	CondEth_IP	CondEth_Control	CondEth_Fold	CondEth_Expectd	CondEth_Q_-lg10	CondEth_P_-lg10	CondEth_P_poiss	CondEth_IPvsEMP	CondEth_Noise	CondGlu_Present	CondGlu_IP	CondGlu_Control	CondGlu_Fold	CondGlu_Expectd	CondGlu_Q_-lg10	CondGlu_P_-lg10	CondGlu_P_poiss	CondGlu_IPvsEMP	CondGlu_Noise	CondNit_Present	CondNit_IP	CondNit_Control	CondNit_Fold	CondNit_Expectd	CondNit_Q_-lg10	CondNit_P_-lg10	CondNit_P_poiss	CondNit_IPvsEMP	CondNit_Noise	KmerGroup	MotifId	KG_score	Strand
1:59340	  388.0	1	  175.0	NaN	NaN	   46.7	  45.60	NaN	  46.19	  -0.70	   0.31	1	   33.0	NaN	NaN	    8.3	   9.69	NaN	  10.05	  -0.54	   0.31	1	  147.0	NaN	NaN	   31.3	  49.59	NaN	  50.02	  -0.73	   0.31	1	   33.0	NaN	NaN	   10.9	   6.47	NaN	   7.25	  -0.99	   0.31	--------	-1	0.00	*
1:208804	  100.0	0	   22.0	NaN	NaN	   29.3	   0.03	NaN	   0.03	  -0.68	   0.41	1	   26.0	NaN	NaN	    4.9	  10.41	NaN	  10.78	  -1.06	   0.41	1	   40.0	NaN	NaN	   14.7	   7.32	NaN	   7.41	  -0.68	   0.41	0	   12.0	NaN	NaN	   10.7	   0.20	NaN	   0.41	  -0.76	   0.41	--------	-1	0.00	*
10:184121	  186.0	1	   58.0	NaN	NaN	   30.4	   5.17	NaN	   5.28	  -0.79	   0.00	1	   18.0	NaN	NaN	    3.5	   7.11	NaN	   7.39	  -0.57	   0.00	1	  102.0	NaN	NaN	   17.9	  41.67	NaN	  42.05	  -0.75	   0.00	0	    8.0	NaN	NaN	    6.5	   0.27	NaN	   0.49	  -0.74	   0.00	--------	-1	0.00	*
10:184671	  168.0	1	   68.0	NaN	NaN	   29.9	   8.61	NaN	   8.76	  -0.64	   0.00	1	   15.0	NaN	NaN	    3.7	   4.93	NaN	   5.13	  -0.74	   0.00	1	   74.0	NaN	NaN	   17.1	  23.47	NaN	  23.69	  -0.68	   0.00	0	   11.0	NaN	NaN	    6.2	   0.92	NaN	   1.27	  -1.04	   0.00	--------	-1	0.00	*
10:207142	  194.9	1	  102.2	NaN	NaN	   28.0	  26.73	NaN	  27.14	  -0.79	   0.00	0	    4.0	NaN	NaN	    3.6	   0.30	NaN	   0.32	  -0.79	   0.00	1	   85.4	NaN	NaN	   15.3	  34.82	NaN	  35.14	  -0.72	   0.00	0	    3.2	NaN	NaN	    5.6	   0.00	NaN	   0.09	  -1.32	   0.00	--------	-1	0.00	*
10:207430	   77.1	1	   44.8	NaN	NaN	   28.2	   2.61	NaN	   2.68	  -0.67	   0.00	0	    0.0	NaN	NaN	    3.6	   0.01	NaN	   0.01	  -1.93	   0.00	1	   26.6	NaN	NaN	   14.8	   2.50	NaN	   2.54	  -0.71	   0.00	0	    5.8	NaN	NaN	    5.8	   0.12	NaN	   0.28	  -1.02	   0.00	--------	-1	0.00	*
10:220420	  452.0	1	  221.0	NaN	NaN	   32.1	 103.94	NaN	 104.71	  -0.63	   0.38	1	   38.0	NaN	NaN	    3.7	  24.16	NaN	  24.78	  -0.68	   0.38	1	  165.0	NaN	NaN	   14.3	 110.40	NaN	 111.12	  -0.80	   0.38	1	   28.0	NaN	NaN	    7.1	   7.76	NaN	   8.61	  -0.68	   0.38	--------	-1	0.00	*
10:332144	  541.0	1	  173.0	NaN	NaN	   24.6	  82.93	NaN	  83.65	  -0.68	   0.13	1	   57.0	NaN	NaN	    4.0	  43.44	NaN	  44.25	  -0.84	   0.13	1	  289.0	NaN	NaN	   14.3	 258.20	NaN	 259.29	  -0.63	   0.13	1	   22.0	NaN	NaN	    5.5	   6.24	NaN	   7.01	  -0.45	   0.13	--------	-1	0.00	*
10:374819	  319.0	1	  127.0	NaN	NaN	   27.5	  42.16	NaN	  42.70	  -0.65	   0.43	1	   32.0	NaN	NaN	    3.4	  19.28	NaN	  19.84	  -0.79	   0.43	1	  150.0	NaN	NaN	   14.1	  95.96	NaN	  96.63	  -0.63	   0.43	0	   10.0	NaN	NaN	    5.5	   0.91	NaN	   1.26	  -0.38	   0.43	--------	-1	0.00	*
10:461917	   87.0	1	   51.0	NaN	NaN	   21.7	   7.08	NaN	   7.22	  -0.92	   0.21	0	    5.0	NaN	NaN	    3.3	   0.59	NaN	   0.64	  -0.74	   0.21	1	   26.0	NaN	NaN	   12.2	   3.35	NaN	   3.41	  -0.86	   0.21	0	    5.0	NaN	NaN	    5.5	   0.06	NaN	   0.19	  -1.12	   0.21	--------	-1	0.00	*
10:515904	  903.0	1	  335.0	NaN	NaN	   32.8	 207.41	NaN	 208.56	  -0.75	   0.11	1	  137.0	NaN	NaN	    4.9	 140.69	NaN	 142.07	  -0.89	   0.11	1	  388.0	NaN	NaN	   15.4	 999.00	NaN	 999.00	  -0.74	   0.11	1	   43.0	NaN	NaN	    7.8	  16.72	NaN	  17.84	  -0.73	   0.11	--------	-1	0.00	*
10:573643	  180.0	1	   98.0	NaN	NaN	   27.0	  24.99	NaN	  25.38	  -0.72	   0.33	1	   15.0	NaN	NaN	    4.9	   3.57	NaN	   3.72	  -0.88	   0.33	1	   61.0	NaN	NaN	   18.0	  14.62	NaN	  14.78	  -0.71	   0.33	0	    6.0	NaN	NaN	    5.8	   0.13	NaN	   0.29	  -0.77	   0.33	--------	-1	0.00	*
10:618389	  492.0	1	  171.0	NaN	NaN	   30.6	  67.66	NaN	  68.33	  -0.79	   0.14	1	   48.0	NaN	NaN	    4.0	  33.38	NaN	  34.12	  -0.66	   0.14	1	  240.0	NaN	NaN	   18.3	 172.70	NaN	 173.55	  -0.77	   0.14	1	   33.0	NaN	NaN	   10.4	   6.96	NaN	   7.76	  -0.56	   0.14	--------	-1	0.00	*
10:634542	  223.0	1	   86.0	NaN	NaN	   29.8	  16.30	NaN	  16.56	  -0.67	   0.68	1	   26.0	NaN	NaN	    4.8	  10.55	NaN	  10.93	  -0.86	   0.68	1	  106.0	NaN	NaN	   21.6	  37.67	NaN	  38.02	  -0.80	   0.68	0	    5.0	NaN	NaN	    7.8	  -0.02	NaN	   0.05	  -0.72	   0.68	--------	-1	0.00	*
11:6591	  137.0	1	   46.0	NaN	NaN	   23.2	   4.63	NaN	   4.73	  -0.51	   0.00	1	   27.0	NaN	NaN	    3.8	  13.51	NaN	  13.94	  -0.59	   0.00	1	   41.0	NaN	NaN	   13.5	   8.75	NaN	   8.87	  -0.66	   0.00	1	   23.0	NaN	NaN	    5.7	   6.60	NaN	   7.38	  -0.65	   0.00	--------	-1	0.00	*
11:28109	  665.0	1	  200.0	NaN	NaN	   23.2	 111.19	NaN	 112.01	  -0.82	   0.12	1	   63.0	NaN	NaN	    9.3	  29.66	NaN	  30.35	  -0.72	   0.12	1	  365.0	NaN	NaN	   26.5	 269.31	NaN	 270.43	  -0.67	   0.12	1	   37.0	NaN	NaN	    5.7	  16.56	NaN	  17.64	  -0.95	   0.12	--------	-1	0.00	*
11:74913	  230.0	1	   67.0	NaN	NaN	   35.2	   5.78	NaN	   5.90	  -0.68	   0.71	1	   39.0	NaN	NaN	    6.3	  17.40	NaN	  17.91	  -1.02	   0.71	1	  114.0	NaN	NaN	   23.2	  40.42	NaN	  40.78	  -0.82	   0.71	0	   10.0	NaN	NaN	    7.4	   0.42	NaN	   0.68	  -0.79	   0.71	--------	-1	0.00	*
11:82577	  177.0	1	   82.0	NaN	NaN	   27.5	  16.37	NaN	  16.63	  -0.62	   0.59	1	   15.0	NaN	NaN	    3.8	   4.75	NaN	   4.94	  -0.93	   0.59	1	   67.0	NaN	NaN	   13.5	  24.44	NaN	  24.67	  -0.73	   0.59	0	   13.0	NaN	NaN	    6.4	   1.43	NaN	   1.83	  -0.94	   0.59	--------	-1	0.00	*
11:106439	  574.0	1	  200.0	NaN	NaN	   25.4	 104.17	NaN	 104.94	  -0.64	   0.10	1	   65.0	NaN	NaN	    3.8	  53.94	NaN	  54.80	  -0.67	   0.10	1	  268.0	NaN	NaN	   16.9	 213.03	NaN	 213.99	  -0.64	   0.10	1	   41.0	NaN	NaN	    6.7	  17.42	NaN	  18.58	  -0.92	   0.10	--------	-1	0.00	*
11:149671	  164.3	1	   78.8	NaN	NaN	   24.8	  17.31	NaN	  17.59	  -0.72	   0.00	1	   15.7	NaN	NaN	    5.0	   3.96	NaN	   4.12	  -1.05	   0.00	1	   64.4	NaN	NaN	   13.5	  23.08	NaN	  23.28	  -0.86	   0.00	0	    5.5	NaN	NaN	    6.0	   0.10	NaN	   0.25	  -1.34	   0.00	--------	-1	0.00	*
11:149777	   90.7	0	   32.2	NaN	NaN	   25.1	   1.09	NaN	   1.14	  -0.62	   0.00	0	    7.3	NaN	NaN	    5.0	   0.81	NaN	   0.86	  -0.76	   0.00	1	   46.6	NaN	NaN	   13.5	  11.85	NaN	  11.99	  -0.76	   0.00	0	    4.5	NaN	NaN	    6.0	   0.03	NaN	   0.14	  -0.77	   0.00	--------	-1	0.00	*
11:172760	  171.0	1	   73.0	NaN	NaN	   26.8	  12.64	NaN	  12.86	  -0.67	   0.00	1	   13.0	NaN	NaN	    4.7	   2.78	NaN	   2.90	  -0.78	   0.00	1	   76.0	NaN	NaN	   16.5	  25.64	NaN	  25.87	  -0.77	   0.00	0	    9.0	NaN	NaN	    6.6	   0.41	NaN	   0.67	  -0.69	   0.00	--------	-1	0.00	*
11:237636	  716.5	1	  244.2	NaN	NaN	   33.5	 120.67	NaN	 121.52	  -0.81	   0.18	1	  103.6	NaN	NaN	    4.6	  97.72	NaN	  98.88	  -0.80	   0.18	1	  313.5	NaN	NaN	   23.5	 227.84	NaN	 228.84	  -0.75	   0.18	1	   55.2	NaN	NaN	    5.7	  33.53	NaN	  34.99	  -0.70	   0.18	--------	-1	0.00	*
11:237745	  293.5	1	   75.8	NaN	NaN	   33.8	   9.36	NaN	   9.53	  -0.58	   0.18	1	   40.4	NaN	NaN	    4.6	  23.67	NaN	  24.27	  -0.79	   0.18	1	  169.5	NaN	NaN	   23.8	  82.56	NaN	  83.15	  -0.69	   0.18	0	    7.8	NaN	NaN	    5.7	   0.41	NaN	   0.67	  -0.47	   0.18	--------	-1	0.00	*
11:265115	  650.9	1	  217.5	NaN	NaN	   29.5	 108.40	NaN	 109.20	  -0.76	   0.00	1	  135.8	NaN	NaN	    4.7	 141.23	NaN	 142.65	  -0.80	   0.00	1	  273.3	NaN	NaN	   15.7	 228.63	NaN	 229.65	  -0.80	   0.00	1	   24.3	NaN	NaN	    9.2	   4.31	NaN	   4.93	  -0.69	   0.00	--------	-1	0.00	*
11:265241	  121.1	0	   37.5	NaN	NaN	   29.9	   1.02	NaN	   1.06	  -0.64	   0.00	1	   14.2	NaN	NaN	    4.6	   3.88	NaN	   4.05	  -0.65	   0.00	1	   65.7	NaN	NaN	   15.9	  20.18	NaN	  20.39	  -0.66	   0.00	0	    3.7	NaN	NaN	   10.3	  -0.01	NaN	   0.00	  -0.42	   0.00	--------	-1	0.00	*
11:266968	  167.0	1	   82.0	NaN	NaN	   31.4	  13.12	NaN	  13.35	  -0.58	   0.00	1	   20.0	NaN	NaN	    5.1	   6.13	NaN	   6.37	  -0.57	   0.00	1	   60.0	NaN	NaN	   16.4	  16.02	NaN	  16.20	  -0.59	   0.00	0	    5.0	NaN	NaN	   10.1	  -0.02	NaN	   0.01	  -0.78	   0.00	--------	-1	0.00	*
11:270125	  441.0	1	  218.0	NaN	NaN	   29.9	 107.14	NaN	 107.93	  -0.75	   0.22	1	   43.0	NaN	NaN	    5.1	  24.11	NaN	  24.72	  -0.69	   0.22	1	  150.0	NaN	NaN	   16.4	  87.07	NaN	  87.68	  -0.78	   0.22	1	   30.0	NaN	NaN	    6.6	   9.75	NaN	  10.67	  -0.74	   0.22	--------	-1	0.00	*
11:346864	  673.0	1	  244.0	NaN	NaN	   27.0	 139.50	NaN	 140.46	  -0.85	   0.06	1	   79.0	NaN	NaN	    3.8	  71.68	NaN	  72.70	  -0.95	   0.06	1	  323.0	NaN	NaN	   16.3	 286.63	NaN	 287.77	  -0.74	   0.06	1	   27.0	NaN	NaN	    5.9	   8.74	NaN	   9.61	  -0.90	   0.06	--------	-1	0.00	*
11:434905	  118.0	1	   72.0	NaN	NaN	   23.2	  15.18	NaN	  15.43	  -0.75	   0.00	0	    7.0	NaN	NaN	    3.8	   0.98	NaN	   1.04	  -0.97	   0.00	1	   32.0	NaN	NaN	   13.5	   4.81	NaN	   4.88	  -0.81	   0.00	0	    7.0	NaN	NaN	    5.7	   0.24	NaN	   0.46	  -1.01	   0.00	--------	-1	0.00	*
11:523219	  125.0	1	   51.0	NaN	NaN	   31.2	   3.07	NaN	   3.15	  -0.73	   0.00	1	   17.0	NaN	NaN	    7.8	   2.45	NaN	   2.56	  -0.97	   0.00	1	   51.0	NaN	NaN	   19.6	   8.50	NaN	   8.61	  -0.85	   0.00	0	    6.0	NaN	NaN	   16.7	  -0.01	NaN	   0.00	  -0.58	   0.00	--------	-1	0.00	*
11:524898	  124.6	1	   68.8	NaN	NaN	   32.8	   7.46	NaN	   7.59	  -0.81	   0.00	1	   19.0	NaN	NaN	    7.8	   3.20	NaN	   3.34	  -0.77	   0.00	0	   25.5	NaN	NaN	   18.8	   1.15	NaN	   1.18	  -0.54	   0.00	0	   11.4	NaN	NaN	   11.3	   0.15	NaN	   0.34	  -0.70	   0.00	--------	-1	0.00	*
11:524982	  212.4	1	   96.2	NaN	NaN	   33.0	  18.71	NaN	  19.02	  -0.80	   0.00	1	   37.0	NaN	NaN	    7.8	  13.74	NaN	  14.17	  -0.97	   0.00	1	   71.5	NaN	NaN	   19.1	  19.66	NaN	  19.86	  -0.74	   0.00	0	    7.6	NaN	NaN	   11.0	  -0.00	NaN	   0.07	  -0.84	   0.00	--------	-1	0.00	*
11:531024	  264.0	1	  112.0	NaN	NaN	   29.9	  29.54	NaN	  29.99	  -0.64	   0.53	1	   18.0	NaN	NaN	    4.9	   5.16	NaN	   5.36	  -0.76	   0.53	1	  108.0	NaN	NaN	   18.4	  45.03	NaN	  45.43	  -0.81	   0.53	1	   26.0	NaN	NaN	    8.6	   5.18	NaN	   5.88	  -0.64	   0.53	--------	-1	0.00	*
11:587183	  129.0	1	   50.0	NaN	NaN	   32.6	   2.48	NaN	   2.55	  -0.62	   0.00	1	   19.0	NaN	NaN	    5.1	   5.57	NaN	   5.79	  -0.54	   0.00	1	   50.0	NaN	NaN	   19.0	   8.50	NaN	   8.61	  -0.68	   0.00	0	   10.0	NaN	NaN	    6.5	   0.62	NaN	   0.92	  -0.62	   0.00	--------	-1	0.00	*
11:614502	   73.0	0	   36.0	NaN	NaN	   24.7	   1.65	NaN	   1.71	  -0.53	   0.00	0	    5.0	NaN	NaN	    3.8	   0.44	NaN	   0.48	  -0.87	   0.00	1	   28.0	NaN	NaN	   13.5	   3.37	NaN	   3.43	  -0.56	   0.00	0	    4.0	NaN	NaN	    5.7	   0.00	NaN	   0.09	  -0.75	   0.00	--------	-1	0.00	*
11:620723	  257.0	1	  133.0	NaN	NaN	   23.2	  54.09	NaN	  54.72	  -0.64	   0.13	1	   28.0	NaN	NaN	    3.8	  14.34	NaN	  14.80	  -0.71	   0.13	1	   85.0	NaN	NaN	   13.5	  37.84	NaN	  38.20	  -0.62	   0.13	0	   11.0	NaN	NaN	    6.4	   0.86	NaN	   1.20	  -0.65	   0.13	--------	-1	0.00	*
11:636340	  153.0	1	   55.0	NaN	NaN	   23.2	   7.73	NaN	   7.87	  -0.53	   0.01	1	   35.0	NaN	NaN	    4.6	  18.16	NaN	  18.69	  -0.81	   0.01	1	   58.0	NaN	NaN	   13.5	  18.46	NaN	  18.66	  -0.73	   0.01	0	    5.0	NaN	NaN	    5.7	   0.05	NaN	   0.17	  -1.22	   0.01	--------	-1	0.00	*
12:7743	  267.0	1	  122.0	NaN	NaN	   23.8	  44.77	NaN	  45.34	  -0.66	   0.00	1	   19.0	NaN	NaN	    3.8	   7.27	NaN	   7.56	  -0.62	   0.00	1	  109.0	NaN	NaN	   13.9	  57.14	NaN	  57.60	  -0.83	   0.00	1	   17.0	NaN	NaN	    6.2	   3.03	NaN	   3.59	  -0.91	   0.00	--------	-1	0.00	*
12:68932	  125.9	1	   60.1	NaN	NaN	   31.8	   5.45	NaN	   5.57	  -0.44	   0.00	1	   14.2	NaN	NaN	    5.9	   2.80	NaN	   2.93	  -0.34	   0.00	1	   44.7	NaN	NaN	   17.3	   7.61	NaN	   7.70	  -0.34	   0.00	0	    6.9	NaN	NaN	    8.5	   0.02	NaN	   0.13	  -0.51	   0.00	--------	-1	0.00	*
12:69154	  588.1	1	  227.9	NaN	NaN	   30.5	 114.18	NaN	 115.01	  -0.81	   0.00	1	   64.8	NaN	NaN	    5.8	  43.21	NaN	  44.02	  -0.80	   0.00	1	  284.3	NaN	NaN	   16.8	 234.32	NaN	 235.36	  -0.77	   0.00	0	   11.1	NaN	NaN	    8.6	   0.50	NaN	   0.79	  -0.82	   0.00	--------	-1	0.00	*
12:71991	  129.0	1	   74.0	NaN	NaN	   29.2	  11.33	NaN	  11.53	  -0.74	   0.00	1	   16.0	NaN	NaN	    5.2	   3.81	NaN	   3.98	  -0.89	   0.00	1	   35.0	NaN	NaN	   19.0	   3.15	NaN	   3.20	  -0.83	   0.00	0	    4.0	NaN	NaN	    8.9	  -0.02	NaN	   0.01	  -0.64	   0.00	--------	-1	0.00	*
12:110108	  393.1	1	  209.1	NaN	NaN	   32.0	  95.05	NaN	  95.80	  -0.90	   0.07	1	   43.6	NaN	NaN	    4.3	  27.77	NaN	  28.43	  -1.24	   0.07	1	  124.3	NaN	NaN	   13.9	  71.89	NaN	  72.43	  -1.03	   0.07	1	   16.0	NaN	NaN	    6.9	   2.18	NaN	   2.66	  -0.73	   0.07	--------	-1	0.00	*
12:110172	  182.9	1	   94.9	NaN	NaN	   32.2	  18.49	NaN	  18.79	  -0.72	   0.07	1	   16.4	NaN	NaN	    4.2	   5.51	NaN	   5.72	  -1.05	   0.07	1	   70.7	NaN	NaN	   13.9	  26.57	NaN	  26.81	  -1.01	   0.07	0	    1.0	NaN	NaN	    6.8	  -0.01	NaN	   0.00	   1.73	   0.07	--------	-1	0.00	*
12:232542	  886.8	1	  331.8	NaN	NaN	   35.9	 192.75	NaN	 193.88	  -0.77	   0.04	1	  130.7	NaN	NaN	    4.6	 136.10	NaN	 137.45	  -0.87	   0.04	1	  366.5	NaN	NaN	   18.6	 999.00	NaN	 999.00	  -0.71	   0.04	1	   57.7	NaN	NaN	    8.9	  25.90	NaN	  27.26	  -0.65	   0.04	--------	-1	0.00	*
12:232603	  396.2	1	  193.2	NaN	NaN	   35.3	  75.45	NaN	  76.15	  -0.76	   0.04	1	   20.3	NaN	NaN	    4.4	   7.65	NaN	   7.96	  -0.77	   0.04	1	  179.5	NaN	NaN	   18.6	 108.30	NaN	 109.02	  -0.75	   0.04	0	    3.3	NaN	NaN	    9.0	  -0.01	NaN	   0.01	  -0.37	   0.04	--------	-1	0.00	*
12:268924	   74.0	1	   38.0	NaN	NaN	   23.8	   2.28	NaN	   2.35	  -0.76	   0.00	0	    7.0	NaN	NaN	    3.8	   0.97	NaN	   1.02	  -1.10	   0.00	0	   23.0	NaN	NaN	   13.9	   1.77	NaN	   1.81	  -1.19	   0.00	0	    6.0	NaN	NaN	    5.7	   0.12	NaN	   0.29	  -1.39	   0.00	--------	-1	0.00	*
12:347357	  253.0	1	  117.0	NaN	NaN	   36.9	  24.94	NaN	  25.31	  -0.78	   0.14	1	   14.0	NaN	NaN	    4.3	   3.64	NaN	   3.80	  -0.61	   0.14	1	  108.0	NaN	NaN	   16.2	  50.21	NaN	  50.64	  -0.74	   0.14	0	   14.0	NaN	NaN	   11.1	   0.38	NaN	   0.63	  -0.63	   0.14	--------	-1	0.00	*
12:349676	  267.2	1	  114.4	NaN	NaN	   43.6	  18.57	NaN	  18.87	  -0.69	   0.00	1	   54.7	NaN	NaN	    7.4	  27.92	NaN	  28.58	  -0.69	   0.00	1	   93.9	NaN	NaN	   22.4	  28.52	NaN	  28.78	  -0.66	   0.00	0	    4.2	NaN	NaN	   12.8	  -0.01	NaN	   0.00	  -0.58	   0.00	--------	-1	0.00	*
12:349807	  370.8	1	  134.6	NaN	NaN	   40.1	  30.92	NaN	  31.38	  -0.81	   0.00	1	   58.3	NaN	NaN	    6.9	  32.98	NaN	  33.71	  -0.76	   0.00	1	  158.1	NaN	NaN	   17.9	  90.55	NaN	  91.18	  -0.74	   0.00	0	   19.8	NaN	NaN	   12.8	   1.06	NaN	   1.43	  -0.76	   0.00	--------	-1	0.00	*
12:403267	  408.0	1	  102.0	NaN	NaN	   25.6	  28.99	NaN	  29.42	  -0.70	   0.24	1	   71.0	NaN	NaN	    3.8	  61.17	NaN	  62.11	  -1.05	   0.24	1	  210.0	NaN	NaN	   15.8	 152.24	NaN	 153.06	  -0.79	   0.24	1	   25.0	NaN	NaN	    8.1	   5.18	NaN	   5.87	  -0.63	   0.24	--------	-1	0.00	*
12:403918	  189.0	1	   73.0	NaN	NaN	   24.8	  14.18	NaN	  14.42	  -0.66	   0.00	1	   28.0	NaN	NaN	    3.8	  14.28	NaN	  14.74	  -0.67	   0.00	1	   71.0	NaN	NaN	   15.5	  23.92	NaN	  24.14	  -0.63	   0.00	0	   17.0	NaN	NaN	    8.2	   1.86	NaN	   2.31	  -0.76	   0.00	--------	-1	0.00	*
12:427585	  565.0	1	  195.0	NaN	NaN	   55.7	  46.54	NaN	  47.14	  -0.75	   0.17	1	   89.0	NaN	NaN	    8.9	  54.76	NaN	  55.63	  -0.79	   0.17	1	  247.0	NaN	NaN	   27.7	 140.29	NaN	 141.09	  -0.71	   0.17	1	   34.0	NaN	NaN	    9.4	   8.47	NaN	   9.33	  -0.64	   0.17	--------	-1	0.00	*
12:428556	 1238.0	1	  586.0	NaN	NaN	   49.1	 999.00	NaN	 999.00	  -0.61	   0.15	1	  128.0	NaN	NaN	    7.7	 104.32	NaN	 105.51	  -0.74	   0.15	1	  481.0	NaN	NaN	   22.4	 999.00	NaN	 999.00	  -0.66	   0.15	1	   43.0	NaN	NaN	    6.2	  20.28	NaN	  21.52	  -0.77	   0.15	--------	-1	0.00	*
12:428839	  648.0	1	  290.0	NaN	NaN	   46.5	 125.53	NaN	 126.43	  -0.45	   0.00	1	   63.0	NaN	NaN	    7.4	  35.15	NaN	  35.91	  -0.45	   0.00	1	  271.0	NaN	NaN	   20.7	 194.79	NaN	 195.71	  -0.38	   0.00	1	   24.0	NaN	NaN	    5.7	   7.16	NaN	   7.98	  -0.58	   0.00	--------	-1	0.00	*
12:449272	  107.0	1	   40.0	NaN	NaN	   23.8	   2.74	NaN	   2.82	  -1.01	   0.38	1	   17.0	NaN	NaN	    3.8	   5.95	NaN	   6.18	  -0.94	   0.38	1	   44.0	NaN	NaN	   13.9	   9.88	NaN	  10.01	  -0.88	   0.38	0	    6.0	NaN	NaN	    5.7	   0.12	NaN	   0.29	  -0.32	   0.38	--------	-1	0.00	*
12:513762	 1223.0	1	  440.0	NaN	NaN	   34.4	 311.11	NaN	 312.50	  -0.69	   0.23	1	  194.0	NaN	NaN	    6.4	 205.71	NaN	 207.25	  -0.81	   0.23	1	  513.0	NaN	NaN	   21.6	 999.00	NaN	 999.00	  -0.68	   0.23	1	   76.0	NaN	NaN	    9.6	  39.41	NaN	  40.91	  -0.56	   0.23	--------	-1	0.00	*
12:528074	  182.0	1	   95.0	NaN	NaN	   25.1	  25.52	NaN	  25.91	  -0.82	   0.17	1	   19.0	NaN	NaN	    3.8	   7.27	NaN	   7.56	  -1.04	   0.17	1	   56.0	NaN	NaN	   13.9	  16.70	NaN	  16.88	  -0.74	   0.17	0	   12.0	NaN	NaN	    5.7	   1.43	NaN	   1.83	  -0.92	   0.17	--------	-1	0.00	*
12:562714	  460.0	1	  256.0	NaN	NaN	   34.8	 126.40	NaN	 127.32	  -0.70	   0.19	1	   44.0	NaN	NaN	    3.8	  29.69	NaN	  30.38	  -0.74	   0.19	1	  149.0	NaN	NaN	   14.5	  93.27	NaN	  93.92	  -0.78	   0.19	0	   11.0	NaN	NaN	    5.9	   1.06	NaN	   1.42	  -0.99	   0.19	--------	-1	0.00	*
12:605834	 1020.0	1	  410.0	NaN	NaN	   38.5	 260.20	NaN	 261.49	  -0.62	   0.15	1	  107.0	NaN	NaN	    4.5	 102.58	NaN	 103.76	  -0.84	   0.15	1	  461.0	NaN	NaN	   25.3	 999.00	NaN	 999.00	  -0.69	   0.15	1	   42.0	NaN	NaN	    7.4	  16.81	NaN	  17.95	  -0.68	   0.15	--------	-1	0.00	*
12:664058	  106.0	1	   42.0	NaN	NaN	   23.8	   3.23	NaN	   3.32	  -0.49	   0.00	0	   10.0	NaN	NaN	    4.1	   1.94	NaN	   2.02	  -0.84	   0.00	1	   44.0	NaN	NaN	   13.9	   9.89	NaN	  10.01	  -0.78	   0.00	0	   10.0	NaN	NaN	    5.7	   0.84	NaN	   1.18	  -0.64	   0.00	--------	-1	0.00	*
12:688063	  189.0	1	   69.0	NaN	NaN	   27.0	  10.81	NaN	  11.00	  -0.65	   0.52	1	   19.0	NaN	NaN	    4.4	   6.45	NaN	   6.71	  -1.04	   0.52	1	   96.0	NaN	NaN	   15.6	  41.85	NaN	  42.23	  -0.75	   0.52	0	    5.0	NaN	NaN	    6.7	   0.01	NaN	   0.10	  -1.48	   0.52	--------	-1	0.00	*
12:741201	  237.0	1	  126.0	NaN	NaN	   25.9	  43.91	NaN	  44.47	  -0.74	   0.05	1	   21.0	NaN	NaN	    5.4	   6.33	NaN	   6.58	  -0.74	   0.05	1	   80.0	NaN	NaN	   17.7	  26.44	NaN	  26.68	  -0.75	   0.05	0	   10.0	NaN	NaN	    6.0	   0.75	NaN	   1.07	  -0.31	   0.05	--------	-1	0.00	*
12:743391	  313.0	1	  109.0	NaN	NaN	   32.0	  25.65	NaN	  26.04	  -0.71	   0.32	1	   42.0	NaN	NaN	    7.4	  17.28	NaN	  17.78	  -0.82	   0.32	1	  147.0	NaN	NaN	   18.4	  77.87	NaN	  78.45	  -0.71	   0.32	1	   15.0	NaN	NaN	    6.0	   2.35	NaN	   2.85	  -0.85	   0.32	--------	-1	0.00	*
12:756708	  128.0	1	   68.0	NaN	NaN	   26.5	  10.73	NaN	  10.92	  -0.72	   0.00	1	   11.0	NaN	NaN	    3.8	   2.56	NaN	   2.68	  -0.48	   0.00	1	   41.0	NaN	NaN	   13.9	   8.39	NaN	   8.50	  -0.70	   0.00	0	    8.0	NaN	NaN	    6.0	   0.34	NaN	   0.59	  -0.74	   0.00	--------	-1	0.00	*
12:768886	  330.0	1	  170.0	NaN	NaN	   26.2	  76.37	NaN	  77.07	  -0.75	   0.54	1	   28.0	NaN	NaN	    4.5	  12.65	NaN	  13.06	  -0.44	   0.54	1	  118.0	NaN	NaN	   14.6	  63.07	NaN	  63.57	  -0.62	   0.54	0	   14.0	NaN	NaN	    6.8	   1.58	NaN	   2.00	  -0.72	   0.54	--------	-1	0.00	*
12:799114	  119.0	0	   40.0	NaN	NaN	   28.7	   1.52	NaN	   1.58	  -0.72	   0.00	1	   17.0	NaN	NaN	    6.7	   3.09	NaN	   3.23	  -0.68	   0.00	1	   55.0	NaN	NaN	   22.1	   8.42	NaN	   8.53	  -0.74	   0.00	0	    7.0	NaN	NaN	    7.4	   0.08	NaN	   0.22	  -1.32	   0.00	--------	-1	0.00	*
12:973005	  179.0	1	   88.0	NaN	NaN	   23.8	  23.07	NaN	  23.43	  -0.66	   0.00	1	   25.0	NaN	NaN	    3.8	  11.79	NaN	  12.18	  -0.68	   0.00	1	   56.0	NaN	NaN	   13.9	  16.70	NaN	  16.88	  -0.68	   0.00	0	   10.0	NaN	NaN	    5.7	   0.84	NaN	   1.18	  -0.59	   0.00	--------	-1	0.00	*
13:174	   90.0	0	   26.0	NaN	NaN	   25.6	   0.29	NaN	   0.31	  -0.75	   0.47	1	   28.0	NaN	NaN	    4.1	  13.51	NaN	  13.93	  -0.75	   0.47	0	   25.0	NaN	NaN	   15.3	   1.83	NaN	   1.87	  -0.81	   0.47	0	   11.0	NaN	NaN	    5.8	   1.07	NaN	   1.44	  -0.64	   0.47	--------	-1	0.00	*
13:15169	  323.0	1	  140.0	NaN	NaN	   27.9	  50.32	NaN	  50.92	  -0.74	   0.51	1	   29.0	NaN	NaN	    4.4	  13.76	NaN	  14.20	  -0.61	   0.51	1	  135.0	NaN	NaN	   19.0	  65.57	NaN	  66.09	  -0.82	   0.51	1	   19.0	NaN	NaN	    6.3	   3.88	NaN	   4.49	  -0.57	   0.51	--------	-1	0.00	*
13:113905	 1173.0	1	  475.0	NaN	NaN	   32.8	 999.00	NaN	 999.00	  -0.63	   0.26	1	  132.0	NaN	NaN	    5.9	 123.86	NaN	 125.11	  -0.70	   0.26	1	  526.0	NaN	NaN	   20.2	 999.00	NaN	 999.00	  -0.70	   0.26	1	   40.0	NaN	NaN	    6.8	  16.55	NaN	  17.61	  -0.74	   0.26	--------	-1	0.00	*
13:162030	  899.0	1	  354.0	NaN	NaN	   28.3	 247.61	NaN	 248.85	  -0.73	   0.24	1	   99.0	NaN	NaN	    4.8	  89.86	NaN	  90.98	  -0.67	   0.24	1	  372.0	NaN	NaN	   15.8	 999.00	NaN	 999.00	  -0.76	   0.24	1	   74.0	NaN	NaN	    6.3	  49.32	NaN	  50.97	  -0.70	   0.24	--------	-1	0.00	*
13:164678	  149.2	1	   73.4	NaN	NaN	   28.0	  12.14	NaN	  12.36	  -0.76	   0.00	1	   16.0	NaN	NaN	    4.9	   4.09	NaN	   4.26	  -0.77	   0.00	1	   54.3	NaN	NaN	   15.6	  13.94	NaN	  14.09	  -0.73	   0.00	0	    5.6	NaN	NaN	    5.8	   0.12	NaN	   0.28	  -1.17	   0.00	--------	-1	0.00	*
13:202776	  309.0	1	  125.0	NaN	NaN	   26.0	  43.22	NaN	  43.77	  -0.68	   0.29	1	   28.0	NaN	NaN	    4.1	  13.50	NaN	  13.93	  -0.80	   0.29	1	  135.0	NaN	NaN	   15.3	  76.67	NaN	  77.23	  -0.77	   0.29	1	   21.0	NaN	NaN	    6.1	   5.01	NaN	   5.69	  -0.48	   0.29	--------	-1	0.00	*
13:235999	  245.5	1	  145.1	NaN	NaN	   30.0	  50.78	NaN	  51.39	  -0.76	   0.00	0	    9.4	NaN	NaN	    5.7	   1.12	NaN	   1.18	  -0.82	   0.00	1	   83.3	NaN	NaN	   18.3	  28.17	NaN	  28.42	  -0.64	   0.00	0	    7.6	NaN	NaN	    6.9	   0.20	NaN	   0.42	  -0.68	   0.00	--------	-1	0.00	*
13:236136	  331.7	1	  124.8	NaN	NaN	   29.2	  38.30	NaN	  38.83	  -0.93	   0.00	0	   10.6	NaN	NaN	    5.6	   1.48	NaN	   1.56	  -1.04	   0.00	1	  196.4	NaN	NaN	   18.6	 125.28	NaN	 126.03	  -0.84	   0.00	0	    0.0	NaN	NaN	    6.9	  -0.01	NaN	   0.00	  -0.91	   0.00	--------	-1	0.00	*
13:236196	  210.8	1	   49.1	NaN	NaN	   29.2	   3.46	NaN	   3.55	  -0.74	   0.00	1	   41.0	NaN	NaN	    5.6	  21.64	NaN	  22.22	  -0.77	   0.00	1	  104.3	NaN	NaN	   18.3	  43.03	NaN	  43.42	  -0.75	   0.00	1	   16.4	NaN	NaN	    7.0	   2.51	NaN	   3.01	  -0.85	   0.00	--------	-1	0.00	*
13:266718	  240.0	1	  114.0	NaN	NaN	   32.0	  28.34	NaN	  28.76	  -0.83	   0.38	1	   17.0	NaN	NaN	    5.1	   4.46	NaN	   4.64	  -0.66	   0.38	1	   86.0	NaN	NaN	   20.9	  25.70	NaN	  25.93	  -0.78	   0.38	1	   23.0	NaN	NaN	    6.8	   5.35	NaN	   6.04	  -0.85	   0.38	--------	-1	0.00	*
13:285572	  391.0	1	  249.0	NaN	NaN	   32.1	 128.79	NaN	 129.73	  -0.71	   0.00	1	   11.5	NaN	NaN	    4.4	   2.56	NaN	   2.68	  -0.29	   0.00	1	  106.1	NaN	NaN	   19.8	  41.50	NaN	  41.87	  -0.64	   0.00	1	   24.3	NaN	NaN	    7.5	   5.70	NaN	   6.41	  -0.65	   0.00	--------	-1	0.00	*
13:285732	  753.0	1	  278.0	NaN	NaN	   31.9	 155.24	NaN	 156.23	  -0.86	   0.00	1	  101.5	NaN	NaN	    4.6	  95.08	NaN	  96.21	  -0.76	   0.00	1	  348.9	NaN	NaN	   19.8	 292.18	NaN	 293.34	  -0.78	   0.00	1	   24.7	NaN	NaN	    7.4	   5.83	NaN	   6.56	  -0.77	   0.00	--------	-1	0.00	*
13:317776	   86.0	0	   34.0	NaN	NaN	   25.6	   1.15	NaN	   1.20	  -0.69	   0.00	1	   13.0	NaN	NaN	    4.1	   3.27	NaN	   3.42	  -0.68	   0.00	1	   32.0	NaN	NaN	   15.3	   3.84	NaN	   3.91	  -0.96	   0.00	0	    7.0	NaN	NaN	    6.4	   0.15	NaN	   0.34	  -0.55	   0.00	--------	-1	0.00	*
13:330078	  285.0	1	   89.0	NaN	NaN	   25.6	  21.69	NaN	  22.03	  -0.95	   0.06	1	   37.0	NaN	NaN	    4.1	  21.52	NaN	  22.09	  -0.78	   0.06	1	  150.0	NaN	NaN	   15.3	  91.16	NaN	  91.80	  -0.83	   0.06	0	    9.0	NaN	NaN	    5.8	   0.57	NaN	   0.87	  -0.65	   0.06	--------	-1	0.00	*
13:359699	  244.0	1	  116.0	NaN	NaN	   25.6	  37.83	NaN	  38.34	  -0.73	   0.00	1	   25.0	NaN	NaN	    4.8	   9.83	NaN	  10.19	  -0.94	   0.00	1	   86.0	NaN	NaN	   16.4	  32.75	NaN	  33.05	  -0.82	   0.00	1	   17.0	NaN	NaN	    6.6	   2.78	NaN	   3.33	  -0.58	   0.00	--------	-1	0.00	*
13:379778	  357.1	1	  225.8	NaN	NaN	   29.8	 114.47	NaN	 115.30	  -0.64	   0.04	1	   32.5	NaN	NaN	    4.1	  17.85	NaN	  18.36	  -0.62	   0.04	1	   88.3	NaN	NaN	   16.5	  34.62	NaN	  34.94	  -0.50	   0.04	0	   10.5	NaN	NaN	    7.3	   0.62	NaN	   0.92	  -0.44	   0.04	--------	-1	0.00	*
13:379892	 1233.9	1	  584.2	NaN	NaN	   29.9	 999.00	NaN	 999.00	  -0.70	   0.04	1	  151.5	NaN	NaN	    4.1	 173.60	NaN	 175.06	  -0.78	   0.04	1	  451.7	NaN	NaN	   15.8	 999.00	NaN	 999.00	  -0.74	   0.04	1	   46.5	NaN	NaN	    7.9	  19.54	NaN	  20.76	  -0.83	   0.04	--------	-1	0.00	*
13:410174	  199.0	1	   88.0	NaN	NaN	   25.6	  21.16	NaN	  21.49	  -0.75	   0.28	1	   12.0	NaN	NaN	    4.1	   2.78	NaN	   2.91	  -1.03	   0.28	1	   85.0	NaN	NaN	   15.3	  34.14	NaN	  34.45	  -0.76	   0.28	0	   14.0	NaN	NaN	    6.7	   1.62	NaN	   2.05	  -0.64	   0.28	--------	-1	0.00	*
13:444300	  244.0	1	  108.0	NaN	NaN	   25.6	  32.73	NaN	  33.19	  -0.78	   0.29	1	   24.0	NaN	NaN	    4.1	  10.32	NaN	  10.69	  -0.69	   0.29	1	   96.0	NaN	NaN	   15.3	  42.59	NaN	  42.97	  -0.74	   0.29	1	   16.0	NaN	NaN	    6.3	   2.56	NaN	   3.09	  -0.85	   0.29	--------	-1	0.00	*
13:515133	  209.0	1	  103.0	NaN	NaN	   25.6	  29.66	NaN	  30.10	  -0.67	   0.10	1	   13.0	NaN	NaN	    4.2	   3.24	NaN	   3.39	  -0.54	   0.10	1	   86.0	NaN	NaN	   15.3	  34.87	NaN	  35.20	  -0.83	   0.10	0	    7.0	NaN	NaN	    6.5	   0.14	NaN	   0.33	  -0.60	   0.10	--------	-1	0.00	*
13:517997	  166.6	1	   81.9	NaN	NaN	   25.6	  18.06	NaN	  18.35	  -0.81	   0.00	1	   23.2	NaN	NaN	    5.5	   8.03	NaN	   8.35	  -1.07	   0.00	1	   56.2	NaN	NaN	   15.3	  15.38	NaN	  15.54	  -0.87	   0.00	0	    5.3	NaN	NaN	    7.4	   0.02	NaN	   0.12	  -0.71	   0.00	--------	-1	0.00	*
13:518210	   89.2	1	   42.7	NaN	NaN	   25.6	   2.91	NaN	   2.99	  -0.78	   0.00	0	    6.1	NaN	NaN	    5.3	   0.51	NaN	   0.54	  -0.83	   0.00	1	   40.3	NaN	NaN	   15.3	   7.33	NaN	   7.42	  -1.04	   0.00	0	    0.0	NaN	NaN	    6.7	  -0.01	NaN	   0.00	  -4.00	   0.00	--------	-1	0.00	*
13:534521	 1158.0	1	  284.0	NaN	NaN	   29.1	 170.88	NaN	 171.94	  -0.73	   0.10	1	  171.0	NaN	NaN	    5.5	 183.86	NaN	 185.36	  -0.76	   0.10	1	  633.0	NaN	NaN	   19.8	 999.00	NaN	 999.00	  -0.63	   0.10	1	   70.0	NaN	NaN	    6.6	  44.16	NaN	  45.76	  -0.73	   0.10	--------	-1	0.00	*
13:644731	  479.0	1	  283.0	NaN	NaN	   30.1	 166.37	NaN	 167.40	  -0.80	   0.20	1	   23.0	NaN	NaN	    4.4	   9.15	NaN	   9.49	  -0.68	   0.20	1	  145.0	NaN	NaN	   15.3	  86.26	NaN	  86.87	  -0.85	   0.20	1	   28.0	NaN	NaN	    5.8	   9.58	NaN	  10.48	  -0.98	   0.20	--------	-1	0.00	*
13:661647	  207.0	1	   97.0	NaN	NaN	   25.6	  26.14	NaN	  26.54	  -0.81	   0.32	0	   10.0	NaN	NaN	    4.1	   1.91	NaN	   1.99	  -0.68	   0.32	1	   80.0	NaN	NaN	   15.3	  30.50	NaN	  30.77	  -0.81	   0.32	1	   20.0	NaN	NaN	    8.9	   2.53	NaN	   3.05	  -0.45	   0.32	--------	-1	0.00	*
13:736436	  395.0	1	  185.0	NaN	NaN	   35.0	  69.55	NaN	  70.22	  -0.81	   0.22	1	   39.0	NaN	NaN	    4.1	  23.43	NaN	  24.03	  -0.77	   0.22	1	  148.0	NaN	NaN	   17.8	  80.62	NaN	  81.21	  -0.84	   0.22	1	   23.0	NaN	NaN	    6.0	   6.23	NaN	   6.99	  -0.56	   0.22	--------	-1	0.00	*
13:751375	  592.3	1	  160.1	NaN	NaN	   29.2	  63.04	NaN	  63.71	  -0.83	   0.13	1	  136.9	NaN	NaN	    6.2	 127.63	NaN	 128.92	  -0.89	   0.13	1	  271.9	NaN	NaN	   24.8	 176.48	NaN	 177.34	  -0.71	   0.13	1	   23.4	NaN	NaN	    7.8	   4.92	NaN	   5.57	  -0.82	   0.13	--------	-1	0.00	*
13:751406	  700.7	1	  229.9	NaN	NaN	   29.4	 118.98	NaN	 119.83	  -0.87	   0.13	1	   95.1	NaN	NaN	    6.2	  75.61	NaN	  76.68	  -0.95	   0.13	1	  352.1	NaN	NaN	   24.8	 265.39	NaN	 266.49	  -0.79	   0.13	1	   23.6	NaN	NaN	    7.8	   4.91	NaN	   5.57	  -0.86	   0.13	--------	-1	0.00	*
13:756201	  327.0	1	  149.0	NaN	NaN	   28.3	  55.96	NaN	  56.60	  -0.85	   0.19	1	   29.0	NaN	NaN	    4.1	  14.32	NaN	  14.78	  -0.57	   0.19	1	  137.0	NaN	NaN	   15.3	  78.56	NaN	  79.14	  -0.79	   0.19	0	   12.0	NaN	NaN	    5.8	   1.38	NaN	   1.78	  -0.91	   0.19	--------	-1	0.00	*
13:775104	  198.0	1	   89.0	NaN	NaN	   25.6	  21.69	NaN	  22.03	  -0.81	   0.08	1	   19.0	NaN	NaN	    4.1	   6.79	NaN	   7.05	  -0.73	   0.08	1	   81.0	NaN	NaN	   15.3	  31.22	NaN	  31.50	  -0.65	   0.08	0	    9.0	NaN	NaN	    7.1	   0.31	NaN	   0.55	  -0.85	   0.08	--------	-1	0.00	*
13:787886	  222.0	1	  112.0	NaN	NaN	   27.0	  33.18	NaN	  33.65	  -0.68	   0.33	1	   16.0	NaN	NaN	    4.1	   4.92	NaN	   5.12	  -1.31	   0.33	1	   79.0	NaN	NaN	   15.3	  29.79	NaN	  30.06	  -0.70	   0.33	1	   15.0	NaN	NaN	    5.8	   2.47	NaN	   2.98	  -0.77	   0.33	--------	-1	0.00	*
13:812299	  272.0	1	  163.0	NaN	NaN	   25.6	  72.26	NaN	  72.95	  -0.75	   0.00	1	   16.0	NaN	NaN	    4.1	   4.92	NaN	   5.12	  -0.83	   0.00	1	   75.0	NaN	NaN	   15.3	  26.99	NaN	  27.23	  -0.67	   0.00	1	   18.0	NaN	NaN	    5.8	   3.81	NaN	   4.40	  -0.91	   0.00	--------	-1	0.00	*
13:849635	  270.0	1	   97.0	NaN	NaN	   25.6	  26.15	NaN	  26.54	  -0.72	   0.18	1	   47.0	NaN	NaN	    9.6	  16.98	NaN	  17.48	  -0.87	   0.18	1	  109.0	NaN	NaN	   15.3	  53.30	NaN	  53.75	  -0.77	   0.18	1	   17.0	NaN	NaN	    5.8	   3.33	NaN	   3.90	  -0.61	   0.18	--------	-1	0.00	*
13:907110	  134.0	1	   39.0	NaN	NaN	   25.6	   2.03	NaN	   2.10	  -0.81	   0.00	1	   19.0	NaN	NaN	    4.1	   6.79	NaN	   7.05	  -0.44	   0.00	1	   46.0	NaN	NaN	   15.3	   9.62	NaN	   9.74	  -0.71	   0.00	1	   30.0	NaN	NaN	    5.8	  10.95	NaN	  11.90	  -0.72	   0.00	--------	-1	0.00	*
14:207196	   66.0	1	   47.6	NaN	NaN	   25.9	   4.08	NaN	   4.18	  -0.57	   0.00	0	    1.6	NaN	NaN	    3.2	   0.07	NaN	   0.08	   0.07	   0.00	0	   13.6	NaN	NaN	   12.2	   0.45	NaN	   0.46	  -0.17	   0.00	0	    3.2	NaN	NaN	    5.6	   0.00	NaN	   0.09	  -0.14	   0.00	--------	-1	0.00	*
14:207376	  494.0	1	  229.4	NaN	NaN	   26.3	 128.63	NaN	 129.56	  -0.89	   0.00	1	   51.4	NaN	NaN	    3.2	  42.18	NaN	  42.98	  -0.85	   0.00	1	  197.4	NaN	NaN	   12.2	 159.44	NaN	 160.27	  -0.70	   0.00	1	   15.8	NaN	NaN	    6.0	   2.77	NaN	   3.31	  -0.88	   0.00	--------	-1	0.00	*
14:271728	   65.0	0	   24.0	NaN	NaN	   22.1	   0.40	NaN	   0.43	  -0.75	   0.00	0	    7.0	NaN	NaN	    3.2	   1.28	NaN	   1.35	  -0.89	   0.00	1	   34.0	NaN	NaN	   12.2	   6.54	NaN	   6.62	  -0.70	   0.00	0	    0.0	NaN	NaN	    6.6	  -0.00	NaN	  -0.00	  -4.00	   0.00	--------	-1	0.00	*
14:300187	  181.0	1	   73.0	NaN	NaN	   23.2	  15.77	NaN	  16.03	  -0.80	   0.26	1	   24.0	NaN	NaN	    3.6	  11.68	NaN	  12.06	  -0.63	   0.26	1	   75.0	NaN	NaN	   14.2	  28.87	NaN	  29.13	  -0.74	   0.26	0	    9.0	NaN	NaN	    6.3	   0.46	NaN	   0.74	  -0.82	   0.26	--------	-1	0.00	*
14:321035	   74.0	0	   27.0	NaN	NaN	   26.9	   0.26	NaN	   0.29	  -0.92	   0.00	1	   12.0	NaN	NaN	    4.0	   2.94	NaN	   3.07	  -1.24	   0.00	1	   30.0	NaN	NaN	   14.6	   3.48	NaN	   3.55	  -0.63	   0.00	0	    5.0	NaN	NaN	    6.1	   0.02	NaN	   0.13	  -0.67	   0.00	--------	-1	0.00	*
14:340061	  232.0	1	   62.0	NaN	NaN	   27.7	   7.69	NaN	   7.83	  -0.51	   0.25	1	   42.0	NaN	NaN	    3.7	  28.27	NaN	  28.94	  -0.68	   0.25	1	  120.0	NaN	NaN	   14.2	  66.17	NaN	  66.70	  -0.66	   0.25	0	    8.0	NaN	NaN	    7.6	   0.13	NaN	   0.30	  -0.62	   0.25	--------	-1	0.00	*
14:345470	  147.0	1	   52.0	NaN	NaN	   25.2	   5.59	NaN	   5.71	  -0.45	   0.42	1	   25.0	NaN	NaN	    4.0	  11.51	NaN	  11.89	  -0.44	   0.42	1	   63.0	NaN	NaN	   12.2	  23.87	NaN	  24.09	  -0.66	   0.42	0	    7.0	NaN	NaN	    7.8	   0.05	NaN	   0.18	  -0.56	   0.42	--------	-1	0.00	*
14:407380	  312.0	1	  190.0	NaN	NaN	   27.5	  89.84	NaN	  90.57	  -0.66	   0.12	1	   13.0	NaN	NaN	    3.2	   4.32	NaN	   4.50	  -0.82	   0.12	1	   95.0	NaN	NaN	   12.2	  49.59	NaN	  50.01	  -0.83	   0.12	0	   14.0	NaN	NaN	    6.3	   1.83	NaN	   2.27	  -0.65	   0.12	--------	-1	0.00	*
14:424440	  127.0	1	   59.0	NaN	NaN	   24.0	   8.77	NaN	   8.93	  -0.68	   0.18	1	   10.0	NaN	NaN	    3.4	   2.44	NaN	   2.55	  -0.61	   0.18	1	   42.0	NaN	NaN	   12.3	  10.47	NaN	  10.59	  -0.70	   0.18	1	   16.0	NaN	NaN	    6.8	   2.24	NaN	   2.72	  -0.64	   0.18	--------	-1	0.00	*
14:431030	  205.0	1	   63.0	NaN	NaN	   26.3	   8.85	NaN	   9.01	  -0.66	   0.52	1	   26.0	NaN	NaN	    5.3	   9.58	NaN	   9.94	  -0.53	   0.52	1	  108.0	NaN	NaN	   13.8	  56.52	NaN	  56.98	  -0.78	   0.52	0	    8.0	NaN	NaN	    7.2	   0.16	NaN	   0.36	  -0.57	   0.52	--------	-1	0.00	*
14:491019	  185.0	1	  106.0	NaN	NaN	   32.7	  23.30	NaN	  23.67	  -0.68	   0.00	1	   14.0	NaN	NaN	    5.7	   2.52	NaN	   2.64	  -0.76	   0.00	1	   61.0	NaN	NaN	   17.2	  15.38	NaN	  15.55	  -0.69	   0.00	0	    4.0	NaN	NaN	    7.8	  -0.02	NaN	   0.02	  -0.98	   0.00	--------	-1	0.00	*
14:493055	  124.0	1	   60.0	NaN	NaN	   27.7	   7.03	NaN	   7.16	  -0.62	   0.00	1	   14.0	NaN	NaN	    4.0	   3.99	NaN	   4.16	  -1.08	   0.00	1	   44.0	NaN	NaN	   13.7	  10.11	NaN	  10.24	  -0.96	   0.00	0	    6.0	NaN	NaN	    6.1	   0.09	NaN	   0.24	  -1.14	   0.00	--------	-1	0.00	*
14:651894	  358.0	1	  138.0	NaN	NaN	   36.9	  36.17	NaN	  36.66	  -0.58	   0.40	1	   39.0	NaN	NaN	    5.2	  20.07	NaN	  20.63	  -0.61	   0.40	1	  164.0	NaN	NaN	   20.7	  86.01	NaN	  86.62	  -0.71	   0.40	0	   17.0	NaN	NaN	   10.0	   1.20	NaN	   1.58	  -0.65	   0.40	--------	-1	0.00	*
14:653637	  257.0	1	   95.0	NaN	NaN	   42.5	  11.34	NaN	  11.54	  -0.80	   0.26	1	   38.0	NaN	NaN	    5.6	  18.10	NaN	  18.62	  -0.95	   0.26	1	  110.0	NaN	NaN	   23.7	  36.96	NaN	  37.30	  -0.76	   0.26	0	   14.0	NaN	NaN	   10.0	   0.58	NaN	   0.88	  -1.24	   0.26	--------	-1	0.00	*
14:654832	  502.0	1	  323.0	NaN	NaN	   40.0	 170.63	NaN	 171.68	  -0.81	   0.34	1	   37.0	NaN	NaN	    4.1	  21.62	NaN	  22.20	  -0.79	   0.34	1	  119.0	NaN	NaN	   20.1	  49.98	NaN	  50.41	  -0.91	   0.34	1	   23.0	NaN	NaN	    8.4	   4.02	NaN	   4.63	  -0.46	   0.34	--------	-1	0.00	*
14:691458	  143.0	1	   58.0	NaN	NaN	   22.1	   9.60	NaN	   9.77	  -0.52	   0.30	1	   16.0	NaN	NaN	    3.2	   6.28	NaN	   6.52	  -0.52	   0.30	1	   59.0	NaN	NaN	   14.8	  17.40	NaN	  17.59	  -0.68	   0.30	0	   10.0	NaN	NaN	    5.9	   0.79	NaN	   1.12	  -0.72	   0.30	--------	-1	0.00	*
15:79871	  165.0	1	   71.0	NaN	NaN	   22.8	  14.95	NaN	  15.20	  -0.56	   0.00	1	   18.0	NaN	NaN	    6.5	   3.65	NaN	   3.80	  -0.87	   0.00	1	   60.0	NaN	NaN	   14.8	  17.98	NaN	  18.17	  -0.69	   0.00	0	   16.0	NaN	NaN	    7.4	   1.94	NaN	   2.40	  -1.12	   0.00	--------	-1	0.00	*
15:104016	  210.0	1	   83.0	NaN	NaN	   22.8	  21.42	NaN	  21.76	  -0.68	   0.06	1	   17.0	NaN	NaN	    3.7	   6.18	NaN	   6.41	  -0.85	   0.06	1	   97.0	NaN	NaN	   13.1	  48.77	NaN	  49.19	  -0.76	   0.06	0	   13.0	NaN	NaN	    7.0	   1.20	NaN	   1.58	  -0.76	   0.06	--------	-1	0.00	*
15:109767	  492.0	1	  149.0	NaN	NaN	   30.3	  52.34	NaN	  52.97	  -0.74	   0.30	1	   83.0	NaN	NaN	    7.0	  56.75	NaN	  57.65	  -0.79	   0.30	1	  245.0	NaN	NaN	   23.2	 155.16	NaN	 155.98	  -0.74	   0.30	0	   15.0	NaN	NaN	    7.5	   1.56	NaN	   1.98	  -1.06	   0.30	--------	-1	0.00	*
15:155286	  145.0	1	   68.0	NaN	NaN	   29.6	   8.81	NaN	   8.96	  -0.70	   0.00	1	   15.0	NaN	NaN	    4.7	   3.77	NaN	   3.93	  -0.58	   0.00	1	   58.0	NaN	NaN	   15.5	  15.89	NaN	  16.06	  -0.65	   0.00	0	    4.0	NaN	NaN	    8.8	  -0.02	NaN	   0.01	  -1.53	   0.00	--------	-1	0.00	*
15:155848	  411.0	1	  154.0	NaN	NaN	   28.7	  58.88	NaN	  59.52	  -0.76	   0.26	1	   46.0	NaN	NaN	    4.9	  27.63	NaN	  28.29	  -0.80	   0.26	1	  190.0	NaN	NaN	   16.1	 128.78	NaN	 129.55	  -0.78	   0.26	1	   21.0	NaN	NaN	    9.1	   2.76	NaN	   3.31	  -0.64	   0.26	--------	-1	0.00	*
15:210490	  171.0	1	   65.0	NaN	NaN	   22.8	  12.13	NaN	  12.35	  -0.87	   0.18	1	   27.0	NaN	NaN	    3.7	  13.83	NaN	  14.27	  -0.97	   0.18	1	   73.0	NaN	NaN	   16.7	  23.48	NaN	  23.70	  -0.67	   0.18	0	    6.0	NaN	NaN	    5.8	   0.12	NaN	   0.29	  -1.45	   0.18	--------	-1	0.00	*
15:226203	  181.0	1	   54.0	NaN	NaN	   22.8	   7.55	NaN	   7.69	  -0.55	   0.47	1	   19.0	NaN	NaN	    3.8	   7.29	NaN	   7.59	  -0.96	   0.47	1	  101.0	NaN	NaN	   15.6	  45.90	NaN	  46.31	  -0.71	   0.47	0	    7.0	NaN	NaN	    7.0	   0.10	NaN	   0.26	  -1.18	   0.47	--------	-1	0.00	*
15:265646	  182.0	1	  139.0	NaN	NaN	   30.2	  45.81	NaN	  46.40	  -0.69	   0.37	0	    5.0	NaN	NaN	    5.1	   0.23	NaN	   0.24	  -0.83	   0.37	0	   27.0	NaN	NaN	   16.7	   1.88	NaN	   1.92	  -0.94	   0.37	0	   11.0	NaN	NaN	    8.2	   0.42	NaN	   0.69	  -0.34	   0.37	--------	-1	0.00	*
15:384681	  176.0	1	  120.0	NaN	NaN	   28.8	  35.69	NaN	  36.18	  -0.75	   0.22	1	   10.0	NaN	NaN	    3.8	   2.12	NaN	   2.21	  -1.12	   0.22	1	   43.0	NaN	NaN	   13.1	  10.11	NaN	  10.24	  -0.56	   0.22	0	    3.0	NaN	NaN	    6.5	  -0.02	NaN	   0.02	  -4.00	   0.22	--------	-1	0.00	*
15:391434	  319.8	1	  112.9	NaN	NaN	   30.5	  29.42	NaN	  29.86	  -0.93	   0.00	1	   39.6	NaN	NaN	    3.7	  26.18	NaN	  26.83	  -0.93	   0.00	1	  150.5	NaN	NaN	   13.6	  98.90	NaN	  99.59	  -0.92	   0.00	1	   16.8	NaN	NaN	    5.6	   3.51	NaN	   4.10	  -0.80	   0.00	--------	-1	0.00	*
15:391598	  134.2	1	   50.1	NaN	NaN	   29.1	   3.74	NaN	   3.83	  -0.52	   0.00	1	    9.4	NaN	NaN	    3.7	   2.22	NaN	   2.32	  -0.68	   0.00	1	   64.5	NaN	NaN	   13.1	  23.70	NaN	  23.92	  -0.58	   0.00	0	   10.2	NaN	NaN	    5.6	   1.17	NaN	   1.55	  -0.54	   0.00	--------	-1	0.00	*
15:424267	  201.0	1	   55.0	NaN	NaN	   29.6	   4.60	NaN	   4.70	  -0.72	   0.28	1	   22.0	NaN	NaN	    3.7	   9.74	NaN	  10.10	  -0.59	   0.28	1	  103.0	NaN	NaN	   15.5	  47.78	NaN	  48.19	  -0.66	   0.28	1	   21.0	NaN	NaN	    5.6	   5.59	NaN	   6.29	  -0.53	   0.28	--------	-1	0.00	*
15:446825	 1350.0	1	  442.0	NaN	NaN	   43.0	 274.29	NaN	 275.62	  -0.78	   0.09	1	  210.0	NaN	NaN	    5.9	 237.39	NaN	 239.11	  -0.77	   0.09	1	  567.0	NaN	NaN	   20.1	 999.00	NaN	 999.00	  -0.69	   0.09	1	  131.0	NaN	NaN	   12.4	  81.93	NaN	  83.95	  -0.74	   0.09	--------	-1	0.00	*
15:504712	  170.0	1	   47.0	NaN	NaN	   25.0	   4.16	NaN	   4.26	  -0.56	   0.48	1	   49.0	NaN	NaN	    4.1	  33.81	NaN	  34.55	  -0.50	   0.48	1	   61.0	NaN	NaN	   13.1	  20.97	NaN	  21.18	  -0.58	   0.48	0	   13.0	NaN	NaN	    5.6	   1.82	NaN	   2.27	  -0.51	   0.48	--------	-1	0.00	*
15:514515	  103.0	1	   49.0	NaN	NaN	   22.8	   5.75	NaN	   5.87	  -0.77	   0.00	1	   12.0	NaN	NaN	    3.7	   3.20	NaN	   3.34	  -0.50	   0.00	1	   37.0	NaN	NaN	   14.3	   6.29	NaN	   6.37	  -0.71	   0.00	0	    5.0	NaN	NaN	    6.4	   0.01	NaN	   0.12	  -0.65	   0.00	--------	-1	0.00	*
15:613728	  160.0	1	   86.0	NaN	NaN	   24.0	  21.72	NaN	  22.06	  -0.69	   0.26	1	   14.0	NaN	NaN	    3.8	   4.14	NaN	   4.32	  -0.54	   0.26	1	   56.0	NaN	NaN	   13.9	  16.66	NaN	  16.84	  -0.72	   0.26	0	    4.0	NaN	NaN	    5.6	   0.00	NaN	   0.09	  -0.68	   0.26	--------	-1	0.00	*
15:665530	  157.0	1	   65.0	NaN	NaN	   22.8	  12.14	NaN	  12.35	  -0.69	   0.32	1	   21.0	NaN	NaN	    3.7	   8.98	NaN	   9.32	  -0.84	   0.32	1	   66.0	NaN	NaN	   13.1	  24.39	NaN	  24.62	  -0.57	   0.32	0	    5.0	NaN	NaN	    5.6	   0.05	NaN	   0.18	  -0.84	   0.32	--------	-1	0.00	*
15:831131	  150.0	1	   74.0	NaN	NaN	   23.2	  16.27	NaN	  16.53	  -0.66	   0.38	0	   12.0	NaN	NaN	    6.6	   1.38	NaN	   1.45	  -1.21	   0.38	1	   58.0	NaN	NaN	   14.2	  17.51	NaN	  17.70	  -0.81	   0.38	0	    6.0	NaN	NaN	    5.6	   0.13	NaN	   0.31	  -1.02	   0.38	--------	-1	0.00	*
15:876672	  172.0	1	   69.0	NaN	NaN	   24.9	  12.27	NaN	  12.49	  -0.87	   0.22	1	   20.0	NaN	NaN	    4.1	   7.52	NaN	   7.82	  -0.78	   0.22	1	   72.0	NaN	NaN	   13.8	  27.47	NaN	  27.72	  -0.68	   0.22	0	   11.0	NaN	NaN	    7.8	   0.50	NaN	   0.79	  -0.55	   0.22	--------	-1	0.00	*
15:903047	 1005.0	1	  445.0	NaN	NaN	   38.7	 296.11	NaN	 297.46	  -0.62	   0.39	1	  139.0	NaN	NaN	    6.3	 129.44	NaN	 130.76	  -0.71	   0.39	1	  392.0	NaN	NaN	   24.6	 312.37	NaN	 313.55	  -0.72	   0.39	1	   29.0	NaN	NaN	    6.6	   9.11	NaN	  10.00	  -0.74	   0.39	--------	-1	0.00	*
15:919638	   77.0	0	   26.0	NaN	NaN	   22.8	   0.52	NaN	   0.55	  -0.45	   0.00	1	   11.0	NaN	NaN	    3.7	   2.69	NaN	   2.81	  -0.73	   0.00	1	   32.0	NaN	NaN	   13.1	   5.05	NaN	   5.12	  -0.79	   0.00	0	    8.0	NaN	NaN	    5.6	   0.42	NaN	   0.69	  -0.62	   0.00	--------	-1	0.00	*
15:962452	  188.0	1	   69.0	NaN	NaN	   22.8	  14.00	NaN	  14.24	  -0.59	   0.38	1	   32.0	NaN	NaN	    3.7	  18.33	NaN	  18.87	  -0.67	   0.38	1	   85.0	NaN	NaN	   13.1	  38.72	NaN	  39.08	  -0.74	   0.38	0	    2.0	NaN	NaN	    6.4	  -0.01	NaN	   0.01	  -1.12	   0.38	--------	-1	0.00	*
15:973174	  292.0	1	   98.0	NaN	NaN	   34.6	  17.92	NaN	  18.21	  -0.71	   0.39	1	   51.0	NaN	NaN	    5.1	  31.79	NaN	  32.50	  -1.01	   0.39	1	  128.0	NaN	NaN	   15.3	  70.06	NaN	  70.60	  -0.80	   0.39	1	   15.0	NaN	NaN	    6.4	   2.10	NaN	   2.58	  -0.68	   0.39	--------	-1	0.00	*
15:983498	 1582.0	1	  514.4	NaN	NaN	   48.8	 999.00	NaN	 999.00	  -0.67	   0.00	1	  280.0	NaN	NaN	   11.7	 269.22	NaN	 271.24	  -0.70	   0.00	1	  671.8	NaN	NaN	   42.4	 999.00	NaN	 999.00	  -0.69	   0.00	1	  115.8	NaN	NaN	   11.3	  71.51	NaN	  73.40	  -0.92	   0.00	--------	-1	0.00	*
15:983685	  121.0	0	   40.6	NaN	NaN	   48.5	   0.05	NaN	   0.06	   0.16	   0.00	0	   10.0	NaN	NaN	   11.7	   0.19	NaN	   0.21	   0.31	   0.00	1	   63.2	NaN	NaN	   42.1	   2.95	NaN	   3.00	   0.18	   0.00	0	    7.2	NaN	NaN	   11.6	  -0.01	NaN	   0.05	   0.21	   0.00	--------	-1	0.00	*
15:1037690	  104.0	0	   42.0	NaN	NaN	   31.4	   1.34	NaN	   1.39	  -0.59	   0.00	0	   16.0	NaN	NaN	    9.4	   1.43	NaN	   1.50	  -0.51	   0.00	1	   40.0	NaN	NaN	   22.6	   3.17	NaN	   3.22	  -0.57	   0.00	0	    6.0	NaN	NaN	    9.6	  -0.02	NaN	   0.04	  -1.19	   0.00	--------	-1	0.00	*
15:1042535	  206.0	1	   92.0	NaN	NaN	   28.0	  20.80	NaN	  21.12	  -0.85	   0.27	1	   19.0	NaN	NaN	    4.4	   6.46	NaN	   6.71	  -0.80	   0.27	1	   80.0	NaN	NaN	   14.9	  31.21	NaN	  31.49	  -0.72	   0.27	0	   15.0	NaN	NaN	    6.7	   1.95	NaN	   2.41	  -0.92	   0.27	--------	-1	0.00	*
16:49238	  119.0	1	   75.0	NaN	NaN	   23.6	  16.42	NaN	  16.68	  -0.67	   0.17	0	    5.0	NaN	NaN	    3.8	   0.44	NaN	   0.47	  -0.94	   0.17	1	   34.0	NaN	NaN	   13.7	   5.48	NaN	   5.56	  -0.62	   0.17	0	    5.0	NaN	NaN	    6.4	   0.01	NaN	   0.12	  -0.94	   0.17	--------	-1	0.00	*
16:123479	  294.0	1	   83.0	NaN	NaN	   26.4	  17.82	NaN	  18.10	  -0.87	   0.36	1	   53.0	NaN	NaN	    4.2	  37.55	NaN	  38.32	  -0.59	   0.36	1	  149.0	NaN	NaN	   15.6	  89.06	NaN	  89.69	  -0.75	   0.36	0	    9.0	NaN	NaN	    7.2	   0.29	NaN	   0.52	  -0.30	   0.36	--------	-1	0.00	*
16:147250	  173.0	1	   90.0	NaN	NaN	   23.6	  24.49	NaN	  24.87	  -0.68	   0.00	1	   16.0	NaN	NaN	    3.7	   5.45	NaN	   5.67	  -0.58	   0.00	1	   61.0	NaN	NaN	   13.7	  20.11	NaN	  20.31	  -0.77	   0.00	0	    6.0	NaN	NaN	    5.5	   0.14	NaN	   0.32	  -0.48	   0.00	--------	-1	0.00	*
16:168550	   71.0	1	   40.0	NaN	NaN	   23.6	   2.81	NaN	   2.89	  -0.65	   0.00	0	    3.0	NaN	NaN	    3.7	   0.13	NaN	   0.14	  -1.20	   0.00	1	   27.0	NaN	NaN	   13.7	   2.96	NaN	   3.01	  -0.58	   0.00	0	    1.0	NaN	NaN	    6.1	  -0.01	NaN	   0.00	  -4.00	   0.00	--------	-1	0.00	*
16:197206	  569.0	1	  273.0	NaN	NaN	   28.0	 164.20	NaN	 165.21	  -0.73	   0.06	1	   62.0	NaN	NaN	    3.7	  50.73	NaN	  51.58	  -0.85	   0.06	1	  198.0	NaN	NaN	   15.0	 143.00	NaN	 143.81	  -0.82	   0.06	1	   36.0	NaN	NaN	    5.5	  16.14	NaN	  17.19	  -0.81	   0.06	--------	-1	0.00	*
16:224310	  383.0	1	  128.0	NaN	NaN	   30.9	  37.83	NaN	  38.33	  -0.71	   0.19	1	   43.0	NaN	NaN	    8.1	  16.82	NaN	  17.31	  -0.68	   0.19	1	  186.0	NaN	NaN	   24.9	  93.47	NaN	  94.12	  -0.89	   0.19	1	   26.0	NaN	NaN	    7.0	   6.79	NaN	   7.59	  -0.58	   0.19	--------	-1	0.00	*
16:236627	  255.0	1	  112.0	NaN	NaN	   23.6	  38.28	NaN	  38.79	  -0.79	   0.17	1	   20.0	NaN	NaN	    3.7	   8.14	NaN	   8.46	  -0.66	   0.17	1	  121.0	NaN	NaN	   15.3	  63.70	NaN	  64.21	  -0.74	   0.17	0	    2.0	NaN	NaN	    5.6	  -0.02	NaN	   0.01	  -4.00	   0.17	--------	-1	0.00	*
16:305579	  202.0	1	   86.0	NaN	NaN	   23.6	  22.22	NaN	  22.57	  -0.70	   0.00	1	   21.0	NaN	NaN	    4.4	   7.75	NaN	   8.06	  -0.64	   0.00	1	   88.0	NaN	NaN	   17.6	  31.98	NaN	  32.27	  -0.74	   0.00	0	    7.0	NaN	NaN	    5.7	   0.24	NaN	   0.45	  -0.73	   0.00	--------	-1	0.00	*
16:348002	  316.0	1	  131.0	NaN	NaN	   24.9	  49.31	NaN	  49.91	  -0.72	   0.00	1	   34.0	NaN	NaN	    3.7	  20.04	NaN	  20.60	  -0.72	   0.00	1	  138.0	NaN	NaN	   13.7	  85.30	NaN	  85.90	  -0.74	   0.00	0	   13.0	NaN	NaN	    6.1	   1.56	NaN	   1.97	  -1.04	   0.00	--------	-1	0.00	*
16:377981	  130.0	1	   74.0	NaN	NaN	   23.6	  15.92	NaN	  16.18	  -0.89	   0.00	1	   10.0	NaN	NaN	    3.7	   2.19	NaN	   2.28	  -0.71	   0.00	1	   38.0	NaN	NaN	   13.7	   7.20	NaN	   7.28	  -0.63	   0.00	0	    8.0	NaN	NaN	    7.0	   0.19	NaN	   0.40	  -0.53	   0.00	--------	-1	0.00	*
16:440254	  406.0	1	  164.0	NaN	NaN	   23.6	  77.92	NaN	  78.63	  -0.74	   0.23	1	   66.0	NaN	NaN	    8.5	  34.43	NaN	  35.18	  -0.63	   0.23	1	  165.0	NaN	NaN	   18.6	  93.76	NaN	  94.42	  -0.70	   0.23	0	   11.0	NaN	NaN	    5.5	   1.19	NaN	   1.57	  -0.81	   0.23	--------	-1	0.00	*
16:506006	  254.0	1	   88.0	NaN	NaN	   25.6	  21.10	NaN	  21.42	  -0.63	   0.22	1	   19.0	NaN	NaN	    4.9	   5.81	NaN	   6.03	  -0.71	   0.22	1	  130.0	NaN	NaN	   15.0	  73.02	NaN	  73.56	  -0.67	   0.22	1	   17.0	NaN	NaN	    7.9	   2.00	NaN	   2.47	  -0.54	   0.22	--------	-1	0.00	*
16:584366	  196.0	1	   96.0	NaN	NaN	   25.0	  26.26	NaN	  26.66	  -0.56	   0.23	1	   18.0	NaN	NaN	    3.7	   6.76	NaN	   7.02	  -0.53	   0.23	1	   68.0	NaN	NaN	   13.7	  24.81	NaN	  25.04	  -0.71	   0.23	1	   14.0	NaN	NaN	    5.5	   2.25	NaN	   2.74	  -0.42	   0.23	--------	-1	0.00	*
16:591125	  691.0	1	  277.0	NaN	NaN	   42.4	 124.66	NaN	 125.55	  -0.76	   0.20	1	   85.0	NaN	NaN	    5.8	  65.00	NaN	  65.97	  -0.79	   0.20	1	  295.0	NaN	NaN	   22.2	 213.35	NaN	 214.32	  -0.75	   0.20	1	   34.0	NaN	NaN	    7.5	  10.93	NaN	  11.90	  -0.48	   0.20	--------	-1	0.00	*
16:608079	   65.0	1	   40.0	NaN	NaN	   23.6	   2.82	NaN	   2.89	  -0.58	   0.00	0	    5.0	NaN	NaN	    3.7	   0.46	NaN	   0.49	  -1.07	   0.00	0	   15.0	NaN	NaN	   13.7	   0.39	NaN	   0.40	  -0.58	   0.00	0	    5.0	NaN	NaN	    5.5	   0.06	NaN	   0.19	  -0.91	   0.00	--------	-1	0.00	*
16:618526	   70.0	0	   20.0	NaN	NaN	   23.6	   0.09	NaN	   0.10	  -0.70	   0.00	1	   16.0	NaN	NaN	    3.7	   5.46	NaN	   5.67	  -0.65	   0.00	1	   31.0	NaN	NaN	   13.8	   4.27	NaN	   4.34	  -0.54	   0.00	0	    3.0	NaN	NaN	    6.3	  -0.02	NaN	   0.02	  -3.12	   0.00	--------	-1	0.00	*
16:639789	   75.0	1	   44.0	NaN	NaN	   23.8	   3.80	NaN	   3.89	  -0.59	   0.00	0	    5.0	NaN	NaN	    3.7	   0.46	NaN	   0.49	  -0.92	   0.00	0	   22.0	NaN	NaN	   13.7	   1.60	NaN	   1.63	  -0.68	   0.00	0	    4.0	NaN	NaN	    6.6	  -0.02	NaN	   0.05	  -1.14	   0.00	--------	-1	0.00	*
16:653756	  217.0	1	   95.0	NaN	NaN	   29.8	  20.61	NaN	  20.93	  -0.73	   0.00	1	   29.0	NaN	NaN	    5.1	  12.13	NaN	  12.53	  -0.79	   0.00	1	   87.0	NaN	NaN	   16.7	  32.97	NaN	  33.27	  -0.80	   0.00	0	    6.0	NaN	NaN	    6.5	   0.06	NaN	   0.20	  -1.06	   0.00	--------	-1	0.00	*
16:687152	  306.1	1	   79.5	NaN	NaN	   31.6	  12.16	NaN	  12.38	  -0.32	   0.06	1	   65.7	NaN	NaN	    4.8	  48.79	NaN	  49.63	  -0.69	   0.06	1	  147.4	NaN	NaN	   19.2	  76.19	NaN	  76.74	  -0.54	   0.06	0	   13.5	NaN	NaN	    9.1	   0.77	NaN	   1.10	  -0.28	   0.06	--------	-1	0.00	*
16:687281	 1509.0	1	  748.1	NaN	NaN	   31.8	 999.00	NaN	 999.00	  -0.71	   0.06	1	   88.0	NaN	NaN	    5.0	  75.26	NaN	  76.29	  -0.94	   0.06	1	  546.7	NaN	NaN	   19.2	 999.00	NaN	 999.00	  -0.70	   0.06	1	  126.3	NaN	NaN	    9.0	  94.16	NaN	  96.36	  -0.81	   0.06	--------	-1	0.00	*
16:687332	  716.9	1	  342.5	NaN	NaN	   31.9	 219.18	NaN	 220.36	  -0.70	   0.06	1	   83.3	NaN	NaN	    5.0	  69.09	NaN	  70.08	  -0.91	   0.06	1	  286.9	NaN	NaN	   19.2	 221.28	NaN	 222.27	  -0.69	   0.06	0	    4.2	NaN	NaN	    9.0	  -0.02	NaN	   0.02	  -0.99	   0.06	--------	-1	0.00	*
16:833426	  231.0	1	   96.0	NaN	NaN	   29.9	  21.04	NaN	  21.36	  -0.65	   0.00	0	   11.0	NaN	NaN	    5.6	   1.47	NaN	   1.55	  -0.64	   0.00	1	  119.0	NaN	NaN	   16.3	  59.07	NaN	  59.54	  -0.73	   0.00	0	    5.0	NaN	NaN	    8.2	  -0.02	NaN	   0.04	  -0.56	   0.00	--------	-1	0.00	*
16:837089	  319.7	1	  154.4	NaN	NaN	   38.6	  44.02	NaN	  44.59	  -0.78	   0.00	1	   20.4	NaN	NaN	    5.9	   5.73	NaN	   5.95	  -0.91	   0.00	1	  117.6	NaN	NaN	   19.3	  50.89	NaN	  51.33	  -0.89	   0.00	1	   27.4	NaN	NaN	    8.8	   5.92	NaN	   6.66	  -0.68	   0.00	--------	-1	0.00	*
16:837414	  233.3	1	   85.6	NaN	NaN	   37.9	  10.67	NaN	  10.86	  -0.65	   0.00	1	   25.6	NaN	NaN	    5.9	   8.72	NaN	   9.05	  -1.43	   0.00	1	  113.4	NaN	NaN	   19.2	  48.12	NaN	  48.53	  -0.83	   0.00	0	    8.6	NaN	NaN	    8.7	   0.13	NaN	   0.30	  -0.85	   0.00	--------	-1	0.00	*
16:840209	 1315.0	1	  379.0	NaN	NaN	   37.0	 235.09	NaN	 236.31	  -0.62	   0.20	1	  224.0	NaN	NaN	    6.0	 257.82	NaN	 259.72	  -0.83	   0.20	1	  608.0	NaN	NaN	   18.9	 999.00	NaN	 999.00	  -0.75	   0.20	1	  104.0	NaN	NaN	    8.8	  69.84	NaN	  71.63	  -0.69	   0.20	--------	-1	0.00	*
16:923139	  255.0	1	   99.2	NaN	NaN	   36.3	  17.47	NaN	  17.74	  -0.74	   0.00	1	   26.1	NaN	NaN	    8.2	   6.56	NaN	   6.82	  -0.67	   0.00	1	  123.7	NaN	NaN	   26.8	  41.34	NaN	  41.71	  -0.64	   0.00	0	    6.0	NaN	NaN	    7.5	   0.02	NaN	   0.12	  -0.80	   0.00	--------	-1	0.00	*
16:923329	  237.0	1	   90.8	NaN	NaN	   37.8	  12.54	NaN	  12.77	  -0.73	   0.00	1	   29.9	NaN	NaN	    8.3	   7.98	NaN	   8.29	  -0.79	   0.00	1	  116.3	NaN	NaN	   28.6	  34.26	NaN	  34.57	  -0.81	   0.00	0	    0.0	NaN	NaN	    8.0	  -0.00	NaN	  -0.00	  -4.00	   0.00	--------	-1	0.00	*
16:925472	  170.0	1	   52.0	NaN	NaN	   27.9	   4.45	NaN	   4.55	  -0.76	   0.28	1	   16.0	NaN	NaN	    5.4	   3.59	NaN	   3.75	  -0.90	   0.28	1	   95.0	NaN	NaN	   17.2	  37.81	NaN	  38.16	  -0.63	   0.28	0	    7.0	NaN	NaN	    7.3	   0.08	NaN	   0.22	  -1.04	   0.28	--------	-1	0.00	*
16:950110	  138.0	0	   25.0	NaN	NaN	   23.6	   0.36	NaN	   0.38	  -0.61	   0.00	1	   31.0	NaN	NaN	    3.7	  17.27	NaN	  17.77	  -0.89	   0.00	1	   39.0	NaN	NaN	   13.7	   7.65	NaN	   7.74	  -0.81	   0.00	1	   43.0	NaN	NaN	    5.5	  21.92	NaN	  23.19	  -0.88	   0.00	--------	-1	0.00	*
2:36804	   77.0	0	   31.0	NaN	NaN	   21.9	   1.37	NaN	   1.42	  -0.68	   0.00	0	    4.0	NaN	NaN	    3.7	   0.28	NaN	   0.30	  -1.17	   0.00	1	   36.0	NaN	NaN	   11.8	   7.80	NaN	   7.90	  -0.64	   0.00	0	    6.0	NaN	NaN	    6.3	   0.08	NaN	   0.22	  -1.15	   0.00	--------	-1	0.00	*
2:79918	  122.0	1	   75.0	NaN	NaN	   23.5	  16.51	NaN	  16.78	  -0.62	   0.00	0	    7.0	NaN	NaN	    3.7	   1.03	NaN	   1.09	  -0.51	   0.00	1	   33.0	NaN	NaN	   11.8	   6.39	NaN	   6.47	  -0.67	   0.00	0	    7.0	NaN	NaN	    5.4	   0.29	NaN	   0.52	  -0.84	   0.00	--------	-1	0.00	*
2:136025	  259.0	1	  113.0	NaN	NaN	   25.6	  35.79	NaN	  36.28	  -0.73	   0.32	1	   15.0	NaN	NaN	    5.4	   3.20	NaN	   3.34	  -0.64	   0.32	1	  114.0	NaN	NaN	   14.8	  58.82	NaN	  59.29	  -0.78	   0.32	1	   17.0	NaN	NaN	    7.8	   2.07	NaN	   2.54	  -0.55	   0.32	--------	-1	0.00	*
2:136574	  277.9	1	   91.8	NaN	NaN	   26.4	  22.37	NaN	  22.72	  -0.70	   0.00	1	   37.9	NaN	NaN	    5.7	  18.00	NaN	  18.52	  -0.77	   0.00	1	  123.4	NaN	NaN	   15.0	  67.38	NaN	  67.91	  -0.66	   0.00	1	   24.9	NaN	NaN	    8.4	   4.89	NaN	   5.53	  -0.93	   0.00	--------	-1	0.00	*
2:136721	   99.1	1	   39.2	NaN	NaN	   26.0	   2.14	NaN	   2.20	  -0.50	   0.00	0	   10.1	NaN	NaN	    5.8	   1.37	NaN	   1.44	  -0.33	   0.00	1	   40.6	NaN	NaN	   15.0	   7.55	NaN	   7.64	  -0.57	   0.00	0	    9.1	NaN	NaN	    9.1	   0.18	NaN	   0.37	  -0.72	   0.00	--------	-1	0.00	*
2:164504	  212.0	1	   86.0	NaN	NaN	   24.7	  21.04	NaN	  21.36	  -0.78	   0.24	1	   20.0	NaN	NaN	    4.4	   6.99	NaN	   7.27	  -0.76	   0.24	1	   95.0	NaN	NaN	   14.1	  44.64	NaN	  45.04	  -0.78	   0.24	0	   11.0	NaN	NaN	    7.1	   0.66	NaN	   0.97	  -0.81	   0.24	--------	-1	0.00	*
2:165509	  271.0	1	  122.0	NaN	NaN	   26.1	  40.96	NaN	  41.49	  -0.79	   0.00	1	   35.0	NaN	NaN	    5.2	  16.68	NaN	  17.16	  -0.55	   0.00	1	  105.0	NaN	NaN	   13.1	  55.86	NaN	  56.32	  -0.68	   0.00	0	    9.0	NaN	NaN	    6.4	   0.43	NaN	   0.70	  -0.93	   0.00	--------	-1	0.00	*
2:259526	  195.0	1	   93.0	NaN	NaN	   28.1	  21.17	NaN	  21.50	  -0.63	   0.25	1	   12.0	NaN	NaN	    3.3	   3.66	NaN	   3.82	  -0.70	   0.25	1	   82.0	NaN	NaN	   13.4	  35.77	NaN	  36.11	  -0.74	   0.25	0	    8.0	NaN	NaN	    7.1	   0.18	NaN	   0.38	  -0.89	   0.25	--------	-1	0.00	*
2:328211	  189.0	1	   89.0	NaN	NaN	   23.8	  23.61	NaN	  23.98	  -0.67	   0.16	1	   30.0	NaN	NaN	    3.9	  15.91	NaN	  16.39	  -1.12	   0.16	1	   64.0	NaN	NaN	   15.1	  20.02	NaN	  20.22	  -0.77	   0.16	0	    6.0	NaN	NaN	    5.4	   0.15	NaN	   0.34	  -0.94	   0.16	--------	-1	0.00	*
2:340523	  123.0	1	   67.0	NaN	NaN	   21.9	  13.88	NaN	  14.12	  -0.74	   0.00	1	    9.0	NaN	NaN	    3.3	   2.11	NaN	   2.20	  -1.09	   0.00	1	   39.0	NaN	NaN	   11.8	   9.32	NaN	   9.44	  -0.96	   0.00	0	    8.0	NaN	NaN	    5.4	   0.47	NaN	   0.75	  -0.77	   0.00	--------	-1	0.00	*
2:360941	  144.0	0	   44.0	NaN	NaN	   32.6	   1.42	NaN	   1.48	  -0.63	   0.41	1	   11.0	NaN	NaN	    3.9	   2.52	NaN	   2.64	  -0.62	   0.41	1	   80.0	NaN	NaN	   13.6	  33.71	NaN	  34.01	  -0.70	   0.41	0	    9.0	NaN	NaN	    5.4	   0.69	NaN	   1.01	  -0.95	   0.41	--------	-1	0.00	*
2:362723	   60.8	0	   30.0	NaN	NaN	   31.3	   0.25	NaN	   0.26	  -0.69	   0.00	1	   12.1	NaN	NaN	    4.6	   2.91	NaN	   3.04	  -0.59	   0.00	0	   16.4	NaN	NaN	   19.8	   0.11	NaN	   0.12	  -0.63	   0.00	0	    2.3	NaN	NaN	    5.4	  -0.01	NaN	   0.04	  -0.30	   0.00	--------	-1	0.00	*
2:362969	   93.2	0	   38.0	NaN	NaN	   31.8	   0.77	NaN	   0.81	  -0.88	   0.00	0	    7.9	NaN	NaN	    4.9	   0.86	NaN	   0.91	  -0.89	   0.00	1	   42.6	NaN	NaN	   20.3	   5.04	NaN	   5.11	  -0.90	   0.00	0	    4.7	NaN	NaN	    5.4	   0.06	NaN	   0.20	  -0.97	   0.00	--------	-1	0.00	*
2:398271	  598.0	1	  252.0	NaN	NaN	   29.1	 140.09	NaN	 141.07	  -0.87	   0.02	1	  110.0	NaN	NaN	    3.4	 119.79	NaN	 121.01	  -0.78	   0.02	1	  217.0	NaN	NaN	   12.7	 179.42	NaN	 180.31	  -0.81	   0.02	1	   19.0	NaN	NaN	    6.0	   4.13	NaN	   4.74	  -0.36	   0.02	--------	-1	0.00	*
2:440083	  108.0	1	   43.0	NaN	NaN	   25.3	   3.01	NaN	   3.09	  -0.69	   0.08	1	   10.0	NaN	NaN	    3.7	   2.23	NaN	   2.32	  -1.21	   0.08	1	   52.0	NaN	NaN	   15.2	  12.80	NaN	  12.95	  -0.91	   0.08	0	    3.0	NaN	NaN	    7.4	  -0.01	NaN	   0.01	  -1.02	   0.08	--------	-1	0.00	*
2:454047	  228.0	1	  109.0	NaN	NaN	   23.4	  36.65	NaN	  37.15	  -0.83	   0.00	1	   21.0	NaN	NaN	    3.3	   9.93	NaN	  10.29	  -0.48	   0.00	1	   89.0	NaN	NaN	   13.4	  41.39	NaN	  41.76	  -0.77	   0.00	0	    9.0	NaN	NaN	   10.0	   0.05	NaN	   0.18	  -0.95	   0.00	--------	-1	0.00	*
2:532492	   99.0	1	   39.0	NaN	NaN	   21.9	   3.14	NaN	   3.22	  -0.66	   0.00	1	   10.0	NaN	NaN	    3.7	   2.22	NaN	   2.32	  -0.84	   0.00	1	   48.0	NaN	NaN	   11.8	  14.42	NaN	  14.58	  -0.70	   0.00	0	    2.0	NaN	NaN	    5.7	  -0.01	NaN	   0.01	  -0.98	   0.00	--------	-1	0.00	*
2:612749	  164.0	1	   93.0	NaN	NaN	   22.0	  28.35	NaN	  28.78	  -0.80	   0.31	1	   14.0	NaN	NaN	    3.6	   4.39	NaN	   4.57	  -0.76	   0.31	1	   53.0	NaN	NaN	   11.8	  17.69	NaN	  17.88	  -0.67	   0.31	0	    4.0	NaN	NaN	    5.9	  -0.00	NaN	   0.08	  -0.73	   0.31	--------	-1	0.00	*
2:616263	  222.0	1	   74.0	NaN	NaN	   21.9	  17.59	NaN	  17.87	  -0.75	   0.34	1	   30.0	NaN	NaN	    5.1	  13.01	NaN	  13.43	  -0.64	   0.34	1	  109.0	NaN	NaN	   12.6	  61.31	NaN	  61.80	  -0.74	   0.34	0	    9.0	NaN	NaN	    5.4	   0.69	NaN	   1.01	  -1.24	   0.34	--------	-1	0.00	*
2:693799	   91.0	1	   67.0	NaN	NaN	   23.8	  12.22	NaN	  12.44	  -0.79	   0.00	0	    4.0	NaN	NaN	    3.3	   0.35	NaN	   0.37	  -0.52	   0.00	0	   18.0	NaN	NaN	   14.3	   0.68	NaN	   0.71	  -0.62	   0.00	0	    2.0	NaN	NaN	    6.4	  -0.01	NaN	   0.01	  -1.95	   0.00	--------	-1	0.00	*
3:128014	   74.0	0	   33.0	NaN	NaN	   37.3	   0.09	NaN	   0.11	  -0.54	   0.00	1	   16.0	NaN	NaN	    7.4	   2.30	NaN	   2.40	  -0.66	   0.00	0	   18.0	NaN	NaN	   17.9	   0.27	NaN	   0.28	  -1.18	   0.00	0	    7.0	NaN	NaN	    5.6	   0.26	NaN	   0.48	  -0.86	   0.00	--------	-1	0.00	*
3:138665	   94.0	0	   27.0	NaN	NaN	   22.2	   0.71	NaN	   0.75	  -0.85	   0.00	1	   21.0	NaN	NaN	    5.5	   6.23	NaN	   6.47	  -0.65	   0.00	1	   38.0	NaN	NaN	   12.7	   8.00	NaN	   8.10	  -0.68	   0.00	0	    8.0	NaN	NaN	    5.2	   0.52	NaN	   0.81	  -0.58	   0.00	--------	-1	0.00	*
3:171661	  129.0	1	   57.0	NaN	NaN	   23.9	   8.04	NaN	   8.19	  -0.52	   0.46	1	   16.0	NaN	NaN	    3.1	   6.41	NaN	   6.66	  -0.55	   0.46	1	   45.0	NaN	NaN	   11.1	  13.64	NaN	  13.79	  -0.73	   0.46	0	   11.0	NaN	NaN	    7.2	   0.63	NaN	   0.93	  -0.56	   0.46	--------	-1	0.00	*
3:238501	  622.0	1	  362.0	NaN	NaN	   27.6	 260.06	NaN	 261.32	  -0.72	   0.10	1	   44.0	NaN	NaN	    3.8	  29.75	NaN	  30.45	  -0.62	   0.10	1	  189.0	NaN	NaN	   14.9	 133.72	NaN	 134.50	  -0.79	   0.10	1	   27.0	NaN	NaN	    7.0	   7.34	NaN	   8.18	  -0.73	   0.10	--------	-1	0.00	*
3:348034	   56.0	0	    9.0	NaN	NaN	   19.3	  -0.00	NaN	   0.00	  -0.82	   0.00	1	   12.0	NaN	NaN	    2.9	   4.10	NaN	   4.27	  -0.72	   0.00	0	   15.0	NaN	NaN	   10.2	   1.00	NaN	   1.02	  -0.85	   0.00	1	   20.0	NaN	NaN	    4.8	   5.94	NaN	   6.68	  -0.71	   0.00	--------	-1	0.00	*
4:19992	   90.0	1	   52.0	NaN	NaN	   21.5	   7.57	NaN	   7.71	  -0.55	   0.00	0	    4.0	NaN	NaN	    3.3	   0.35	NaN	   0.38	  -2.05	   0.00	1	   31.0	NaN	NaN	   12.0	   5.41	NaN	   5.48	  -0.69	   0.00	0	    3.0	NaN	NaN	    5.6	  -0.02	NaN	   0.04	  -1.46	   0.00	--------	-1	0.00	*
4:147695	  538.0	1	  210.0	NaN	NaN	   26.9	 108.63	NaN	 109.43	  -0.74	   0.11	1	   65.0	NaN	NaN	    3.6	  55.79	NaN	  56.68	  -0.75	   0.11	1	  243.0	NaN	NaN	   15.0	 195.39	NaN	 196.32	  -0.82	   0.11	1	   20.0	NaN	NaN	    6.1	   4.50	NaN	   5.14	  -0.93	   0.11	--------	-1	0.00	*
4:234079	  237.0	1	  104.0	NaN	NaN	   24.0	  32.38	NaN	  32.84	  -0.75	   0.00	1	   45.0	NaN	NaN	    4.4	  28.46	NaN	  29.15	  -0.86	   0.00	1	   81.0	NaN	NaN	   13.6	  34.50	NaN	  34.81	  -0.84	   0.00	0	    7.0	NaN	NaN	    5.3	   0.31	NaN	   0.55	  -0.82	   0.00	--------	-1	0.00	*
4:264872	  334.0	1	  117.0	NaN	NaN	   28.3	  34.59	NaN	  35.07	  -0.81	   0.25	1	   32.0	NaN	NaN	    3.6	  18.80	NaN	  19.35	  -0.92	   0.25	1	  178.0	NaN	NaN	   15.7	 117.97	NaN	 118.71	  -0.85	   0.25	0	    7.0	NaN	NaN	    5.6	   0.26	NaN	   0.48	  -0.65	   0.25	--------	-1	0.00	*
4:464997	  209.0	1	  102.0	NaN	NaN	   27.7	  26.45	NaN	  26.85	  -0.66	   0.00	1	   23.0	NaN	NaN	    4.7	   8.52	NaN	   8.85	  -0.68	   0.00	1	   80.0	NaN	NaN	   16.5	  28.32	NaN	  28.58	  -0.66	   0.00	0	    4.0	NaN	NaN	    7.4	  -0.02	NaN	   0.03	  -1.23	   0.00	--------	-1	0.00	*
4:530219	  138.0	1	   76.0	NaN	NaN	   31.0	  10.97	NaN	  11.17	  -0.59	   0.00	0	   10.0	NaN	NaN	    4.3	   1.82	NaN	   1.90	  -1.38	   0.00	1	   48.0	NaN	NaN	   15.3	  10.54	NaN	  10.67	  -0.74	   0.00	0	    4.0	NaN	NaN	    6.7	  -0.01	NaN	   0.05	  -1.31	   0.00	--------	-1	0.00	*
4:577978	  212.5	1	   68.8	NaN	NaN	   24.3	  12.74	NaN	  12.97	  -1.04	   0.00	1	   19.9	NaN	NaN	    4.4	   6.99	NaN	   7.27	  -0.72	   0.00	1	  107.6	NaN	NaN	   12.9	  59.35	NaN	  59.83	  -0.81	   0.00	1	   16.3	NaN	NaN	    5.3	   3.81	NaN	   4.42	  -1.18	   0.00	--------	-1	0.00	*
4:578180	   89.5	1	   40.2	NaN	NaN	   24.3	   2.82	NaN	   2.90	  -0.70	   0.00	1	   11.1	NaN	NaN	    4.3	   2.66	NaN	   2.78	  -1.00	   0.00	1	   36.4	NaN	NaN	   14.6	   6.11	NaN	   6.19	  -0.73	   0.00	0	    1.7	NaN	NaN	    5.3	  -0.02	NaN	   0.01	  -0.19	   0.00	--------	-1	0.00	*
4:669946	   86.2	1	   65.1	NaN	NaN	   26.5	   9.90	NaN	  10.08	  -0.89	   0.00	0	    2.7	NaN	NaN	    3.3	   0.18	NaN	   0.19	  -0.37	   0.00	0	   13.9	NaN	NaN	   12.0	   0.48	NaN	   0.50	  -0.65	   0.00	0	    4.5	NaN	NaN	    7.1	   0.00	NaN	   0.08	  -0.55	   0.00	--------	-1	0.00	*
4:670120	  166.8	1	   54.9	NaN	NaN	   25.9	   6.25	NaN	   6.37	  -1.09	   0.00	1	   28.3	NaN	NaN	    3.3	  16.87	NaN	  17.36	  -0.88	   0.00	1	   76.1	NaN	NaN	   12.3	  34.34	NaN	  34.65	  -0.85	   0.00	0	    7.5	NaN	NaN	    7.3	   0.16	NaN	   0.35	  -1.80	   0.00	--------	-1	0.00	*
4:701281	  221.0	1	  102.0	NaN	NaN	   27.3	  26.92	NaN	  27.33	  -0.70	   0.00	1	   18.0	NaN	NaN	    4.9	   5.16	NaN	   5.36	  -0.68	   0.00	1	   93.0	NaN	NaN	   16.9	  36.79	NaN	  37.14	  -0.79	   0.00	0	    8.0	NaN	NaN	    5.7	   0.40	NaN	   0.66	  -1.14	   0.00	--------	-1	0.00	*
4:873738	  177.3	1	   56.0	NaN	NaN	   22.5	   8.94	NaN	   9.10	  -0.79	   0.00	1	   31.3	NaN	NaN	    3.7	  18.30	NaN	  18.84	  -0.94	   0.00	1	   86.5	NaN	NaN	   14.2	  37.80	NaN	  38.16	  -0.68	   0.00	0	    3.4	NaN	NaN	    6.7	  -0.02	NaN	   0.05	  -0.61	   0.00	--------	-1	0.00	*
4:873917	   77.7	1	   50.0	NaN	NaN	   22.6	   6.24	NaN	   6.37	  -0.68	   0.00	1	    9.7	NaN	NaN	    3.6	   2.32	NaN	   2.43	  -0.56	   0.00	0	   14.5	NaN	NaN	   14.0	   0.36	NaN	   0.37	  -0.40	   0.00	0	    3.6	NaN	NaN	    6.3	  -0.01	NaN	   0.06	  -0.57	   0.00	--------	-1	0.00	*
4:889262	  162.0	1	   89.0	NaN	NaN	   24.5	  22.87	NaN	  23.24	  -0.61	   0.15	1	   18.0	NaN	NaN	    3.3	   7.53	NaN	   7.83	  -0.83	   0.15	1	   51.0	NaN	NaN	   12.7	  15.18	NaN	  15.34	  -0.65	   0.15	0	    4.0	NaN	NaN	    5.3	   0.01	NaN	   0.11	  -0.63	   0.15	--------	-1	0.00	*
4:910313	  150.0	1	   86.0	NaN	NaN	   27.2	  18.54	NaN	  18.84	  -0.74	   0.11	0	    5.0	NaN	NaN	    3.9	   0.43	NaN	   0.45	  -1.11	   0.11	1	   46.0	NaN	NaN	   14.2	  10.61	NaN	  10.74	  -0.64	   0.11	0	   13.0	NaN	NaN	    7.4	   1.06	NaN	   1.42	  -0.45	   0.11	--------	-1	0.00	*
4:993362	  303.0	1	   79.0	NaN	NaN	   28.8	  13.73	NaN	  13.96	  -0.63	   0.17	1	   45.0	NaN	NaN	    5.2	  25.52	NaN	  26.15	  -0.76	   0.17	1	  166.0	NaN	NaN	   19.8	  90.65	NaN	  91.29	  -0.80	   0.17	0	   13.0	NaN	NaN	    5.8	   1.72	NaN	   2.16	  -0.58	   0.17	--------	-1	0.00	*
4:1011489	   97.0	1	   62.0	NaN	NaN	   21.5	  11.80	NaN	  12.01	  -0.64	   0.00	0	    6.0	NaN	NaN	    3.3	   0.88	NaN	   0.93	  -1.69	   0.00	0	   21.0	NaN	NaN	   12.0	   1.90	NaN	   1.94	  -0.87	   0.00	0	    8.0	NaN	NaN	    5.3	   0.50	NaN	   0.79	  -0.71	   0.00	--------	-1	0.00	*
4:1059994	  159.0	1	   63.0	NaN	NaN	   23.5	  10.74	NaN	  10.93	  -0.83	   0.08	1	   19.0	NaN	NaN	    3.3	   8.27	NaN	   8.60	  -0.86	   0.08	1	   70.0	NaN	NaN	   12.0	  29.50	NaN	  29.77	  -0.72	   0.08	0	    7.0	NaN	NaN	    5.3	   0.31	NaN	   0.54	  -0.80	   0.08	--------	-1	0.00	*
4:1258229	  161.0	1	   61.0	NaN	NaN	   21.5	  11.34	NaN	  11.55	  -0.79	   0.00	1	   19.0	NaN	NaN	    3.6	   7.77	NaN	   8.09	  -1.03	   0.00	1	   70.0	NaN	NaN	   13.5	  26.54	NaN	  26.78	  -0.81	   0.00	0	   11.0	NaN	NaN	    6.3	   0.91	NaN	   1.26	  -0.77	   0.00	--------	-1	0.00	*
4:1413714	  382.0	1	  185.0	NaN	NaN	   25.4	  90.99	NaN	  91.74	  -0.70	   0.06	1	   35.0	NaN	NaN	    3.3	  22.73	NaN	  23.32	  -0.85	   0.06	1	  146.0	NaN	NaN	   18.8	  75.51	NaN	  76.06	  -0.85	   0.06	1	   16.0	NaN	NaN	    6.3	   2.56	NaN	   3.09	  -0.60	   0.06	--------	-1	0.00	*
4:1438818	  262.0	1	   91.0	NaN	NaN	   28.0	  20.29	NaN	  20.60	  -0.77	   0.18	1	   30.0	NaN	NaN	    5.5	  12.19	NaN	  12.59	  -0.48	   0.18	1	  126.0	NaN	NaN	   16.7	  64.16	NaN	  64.67	  -0.75	   0.18	1	   15.0	NaN	NaN	    5.7	   2.53	NaN	   3.04	  -0.56	   0.18	--------	-1	0.00	*
4:1469433	  339.2	1	  133.3	NaN	NaN	   28.4	  45.33	NaN	  45.90	  -0.76	   0.00	1	   68.3	NaN	NaN	    4.7	  53.28	NaN	  54.13	  -0.75	   0.00	1	  124.9	NaN	NaN	   15.8	  65.73	NaN	  66.25	  -0.77	   0.00	0	   12.7	NaN	NaN	    6.1	   1.59	NaN	   2.01	  -0.72	   0.00	--------	-1	0.00	*
4:1469578	  228.8	1	   52.7	NaN	NaN	   28.2	   4.58	NaN	   4.68	  -0.76	   0.00	1	   31.7	NaN	NaN	    4.7	  15.58	NaN	  16.05	  -1.06	   0.00	1	  140.1	NaN	NaN	   16.2	  79.04	NaN	  79.63	  -0.89	   0.00	0	    4.3	NaN	NaN	    5.9	   0.03	NaN	   0.15	  -0.64	   0.00	--------	-1	0.00	*
4:1475879	  668.0	1	  274.0	NaN	NaN	   26.6	 170.52	NaN	 171.56	  -0.73	   0.23	1	   74.0	NaN	NaN	    4.2	  62.02	NaN	  62.98	  -0.75	   0.23	1	  285.0	NaN	NaN	   13.9	 256.42	NaN	 257.49	  -0.78	   0.23	1	   35.0	NaN	NaN	    6.0	  14.26	NaN	  15.26	  -0.59	   0.23	--------	-1	0.00	*
4:1486435	  205.0	1	   66.0	NaN	NaN	   21.5	  13.69	NaN	  13.93	  -0.56	   0.20	1	   40.0	NaN	NaN	    3.3	  27.96	NaN	  28.63	  -0.75	   0.20	1	   88.0	NaN	NaN	   12.0	  44.15	NaN	  44.54	  -0.62	   0.20	0	   11.0	NaN	NaN	    5.5	   1.22	NaN	   1.62	  -1.05	   0.20	--------	-1	0.00	*
4:1496935	   87.0	1	   50.0	NaN	NaN	   21.5	   6.81	NaN	   6.94	  -0.68	   0.00	0	    5.0	NaN	NaN	    3.3	   0.58	NaN	   0.63	  -1.47	   0.00	1	   25.0	NaN	NaN	   12.0	   3.12	NaN	   3.17	  -0.62	   0.00	0	    7.0	NaN	NaN	    5.3	   0.31	NaN	   0.55	  -0.70	   0.00	--------	-1	0.00	*
4:1504308	   79.0	0	   23.0	NaN	NaN	   21.5	   0.37	NaN	   0.39	  -0.71	   0.41	1	   14.0	NaN	NaN	    3.3	   4.82	NaN	   5.02	  -0.93	   0.41	1	   35.0	NaN	NaN	   12.0	   7.20	NaN	   7.29	  -0.71	   0.41	0	    7.0	NaN	NaN	    5.3	   0.31	NaN	   0.55	  -0.53	   0.41	--------	-1	0.00	*
5:203	  193.0	1	   65.0	NaN	NaN	   25.5	  10.17	NaN	  10.35	  -0.69	   0.00	1	   43.0	NaN	NaN	    4.3	  26.62	NaN	  27.27	  -0.95	   0.00	1	   48.0	NaN	NaN	   15.4	  10.50	NaN	  10.63	  -0.93	   0.00	1	   37.0	NaN	NaN	    6.3	  15.30	NaN	  16.33	  -1.11	   0.00	--------	-1	0.00	*
5:19818	  168.0	1	  102.0	NaN	NaN	   25.5	  29.13	NaN	  29.57	  -0.58	   0.00	1	   13.0	NaN	NaN	    4.3	   3.10	NaN	   3.24	  -0.34	   0.00	1	   49.0	NaN	NaN	   15.4	  11.00	NaN	  11.14	  -0.66	   0.00	0	    4.0	NaN	NaN	    7.1	  -0.02	NaN	   0.03	  -1.09	   0.00	--------	-1	0.00	*
5:43168	  199.0	1	   64.0	NaN	NaN	   26.5	   9.13	NaN	   9.30	  -0.67	   0.62	1	   31.0	NaN	NaN	    5.6	  12.65	NaN	  13.07	  -0.81	   0.62	1	   97.0	NaN	NaN	   18.7	  36.37	NaN	  36.71	  -0.72	   0.62	0	    7.0	NaN	NaN	    8.5	   0.02	NaN	   0.13	  -0.52	   0.62	--------	-1	0.00	*
5:47432	  215.0	1	  101.0	NaN	NaN	   25.7	  28.33	NaN	  28.76	  -0.66	   0.35	1	   20.0	NaN	NaN	    4.3	   7.14	NaN	   7.43	  -1.10	   0.35	1	   88.0	NaN	NaN	   15.4	  36.15	NaN	  36.49	  -0.75	   0.35	0	    6.0	NaN	NaN	    6.1	   0.09	NaN	   0.24	  -1.19	   0.35	--------	-1	0.00	*
5:70174	  209.0	1	   84.0	NaN	NaN	   25.5	  19.13	NaN	  19.43	  -0.83	   0.18	1	   32.0	NaN	NaN	    4.3	  16.44	NaN	  16.92	  -0.96	   0.18	1	   82.0	NaN	NaN	   15.4	  31.73	NaN	  32.02	  -0.91	   0.18	0	   11.0	NaN	NaN	    8.1	   0.45	NaN	   0.72	  -0.80	   0.18	--------	-1	0.00	*
5:81181	  315.0	1	  117.0	NaN	NaN	   28.1	  34.77	NaN	  35.25	  -0.80	   0.13	1	   42.0	NaN	NaN	    4.3	  25.64	NaN	  26.27	  -0.89	   0.13	1	  142.0	NaN	NaN	   17.1	  77.29	NaN	  77.85	  -0.70	   0.13	0	   14.0	NaN	NaN	    7.5	   1.26	NaN	   1.66	  -1.01	   0.13	--------	-1	0.00	*
5:86195	 2166.4	1	  835.8	NaN	NaN	   41.2	 999.00	NaN	 999.00	  -0.67	   0.00	1	  288.2	NaN	NaN	    9.8	 303.31	NaN	 305.51	  -0.80	   0.00	1	  905.4	NaN	NaN	   32.9	 999.00	NaN	 999.00	  -0.66	   0.00	1	  137.0	NaN	NaN	   11.2	  94.59	NaN	  97.09	  -0.83	   0.00	--------	-1	0.00	*
5:86288	 1423.6	1	  707.2	NaN	NaN	   41.2	 999.00	NaN	 999.00	  -0.62	   0.00	1	  156.8	NaN	NaN	    9.6	 126.57	NaN	 127.83	  -0.79	   0.00	1	  485.6	NaN	NaN	   32.9	 999.00	NaN	 999.00	  -0.60	   0.00	1	   74.0	NaN	NaN	   11.3	  33.07	NaN	  34.49	  -0.80	   0.00	--------	-1	0.00	*
5:107950	  946.0	1	  468.0	NaN	NaN	   32.4	 999.00	NaN	 999.00	  -0.77	   0.18	1	   88.0	NaN	NaN	    4.8	  75.50	NaN	  76.55	  -0.81	   0.18	1	  343.0	NaN	NaN	   16.0	 315.22	NaN	 316.41	  -0.81	   0.18	1	   47.0	NaN	NaN	    6.6	  22.58	NaN	  23.88	  -0.62	   0.18	--------	-1	0.00	*
5:124200	  104.0	0	   36.0	NaN	NaN	   25.5	   1.48	NaN	   1.54	  -0.63	   0.00	1	   11.0	NaN	NaN	    4.3	   2.20	NaN	   2.29	  -1.00	   0.00	1	   50.0	NaN	NaN	   15.4	  11.51	NaN	  11.66	  -0.74	   0.00	0	    7.0	NaN	NaN	    6.1	   0.19	NaN	   0.39	  -0.59	   0.00	--------	-1	0.00	*
5:223260	  173.0	1	   65.0	NaN	NaN	   28.0	   8.62	NaN	   8.77	  -0.73	   0.20	1	   23.0	NaN	NaN	    4.3	   9.21	NaN	   9.56	  -0.76	   0.20	1	   78.0	NaN	NaN	   15.4	  28.88	NaN	  29.14	  -0.61	   0.20	0	    7.0	NaN	NaN	    6.1	   0.19	NaN	   0.39	  -0.83	   0.20	--------	-1	0.00	*
5:243014	   83.9	0	   38.4	NaN	NaN	   33.2	   0.71	NaN	   0.75	  -0.70	   0.00	0	    8.0	NaN	NaN	    4.3	   1.41	NaN	   1.48	  -0.83	   0.00	1	   28.6	NaN	NaN	   17.3	   2.17	NaN	   2.21	  -0.69	   0.00	0	    8.8	NaN	NaN	    6.1	   0.50	NaN	   0.79	  -0.69	   0.00	--------	-1	0.00	*
5:243194	  127.1	1	   49.6	NaN	NaN	   32.6	   2.49	NaN	   2.56	  -0.63	   0.00	1	   18.0	NaN	NaN	    4.3	   5.88	NaN	   6.11	  -0.76	   0.00	1	   56.4	NaN	NaN	   16.7	  13.88	NaN	  14.03	  -0.92	   0.00	0	    3.2	NaN	NaN	    6.1	  -0.01	NaN	   0.07	  -1.09	   0.00	--------	-1	0.00	*
5:249236	   67.2	0	   18.9	NaN	NaN	   32.5	  -0.00	NaN	   0.00	  -0.54	   0.00	0	    8.9	NaN	NaN	    4.3	   1.41	NaN	   1.48	  -1.41	   0.00	1	   36.8	NaN	NaN	   15.4	   5.60	NaN	   5.68	  -0.80	   0.00	0	    2.6	NaN	NaN	    6.1	  -0.02	NaN	   0.03	  -1.19	   0.00	--------	-1	0.00	*
5:249527	  116.8	1	   79.1	NaN	NaN	   32.6	  11.52	NaN	  11.72	  -0.77	   0.00	0	    5.1	NaN	NaN	    4.3	   0.53	NaN	   0.57	  -1.01	   0.00	1	   27.2	NaN	NaN	   15.4	   2.57	NaN	   2.61	  -0.87	   0.00	0	    5.4	NaN	NaN	    6.1	   0.09	NaN	   0.25	  -0.77	   0.00	--------	-1	0.00	*
5:260832	  310.0	1	  136.0	NaN	NaN	   31.3	  42.28	NaN	  42.82	  -0.61	   0.29	1	   23.0	NaN	NaN	    4.7	   8.63	NaN	   8.97	  -0.73	   0.29	1	  129.0	NaN	NaN	   22.8	  51.99	NaN	  52.43	  -0.77	   0.29	1	   22.0	NaN	NaN	    8.8	   3.32	NaN	   3.89	  -0.61	   0.29	--------	-1	0.00	*
5:261816	  333.3	1	   64.6	NaN	NaN	   27.5	   8.93	NaN	   9.10	  -0.77	   0.00	1	   28.9	NaN	NaN	    4.3	  13.84	NaN	  14.28	  -0.74	   0.00	1	  213.1	NaN	NaN	   22.5	 127.16	NaN	 127.92	  -0.77	   0.00	1	   26.6	NaN	NaN	    9.5	   4.92	NaN	   5.59	  -0.79	   0.00	--------	-1	0.00	*
5:262135	  185.7	0	   37.4	NaN	NaN	   27.6	   1.40	NaN	   1.45	  -0.92	   0.00	1	   22.1	NaN	NaN	    4.3	   9.21	NaN	   9.56	  -0.93	   0.00	1	  120.9	NaN	NaN	   23.0	  45.78	NaN	  46.18	  -0.84	   0.00	0	    5.4	NaN	NaN	    9.2	  -0.01	NaN	   0.05	  -0.39	   0.00	--------	-1	0.00	*
5:269070	  191.0	1	   93.0	NaN	NaN	   26.8	  22.56	NaN	  22.92	  -0.72	   0.00	1	   22.0	NaN	NaN	    4.3	   8.50	NaN	   8.83	  -0.83	   0.00	1	   72.0	NaN	NaN	   16.4	  23.28	NaN	  23.49	  -0.93	   0.00	0	    4.0	NaN	NaN	    7.4	  -0.02	NaN	   0.03	  -0.94	   0.00	--------	-1	0.00	*
5:281511	  130.0	1	   58.0	NaN	NaN	   25.5	   7.48	NaN	   7.62	  -0.69	   0.18	1	   12.0	NaN	NaN	    4.8	   2.26	NaN	   2.36	  -0.49	   0.18	1	   56.0	NaN	NaN	   15.4	  14.75	NaN	  14.92	  -0.74	   0.18	0	    4.0	NaN	NaN	    8.3	  -0.02	NaN	   0.01	  -0.39	   0.18	--------	-1	0.00	*
5:285264	  177.0	1	   66.0	NaN	NaN	   25.5	  10.58	NaN	  10.76	  -0.60	   0.22	1	   27.0	NaN	NaN	    7.6	   7.09	NaN	   7.36	  -0.71	   0.22	1	   81.0	NaN	NaN	   15.4	  31.01	NaN	  31.29	  -0.79	   0.22	0	    3.0	NaN	NaN	    7.9	  -0.01	NaN	   0.01	  -1.17	   0.22	--------	-1	0.00	*
5:447532	  250.0	1	  125.0	NaN	NaN	   25.7	  43.68	NaN	  44.23	  -0.72	   0.31	1	   19.0	NaN	NaN	    4.3	   6.50	NaN	   6.76	  -0.90	   0.31	1	   85.0	NaN	NaN	   15.4	  33.92	NaN	  34.23	  -0.81	   0.31	1	   21.0	NaN	NaN	    6.1	   5.06	NaN	   5.74	  -0.55	   0.31	--------	-1	0.00	*
5:456261	  689.0	1	  230.0	NaN	NaN	   28.0	 123.34	NaN	 124.20	  -0.74	   0.05	1	   97.0	NaN	NaN	    6.1	  77.05	NaN	  78.16	  -0.84	   0.05	1	  328.0	NaN	NaN	   22.5	 249.40	NaN	 250.45	  -0.79	   0.05	1	   34.0	NaN	NaN	    7.5	  10.91	NaN	  11.85	  -0.82	   0.05	--------	-1	0.00	*
5:553128	   83.0	1	   47.0	NaN	NaN	   25.5	   3.96	NaN	   4.05	  -0.61	   0.00	0	    2.0	NaN	NaN	    4.3	   0.02	NaN	   0.03	  -1.78	   0.00	1	   29.0	NaN	NaN	   15.4	   2.85	NaN	   2.90	  -0.55	   0.00	0	    5.0	NaN	NaN	    6.1	   0.02	NaN	   0.13	  -0.46	   0.00	--------	-1	0.00	*
5:570677	  184.0	1	   52.0	NaN	NaN	   25.5	   5.44	NaN	   5.56	  -0.71	   0.00	1	   37.0	NaN	NaN	    4.3	  20.88	NaN	  21.45	  -0.59	   0.00	1	   48.0	NaN	NaN	   15.4	  10.50	NaN	  10.63	  -0.77	   0.00	1	   47.0	NaN	NaN	    6.1	  23.86	NaN	  25.18	  -0.84	   0.00	--------	-1	0.00	*
6:13272	  105.0	1	   69.0	NaN	NaN	   22.9	  13.95	NaN	  14.19	  -0.68	   0.00	1	   10.0	NaN	NaN	    3.8	   2.17	NaN	   2.26	  -0.54	   0.00	1	   24.0	NaN	NaN	   13.5	   2.17	NaN	   2.21	  -0.78	   0.00	0	    2.0	NaN	NaN	    5.6	  -0.02	NaN	   0.01	  -4.00	   0.00	--------	-1	0.00	*
6:96444	  387.0	1	  140.0	NaN	NaN	   22.9	  60.07	NaN	  60.72	  -0.75	   0.34	1	   55.0	NaN	NaN	    5.3	  34.70	NaN	  35.46	  -0.64	   0.34	1	  176.0	NaN	NaN	   15.8	 115.27	NaN	 116.00	  -0.65	   0.34	1	   16.0	NaN	NaN	    6.0	   2.75	NaN	   3.29	  -0.68	   0.34	--------	-1	0.00	*
6:107462	  232.0	1	   93.0	NaN	NaN	   22.9	  27.07	NaN	  27.48	  -0.82	   0.25	1	   15.0	NaN	NaN	    3.8	   4.80	NaN	   4.99	  -1.04	   0.25	1	  119.0	NaN	NaN	   15.0	  62.73	NaN	  63.23	  -0.70	   0.25	0	    5.0	NaN	NaN	    7.1	  -0.00	NaN	   0.08	  -1.27	   0.25	--------	-1	0.00	*
6:115423	  162.0	1	   65.0	NaN	NaN	   22.9	  12.04	NaN	  12.25	  -0.53	   0.00	1	   16.0	NaN	NaN	    3.8	   5.42	NaN	   5.63	  -0.57	   0.00	1	   72.0	NaN	NaN	   13.5	  28.05	NaN	  28.29	  -0.68	   0.00	0	    9.0	NaN	NaN	    7.1	   0.31	NaN	   0.55	  -0.37	   0.00	--------	-1	0.00	*
6:226984	 1815.0	1	  511.0	NaN	NaN	   38.9	 999.00	NaN	 999.00	  -0.75	   0.11	1	  328.0	NaN	NaN	   10.0	 999.00	NaN	 999.00	  -0.80	   0.11	1	  904.0	NaN	NaN	   28.3	 999.00	NaN	 999.00	  -0.70	   0.11	1	   72.0	NaN	NaN	    8.2	  40.02	NaN	  41.57	  -0.74	   0.11	--------	-1	0.00	*
7:163112	  276.0	1	  134.0	NaN	NaN	   24.5	  52.20	NaN	  52.82	  -0.71	   0.27	1	   26.0	NaN	NaN	    3.9	  12.46	NaN	  12.86	  -0.79	   0.27	1	  100.0	NaN	NaN	   13.5	  50.38	NaN	  50.81	  -0.86	   0.27	1	   16.0	NaN	NaN	    5.7	   2.94	NaN	   3.50	  -0.54	   0.27	--------	-1	0.00	*
7:169224	  161.0	1	   82.0	NaN	NaN	   29.9	  14.21	NaN	  14.46	  -0.67	   0.53	1	   20.0	NaN	NaN	    4.5	   6.89	NaN	   7.16	  -0.76	   0.53	1	   48.0	NaN	NaN	   16.7	   9.39	NaN	   9.51	  -0.97	   0.53	0	   11.0	NaN	NaN	    6.1	   0.95	NaN	   1.31	  -0.76	   0.53	--------	-1	0.00	*
7:342830	  276.0	1	  114.0	NaN	NaN	   39.2	  21.46	NaN	  21.79	  -0.71	   0.24	1	   40.0	NaN	NaN	    7.9	  14.83	NaN	  15.29	  -0.61	   0.24	1	  113.0	NaN	NaN	   31.4	  28.56	NaN	  28.81	  -0.72	   0.24	0	    9.0	NaN	NaN	    5.5	   0.68	NaN	   0.99	  -0.66	   0.24	--------	-1	0.00	*
7:401897	  336.0	1	  227.0	NaN	NaN	   33.2	 106.17	NaN	 106.95	  -0.70	   0.51	1	   43.0	NaN	NaN	    7.4	  18.14	NaN	  18.67	  -0.74	   0.51	1	   61.0	NaN	NaN	   18.4	  14.19	NaN	  14.35	  -0.77	   0.51	0	    5.0	NaN	NaN	    6.6	   0.01	NaN	   0.11	  -0.73	   0.51	--------	-1	0.00	*
7:415998	 1459.6	1	  582.2	NaN	NaN	   32.2	 999.00	NaN	 999.00	  -0.66	   0.06	1	  205.6	NaN	NaN	    5.2	 242.31	NaN	 244.11	  -0.80	   0.06	1	  613.8	NaN	NaN	   16.6	 999.00	NaN	 999.00	  -0.60	   0.06	1	   58.0	NaN	NaN	    7.0	  31.08	NaN	  32.46	  -0.83	   0.06	--------	-1	0.00	*
7:416092	  346.4	1	   61.8	NaN	NaN	   32.5	   5.45	NaN	   5.56	  -0.37	   0.06	1	   59.4	NaN	NaN	    5.2	  40.60	NaN	  41.38	  -0.76	   0.06	1	  201.2	NaN	NaN	   16.6	 139.42	NaN	 140.21	  -0.60	   0.06	1	   24.0	NaN	NaN	    6.1	   7.21	NaN	   8.04	  -0.59	   0.06	--------	-1	0.00	*
7:457518	   64.0	0	   25.0	NaN	NaN	   26.9	   0.16	NaN	   0.17	  -0.45	   0.00	0	    4.0	NaN	NaN	    3.7	   0.27	NaN	   0.29	  -0.84	   0.00	0	   20.0	NaN	NaN	   14.1	   1.07	NaN	   1.10	  -0.55	   0.00	1	   15.0	NaN	NaN	    5.5	   2.73	NaN	   3.26	  -0.52	   0.00	--------	-1	0.00	*
7:490554	  169.0	1	   60.0	NaN	NaN	   24.2	   9.03	NaN	   9.20	  -0.71	   0.00	1	   22.0	NaN	NaN	    3.7	   9.62	NaN	   9.98	  -0.71	   0.00	1	   77.0	NaN	NaN	   13.5	  31.71	NaN	  32.00	  -0.73	   0.00	0	   10.0	NaN	NaN	    6.0	   0.74	NaN	   1.07	  -0.91	   0.00	--------	-1	0.00	*
7:514560	  171.0	1	  112.0	NaN	NaN	   26.8	  33.55	NaN	  34.02	  -0.67	   0.10	0	    5.0	NaN	NaN	    3.7	   0.46	NaN	   0.49	  -0.75	   0.10	1	   49.0	NaN	NaN	   13.5	  12.98	NaN	  13.13	  -0.88	   0.10	0	    5.0	NaN	NaN	    5.5	   0.06	NaN	   0.20	  -0.83	   0.10	--------	-1	0.00	*
7:575779	  681.0	1	  336.0	NaN	NaN	   29.4	 222.95	NaN	 224.14	  -0.74	   0.05	1	   70.0	NaN	NaN	    3.7	  60.61	NaN	  61.54	  -0.72	   0.05	1	  254.0	NaN	NaN	   13.5	 219.72	NaN	 220.70	  -0.74	   0.05	1	   21.0	NaN	NaN	    5.5	   5.77	NaN	   6.49	  -0.96	   0.05	--------	-1	0.00	*
7:614613	  309.0	1	  189.0	NaN	NaN	   45.7	  55.17	NaN	  55.80	  -0.84	   0.21	1	   14.0	NaN	NaN	    4.7	   3.23	NaN	   3.37	  -1.05	   0.21	1	   98.0	NaN	NaN	   23.3	  29.88	NaN	  30.15	  -0.77	   0.21	0	    8.0	NaN	NaN	    7.0	   0.19	NaN	   0.40	  -0.56	   0.21	--------	-1	0.00	*
7:616360	  500.0	1	  191.0	NaN	NaN	   42.6	  60.96	NaN	  61.62	  -0.56	   0.26	1	   64.0	NaN	NaN	    4.9	  46.21	NaN	  47.04	  -0.66	   0.26	1	  220.0	NaN	NaN	   23.3	 130.05	NaN	 130.82	  -0.61	   0.26	1	   25.0	NaN	NaN	    6.3	   6.98	NaN	   7.79	  -0.45	   0.26	--------	-1	0.00	*
7:633533	  656.6	1	  313.0	NaN	NaN	   35.7	 175.38	NaN	 176.46	  -0.70	   0.01	1	   75.4	NaN	NaN	    3.7	  68.31	NaN	  69.29	  -0.90	   0.01	1	  232.3	NaN	NaN	   16.0	 177.75	NaN	 178.62	  -0.71	   0.01	1	   36.0	NaN	NaN	    6.1	  14.89	NaN	  15.91	  -1.08	   0.01	--------	-1	0.00	*
7:633602	 1285.4	1	  448.0	NaN	NaN	   35.8	 314.01	NaN	 315.43	  -0.64	   0.01	1	  176.6	NaN	NaN	    3.7	 220.95	NaN	 222.60	  -0.84	   0.01	1	  620.7	NaN	NaN	   16.1	 999.00	NaN	 999.00	  -0.62	   0.01	1	   40.0	NaN	NaN	    6.2	  18.57	NaN	  19.77	  -0.92	   0.01	--------	-1	0.00	*
7:677682	  359.5	1	   96.0	NaN	NaN	   28.0	  22.83	NaN	  23.19	  -0.66	   0.05	1	   53.7	NaN	NaN	    5.6	  32.69	NaN	  33.41	  -0.85	   0.05	1	  174.1	NaN	NaN	   18.1	 104.99	NaN	 105.69	  -0.88	   0.05	1	   35.7	NaN	NaN	    6.7	  13.69	NaN	  14.69	  -0.85	   0.05	--------	-1	0.00	*
7:677736	  197.5	0	    4.0	NaN	NaN	   27.9	  -0.00	NaN	   0.00	   1.17	   0.05	1	   18.3	NaN	NaN	    5.7	   4.84	NaN	   5.03	  -0.76	   0.05	1	  168.9	NaN	NaN	   18.2	  98.90	NaN	  99.59	  -0.74	   0.05	0	    6.3	NaN	NaN	    6.7	   0.12	NaN	   0.30	  -0.21	   0.05	--------	-1	0.00	*
7:736666	  304.0	1	  215.0	NaN	NaN	   23.6	 123.87	NaN	 124.75	  -0.79	   0.29	1	   17.0	NaN	NaN	    3.7	   6.09	NaN	   6.32	  -0.48	   0.29	1	   52.0	NaN	NaN	   13.5	  14.71	NaN	  14.87	  -0.64	   0.29	1	   20.0	NaN	NaN	    6.0	   4.63	NaN	   5.28	  -0.50	   0.29	--------	-1	0.00	*
7:875047	  552.0	1	  281.4	NaN	NaN	   40.5	 133.47	NaN	 134.43	  -0.81	   0.15	1	   79.9	NaN	NaN	    4.2	  70.12	NaN	  71.12	  -0.86	   0.15	1	  190.6	NaN	NaN	   24.8	  97.99	NaN	  98.67	  -0.92	   0.15	0	    0.0	NaN	NaN	    8.5	  -0.00	NaN	   0.00	  -0.96	   0.15	--------	-1	0.00	*
7:875091	  350.0	1	   86.6	NaN	NaN	   39.7	  10.04	NaN	  10.22	  -0.77	   0.15	1	   19.1	NaN	NaN	    4.0	   7.68	NaN	   7.99	  -0.96	   0.15	1	  213.4	NaN	NaN	   24.2	 121.07	NaN	 121.82	  -0.81	   0.15	1	   31.0	NaN	NaN	    8.3	   8.02	NaN	   8.87	  -0.71	   0.15	--------	-1	0.00	*
7:876993	  163.0	1	  119.0	NaN	NaN	   34.7	  28.06	NaN	  28.48	  -0.85	   0.00	0	    3.0	NaN	NaN	    3.8	   0.12	NaN	   0.13	  -0.37	   0.00	1	   38.0	NaN	NaN	   18.3	   4.34	NaN	   4.41	  -0.75	   0.00	0	    3.0	NaN	NaN	    6.2	  -0.02	NaN	   0.02	  -0.93	   0.00	--------	-1	0.00	*
7:885937	  293.0	1	  124.0	NaN	NaN	   24.6	  44.84	NaN	  45.41	  -0.75	   0.26	1	   30.0	NaN	NaN	    5.7	  11.68	NaN	  12.07	  -0.92	   0.26	1	  121.0	NaN	NaN	   16.9	  59.10	NaN	  59.57	  -0.86	   0.26	1	   18.0	NaN	NaN	    7.1	   2.81	NaN	   3.37	  -0.53	   0.26	--------	-1	0.00	*
7:985700	  471.0	1	  235.0	NaN	NaN	   28.5	 126.16	NaN	 127.07	  -0.81	   0.15	1	   54.0	NaN	NaN	    3.7	  41.21	NaN	  42.00	  -0.62	   0.15	1	  149.0	NaN	NaN	   13.5	  97.37	NaN	  98.05	  -0.81	   0.15	1	   33.0	NaN	NaN	    5.7	  13.34	NaN	  14.32	  -0.65	   0.15	--------	-1	0.00	*
7:1003350	  161.0	1	   58.0	NaN	NaN	   25.7	   7.39	NaN	   7.52	  -0.61	   0.38	1	   30.0	NaN	NaN	    4.5	  14.24	NaN	  14.69	  -0.79	   0.38	1	   68.0	NaN	NaN	   17.1	  19.81	NaN	  20.01	  -0.82	   0.38	0	    5.0	NaN	NaN	    5.7	   0.05	NaN	   0.17	  -1.31	   0.38	--------	-1	0.00	*
7:1012316	  331.0	1	  150.0	NaN	NaN	   41.4	  37.63	NaN	  38.13	  -0.78	   0.17	1	   27.0	NaN	NaN	    7.8	   6.98	NaN	   7.25	  -0.70	   0.17	1	  140.0	NaN	NaN	   25.0	  55.83	NaN	  56.28	  -0.70	   0.17	1	   14.0	NaN	NaN	    5.5	   2.31	NaN	   2.81	  -0.85	   0.17	--------	-1	0.00	*
7:1013574	  668.0	1	  220.0	NaN	NaN	   43.0	  79.90	NaN	  80.62	  -0.70	   0.67	1	  107.0	NaN	NaN	    8.2	  76.65	NaN	  77.73	  -0.59	   0.67	1	  304.0	NaN	NaN	   26.7	 201.24	NaN	 202.18	  -0.68	   0.67	1	   37.0	NaN	NaN	    5.7	  16.56	NaN	  17.66	  -0.55	   0.67	--------	-1	0.00	*
7:1048775	  332.0	1	  172.0	NaN	NaN	   24.4	  82.44	NaN	  83.16	  -0.69	   0.18	1	   19.0	NaN	NaN	    3.7	   7.42	NaN	   7.72	  -0.83	   0.18	1	  128.0	NaN	NaN	   13.5	  76.23	NaN	  76.79	  -0.65	   0.18	0	   13.0	NaN	NaN	    7.2	   1.10	NaN	   1.47	  -0.60	   0.18	--------	-1	0.00	*
7:1078384	  199.0	1	   65.0	NaN	NaN	   24.7	  10.71	NaN	  10.90	  -0.70	   0.06	0	    7.0	NaN	NaN	    3.7	   1.01	NaN	   1.06	  -1.28	   0.06	1	  118.0	NaN	NaN	   15.4	  60.64	NaN	  61.13	  -0.67	   0.06	0	    9.0	NaN	NaN	    5.5	   0.68	NaN	   0.99	  -0.82	   0.06	--------	-1	0.00	*
7:1117373	   73.0	0	   18.0	NaN	NaN	   23.6	   0.04	NaN	   0.05	  -0.85	   0.00	1	   19.0	NaN	NaN	    3.7	   7.43	NaN	   7.72	  -0.72	   0.00	1	   26.0	NaN	NaN	   13.5	   2.75	NaN	   2.79	  -0.87	   0.00	0	   10.0	NaN	NaN	    5.5	   0.93	NaN	   1.29	  -0.88	   0.00	--------	-1	0.00	*
8:203	  103.0	0	   31.0	NaN	NaN	   22.8	   1.19	NaN	   1.24	  -0.65	   0.00	1	   28.0	NaN	NaN	    4.6	  12.35	NaN	  12.75	  -0.81	   0.00	0	   23.0	NaN	NaN	   14.2	   1.68	NaN	   1.71	  -0.80	   0.00	1	   21.0	NaN	NaN	    6.8	   4.37	NaN	   4.99	  -1.32	   0.00	--------	-1	0.00	*
8:53040	  365.3	1	  109.5	NaN	NaN	   28.1	  30.56	NaN	  31.02	  -0.81	   0.05	1	   40.7	NaN	NaN	    7.3	  16.73	NaN	  17.21	  -0.92	   0.05	1	  190.9	NaN	NaN	   21.9	 107.08	NaN	 107.79	  -0.80	   0.05	1	   24.1	NaN	NaN	    7.2	   5.99	NaN	   6.74	  -0.80	   0.05	--------	-1	0.00	*
8:53102	  186.7	1	   86.5	NaN	NaN	   28.1	  18.18	NaN	  18.47	  -0.68	   0.05	1	   21.3	NaN	NaN	    7.5	   4.72	NaN	   4.91	  -1.02	   0.05	1	   73.1	NaN	NaN	   21.5	  18.09	NaN	  18.28	  -0.72	   0.05	0	    5.9	NaN	NaN	    7.2	   0.03	NaN	   0.14	  -0.92	   0.05	--------	-1	0.00	*
8:96382	  489.0	1	  326.0	NaN	NaN	   35.2	 189.24	NaN	 190.35	  -0.87	   0.14	1	   36.0	NaN	NaN	    3.4	  23.48	NaN	  24.08	  -0.59	   0.14	1	  108.0	NaN	NaN	   19.7	  42.55	NaN	  42.94	  -0.81	   0.14	1	   19.0	NaN	NaN	    6.8	   3.44	NaN	   4.02	  -0.52	   0.14	--------	-1	0.00	*
8:112957	 1903.0	1	  804.0	NaN	NaN	   47.9	 999.00	NaN	 999.00	  -0.68	   0.14	1	  196.0	NaN	NaN	    5.5	 220.83	NaN	 222.43	  -0.68	   0.14	1	  812.0	NaN	NaN	   34.2	 999.00	NaN	 999.00	  -0.69	   0.14	1	   91.0	NaN	NaN	   10.4	  50.24	NaN	  51.96	  -0.64	   0.14	--------	-1	0.00	*
8:114304	  190.0	1	   81.0	NaN	NaN	   44.5	   6.13	NaN	   6.26	  -0.61	   0.33	1	   16.0	NaN	NaN	    6.6	   2.72	NaN	   2.84	  -1.04	   0.33	1	   75.0	NaN	NaN	   30.7	  10.84	NaN	  10.98	  -0.81	   0.33	0	   18.0	NaN	NaN	    9.5	   1.62	NaN	   2.05	  -0.82	   0.33	--------	-1	0.00	*
8:171249	  226.0	1	  103.0	NaN	NaN	   27.0	  27.82	NaN	  28.24	  -0.68	   0.36	1	   15.0	NaN	NaN	    7.0	   2.17	NaN	   2.26	  -0.57	   0.36	1	   97.0	NaN	NaN	   19.7	  34.71	NaN	  35.03	  -0.74	   0.36	0	   11.0	NaN	NaN	    8.3	   0.41	NaN	   0.66	  -1.01	   0.36	--------	-1	0.00	*
8:186880	  209.0	1	   95.0	NaN	NaN	   29.9	  20.49	NaN	  20.80	  -0.70	   0.38	1	   16.0	NaN	NaN	    3.7	   5.53	NaN	   5.75	  -0.92	   0.38	1	   91.0	NaN	NaN	   18.8	  31.97	NaN	  32.26	  -0.69	   0.38	0	    7.0	NaN	NaN	    7.5	   0.06	NaN	   0.21	  -0.54	   0.38	--------	-1	0.00	*
8:205948	  537.0	1	  199.0	NaN	NaN	   26.8	  99.36	NaN	 100.11	  -0.74	   0.15	1	   68.0	NaN	NaN	    4.1	  55.64	NaN	  56.52	  -0.60	   0.15	1	  232.0	NaN	NaN	   15.0	 182.22	NaN	 183.12	  -0.77	   0.15	1	   38.0	NaN	NaN	    5.6	  17.54	NaN	  18.72	  -0.73	   0.15	--------	-1	0.00	*
8:236801	  183.0	1	   82.0	NaN	NaN	   25.3	  18.36	NaN	  18.65	  -0.64	   0.00	1	   13.0	NaN	NaN	    3.4	   4.12	NaN	   4.29	  -0.60	   0.00	1	   84.0	NaN	NaN	   14.5	  34.98	NaN	  35.31	  -0.70	   0.00	0	    4.0	NaN	NaN	    5.5	   0.00	NaN	   0.10	  -1.04	   0.00	--------	-1	0.00	*
8:297312	  139.0	0	   38.0	NaN	NaN	   25.3	   1.91	NaN	   1.97	  -0.92	   0.00	1	   19.0	NaN	NaN	    4.5	   6.31	NaN	   6.55	  -0.95	   0.00	1	   77.0	NaN	NaN	   15.0	  28.81	NaN	  29.07	  -0.69	   0.00	0	    5.0	NaN	NaN	    6.0	   0.03	NaN	   0.14	  -0.51	   0.00	--------	-1	0.00	*
8:456112	   99.0	1	   51.0	NaN	NaN	   23.3	   6.21	NaN	   6.34	  -0.61	   0.00	0	    5.0	NaN	NaN	    3.4	   0.56	NaN	   0.60	  -0.42	   0.00	1	   40.0	NaN	NaN	   13.9	   7.92	NaN	   8.02	  -0.61	   0.00	0	    3.0	NaN	NaN	    6.5	  -0.02	NaN	   0.02	  -1.40	   0.00	--------	-1	0.00	*
8:485053	  419.0	1	  124.0	NaN	NaN	   25.8	  42.77	NaN	  43.32	  -0.66	   0.34	1	   41.0	NaN	NaN	    4.0	  26.10	NaN	  26.73	  -0.74	   0.34	1	  237.0	NaN	NaN	   16.4	 179.84	NaN	 180.73	  -0.86	   0.34	1	   17.0	NaN	NaN	    5.6	   3.55	NaN	   4.14	  -0.64	   0.34	--------	-1	0.00	*
8:538451	   93.0	1	   46.0	NaN	NaN	   22.8	   4.81	NaN	   4.92	  -0.79	   0.00	0	    2.0	NaN	NaN	    3.4	   0.06	NaN	   0.07	  -0.94	   0.00	1	   39.0	NaN	NaN	   13.1	   8.15	NaN	   8.26	  -0.75	   0.00	0	    6.0	NaN	NaN	    5.5	   0.14	NaN	   0.32	  -1.25	   0.00	--------	-1	0.00	*
9:31299	  118.0	1	   65.0	NaN	NaN	   25.2	  10.39	NaN	  10.57	  -0.74	   0.00	1	   11.0	NaN	NaN	    3.2	   3.17	NaN	   3.31	  -0.47	   0.00	1	   38.0	NaN	NaN	   12.3	   8.40	NaN	   8.50	  -0.78	   0.00	0	    4.0	NaN	NaN	    6.2	  -0.01	NaN	   0.06	  -1.43	   0.00	--------	-1	0.00	*
9:48212	  307.0	1	  117.0	NaN	NaN	   24.6	  40.04	NaN	  40.57	  -0.72	   0.08	1	   29.0	NaN	NaN	    5.2	  11.98	NaN	  12.38	  -0.64	   0.08	1	  129.0	NaN	NaN	   19.3	  59.86	NaN	  60.34	  -0.72	   0.08	1	   32.0	NaN	NaN	    7.4	   9.81	NaN	  10.74	  -0.70	   0.08	--------	-1	0.00	*
9:237472	  661.0	1	  296.0	NaN	NaN	   28.7	 184.48	NaN	 185.58	  -0.66	   0.33	1	   84.0	NaN	NaN	    7.0	  57.82	NaN	  58.73	  -0.66	   0.33	1	  248.0	NaN	NaN	   20.4	 171.17	NaN	 172.02	  -0.65	   0.33	1	   33.0	NaN	NaN	    8.5	   8.99	NaN	   9.88	  -0.64	   0.33	--------	-1	0.00	*
plasmid-2-micron:511	 1339.0	1	  709.0	NaN	NaN	  611.0	   4.14	NaN	   4.24	  -0.50	   0.76	0	   95.0	NaN	NaN	   87.7	   0.59	NaN	   0.64	  -0.56	   0.76	0	  365.0	NaN	NaN	  393.5	   0.03	NaN	   0.03	  -0.53	   0.76	0	  170.0	NaN	NaN	  189.6	  -0.02	NaN	   0.03	  -0.53	   0.76	--------	-1	0.00	*
plasmid-2-micron:3621	 1546.0	1	  743.0	NaN	NaN	  599.9	   7.87	NaN	   8.02	  -0.49	   0.83	1	  109.0	NaN	NaN	   82.7	   2.39	NaN	   2.50	  -0.66	   0.83	1	  474.0	NaN	NaN	  380.8	   5.57	NaN	   5.64	  -0.61	   0.83	0	  220.0	NaN	NaN	  183.7	   1.85	NaN	   2.30	  -0.61	   0.83	--------	-1	0.00	*
