-300	7.145575090128137E-4
-299	7.41023355787738E-4
-298	7.648572443615144E-4
-297	7.834272165329947E-4
-296	7.94101314101031E-4
-295	7.962329302434572E-4
-294	7.97116863654037E-4
-293	8.060332644055165E-4
-292	8.27866128841814E-4
-291	8.499148383915402E-4
-290	8.550826207544789E-4
-289	8.327868067193877E-4
-288	7.98501139430922E-4
-287	7.742134651227112E-4
-286	7.744413263355529E-4
-285	7.838210508389179E-4
-284	7.795186627094441E-4
-283	7.483680727727356E-4
-282	7.158747388502586E-4
-281	7.172120055124454E-4
-280	7.732425605302118E-4
-279	8.475864644764124E-4
-278	8.895531211243855E-4
-277	8.647990126581413E-4
-276	8.043689349043799E-4
-275	7.556547621004727E-4
-274	7.540056054730266E-4
-273	7.865995242055878E-4
-272	8.285718144709373E-4
-271	8.609071020070258E-4
-270	8.879873308124837E-4
-269	9.200437744511096E-4
-268	9.616985860588604E-4
-267	9.951374370603192E-4
-266	9.969368784522258E-4
-265	9.537296450699222E-4
-264	8.923732071031561E-4
-263	8.497812185802769E-4
-262	8.554047331840032E-4
-261	9.088444032145318E-4
-260	0.001002238280626428
-259	0.0011192364774515356
-258	0.0012095373460308076
-257	0.001214351298782477
-256	0.0011028989678542559
-255	9.564418643117842E-4
-254	8.842517189501833E-4
-253	9.590199220432346E-4
-252	0.0011071165017793644
-251	0.0012183311458256593
-250	0.001214446443515101
-249	0.001145216590844255
-248	0.0010923886854755807
-247	0.0011126039386028005
-246	0.001162080015544685
-245	0.001171928695151267
-244	0.0010991226762497544
-243	0.0010040783375760555
-242	9.730729778432546E-4
-241	0.0010603474268970033
-240	0.0011919966391132273
-239	0.0012620791000004196
-238	0.001201634752600325
-237	0.0010896293700876961
-236	0.0010420101831705368
-235	0.0011363158042700693
-234	0.001296450372660391
-233	0.0014079094093288182
-232	0.0013913832505587486
-231	0.0013083414938179158
-230	0.0012554485518701361
-229	0.001299471214304269
-228	0.001387585778009351
-227	0.001437070916699461
-226	0.0013921038719020965
-225	0.0013044561563984257
-224	0.0012527978507830349
-223	0.0012921619974519758
-222	0.0013830334860071647
-221	0.0014622601678519827
-220	0.0014787088025192867
-219	0.001429321782059837
-218	0.001323060406653868
-217	0.001177393794055742
-216	0.0010438223323163325
-215	9.823542270606391E-4
-214	0.0010318904779293492
-213	0.001146903260625896
-212	0.0012607575448693998
-211	0.001326813545264514
-210	0.0013784124559580286
-209	0.0014688907159822664
-208	0.001629045955929033
-207	0.0017995205726280613
-206	0.0018984181544685664
-205	0.001871137469858071
-204	0.0017722580072773327
-203	0.0016836544352254162
-202	0.001666059075614977
-201	0.0016956348640130292
-200	0.0017274023894001767
-199	0.001728189743054524
-198	0.0017120550254441803
-197	0.0017048638393347558
-196	0.001721468068564042
-195	0.0017326647212585573
-194	0.001698237086617003
-193	0.0015954361247774171
-192	0.001471383479635195
-191	0.001390668466025069
-190	0.0013967332583827616
-189	0.0014484314695479554
-188	0.0014834695719613223
-187	0.0014580158791244356
-186	0.0014020860687824761
-185	0.0013641576597415272
-184	0.0013801230371948588
-183	0.0014355340518844937
-182	0.0015033574209396422
-181	0.0015613844172674375
-180	0.0016067045368867085
-179	0.0016412318315942066
-178	0.0016676304643691011
-177	0.001691565042920236
-176	0.0017194502861388734
-175	0.0017589101800610403
-174	0.0018224057793018264
-173	0.0019236074056210885
-172	0.002062006138591858
-171	0.002180376089039874
-170	0.0022073121256040514
-169	0.0021038388731148953
-168	0.0019606999811692797
-167	0.0019010688555556674
-166	0.00200411934454854
-165	0.002173027066366445
-164	0.002266968081713949
-163	0.002190877955396671
-162	0.0020327302686244525
-161	0.0019262581067081895
-160	0.001966076090431742
-159	0.0020903249824708293
-158	0.002198027080974136
-157	0.002216921442434125
-156	0.0021896141567183803
-155	0.0021874280720382624
-154	0.0022606835935834184
-153	0.002375691354456634
-152	0.002477759544738978
-151	0.002524331021049202
-150	0.002521387306156787
-149	0.002487044589368893
-148	0.002440114501564799
-147	0.0024021904399122557
-146	0.0023955612431511286
-145	0.002438501001582418
-144	0.0025332248117516483
-143	0.002677933021765479
-142	0.0028604109549337105
-141	0.003026783835378708
-140	0.003112761862425982
-139	0.0030760154115815576
-138	0.002962055563073534
-137	0.0028383535733105267
-136	0.0027599129393433746
-135	0.0027318661207918183
-134	0.0027468778179178233
-133	0.0027909588537330565
-132	0.002823504542248007
-131	0.002797256320222867
-130	0.0026818446549657167
-129	0.0025144561359761873
-128	0.0023491663833017976
-127	0.0022379710916118505
-126	0.0022245462540627834
-125	0.002350487938432818
-124	0.002626875346077435
-123	0.0029427202126611667
-122	0.0031565174074258038
-121	0.0031621354725672253
-120	0.0029949376420976594
-119	0.002725660822983422
-118	0.002433377977008696
-117	0.0022305062852291313
-116	0.0022377989835182443
-115	0.0025260972406820933
-114	0.0029665939572568927
-113	0.0033805699667113997
-112	0.0036248705936690506
-111	0.0036985991273720165
-110	0.003636423348217147
-109	0.0034718957402985547
-108	0.003234107602499384
-107	0.0029510349374000386
-106	0.0026587798562774374
-105	0.0024259489051945723
-104	0.0023292747389109477
-103	0.002410566746157442
-102	0.0025719412515504267
-101	0.002680591313677642
-100	0.0026504306147157263
-99	0.002582255331196909
-98	0.002623582263242315
-97	0.002865421211381965
-96	0.003172753977781468
-95	0.0033540553650153273
-94	0.003285844509881064
-93	0.003116817886068269
-92	0.0030637163014895497
-91	0.0032665170118908304
-90	0.0035581430643513074
-89	0.0036947539537834947
-88	0.0035073754724788218
-87	0.0031264986022443934
-86	0.002757480622266228
-85	0.00256268486283944
-84	0.0025324988586955203
-83	0.0026143161956750528
-82	0.0027540451734128432
-81	0.002891652946720576
-80	0.002965621384204156
-79	0.0029380338878470104
-78	0.0028653799931426535
-77	0.002827750768962122
-76	0.002878600270266469
-75	0.002964834496376827
-74	0.0030067224327043457
-73	0.0029505235595277835
-72	0.0028464593365963324
-71	0.0027707417185267947
-70	0.0027893291698178916
-69	0.0029271661944960314
-68	0.003198943806469544
-67	0.0035902349911943496
-66	0.003970140620316729
-65	0.004178643537030552
-64	0.004106002695391655
-63	0.003843581492903744
-62	0.00353301943793249
-61	0.003292842627866782
-60	0.003149123516188382
-59	0.0031048211454022707
-58	0.0031520427470956057
-57	0.0032394883091842797
-56	0.0033050060086663646
-55	0.003310542354698443
-54	0.003314437185071151
-53	0.003399128669733638
-52	0.0036197467357958345
-51	0.003922188339010809
-50	0.004225042192292413
-49	0.004447726116977615
-48	0.004512974368095852
-47	0.004344350309099678
-46	0.003919361073423773
-45	0.0034312888744313357
-44	0.0031273596954676914
-43	0.003175232731934213
-42	0.0034243000274564606
-41	0.003644386837716043
-40	0.003666907361938916
-39	0.0035696315735284337
-38	0.003491918389432299
-37	0.0035354235997944856
-36	0.0036509904875440427
-35	0.0037517592088062907
-34	0.003778765755906806
-33	0.0037846294659721843
-32	0.0038498655123292776
-31	0.004024857647907414
-30	0.004239463944045827
-29	0.004393411051686232
-28	0.00442283546448124
-27	0.004409513046927083
-26	0.0044716295062309
-25	0.004676822487712848
-24	0.004890537389145205
-23	0.004927671546413271
-22	0.00468052438143577
-21	0.004351003660265127
-20	0.004218419234987191
-19	0.004502613120319127
-18	0.005185555981503374
-17	0.006189750646413691
-16	0.007405991577965395
-15	0.008598239779240062
-14	0.00949874788836083
-13	0.009898651535458936
-12	0.00982461831869802
-11	0.009362198828249816
-10	0.008603811512701943
-9	0.007669346254305543
-8	0.006685560793727641
-7	0.005768868123506552
-6	0.004994302243665763
-5	0.0044265524061000575
-4	0.004108743022166538
-3	0.003997739141071617
-2	0.004028840971484032
-1	0.004151317948370428
0	0.00437031641188911
1	0.004704951928496287
2	0.005142483617990135
3	0.005542744813536666
4	0.005733712401643849
5	0.005596228829253619
6	0.005222598785043761
7	0.004757992518126024
8	0.004320677401578841
9	0.003921309304347393
10	0.0035436412193435474
11	0.0031780044664376866
12	0.0028410436733342457
13	0.0025559817946961753
14	0.002340444697332434
15	0.0021896698966360167
16	0.0020932978201459273
17	0.002043817265920271
18	0.0020451105140935565
19	0.002103908215319393
20	0.0022135326178969925
21	0.0023136723607079736
22	0.002330607680279559
23	0.002217836360621515
24	0.002037726375673785
25	0.0018798632468588585
26	0.0018102542613475136
27	0.0018005937693036914
28	0.0017989978866396214
29	0.0017690236341420717
30	0.0017359916520959607
31	0.0017406634856607435
32	0.0018029977358204774
33	0.0018597412268576234
34	0.0018268378388792445
35	0.0016589339300131136
36	0.0014654857704698497
37	0.0013946521084807818
38	0.0015388518442591244
39	0.0017675444859456396
40	0.001894449693662976
41	0.00179081464204157
42	0.00155799656374301
43	0.001354880205936673
44	0.0012999272707183089
45	0.001349907279889163
46	0.0014211667101768546
47	0.001445294881384124
48	0.0014148524856142056
49	0.0013376430580454548
50	0.0012280260152947953
51	0.0011265842997334214
52	0.0010804567351710948
53	0.0011173612069485677
54	0.0011873318465305549
55	0.0012209818469127605
56	0.0011698228598156697
57	0.001068960371858889
58	9.743983283868051E-4
59	9.321255623082105E-4
60	9.480704567895228E-4
61	0.0010181462825615657
62	0.0011358731793007205
63	0.0012851987624656052
64	0.0014476775164603962
65	0.0015989686322721004
66	0.0016911501272190582
67	0.0016704047252024414
68	0.0015084465467653397
69	0.0012791152990185145
70	0.0010817820857146456
71	9.905393195479473E-4
72	9.78364648978781E-4
73	9.929570314090436E-4
74	9.90968959333877E-4
75	9.648670656214028E-4
76	9.160715182329886E-4
77	8.565793903771628E-4
78	8.406953762511024E-4
79	9.333010752991459E-4
80	0.001167805902893549
81	0.0014517305381182384
82	0.0016611234759850565
83	0.0017050510971198499
84	0.0016246513246044746
85	0.0014940799671347882
86	0.001376748373533022
87	0.001293090053126896
88	0.0012527940553705044
89	0.0012619579821199036
90	0.0013123136448390043
91	0.0013920014073936808
92	0.0014862340371681044
93	0.0015685139156196356
94	0.0016094158277239318
95	0.0015887293157509303
96	0.0015231029511476883
97	0.001438400062655542
98	0.001364801203813117
99	0.00134975582734819
100	0.001445030610785826
101	0.0016700658096562562
102	0.0019149959915103828
103	0.0020376293019042737
104	0.0019399913680586084
105	0.001700977743852518
106	0.0014437014648297445
107	0.001264230986104165
108	0.0011504564410702008
109	0.0010632233826924071
110	9.715585791174227E-4
111	8.772136592202185E-4
112	7.901214670578485E-4
113	7.197403247237842E-4
114	6.736304664571698E-4
115	6.588776045335674E-4
116	6.775601656746627E-4
117	7.117274343866345E-4
118	7.384214096217848E-4
119	7.398686566915552E-4
120	7.190340063439439E-4
121	6.840668556860894E-4
122	6.435888490747694E-4
123	6.081106198653245E-4
124	5.886150486627348E-4
125	5.932831592546182E-4
126	6.190885481591437E-4
127	6.60202955077118E-4
128	7.070486818810723E-4
129	7.350502791304361E-4
130	7.158828595563642E-4
131	6.362715659648634E-4
132	5.431416614613552E-4
133	4.984684392261129E-4
134	5.412627389197879E-4
135	6.186775861245422E-4
136	6.549015529029158E-4
137	5.991303740664975E-4
138	5.005884354230744E-4
139	4.3350728552948235E-4
140	4.487209077471459E-4
141	5.034730246558425E-4
142	5.316097936399382E-4
143	4.870001569182706E-4
144	4.0360419604756697E-4
145	3.3540477741902654E-4
146	3.228014374254439E-4
147	3.51860392465996E-4
148	3.950645289414549E-4
149	4.28519282860499E-4
150	4.428202886634318E-4
151	4.3218573039846244E-4
152	3.9699742790453245E-4
153	3.6229174418351076E-4
154	3.5926867802799794E-4
155	4.06072621448711E-4
156	4.6862553932883313E-4
157	4.997937897696635E-4
158	4.6781439608722974E-4
159	4.0240704245647315E-4
160	3.486620782670629E-4
161	3.41443072121347E-4
162	3.747064694723892E-4
163	4.321819349859318E-4
164	4.96719444822207E-4
165	5.476502211194068E-4
166	5.634257975102128E-4
167	5.327573585235298E-4
168	4.853946922731543E-4
169	4.613472377691054E-4
170	4.876669177259493E-4
171	5.395755896764406E-4
172	5.793375948578808E-4
173	5.784304621565213E-4
174	5.451844710544142E-4
175	4.971430886825624E-4
176	4.5044274574236213E-4
177	4.1559172721678786E-4
178	4.016912816592077E-4
179	4.1214616938004304E-4
180	4.2757519771792734E-4
181	4.2290068576854723E-4
182	3.833918776365931E-4
183	3.357057174627703E-4
184	3.168460743967881E-4
185	3.504658396403517E-4
186	4.068139926031497E-4
187	4.4278853474686696E-4
188	4.3045569616107784E-4
189	4.025546214469172E-4
190	4.0699268383340994E-4
191	4.7420854442372994E-4
192	5.647660158176498E-4
193	6.217601984890906E-4
194	6.054305306701343E-4
195	5.445938016255023E-4
196	4.8521113837807667E-4
197	4.636078470794215E-4
198	4.775659503958322E-4
199	5.152316501222867E-4
200	5.647511480537634E-4
