#Rtg1_GEM_1.m6
#KSM version: 1
#143/143
#1.33
#k-mer/r.c.          	Offset	PosCt	wPosCt	NegCt	HgpLg10	CIDs	PosHits (base85 encoding)	NegHits (base85 encoding)
CGCTGGAAAT/ATTTCCAGCG	1	3	3	0	-1.8	*	J,fQLz!!!"L!!!9~	
TTCCGGGCGG/CCGCCCGGAA	-3	3	3	0	-1.8	*	!!!-%z!!!!#z!!E~	
$$$
%%%
0 0 0 0 0 0 0 10 0 0 0 0 0 0 0 0 0 0 10 0 0 0 0 0 0 0 0 0 0 0 0 0 0 0 0 0 0 0 0 0 0 0 0 0 0 0 0 0 0 0 0 0 0 0 0 0 0 0 0 0 0 0 0 0 0 0 0 0 0 0 0 0 0 0 0 0 0 0 0 0 0 0 0 0 0 0 0 0 0 10 0 0 0 0 0 10 0 0 0 0 0 0 0 0 0 0 0 0 0 0 0 0 0 0 0 10 0 0 0 0 0 0 0 0 0 0 0 0 0 0 0 0 0 0 0 0 0 0 10 0 0 0 0 
0 0 0 0 0 0 0 0 0 0 0 0 0 0 0 0 0 0 0 0 0 0 0 0 0 0 0 0 0 0 0 0 0 0 0 0 0 0 0 0 0 0 0 0 0 0 0 0 0 0 0 0 0 0 0 0 0 0 0 0 0 0 0 0 0 0 0 0 0 0 0 0 0 0 0 0 0 0 0 0 0 0 0 0 0 0 0 0 0 0 0 0 0 0 0 0 0 0 0 0 0 0 0 0 0 0 0 0 0 0 0 0 0 0 0 0 0 0 0 0 0 0 0 0 0 0 0 0 0 0 0 0 0 0 0 0 0 0 0 0 0 0 0 
1.3053 1.2075 1.2657 1.3632 1.1275 1.2048 1.1312 1.3806 1.1589 1.0246 1.3024 1.1565 0.9602 1.0432 1.1643 1.0440 1.1922 1.3064 1.1654 0.7633 1.0163 1.3381 1.2243 1.0214 0.8978 1.4284 0.9982 0.9712 1.1483 1.2945 0.9550 1.1372 0.9003 0.9370 0.9056 1.0026 1.0727 0.9479 0.7657 0.9740 1.2579 0.9699 1.0279 1.0434 0.7833 1.1099 0.7321 0.9476 1.0261 0.9354 0.8548 1.1368 0.9785 1.0915 1.0021 0.8803 0.9037 1.0357 1.0021 1.0243 0.9022 0.9008 0.8219 0.7934 0.7924 0.9420 0.8847 0.9454 0.8869 0.9175 0.8896 0.8947 0.9412 0.9515 0.9740 0.8814 1.0044 1.0717 0.9416 1.0274 0.7621 0.9193 1.2716 0.9906 1.0328 0.9149 0.8901 0.8388 0.9439 0.9162 0.8916 0.7703 1.1299 0.9658 1.3121 0.9405 0.7822 0.9219 0.9858 0.9416 0.7667 1.2492 1.1295 1.0394 0.9749 0.9335 1.0294 0.8870 0.8521 0.7348 0.9835 0.9615 0.9328 1.0579 0.9479 0.9022 0.8825 0.8746 1.0718 0.9412 0.9065 0.9902 0.7812 1.2541 1.0283 0.8638 0.9286 0.8299 0.8681 1.0942 0.8219 1.0159 1.2518 1.0230 0.8716 0.9274 0.9074 0.9235 1.1194 0.8083 0.9442 1.0193 1.2354 
