-300	9.815218235215005E-4
-299	9.876954150680997E-4
-298	9.895959761763383E-4
-297	9.829504764078555E-4
-296	9.634858853242902E-4
-295	9.311172285632088E-4
-294	9.025117560658862E-4
-293	8.985247738495237E-4
-292	9.32204682871859E-4
-291	9.853722638527732E-4
-290	0.0010320413924526839
-289	0.001053178456072015
-288	0.0010575598890712207
-287	0.0010609146375507614
-286	0.0010742046572928517
-285	0.0010893239428067256
-284	0.0010933994982833706
-283	0.0010773867245012225
-282	0.001047554608588515
-281	0.0010140005342609295
-280	9.86434803958873E-4
-279	9.730193950216564E-4
-278	9.815292035133165E-4
-277	0.0010150508547001325
-276	0.0010579178906573554
-275	0.0010897755826624785
-274	0.001096448743978485
-273	0.0010884803558103167
-272	0.0010825929413484042
-271	0.001092044804761597
-270	0.0011162373741324181
-269	0.0011511078585218085
-268	0.0011898553303495113
-267	0.0012147263154704713
-266	0.0012052292030984358
-265	0.001151141066010262
-264	0.001083313711235254
-263	0.0010428676293658269
-262	0.0010591826071595187
-261	0.0011146756160343614
-260	0.0011800229235735115
-259	0.0012299830015211294
-258	0.0012556431382654048
-257	0.0012521728263555326
-256	0.0012207159820230844
-255	0.001186314216229141
-254	0.0011799835636171585
-253	0.0012202622897192665
-252	0.0012757775836222884
-251	0.0013026788653017196
-250	0.001272182379060787
-249	0.0012157716665136388
-248	0.0011799970936021548
-247	0.0011994371495864706
-246	0.0012607828169997498
-245	0.0013387532016934122
-244	0.0014108202682648929
-243	0.0014654674162956883
-242	0.0014939309041133103
-241	0.0014909436546027418
-240	0.0014652252488788547
-239	0.0014289919326139927
-238	0.0013937586662284777
-237	0.0013682352691345477
-236	0.001360430275492419
-235	0.0013741867615938417
-234	0.0013966859722567026
-233	0.001410943694430422
-232	0.0014055772523041354
-231	0.0013916101190258388
-230	0.001385667304983244
-229	0.0013985646200020568
-228	0.0014178810716599626
-227	0.0014253864669726412
-226	0.001411392599326031
-225	0.0014003792075871066
-224	0.0014253680169931005
-223	0.0015059965090206452
-222	0.0016083651901039736
-221	0.0016851903229167175
-220	0.0017019708362616354
-219	0.001675336323457988
-218	0.0016346990439541629
-217	0.0016028624495434927
-216	0.0015761947613990963
-215	0.001544455393039038
-214	0.001504781052651331
-213	0.0014838176271037805
-212	0.0015155882979341407
-211	0.0016178931649907058
-210	0.0017436400013639392
-209	0.0018295134984548443
-208	0.0018282856772385175
-207	0.001757077876986424
-206	0.0016490987665441208
-205	0.0015402143663915898
-204	0.0014769201035465097
-203	0.0015083687566609853
-202	0.0016567302078564418
-201	0.001836242753131592
-200	0.001934161791954471
-199	0.0018755264572726013
-198	0.0017365108159514565
-197	0.0016310726683359986
-196	0.0016432369790455002
-195	0.001737297369796479
-194	0.0018476146265797642
-193	0.0019201974727517219
-192	0.001947646381130873
-191	0.0019342097619012763
-190	0.0018888645182500439
-189	0.0018395015253765065
-188	0.0018187401514830506
-187	0.0018474784248413592
-186	0.0018997290140003132
-185	0.001937783247578091
-184	0.0019352229704472246
-183	0.0019107920924976579
-182	0.001894525039873688
-181	0.0019086658604031146
-180	0.0019442970886477528
-179	0.0019847108808529195
-178	0.0020158378533295636
-177	0.002034162462651163
-176	0.0020388076254568258
-175	0.002032012060073296
-174	0.002028477691577859
-173	0.002046022246735437
-172	0.0020965825865706536
-171	0.0021685721091469446
-170	0.0022445233467874477
-169	0.002307324990660341
-168	0.0023412903673139637
-167	0.002331088962141695
-166	0.0022714672018811707
-165	0.0021974792786470477
-164	0.0021542563258982383
-163	0.0021747301273517955
-162	0.002243035067757332
-161	0.0023311061821226
-160	0.0024135098667032112
-159	0.002475337962746217
-158	0.002504313672746528
-157	0.0024957175131340987
-156	0.002475059256079074
-155	0.002475405987686642
-154	0.0025178168029784155
-153	0.0025753188326417074
-152	0.0026089312162802534
-151	0.0025923463837998215
-150	0.002549949926314309
-149	0.002518800725239644
-148	0.002525730597465689
-147	0.002556663101778042
-146	0.0025872947324362358
-145	0.0025949791432611636
-144	0.002563698626319173
-143	0.0024790926332379716
-142	0.0023397367054514098
-141	0.0021959507436179054
-140	0.0021109907382020196
-139	0.0021304068932895227
-138	0.002228926267451037
-137	0.0023635701328783964
-136	0.0024940470734577404
-135	0.0025908149198524415
-134	0.002627018814420177
-133	0.002588635784980416
-132	0.0025129704011997915
-131	0.002450159118206728
-130	0.0024368281519597987
-129	0.0024555627617381753
-128	0.002475437967651179
-127	0.0024750547615461586
-126	0.002471118022222583
-125	0.002489858600217949
-124	0.00254828990007152
-123	0.002626555542329632
-122	0.0026955817015403877
-121	0.0027326475561763094
-120	0.002740444300407609
-119	0.0027280161323289193
-118	0.0027064009687207046
-117	0.0026946116011067507
-116	0.0027136545396966786
-115	0.002774200275649622
-114	0.0028455752239227895
-113	0.002886769780422905
-112	0.0028702189424828772
-111	0.002822136113140356
-110	0.0027821792968591714
-109	0.0027766150340097586
-108	0.002778144008588959
-107	0.002746075440500214
-106	0.0026561954098439007
-105	0.002550197437508134
-104	0.002486251904577961
-103	0.0025038246871646776
-102	0.0025675636414845744
-101	0.0026234121187801896
-100	0.0026326132005391563
-99	0.0026176088892294943
-98	0.002616140917564321
-97	0.002655810706104039
-96	0.0027236584267982073
-95	0.002796583939443673
-94	0.0028578952516590617
-93	0.002916532962350115
-92	0.0029878458182443527
-91	0.003078777340220167
-90	0.003162650145759443
-89	0.003204381626494938
-88	0.003179126442006018
-87	0.003102988323658485
-86	0.003002308270764748
-85	0.002902560067297776
-84	0.0028257486358727706
-83	0.0027930116837654945
-82	0.0028184503012462494
-81	0.002888019110563509
-80	0.0029806361169602853
-79	0.0030705548908627543
-78	0.00311337126342973
-77	0.0030600166310031864
-76	0.0028900573119026015
-75	0.0026975993123574717
-74	0.0026053835605747955
-73	0.0026956354144915835
-72	0.002888517950964894
-71	0.003063678676581795
-70	0.003129949326376167
-69	0.0031128985491691275
-68	0.003067279222228603
-67	0.0030380469164183166
-66	0.0030309679769851745
-65	0.0030420114427718767
-64	0.003066323928434858
-63	0.0030957623518854905
-62	0.0031213612068488766
-61	0.0031354849207082193
-60	0.0031358176554791093
-59	0.0031213735068352367
-58	0.003096420514142112
-57	0.0030862424915325394
-56	0.003121377196831145
-55	0.0032183048712703167
-54	0.0033372756897134957
-53	0.0034244823104318863
-52	0.003442078854107626
-51	0.003416065291066605
-50	0.0033884030540456494
-49	0.003390154216831299
-48	0.0034087834174089515
-47	0.0034208559348137216
-46	0.003414406219532598
-45	0.003423345407860081
-44	0.003493053807542548
-43	0.0036440859420120457
-42	0.0037976931974433056
-41	0.003850301175696728
-40	0.003738729716969785
-39	0.003561375614808241
-38	0.003457029901094933
-37	0.0035242184227848574
-36	0.0037004062871216614
-35	0.003882793416421153
-34	0.003994769072283855
-33	0.004064479873449144
-32	0.004146261777941112
-31	0.0042725796681986426
-30	0.004388414124319798
-29	0.0044168746508174254
-28	0.004312704330005393
-27	0.004157180555401625
-26	0.004063214298325058
-25	0.004111089842582037
-24	0.004250584721928538
-23	0.00439884978260794
-22	0.004492782025058567
-21	0.004548263066498524
-20	0.004600920678340858
-19	0.0046778499007117
-18	0.0047720148485895135
-17	0.004867846905665844
-16	0.004980882168226866
-15	0.005251075582937277
-14	0.005849486809056403
-13	0.006833800918528024
-12	0.007808204634033746
-11	0.008263510090939638
-10	0.00785433510386673
-9	0.006890520204455972
-8	0.005845711603603278
-7	0.005092750372694043
-6	0.0046012570250715396
-5	0.004240046934568514
-4	0.003913915628236337
-3	0.003671579246000896
-2	0.003597734081006711
-1	0.003754161434543527
0	0.004110982640482012
1	0.004615404040838066
2	0.005180615586178362
3	0.00558374166127267
4	0.005567890259441533
5	0.004980917054624977
6	0.004089668443240976
7	0.003265738502326989
8	0.0027973634725493757
9	0.002639348249090103
10	0.002663139890760039
11	0.0027498284778675556
12	0.002819076176711041
13	0.002800188175086389
14	0.0026525633793018353
15	0.0024559755697149935
16	0.002320292245195817
17	0.002322246320470627
18	0.0024060323736912015
19	0.002482710398865683
20	0.0024846614224242974
21	0.0024295506004856017
22	0.0023563641215902376
23	0.0022968537044410057
24	0.002253833188389353
25	0.002222881942948886
26	0.002197028925370351
27	0.0021591014438530564
28	0.0020893763943334504
29	0.001979822885988289
30	0.0018691788809555585
31	0.0018078745546135544
32	0.0018260514667901937
33	0.0018726967151118839
34	0.0018765087816546542
35	0.0017904603735597409
36	0.0016646210982292004
37	0.0015733347881302956
38	0.0015685490504325752
39	0.0016126265911147353
40	0.0016455338908577582
41	0.0016225499250536576
42	0.0015602036479385748
43	0.0014903365084596829
44	0.0014413617195660473
45	0.001427979550214301
46	0.0014614620333629697
47	0.001541052923857976
48	0.0016178828640948343
49	0.0016310542183564582
50	0.001543279903508011
51	0.0014117150467436658
52	0.0013171253278398464
53	0.0013165328471384846
54	0.0013719853872435378
55	0.0014217871513244695
56	0.001418938108059395
57	0.0013752212881610344
58	0.0013171154878507585
59	0.0012670706580789075
60	0.0012314213687116971
61	0.001212473344344312
62	0.0012102056348607569
63	0.0012152905913003222
64	0.0012160738899911195
65	0.0012056858157878435
66	0.0011963950876515285
67	0.0012052550330697927
68	0.0012399895051642606
69	0.0012710044595925839
70	0.0012593763776464193
71	0.0011832127631091116
72	0.0010887452097307522
73	0.0010392363337531187
74	0.0010785829474145693
75	0.001173218646939782
76	0.0012702112245500145
77	0.0013269365110232438
78	0.0013420024913643235
79	0.0013243251891348255
80	0.0012840815215687414
81	0.0012364919805897402
82	0.001198037951793909
83	0.0011804039995866099
84	0.001176087403610303
85	0.0011727886223167237
86	0.001161300282068899
87	0.0011447836808750281
88	0.0011294922846546034
89	0.0011203894475755268
90	0.0011172780767993423
91	0.0011186709677360046
92	0.0011224753362707954
93	0.0011241760801903081
94	0.0011186525177564641
95	0.0011022260157520255
96	0.0010769861350431223
97	0.0010464644850167264
98	0.001015712862052504
99	9.958638105009043E-4
100	9.99570061705071E-4
101	0.0010327609428832896
102	0.0010744721647544155
103	0.0010970160339124466
104	0.001081105258827266
105	0.0010410541554723065
106	9.995774416968872E-4
107	9.74165928018124E-4
108	9.614147956243244E-4
109	9.526953183715919E-4
110	9.409086671197017E-4
111	9.250756007431118E-4
112	9.057467751199511E-4
113	8.859265839904498E-4
114	8.784343725432423E-4
115	8.985432238290641E-4
116	9.524458315603574E-4
117	0.001010013332096391
118	0.0010320364724581397
119	9.93132475606762E-4
120	9.232244682641458E-4
121	8.660620530923631E-4
122	8.5351265533436E-4
123	8.699149905565878E-4
124	8.877255969063734E-4
125	8.8717566909053E-4
126	8.795950280538181E-4
127	8.840881513004849E-4
128	9.12308792553083E-4
129	9.461078104073885E-4
130	9.598853396774828E-4
131	9.366983650928173E-4
132	8.942312710443237E-4
133	8.588252918383032E-4
134	8.499654731899853E-4
135	8.59712106450313E-4
136	8.732692943791581E-4
137	8.777648145464302E-4
138	8.680211437621932E-4
139	8.407844336465487E-4
140	7.959750036535827E-4
141	7.46209844573315E-4
142	7.072801150297491E-4
143	6.911792655291604E-4
144	6.947099141069144E-4
145	7.108769706806484E-4
146	7.318755608656789E-4
147	7.466616730680374E-4
148	7.433815113914342E-4
149	7.161433247134157E-4
150	6.829035410068716E-4
151	6.675806330185284E-4
152	6.854943079144605E-4
153	7.175692105381375E-4
154	7.36131220152378E-4
155	7.217563364844984E-4
156	6.880210411198078E-4
157	6.567519361081132E-4
158	6.447512619462062E-4
159	6.487238129188142E-4
160	6.603500217576486E-4
161	6.724688635667718E-4
162	6.825534829396464E-4
163	6.892355668420866E-4
164	6.916675234046822E-4
165	6.910846454171299E-4
166	6.892429468339028E-4
167	6.881332266723475E-4
168	6.906854242013081E-4
169	7.000642637525016E-4
170	7.1757463872496E-4
171	7.370821187869712E-4
172	7.505924426741374E-4
173	7.515668799243957E-4
174	7.392888232850234E-4
175	7.144971963056324E-4
176	6.798515838887548E-4
177	6.456942163486048E-4
178	6.242879853523165E-4
179	6.234329069974863E-4
180	6.330774951035612E-4
181	6.387073879204508E-4
182	6.310495068044929E-4
183	6.217959055377396E-4
184	6.278799210086717E-4
185	6.592203236324385E-4
186	6.976776179308639E-4
187	7.180977419524398E-4
188	7.02774020296752E-4
189	6.637893237677589E-4
190	6.206739097205127E-4
191	5.895617316129949E-4
192	5.730015273149059E-4
193	5.70145730798877E-4
194	5.790697104630845E-4
195	5.935405724078892E-4
196	6.062483571591981E-4
197	6.114794750164168E-4
198	6.099058153729435E-4
199	6.037956373956759E-4
200	5.954172002515111E-4
