-300	9.069029946967991E-4
-299	9.171992163171984E-4
-298	9.278767683059095E-4
-297	9.393169810312441E-4
-296	9.519011848615141E-4
-295	9.654660109246018E-4
-294	9.776692933866726E-4
-293	9.85624167173462E-4
-292	9.868888942224075E-4
-291	9.808022445177548E-4
-290	9.671481150554498E-4
-289	9.479079910972263E-4
-288	9.33853710967963E-4
-287	9.37954701258325E-4
-286	9.679595578851718E-4
-285	0.001010733554070142
-284	0.0010479211323610673
-283	0.0010659795667482422
-282	0.001070617456991804
-281	0.0010723562342943515
-280	0.0010796972209072384
-279	0.0010930613032768418
-278	0.0011108492588982949
-277	0.0011305058692126927
-276	0.0011456519314449872
-275	0.0011489522467660923
-274	0.0011369319181276046
-273	0.001121557255603844
-272	0.0011186548710498132
-271	0.0011388739099944239
-270	0.0011721536526622318
-269	0.0012032559129517032
-268	0.0012206289398572468
-267	0.001227466722757039
-266	0.0012306496861252006
-265	0.0012362617224874579
-264	0.0012472005965759696
-263	0.0012655675411745023
-262	0.0012904704311580515
-261	0.0013090437097665305
-260	0.0013054284623310818
-259	0.0012717063556278861
-258	0.0012317213822132774
-257	0.0012172581160886276
-256	0.0012497394020388795
-255	0.001309141167983262
-254	0.0013650776126245751
-253	0.0013937475859563306
-252	0.0013976885431348928
-251	0.0013860225906073395
-250	0.001368059576702353
-249	0.001353860317275038
-248	0.0013536733700621054
-247	0.0013747766909432762
-246	0.0014125658283703183
-245	0.0014594657289380098
-244	0.0015073004924440292
-243	0.0015454908314976516
-242	0.0015628566119110518
-241	0.0015538265622604213
-240	0.0015352648621780236
-239	0.0015296445540601395
-238	0.0015526727932888723
-237	0.0015929931871896204
-236	0.0016324834560736046
-235	0.0016564066800151321
-234	0.0016635673781408586
-233	0.0016561554293405257
-232	0.0016386619779323265
-231	0.0016247832299482584
-230	0.0016305166568487718
-229	0.0016654697731608994
-228	0.0017136902656780175
-227	0.0017528358642600877
-226	0.0017674868007297184
-225	0.0017699133147601155
-224	0.0017793081479871328
-223	0.0018087945445520262
-222	0.001847217758617658
-221	0.0018773535468522926
-220	0.0018864070956373896
-219	0.00187930131020719
-218	0.0018653885255091296
-217	0.001853835834061016
-216	0.0018530693586621412
-215	0.0018713299796821695
-214	0.0019122275087996034
-213	0.0019608474829283023
-212	0.0019976443702909635
-211	0.0020094926418953094
-210	0.002008946779889159
-209	0.0020149812692053567
-208	0.0020395236501447485
-207	0.0020663136844801923
-206	0.0020720441893525504
-205	0.002043972827028188
-204	0.002011616640275494
-203	0.0020150575169883625
-202	0.002079724002769348
-201	0.002172431274055649
-200	0.002245341164993124
-199	0.002263322664718447
-198	0.0022420733823315577
-197	0.0022099980819232125
-196	0.002190635868783282
-195	0.002188063212998107
-194	0.0022014909258531437
-193	0.0022292498981438154
-192	0.0022661513387054136
-191	0.0023061265358831967
-190	0.0023431268137172655
-189	0.0023711836390270893
-188	0.002384348514326979
-187	0.002380542938195236
-186	0.0023731683934661253
-185	0.0023794963590379
-184	0.002410210957930327
-183	0.002449646889649223
-182	0.0024755514978219177
-181	0.0024739281380646147
-180	0.0024638042139490165
-179	0.002472463141035698
-178	0.0025175500769577855
-177	0.0025781571476385986
-176	0.002623738221074005
-175	0.0026320233517089613
-174	0.0026138473397847705
-173	0.002588321171991823
-172	0.0025713531407297588
-171	0.00256604076123522
-170	0.0025722788544540985
-169	0.002590743896482315
-168	0.0026252389840159054
-167	0.0026803488689009364
-166	0.002754473787588896
-165	0.002821275914952963
-164	0.0028482329104717384
-163	0.0028150470271862205
-162	0.002750318892386996
-161	0.002694873726927051
-160	0.002679269830617616
-159	0.0026929978191029174
-158	0.0027152813869854315
-157	0.0027301897184936657
-156	0.002741173956360268
-155	0.0027565307329439183
-154	0.002781344430347072
-153	0.0028078504296472767
-152	0.0028250718616658526
-151	0.00282584156503706
-150	0.002818231209646917
-149	0.00281412217319438
-148	0.002823287823350927
-147	0.0028470694876781277
-146	0.002884700483710075
-145	0.002933203423388749
-144	0.0029807580962876944
-143	0.003013333586388344
-142	0.0030207454398101857
-141	0.0030081950512249192
-140	0.0029847302774422997
-139	0.0029589245750225434
-138	0.002937453799527723
-137	0.0029265194062703713
-136	0.0029301670175840133
-135	0.0029438189238861325
-134	0.0029607415826152002
-133	0.002974120074897282
-132	0.0029768139766088177
-131	0.00296160148731384
-130	0.0029248671420336048
-129	0.002877420817618274
-128	0.002833678726375237
-127	0.002807696660544367
-126	0.0028120887320954953
-125	0.0028591086329309403
-124	0.0029497710804459536
-123	0.0030401348940075302
-122	0.0030750199184755985
-121	0.003019499275675287
-120	0.002919659195292524
-119	0.0028418391839784363
-118	0.0028343584249251414
-117	0.002873454807488713
-116	0.002917345897566216
-115	0.002934142270239307
-114	0.002931526537328021
-113	0.0029270743198369868
-112	0.0029321432028308024
-111	0.002933218627613942
-110	0.0029105679995508464
-109	0.0028533075953920024
-108	0.0027859491774320797
-107	0.0027418533793517924
-106	0.0027446472206346657
-105	0.002779023263975472
-104	0.0028199404578717947
-103	0.0028460156328879334
-102	0.002850497147855063
-101	0.0028302912436710716
-100	0.0027854070647114204
-99	0.002728265369261848
-98	0.002674389819085664
-97	0.002639934995110535
-96	0.0026435791549215626
-95	0.0027046314752682083
-94	0.0028276016112411995
-93	0.0029578011312963283
-92	0.0030257420822306525
-91	0.002985358250574271
-90	0.0028842703817894377
-89	0.0027935209610714462
-88	0.002764934811305123
-87	0.002773466106133435
-86	0.0027748513568888805
-85	0.002738218760084264
-84	0.0026862632529536094
-83	0.002655071457911245
-82	0.0026714709207350906
-81	0.002725252880657433
-80	0.002796949500274153
-79	0.0028662669926935776
-78	0.0029096077730738357
-77	0.0029025483070855037
-76	0.0028353033733911556
-75	0.0027566410026213586
-74	0.0027299675383986744
-73	0.0027935045287500494
-72	0.0028847343393199614
-71	0.00291595454015727
-70	0.0028296758764424
-69	0.0026892617938820283
-68	0.002588288913314397
-67	0.002595092140221549
-66	0.0026770395186607385
-65	0.0027762573773330197
-64	0.002844663354069456
-63	0.0028733403232211454
-62	0.0028631624682691915
-61	0.0028201897890899118
-60	0.002771225551140471
-59	0.0027482588362732485
-58	0.0027720212631805385
-57	0.0028182145979143117
-56	0.0028512831433664546
-55	0.002844728455907054
-54	0.002808281105818997
-53	0.0027607289168633696
-52	0.002717934930218382
-51	0.0026840630567307408
-50	0.0026603524246642763
-49	0.002648726822142984
-48	0.002653848676731513
-47	0.0026810650758546804
-46	0.002730960572572961
-45	0.002785069582489484
-44	0.002820163986843039
-43	0.0028212572067835293
-42	0.002806328823105315
-41	0.002801599956513866
-40	0.0028242824734028256
-39	0.002855551222918515
-38	0.0028675717998954287
-37	0.002844148454856623
-36	0.00281564006107942
-35	0.002824044147529704
-34	0.0028937730052324383
-33	0.0029788979734489017
-32	0.0030159051534994503
-31	0.0029649858710402836
-30	0.0028811523490709775
-29	0.0028431220349269507
-28	0.0029085478354574537
-27	0.003050824495567065
-26	0.0032222822196741954
-25	0.003384999984482699
-24	0.003540051855838213
-23	0.00369826067187182
-22	0.0038704718898627767
-21	0.004067621443683042
-20	0.0043006678863527475
-19	0.0046151220133260114
-18	0.00519470358979289
-17	0.0062576846233774255
-16	0.007900557931818136
-15	0.009732699573311458
-14	0.011241706416168304
-13	0.012037088503140232
-12	0.012216008574741383
-11	0.011997542545926543
-10	0.011568823251299699
-9	0.010989211204061662
-8	0.010286123837062452
-7	0.0094854197404931
-6	0.008606722133908716
-5	0.00766809539420543
-4	0.006720997004443328
-3	0.005950456872338343
-2	0.0055748980117703685
-1	0.005721491446861467
0	0.006152400242702382
1	0.006538535474626028
2	0.006617368257966092
3	0.006392609868059373
4	0.005934531620243447
5	0.005316402638786683
6	0.004623483283680644
7	0.00394403172384769
8	0.003352874405849871
9	0.002871110886808001
10	0.002506409001482586
11	0.0022597588824326362
12	0.0021054398534111835
13	0.002011053535969769
14	0.0019444462569337278
15	0.0018744431642235963
16	0.0017701141110337073
17	0.0016134771182536123
18	0.0014383428775537404
19	0.0012914702482997383
20	0.0012074111019280574
21	0.0011718893581583703
22	0.001158421948781155
23	0.0011449185180937927
24	0.0011268595604212867
25	0.001104118282595544
26	0.0010776837429679349
27	0.0010530084059676877
28	0.0010366605875434935
29	0.0010324237461577191
30	0.0010329419103274336
31	0.0010280742510833801
32	0.0010112386845295928
33	9.900881070632644E-4
34	9.758341601548786E-4
35	9.760272118827596E-4
36	9.835725367565965E-4
37	9.877141358939196E-4
38	9.805261152874066E-4
39	9.654030004303236E-4
40	9.485694216910837E-4
41	9.343561682400025E-4
42	9.195186644550054E-4
43	8.989184935159207E-4
44	8.709291638508535E-4
45	8.479718848810186E-4
46	8.459797912759074E-4
47	8.731003851123149E-4
48	9.063386380962502E-4
49	9.149138893410257E-4
50	8.797981242590284E-4
51	8.289739134589474E-4
52	8.021764738485463E-4
53	8.256948833559975E-4
54	8.720336639911078E-4
55	9.002511987840929E-4
56	8.817355177228984E-4
57	8.371932386263928E-4
58	7.996606262711749E-4
59	7.929435816877895E-4
60	8.039265509225655E-4
61	8.102636162757788E-4
62	7.96794714361538E-4
63	7.771031990492891E-4
64	7.719582785223115E-4
65	7.954529204650154E-4
66	8.349751305663332E-4
67	8.712366740163282E-4
68	8.886666522412998E-4
69	8.865635116124957E-4
70	8.679430347374005E-4
71	8.371314049012969E-4
72	8.03696408100664E-4
73	7.785162310097798E-4
74	7.693064056673892E-4
75	7.711318455701071E-4
76	7.758948095790157E-4
77	7.768481932971423E-4
78	7.726474392952961E-4
79	7.63298626886231E-4
80	7.493457821001125E-4
81	7.334847178367515E-4
82	7.189491937133699E-4
83	7.085304215517036E-4
84	7.032494219915454E-4
85	7.036846678772019E-4
86	7.091507242840219E-4
87	7.139065252115217E-4
88	7.109470968902592E-4
89	6.956056377012713E-4
90	6.725680346275087E-4
91	6.488583468024008E-4
92	6.31090578449415E-4
93	6.242385141521729E-4
94	6.328658835843344E-4
95	6.574786057338706E-4
96	6.823513568459997E-4
97	6.877010024802517E-4
98	6.611881569130987E-4
99	6.202484292887817E-4
100	5.897611774684848E-4
101	5.875590842496943E-4
102	6.032881321751085E-4
103	6.195476287237285E-4
104	6.227467041590476E-4
105	6.145337798825287E-4
106	6.003671000801273E-4
107	5.851840433166401E-4
108	5.718385256722285E-4
109	5.62663597605895E-4
110	5.588788150836254E-4
111	5.572497560993365E-4
112	5.534285041539277E-4
113	5.451225858332663E-4
114	5.3826130006309E-4
115	5.408293888541043E-4
116	5.572418823596404E-4
117	5.776349633035342E-4
118	5.885751025522471E-4
119	5.809676723205017E-4
120	5.630736502160653E-4
121	5.474929151949653E-4
122	5.432285353038872E-4
123	5.448963349521474E-4
124	5.435153276397194E-4
125	5.331338944522198E-4
126	5.19917886817834E-4
127	5.130625237503898E-4
128	5.187862038865782E-4
129	5.314000443545407E-4
130	5.422383419052823E-4
131	5.447639630520367E-4
132	5.409540533569538E-4
133	5.349143281444127E-4
134	5.29585724487424E-4
135	5.232500664535257E-4
136	5.130243998588868E-4
137	4.97893654041402E-4
138	4.8431429242586663E-4
139	4.8061066195880176E-4
140	4.916114772240569E-4
141	5.081629233547986E-4
142	5.176155531215223E-4
143	5.110115373423179E-4
144	4.941595190256528E-4
145	4.7655975922758877E-4
146	4.662188336009402E-4
147	4.651685761855317E-4
148	4.739471356179407E-4
149	4.908854616427888E-4
150	5.054857084368762E-4
151	5.050428312850471E-4
152	4.819594099712373E-4
153	4.4906852227574804E-4
154	4.243108704779712E-4
155	4.206857747732969E-4
156	4.314270270211075E-4
157	4.4482703699678326E-4
158	4.5175438425810104E-4
159	4.5338232749242484E-4
160	4.534602951695156E-4
161	4.5431733395465975E-4
162	4.526009632952467E-4
163	4.4353832083419135E-4
164	4.2499559359514223E-4
165	4.053951661246818E-4
166	3.9579847235012597E-4
167	4.03730845895328E-4
168	4.2257321917029095E-4
169	4.4217042428155485E-4
170	4.540544101407278E-4
171	4.5650559287968914E-4
172	4.494915054353859E-4
173	4.3388787483778375E-4
174	4.142032044889225E-4
175	3.95854191883861E-4
176	3.835272257819973E-4
177	3.789874600000884E-4
178	3.83269739619231E-4
179	3.958889239495159E-4
180	4.102799292170106E-4
181	4.183576858767766E-4
182	4.142818197988127E-4
183	4.0119073851286664E-4
184	3.844675449636236E-4
185	3.691668391680036E-4
186	3.5902920943186743E-4
187	3.574667411333106E-4
188	3.664146476011899E-4
189	3.8190065396740715E-4
190	3.984756133146251E-4
191	4.112851997763165E-4
192	4.178543716891947E-4
193	4.163029084407833E-4
194	4.061496070574748E-4
195	3.925093351211396E-4
196	3.818959778525172E-4
197	3.7934023960687176E-4
198	3.839401012775657E-4
199	3.933103628924857E-4
200	4.0506582447951886E-4
