#Gcn4_GEM_1.m3
#KSM version: 1
#852/852
#2.44
#k-mer/r.c.    	Offset	PosCt	wPosCt	NegCt	HgpLg10	CIDs	PosHits (base85 encoding)	NegHits (base85 encoding)
ACCCGGA/TCCGGGT	1	15	15	0	-5.5	*	&-)\1zz!!%NL!!!QAz!!",Az!'hY.zzzz!!!Q1zz!WW3#!!!Q1!!!!%z!!!!a!!",Azz!$D~	
$$$
%%%
0 0 0 0 7 0 0 0 0 0 0 0 0 0 0 0 0 0 0 0 0 0 0 0 0 0 0 0 0 0 0 0 0 0 0 0 0 0 0 0 0 0 0 0 0 0 0 0 0 0 0 0 0 0 0 0 0 0 0 0 0 0 0 0 0 0 0 0 0 0 0 0 0 0 0 0 0 0 0 0 0 0 0 0 0 0 0 0 0 0 0 0 0 0 0 0 0 0 0 0 0 0 0 0 0 0 0 0 0 0 0 0 0 0 0 0 0 0 0 7 0 0 0 0 0 0 0 0 0 0 0 0 0 0 0 0 0 0 0 0 0 0 0 0 0 0 0 0 7 0 0 0 0 0 0 0 7 0 0 0 0 0 0 0 0 0 0 0 0 0 0 0 0 0 0 0 0 0 0 0 0 0 0 0 0 0 0 0 0 0 0 0 0 0 0 0 0 0 0 0 0 0 0 0 0 0 0 0 0 0 0 0 0 7 0 0 0 0 0 0 0 0 0 0 0 0 0 0 0 0 0 0 0 0 0 0 0 0 0 0 0 0 0 0 0 0 0 0 0 0 0 0 0 0 0 0 0 0 0 0 0 0 0 0 0 0 0 0 0 0 7 0 0 0 0 0 0 7 0 0 0 7 0 0 0 0 0 0 0 0 0 0 0 0 0 0 0 0 0 0 0 0 0 0 0 0 0 0 0 0 0 0 0 0 0 0 0 0 0 0 0 0 0 0 0 0 0 0 0 0 0 0 0 0 0 0 0 0 0 0 0 0 0 0 0 0 0 0 0 0 0 0 0 0 0 0 0 0 0 0 0 0 0 0 0 0 0 0 0 0 0 0 0 0 0 0 0 0 0 0 0 0 0 0 0 0 0 0 0 0 0 0 0 0 0 0 0 0 0 0 0 0 0 0 0 0 0 0 0 0 0 0 0 0 0 0 0 0 0 0 0 0 0 0 0 0 0 0 0 0 0 0 0 0 0 0 7 0 0 0 0 0 0 0 0 0 0 0 0 0 0 0 0 0 0 0 0 0 0 0 0 0 0 0 0 0 0 0 0 0 0 0 0 0 0 0 0 0 0 0 0 0 0 0 0 0 0 0 0 0 0 0 0 0 0 0 0 0 0 0 0 0 0 0 0 0 0 0 0 0 0 0 0 7 0 0 0 0 0 0 0 0 0 0 0 0 0 0 0 0 0 0 0 0 0 0 0 0 0 0 0 0 0 0 0 0 0 0 0 0 0 0 0 0 0 0 0 0 0 0 0 0 0 0 7 0 0 0 0 0 0 0 0 0 0 0 0 0 0 0 0 0 0 0 0 0 0 0 0 0 0 0 0 0 0 0 0 0 0 0 0 0 7 0 0 0 0 0 0 0 0 0 0 0 0 0 0 0 0 0 0 0 0 0 0 0 0 0 0 0 0 0 0 0 0 0 0 0 0 0 0 0 0 0 0 0 0 0 0 0 0 0 0 0 0 0 0 0 0 0 0 0 0 0 0 0 0 0 0 0 7 0 0 0 0 0 0 0 0 0 0 0 0 0 0 0 0 0 0 0 0 0 0 7 0 0 0 0 0 0 0 0 0 0 0 0 0 0 0 0 0 0 0 0 0 0 0 0 0 0 0 0 0 0 0 0 0 0 0 0 0 0 0 0 0 0 0 0 0 0 0 0 0 0 0 0 0 0 0 0 0 0 0 0 0 0 0 0 0 0 0 0 0 0 0 0 0 0 0 0 0 0 0 0 0 0 0 0 0 0 0 7 0 0 0 0 0 0 0 0 0 0 0 0 0 0 0 0 0 0 0 0 0 0 0 0 0 0 0 0 0 0 0 0 0 0 0 0 0 0 0 0 0 0 0 0 0 0 0 0 0 0 0 0 0 0 0 0 0 0 0 0 0 0 0 0 0 0 0 0 0 0 
0 0 0 0 0 0 0 0 0 0 0 0 0 0 0 0 0 0 0 0 0 0 0 0 0 0 0 0 0 0 0 0 0 0 0 0 0 0 0 0 0 0 0 0 0 0 0 0 0 0 0 0 0 0 0 0 0 0 0 0 0 0 0 0 0 0 0 0 0 0 0 0 0 0 0 0 0 0 0 0 0 0 0 0 0 0 0 0 0 0 0 0 0 0 0 0 0 0 0 0 0 0 0 0 0 0 0 0 0 0 0 0 0 0 0 0 0 0 0 0 0 0 0 0 0 0 0 0 0 0 0 0 0 0 0 0 0 0 0 0 0 0 0 0 0 0 0 0 0 0 0 0 0 0 0 0 0 0 0 0 0 0 0 0 0 0 0 0 0 0 0 0 0 0 0 0 0 0 0 0 0 0 0 0 0 0 0 0 0 0 0 0 0 0 0 0 0 0 0 0 0 0 0 0 0 0 0 0 0 0 0 0 0 0 0 0 0 0 0 0 0 0 0 0 0 0 0 0 0 0 0 0 0 0 0 0 0 0 0 0 0 0 0 0 0 0 0 0 0 0 0 0 0 0 0 0 0 0 0 0 0 0 0 0 0 0 0 0 0 0 0 0 0 0 0 0 0 0 0 0 0 0 0 0 0 0 0 0 0 0 0 0 0 0 0 0 0 0 0 0 0 0 0 0 0 0 0 0 0 0 0 0 0 0 0 0 0 0 0 0 0 0 0 0 0 0 0 0 0 0 0 0 0 0 0 0 0 0 0 0 0 0 0 0 0 0 0 0 0 0 0 0 0 0 0 0 0 0 0 0 0 0 0 0 0 0 0 0 0 0 0 0 0 0 0 0 0 0 0 0 0 0 0 0 0 0 0 0 0 0 0 0 0 0 0 0 0 0 0 0 0 0 0 0 0 0 0 0 0 0 0 0 0 0 0 0 0 0 0 0 0 0 0 0 0 0 0 0 0 0 0 0 0 0 0 0 0 0 0 0 0 0 0 0 0 0 0 0 0 0 0 0 0 0 0 0 0 0 0 0 0 0 0 0 0 0 0 0 0 0 0 0 0 0 0 0 0 0 0 0 0 0 0 0 0 0 0 0 0 0 0 0 0 0 0 0 0 0 0 0 0 0 0 0 0 0 0 0 0 0 0 0 0 0 0 0 0 0 0 0 0 0 0 0 0 0 0 0 0 0 0 0 0 0 0 0 0 0 0 0 0 0 0 0 0 0 0 0 0 0 0 0 0 0 0 0 0 0 0 0 0 0 0 0 0 0 0 0 0 0 0 0 0 0 0 0 0 0 0 0 0 0 0 0 0 0 0 0 0 0 0 0 0 0 0 0 0 0 0 0 0 0 0 0 0 0 0 0 0 0 0 0 0 0 0 0 0 0 0 0 0 0 0 0 0 0 0 0 0 0 0 0 0 0 0 0 0 0 0 0 0 0 0 0 0 0 0 0 0 0 0 0 0 0 0 0 0 0 0 0 0 0 0 0 0 0 0 0 0 0 0 0 0 0 0 0 0 0 0 0 0 0 0 0 0 0 0 0 0 0 0 0 0 0 0 0 0 0 0 0 0 0 0 0 0 0 0 0 0 0 0 0 0 0 0 0 0 0 0 0 0 0 0 0 0 0 0 0 0 0 0 0 0 0 0 0 0 0 0 0 0 0 0 0 0 0 0 0 0 0 0 0 0 0 0 0 0 0 0 0 0 0 0 0 0 0 0 0 0 0 0 0 0 0 0 0 0 0 0 0 0 0 0 0 0 0 0 0 0 0 0 0 0 0 0 0 0 0 0 0 0 0 0 0 0 0 0 0 0 0 0 0 0 0 0 0 0 0 0 0 0 0 0 0 0 0 0 0 0 0 0 0 0 0 0 0 0 0 0 0 0 0 0 0 0 0 0 0 0 0 0 0 
1.4548 1.4090 1.3532 1.4074 1.4739 1.3509 1.3635 1.3907 1.3443 1.2929 1.3567 1.3675 1.3347 1.2216 1.2873 1.3113 1.2230 1.2835 1.3175 1.1784 0.9741 1.2311 1.2576 1.1724 0.8715 1.0098 1.2732 1.2418 1.3144 1.1528 1.1128 1.0180 1.2843 1.2705 1.1813 1.1984 1.0004 1.2141 1.2150 1.2774 1.2068 1.1236 1.1577 0.9400 1.2940 1.2553 1.2605 1.3388 1.1232 0.9657 1.1656 1.3832 0.9376 1.1291 0.9457 1.0679 1.1556 1.0673 1.1465 0.8736 0.9797 0.9702 1.0230 1.2388 0.7644 0.8808 0.9869 0.8983 0.9156 1.2313 1.2000 1.1337 1.3009 1.2514 0.9460 1.1333 0.9014 1.1821 1.0330 1.2119 1.0188 1.1915 1.2123 1.2049 1.1778 0.9172 1.1048 1.0071 1.0724 0.9810 0.9400 1.3563 0.9152 1.0924 0.9407 0.9713 0.9834 1.0869 1.2301 0.8938 0.9760 1.2023 1.0004 0.8798 1.0104 0.9771 0.9705 1.0202 0.8988 0.7899 0.9823 1.0440 1.0008 0.9023 0.8541 1.0849 1.0174 1.1853 1.2300 0.9705 1.2441 1.3043 0.7899 1.0756 0.8818 1.0003 1.1975 1.0914 0.8896 0.9625 1.2037 0.9651 0.9287 1.0401 1.0089 0.9524 1.0775 0.9800 0.9633 1.0168 1.0371 1.0254 1.0496 0.8947 0.9864 0.9369 0.9921 1.0457 0.9857 1.1561 1.0736 0.9685 1.1387 0.9486 1.0018 0.9070 1.2758 1.1856 1.1540 1.0424 0.9836 1.0170 0.9616 0.9287 0.9053 0.9249 1.1064 1.0056 0.8853 0.9610 0.9215 0.9682 0.8757 0.8736 0.8449 1.1947 0.9619 0.9483 1.0954 0.9355 0.9074 0.8410 1.0971 1.0400 0.9316 0.8867 1.0555 1.1277 1.2152 0.9555 1.2135 1.0174 0.9358 1.0933 0.9057 1.1944 1.0818 1.2725 1.0414 0.9470 0.9716 1.1866 0.9156 0.8633 0.9116 1.0568 1.0822 1.2217 0.9571 0.9983 0.9489 1.0013 0.9697 0.9312 0.9027 0.9802 0.9489 1.0045 0.9823 1.0803 1.0142 1.0768 1.0218 0.9869 1.1239 1.1002 1.0268 0.9992 0.9070 0.9184 1.0821 0.8891 1.0250 1.1823 1.1440 0.9156 1.0797 1.0775 1.1828 0.8924 1.0910 1.1931 0.8644 0.9741 0.9859 0.9140 0.9211 0.9238 1.0188 1.1086 0.9680 0.9583 0.9607 0.8742 1.1486 0.9622 0.9393 0.8979 0.8605 0.9230 0.9628 1.1378 0.9805 1.2065 0.9330 0.9407 0.9053 0.9204 0.9330 1.0051 0.9628 0.9124 1.0528 0.9537 0.8762 0.8974 0.9196 0.8611 1.1260 0.8833 0.8828 0.8731 0.9738 0.9070 0.9826 1.0486 0.9062 0.8644 1.1746 0.9062 0.8768 0.9271 0.8683 0.8149 1.0031 0.9200 0.9797 0.8742 0.9120 0.9904 0.8650 0.9864 1.1512 0.8992 0.8731 1.0980 0.9869 0.9595 0.8910 0.9420 0.9911 0.9727 1.1201 0.9393 1.0410 0.9136 1.2266 0.9768 0.8364 0.9128 0.9057 0.8947 0.9128 0.9144 0.8910 0.9916 1.0972 0.9108 1.1011 0.9691 1.2041 1.1332 0.9032 1.1451 0.9745 0.8924 1.0358 0.8570 0.8803 0.8650 0.9272 0.7881 0.8788 1.0710 0.9337 0.9746 1.1553 0.9156 0.9543 0.9978 0.9160 1.0214 1.1310 1.0392 0.9781 0.9207 0.9776 0.9095 1.0686 1.0336 0.9680 0.8504 0.9156 0.9215 1.0566 1.0040 0.9238 0.8768 1.0438 1.1464 0.9005 1.1876 1.2147 1.1010 0.9379 1.1362 0.9207 0.9253 0.9479 1.1580 0.9323 0.8919 1.0242 1.0192 0.9323 1.0430 0.8747 1.0015 1.1556 0.8929 1.0676 1.0947 0.9156 0.9023 1.1848 1.0182 1.2403 1.0027 0.9889 1.0394 0.9410 0.9926 0.9172 0.9754 1.1664 0.7737 0.8172 1.1602 1.0038 0.8742 0.9173 1.0036 0.9943 0.9660 0.9070 1.1345 1.0365 0.9887 1.0944 0.9323 1.1186 0.8762 1.1426 0.9062 0.9738 1.0697 0.8768 0.8593 0.9344 0.9768 0.9489 0.8078 1.0057 0.9808 0.8721 1.2201 0.8929 1.2273 1.2570 0.8793 1.0212 0.8823 0.9966 0.9312 0.8910 0.8736 0.9057 1.1276 0.9413 1.2211 0.9473 1.0623 1.0174 1.0501 1.0673 0.8798 1.0198 1.1427 0.9795 0.8639 1.0329 0.8628 0.8060 0.8688 0.9787 1.0469 0.7777 0.9099 0.9948 1.0919 0.9476 0.9654 0.9564 0.8337 1.0511 0.9128 0.8582 0.9716 0.8102 0.9176 0.9779 0.9108 0.9107 0.9630 1.0022 0.9423 0.8605 0.9911 1.0452 0.9486 0.9630 0.7951 0.9437 0.9524 1.0797 1.1225 0.8672 0.9511 0.9344 1.0612 0.9136 1.1044 0.9272 0.9272 0.9400 0.8504 0.8672 0.9074 1.0394 0.9527 0.9294 1.0491 1.0943 0.9238 0.9228 0.9150 1.0387 0.8694 0.8633 0.8667 1.1301 0.9518 1.0264 1.1505 1.0126 0.9957 0.8736 0.8179 0.8321 0.8316 0.9682 0.9680 1.0071 0.9959 0.8997 0.9053 1.1291 0.9180 0.8867 0.8736 0.8656 1.0833 0.9074 0.9598 1.0045 0.9549 1.0247 0.8905 1.0493 0.8843 0.8599 1.0596 0.9045 0.9417 1.0747 0.8461 0.8553 1.1685 1.0034 1.0100 0.9505 0.8590 0.9447 0.9279 0.9749 0.9705 0.9099 0.9389 0.9894 0.9990 1.1762 0.9200 0.9427 0.9733 0.8924 0.8872 1.0188 1.1015 1.0796 0.8397 1.0612 1.0180 1.1700 0.9615 1.0354 0.9079 0.8633 1.0268 1.0601 0.8331 0.9344 0.9308 1.0115 0.9168 1.1866 1.1726 0.8910 0.9074 1.0808 0.9508 1.0968 1.0051 0.9176 1.0721 1.1209 1.0102 0.8667 0.9779 1.0684 1.0721 0.9036 0.9915 0.9407 0.9834 1.0323 1.1122 1.2524 1.0391 0.9372 0.8788 1.0470 1.0213 0.9473 0.8979 0.9492 1.0490 1.0009 0.8209 0.8032 0.9053 0.8084 0.8891 0.9278 0.8064 0.9196 0.9943 1.0839 1.1651 0.8947 0.9144 0.9916 1.0074 1.0570 0.9177 1.0027 1.0052 1.1264 0.9261 0.8672 0.8467 1.0180 0.9223 0.9962 1.1602 0.9348 0.8961 0.8788 0.9967 0.8961 1.0232 1.0405 0.9104 0.9642 0.9070 0.9410 0.8882 0.9223 0.8345 0.8721 0.8537 0.9294 1.0264 0.9305 0.9564 0.9901 0.8896 0.9722 0.9348 1.1815 0.9892 0.9147 0.9261 0.9019 0.9036 0.8900 1.1376 1.0038 1.0307 0.8126 1.0534 1.0515 0.9616 0.9413 0.9014 0.9132 0.8952 0.9219 0.9027 0.9521 1.0886 0.8891 0.9227 0.9931 0.9365 1.0644 1.0051 1.0971 1.0441 0.8974 0.9697 0.8486 1.0013 1.0768 1.0395 0.9118 0.9261 0.9457 0.9316 1.0691 0.8092 0.8956 1.2493 0.9836 1.1635 0.8917 0.9789 0.8633 0.8672 0.9215 1.0151 0.8927 1.1625 0.9972 1.0271 1.0224 1.0230 0.9725 0.9622 1.0317 0.9207 0.9014 0.8882 1.1677 0.9223 0.7853 0.9999 0.8881 1.0303 1.1835 0.8656 0.9473 1.0823 0.9831 1.0796 0.9040 0.9571 0.8870 0.9530 0.8872 1.0471 0.9598 0.9540 0.8988 1.2586 0.8853 0.9489 0.9389 0.9386 0.8778 0.9821 1.0343 1.0842 0.8410 0.8196 0.9437 0.9480 0.8803 1.0910 1.0093 0.9001 0.9363 0.8576 0.8593 0.9212 1.0619 0.9703 0.9341 0.8600 0.9279 0.8803 0.8458 0.9607 0.9839 0.9758 1.0387 0.9933 1.0810 0.9074 0.9818 0.9584 1.0324 0.9844 0.8906 1.0438 0.9232 0.9680 0.9443 0.8546 0.9211 0.9691 1.0338 0.8454 0.7899 0.9570 0.9728 0.8371 0.9558 1.0089 1.0398 1.0429 0.8751 0.8757 0.9487 0.8535 0.8206 1.3176 0.9975 0.9797 1.0582 0.8542 0.9207 1.1352 0.9521 1.2319 1.1966 1.2245 1.1084 0.8858 0.9721 0.8103 1.0431 1.0524 1.0167 0.8576 0.8102 1.1514 1.2047 1.0082 1.2693 1.1531 0.8766 0.9139 
