#Rtg1_GEM_1.m3
#KSM version: 1
#143/143
#1.33
#k-mer/r.c.	Offset	PosCt	wPosCt	NegCt	HgpLg10	CIDs	PosHits (base85 encoding)	NegHits (base85 encoding)
GCGTNA/TNACGC	1	32	34	9	-5.3	-0,1	N.A.	N.A.
GCGTG/CACGC	1	30	30	16	-2.1	*	KNMYJKENJ"JHX$s5_p$q5Tg~	!"^8DJ,g]W+92\O!'gMa"UG~
GGCGG/CCGCC	0	26	26	15	-2.0	*	d/YHp&-*gR!e:CTE"E"7&f^~	&-r7;!!#8,!JLLR!WWK+'En~
GCGNGA/TCNCGC	1	25	26	6	-4.6	-2,-0	N.A.	N.A.
GCGGA/TCCGC	1	25	25	14	-1.9	*	_#jg*O<=N(64a3m6kfV$&d/~	&-2b25QF%TJcPiQ&-)\1F8~
GGGCG/CGCCC	-1	23	23	15	-1.4	*	)#sdD!!$Cm,(KXpci=1K!u:~	!!i].z!sDFc+<Upi&Hi~
GNGTGA/TCACNC	1	22	23	4	-5.0	-3,-0	N.A.	N.A.
GCGGG/CCCGC	1	22	22	12	-1.8	*	'Sl_k5l`#M!0@0\YQ+Yh!*o~	!!rW,!!!!A!.Y1T&qBr^!#,~
GCGGNA/TNCCGC	1	21	22	5	-4.1	-2,4,-5	N.A.	N.A.
TGCGG/CCGCA	0	22	22	10	-2.4	*	:s0"BJ-Z,t!!iQK"@N4jJHP~	"@)qe!!!!a!W`9(&-)\q&-2~
GGCNGA/TCNGCC	0	18	19	5	-3.3	6,-7,8	N.A.	N.A.
GCGGC/GCCGC	1	18	18	11	-1.4	*	5QV)i!!iQ)&.AsJ+92HD!<i~	"@*(i!!!!a:]pb"!!E9f~
GNGGAG/CTCCNC	1	15	15	5	-2.3	-9,-10	N.A.	N.A.
GGCGNA/TNCGCC	0	13	14	4	-2.5	-7,11	N.A.	N.A.
GNGCGNG/CNCGCNC	-1	10	11	1	-3.7	-12,-13	N.A.	N.A.
GCGGNNC/GNNCCGC	1	7	7	0	-3.1	14,15	N.A.	N.A.
$$$
TCACGC/GCGTGA	0	19	19	4	-4.1	0	J5BZ>KENJ!!<`Z25_&n~	zJ,fQL!!!"\z!!i~
GCGTCA/TGACGC	0	16	16	7	-2.1	1	"@*(o'EA+5!WW?'!X'tr~	J3X)7J,fQN5QCcqz!!3~
TCCCGC/GCGGGA	0	6	6	2	-1.5	2	&-r79!<<*"zz!(d~	zz!!!!%z!"]~
TCACCC/GGGTGA	0	3	3	0	-1.8	3	z+92BA!!!-%z!!3~	
GCGGAA/TTCCGC	0	11	11	2	-3.1	4	!<<6&&0LrR5QCk9!!E9%!X&~	z5QCca!!*~
TGCCGC/GCGGCA	0	4	4	1	-1.5	5	!!!$"!!iQ)!!iQ)!!!'~	!!!-~
GGCAGA/TCTGCC	0	3	3	0	-1.8	6	!$D7Az!!!"L!!!-~	
TCCGCC/GGCGGA	0	10	10	4	-1.8	7	5l_#f&-)\1!WW3%5S*nq!X&~	&-)\1!!#7azz'E~
GGCCGA/TCGGCC	0	5	5	1	-1.8	8	z!!!!%&.egA!!!!a&-~	zz!.Y~
CTCCAC/GTGGAG	0	6	6	2	-1.5	9	!!iT*z!<@WN!!*~	z+92BA!W~
CTCCGC/GCGGAG	0	9	9	3	-1.8	10	5QLibz63%'25S*~	z5QCcaJ,fQLz&-~
GGCGTA/TACGCC	0	3	3	0	-1.8	11	z!!E9&zz!<~	
CCCGCCC/GGGCGGG	0	6	6	1	-2.1	12	&-)\3!!",A!.Y%L&-)\1!"]~	zzzz!!E~
CACGCGC/GCGCGTG	0	4	4	0	-2.5	13	J3X*"zzz!$D~	
GCGGGCC/GGCCCGC	0	4	4	0	-2.1	14	!!!!"z!"],1+92C,~	
GCGGAGC/GCTCCGC	0	3	3	0	-1.8	15	!!*'"z63~	
%%%
8 0 5 5 8 0 7 7 8 5 0 7 6 5 7 6 7 0 7 0 0 6 6 0 6 7 7 0 0 0 7 0 6 0 6 0 7 5 5 6 0 0 6 7 0 6 0 0 0 6 0 0 0 7 5 0 5 0 5 0 0 6 5 0 6 8 0 0 5 5 7 5 0 0 6 7 5 0 0 7 0 6 5 6 0 0 5 5 5 8 6 0 0 7 0 5 0 5 6 0 7 7 8 5 5 0 7 5 7 0 5 6 0 6 5 5 5 5 0 0 5 0 0 0 0 5 5 0 6 8 0 0 5 0 5 5 6 5 7 7 7 6 6 
0 0 6 0 6 0 0 5 5 0 0 6 5 0 5 0 0 0 6 0 0 5 0 0 5 6 0 5 0 0 5 0 0 0 0 0 0 5 6 6 0 0 0 0 0 0 0 0 0 0 0 0 0 5 6 0 0 5 0 5 0 6 6 0 5 5 0 0 5 5 5 6 7 0 7 0 0 0 0 5 0 0 5 5 5 0 5 0 0 5 7 0 6 5 5 6 0 6 0 0 6 5 0 0 0 0 5 0 0 5 5 5 0 0 0 6 0 0 0 0 5 0 0 0 0 0 6 0 5 0 6 0 8 5 5 0 5 5 7 6 6 0 0 
1.3053 1.2075 1.2657 1.3632 1.1275 1.2048 1.1312 1.3806 1.1589 1.0246 1.3024 1.1565 0.9602 1.0432 1.1643 1.0440 1.1922 1.3064 1.1654 0.7633 1.0163 1.3381 1.2243 1.0214 0.8978 1.4284 0.9982 0.9712 1.1483 1.2945 0.9550 1.1372 0.9003 0.9370 0.9056 1.0026 1.0727 0.9479 0.7657 0.9740 1.2579 0.9699 1.0279 1.0434 0.7833 1.1099 0.7321 0.9476 1.0261 0.9354 0.8548 1.1368 0.9785 1.0915 1.0021 0.8803 0.9037 1.0357 1.0021 1.0243 0.9022 0.9008 0.8219 0.7934 0.7924 0.9420 0.8847 0.9454 0.8869 0.9175 0.8896 0.8947 0.9412 0.9515 0.9740 0.8814 1.0044 1.0717 0.9416 1.0274 0.7621 0.9193 1.2716 0.9906 1.0328 0.9149 0.8901 0.8388 0.9439 0.9162 0.8916 0.7703 1.1299 0.9658 1.3121 0.9405 0.7822 0.9219 0.9858 0.9416 0.7667 1.2492 1.1295 1.0394 0.9749 0.9335 1.0294 0.8870 0.8521 0.7348 0.9835 0.9615 0.9328 1.0579 0.9479 0.9022 0.8825 0.8746 1.0718 0.9412 0.9065 0.9902 0.7812 1.2541 1.0283 0.8638 0.9286 0.8299 0.8681 1.0942 0.8219 1.0159 1.2518 1.0230 0.8716 0.9274 0.9074 0.9235 1.1194 0.8083 0.9442 1.0193 1.2354 
