DE Rtg1_GEM_1_m0 8.15 3 k8_c101
1 18 10 47 27 G
2 29 47 22 4 C
3 65 5 31 0 A
4 5 0 1 94 T
5 1 0 94 5 G
6 95 0 5 0 A
7 6 94 0 0 C
8 14 23 20 44 T
XX

DE Rtg1_GEM_1_m1 7.87 2 k7_c39
1 3 2 4 29 T
2 5 4 0 29 T
3 4 5 30 0 G
4 38 0 0 0 A
5 0 0 0 38 T
6 3 0 35 0 G
7 38 0 0 0 A
XX

DE Rtg1_GEM_1_m2 5.42 6 k6_c107
1 0 6 101 0 G
2 25 32 44 6 G
3 83 23 0 0 A
4 90 0 16 0 A
5 106 0 0 0 A
XX

DE Rtg1_GEM_1_m3 6.76 1 k5_c74
1 0 1 71 1 G
2 0 68 6 0 C
3 0 4 69 0 G
4 2 1 46 25 G
5 17 6 48 3 G
XX

DE Rtg1_GEM_1_m4 8.39 6 k9_c34
1 15 16 0 3 C
2 5 20 3 6 C
3 9 7 18 0 G
4 2 22 10 0 C
5 0 6 22 6 G
6 0 23 7 3 C
7 15 7 10 2 A
8 6 0 1 26 T
9 0 2 25 6 G
XX

DE Rtg1_GEM_1_m5 9.92 13 k10_c28
1 1 5 9 13 T
2 13 8 1 6 A
3 0 14 13 0 C
4 4 4 19 0 G
5 0 1 10 16 T
6 0 24 3 0 C
7 3 1 22 1 G
8 0 1 2 24 T
9 0 3 23 1 G
10 25 2 0 0 A
XX

DE Rtg1_GEM_1_m6 9.40 -7 k10_c29
1 0 16 12 0 C
2 3 0 24 2 G
3 3 21 3 2 C
4 10 1 10 7 G
5 0 0 28 0 G
6 6 0 22 0 G
7 13 3 13 0 A
8 22 0 5 1 A
9 26 0 2 0 A
10 7 1 8 13 T
XX

DE Rtg1_GEM_1_m7 10.80 27 k10_c11
1 1 0 3 6 T
2 1 0 3 7 T
3 0 9 1 0 C
4 2 8 1 0 C
5 0 3 8 0 G
6 0 0 9 1 G
7 0 0 10 0 G
8 1 9 0 0 C
9 1 1 8 0 G
10 0 1 9 0 G
XX

