DE Rtg1_GEM_2_m0 7.01 5 k10_c1061
1 119 69 781 93 G
2 75 42 114 831 T
3 73 801 55 131 C
4 814 123 72 52 A
5 142 18 59 843 T
6 24 312 136 590 T
7 329 531 27 174 C
XX

DE Rtg1_GEM_2_m1 6.37 5 k10_c745
1 430 76 112 126 A
2 299 74 107 265 A
3 163 45 57 479 T
4 129 76 425 115 G
5 508 67 80 91 A
6 153 45 86 461 T
7 174 28 476 67 G
8 526 19 63 137 A
XX

DE Rtg1_GEM_2_m2 5.74 4 k7_c822
1 28 55 219 520 T
2 21 463 123 215 C
3 434 223 3 162 A
4 208 162 0 452 T
5 162 6 9 645 T
6 0 542 73 206 C
7 392 308 65 56 A
XX

DE Rtg1_GEM_2_m3 5.47 1 k10_c531
1 274 60 121 76 A
2 338 44 80 69 A
3 323 43 115 50 A
4 384 22 80 46 A
5 354 31 74 73 A
6 356 29 101 46 A
7 370 51 45 65 A
XX

DE Rtg1_GEM_2_m4 7.08 3 k6_c697
1 20 648 11 18 C
2 668 7 18 4 A
3 0 0 109 587 T
4 3 4 5 685 T
5 56 540 77 24 C
6 535 60 36 66 A
XX

DE Rtg1_GEM_2_m5 6.02 2 k7_c742
1 321 149 266 6 A
2 709 0 14 18 A
3 520 3 218 0 A
4 98 3 638 2 G
5 717 8 17 0 A
6 720 11 10 0 A
XX

DE Rtg1_GEM_2_m6 4.69 -2 k6_c1151
1 566 338 243 4 A
2 0 1141 8 1 C
3 0 14 87 1050 T
4 0 270 1 879 T
5 6 0 1 1143 T
XX

