#Gcr2_GEM_2.m11
#KSM version: 1
#667/667
#1.46
#k-mer/r.c.	Offset	PosCt	wPosCt	NegCt	HgpLg10	CIDs	PosHits (base85 encoding)	NegHits (base85 encoding)
TGGAG/CTCCA	2	67	67	48	-1.8	*	5_9%=!!!Q1&-)\1!<Abm!<<Bj"98EE!!!Q5!<=6M5QH<?!!iT*!!!RDJ-[k0!!!'G!!!-%!'gSc#Q\<5!!Ei5(bbqTJ.r!N5Tg3'L]I~	#QOi)z+92BB!$M=B#loPX!.Y%L:]gh%!$DRJ!!iQ+"98W+!2KT[z!!E?'!!#7a5X5@$!"],2z!^H_cJ:J12KE(uP&-)_~
GTGGA/TCCAC	1	62	62	46	-1.5	*	!XJc+!.Za'!!io3"+U@O!!%NL^]=E8!!!R<5S*u^!!!!ez!!<3gKKp[]!s(pm:]Q"G"<[\0!!#Ci!<iH'!!",A!!"--!!!!*8,re~	!XSi,!!!!A!!3-#!!*'"!J,b$!Wi?%5QM]G!!iQ)J,fQL"98K'!e:7VJ,fQL!!*'%z&-)h5!!!!%!!!QE!^MPA!!!Q1&-<+]!!!$~
CTGGA/TCCAG	1	57	57	39	-1.9	*	!.b2<!!Ei7&O6IA&-.4lzz!!#7a!!"8MJ._hf+:&,N!.Y'#":,P=!!"5D!!!!%!'gO75QN&/z!!,mr!$D7Q5qilN!!#g~	!!3-#!0@0l+94Y,!WW3#!<>Fd!.Y+N&/"sC!!!9)!#P\9!<<*"!$Di'z!!#7a!<<*"!!*'bJ,hk8KE2>Yz!.Y%L!!!9)'S$2~
AGTGG/CCACT	0	56	56	37	-2.0	*	!XJc+6NJk@$4$\5$31&+!!%Nl5X5;L!!!!A5S*o\!!!!%!!Y[g+9;Io!C-Vb!WWK-'F4[=#QTB?!$DFF!!*'rz!!!'$J,fQU8,re~	!XSi,!"],1zz!<<*"!!7Z^5Qh&m!!iQ+^^'o?!!!'##_2o2!=/Z*!!%TO!!iQ)!!!-%z!!!Q15X5;Lz!!3EN!!E~
GGTGG/CCACC	0	42	42	24	-2.2	*	!!"-0!!!!"#RCD2$ig8-!.Y%N!"],9"9]hi!.Y+n!!iUU!WWK+J,g,\":+u-"9<rP5QCce"99PE!"_Bq#XA@i!WW3+z!!!$~	&c_n3zz!"],2!!!#7z!!Ei7z":+u-!!!!%z!!!$"!!*'"+92BAzz!!!!1!W\#V!.b[]!!!!"!!",~
GGTNGT/ACNACC	0	31	32	8	-4.8	0,-1	N.A.	N.A.
ACNGGA/TCCNGT	0	27	27	12	-2.4	-2,3	N.A.	N.A.
TANTNGA/TCNANTA	-1	20	20	7	-2.6	-4,5,6	N.A.	N.A.
$$$
GGTGGT/ACCACC	0	17	17	4	-3.4	0	!!!!az!!!!""98E%!.Y%L!"],9!!FDE!!!!A!!iQ)zJ,fQL!!iQ)z!!!!%!!",Az!'gMa!WW3+~	&-)\1zz!"],1!!!"Lzzzzzzzzzzzzzzz!!",~
ACTACC/GGTAGT	0	14	14	4	-2.4	1	!!!"Lzz!!!!"!'idLzz+92BA!!E9%!!3-#zz!XJc/zzzz!<<*"z!!!$"!<N~	!!!$"zzzzzzzzz!!!"Lz!!3-#+9~
TCCCGT/ACGGGA	0	12	12	4	-2.0	2	z!!*'"!.Y%L!!!",!!!!%zz!!!!a!'gMaz!!!"L#QOi)+92rQzzzzzz+9~	!$D7Azzzz!!!!)zzzzz!<<*"zzzzzzz!!3~
ACTGGA/TCCAGT	0	15	15	8	-1.5	3	!.Y%L!!!!#!!!!Azzzz!!",I!!!!)+92BAzz!!"/B!!!!%!'gO7zzz!!!!1!!!Q1!!!Q~	!!3-#z+92BA!WW3#!!#7azz!!!9)zz!!!"Lzzz!!!!az!!*~
TCCACTA/TAGTGGA	0	10	10	4	-1.6	4	z!!",A!!!'#zzzz!"],1zz!!*'"z!!!9)&-)\1!!!!a!!!-%zzz!!!!)!!!$~	!!iQ)zzz!<<*"!!3-#z!!i~
TACTGGA/TCCAGTA	0	4	4	1	-1.5	5	!.Y%Lz!!!!Azzzzzzzzz!!!$"zzzzzz!!!Q~	zzzzzzzzzzzzzzzz!!*~
TAGTAGA/TCTACTA	0	6	6	2	-1.5	6	zz!!!!a!!E9%zzz&-)\1z!!3-#zzzz!.Y%Lzzz!!!9~	zz!!iQ)zzzzzz!!3~
%%%
0 6 0 0 0 0 5 0 5 5 0 6 0 0 0 8 0 6 0 0 0 5 0 0 0 5 5 0 0 0 6 5 5 5 0 0 0 0 5 0 5 0 5 0 0 0 0 5 0 0 0 0 7 7 0 0 5 6 0 0 0 0 0 0 5 5 0 5 5 0 0 0 0 0 0 5 0 0 5 5 0 7 5 5 0 0 0 0 6 0 0 0 0 7 5 0 6 5 6 5 5 0 0 0 0 0 5 0 0 0 0 5 0 0 0 0 0 5 0 6 5 0 0 0 5 5 5 0 5 0 0 0 0 0 0 0 0 0 0 0 0 0 5 6 0 0 0 5 0 0 5 6 0 5 5 0 0 5 5 0 0 0 5 0 0 0 5 5 5 0 0 0 6 0 5 0 0 0 0 0 0 0 0 0 0 0 0 6 0 5 0 0 0 0 5 0 0 0 0 0 0 0 6 0 0 0 0 0 0 0 0 0 6 6 5 0 0 0 5 0 0 6 5 0 5 0 0 0 5 5 6 0 0 0 0 0 7 0 0 5 0 6 5 0 0 7 0 0 0 0 0 6 0 6 7 0 0 0 0 0 0 0 5 5 0 5 5 6 5 0 5 0 5 0 0 0 0 0 0 5 0 0 6 7 0 0 5 5 0 5 0 0 0 6 0 0 0 5 5 5 0 0 0 0 6 0 5 5 0 0 5 0 0 0 0 0 0 0 0 0 0 0 0 0 0 5 0 6 7 5 0 0 0 0 0 5 0 0 0 0 5 0 0 0 5 6 0 5 0 5 6 5 5 0 6 5 0 0 0 6 0 0 0 6 0 0 6 0 6 0 0 0 6 6 0 0 5 0 0 0 0 0 0 0 5 5 5 0 0 5 0 0 5 0 0 5 0 0 0 0 7 5 0 7 5 6 5 5 0 5 5 0 0 5 0 0 0 0 5 0 7 0 6 0 0 0 0 5 0 0 0 0 0 0 5 0 0 0 0 5 0 0 6 0 0 0 0 0 0 0 6 5 0 0 0 0 0 0 0 0 0 5 7 5 0 5 0 0 0 6 0 5 0 0 0 0 0 0 7 6 0 0 0 5 0 0 5 0 6 0 0 0 5 5 0 0 5 5 7 0 0 5 7 0 0 0 5 0 0 0 0 0 5 0 0 5 0 0 0 0 6 0 5 0 0 0 6 0 0 0 0 0 5 0 0 0 0 0 0 0 5 0 5 0 5 6 0 5 5 0 0 0 5 0 0 0 5 5 0 0 0 0 0 0 5 5 5 0 0 0 0 6 0 0 5 0 0 0 0 0 0 0 0 5 0 0 5 0 5 5 0 0 0 5 0 5 0 5 0 0 6 0 0 5 7 0 5 5 5 0 0 0 0 5 6 5 0 0 0 0 5 6 0 0 5 0 5 0 7 0 0 0 7 0 0 7 0 5 0 5 5 0 0 7 0 0 6 5 5 5 0 0 0 0 0 0 7 0 6 0 6 0 5 0 0 0 0 
0 5 0 5 6 0 0 0 6 6 0 7 0 5 0 0 5 0 0 0 0 0 0 0 0 0 0 0 0 0 0 0 0 0 0 0 0 0 0 0 0 0 0 0 5 0 0 5 0 0 0 0 0 0 0 0 0 0 0 0 5 5 0 0 0 0 0 0 0 7 0 0 0 5 0 5 0 0 0 0 0 0 0 0 0 0 5 0 5 0 0 0 0 0 0 0 0 6 0 0 0 0 0 0 6 0 0 0 6 5 0 0 0 0 0 0 0 0 0 0 5 0 0 0 0 0 0 0 7 0 0 5 0 0 0 0 5 0 0 0 0 0 0 5 0 6 0 0 0 0 6 6 5 0 0 0 0 0 5 6 0 5 0 0 0 0 0 0 0 7 0 0 0 0 0 6 0 5 0 0 0 0 0 5 0 0 0 5 5 0 0 0 0 0 0 0 5 0 7 0 6 6 5 0 5 0 0 0 0 0 5 5 6 0 0 0 0 6 0 5 0 5 0 0 0 0 0 0 0 0 0 0 0 0 0 7 0 5 0 0 5 0 0 5 0 0 0 0 0 5 0 0 0 0 0 0 0 0 5 0 0 0 5 6 0 0 0 5 5 0 0 0 0 0 0 0 0 0 0 0 0 5 0 0 0 0 0 0 5 0 6 0 0 0 0 0 0 5 0 0 0 0 0 0 0 7 5 0 0 0 0 0 0 0 5 0 0 0 0 0 0 5 0 5 0 0 0 0 0 0 5 0 0 6 0 7 0 0 0 0 5 0 0 0 0 0 0 6 0 0 5 5 5 0 0 0 0 0 0 5 0 0 0 5 0 0 0 0 5 0 0 0 0 0 0 0 0 0 0 0 0 0 0 0 0 0 0 0 0 0 0 0 6 5 5 0 0 0 0 0 0 5 0 0 0 0 5 5 6 5 0 0 0 0 0 0 5 0 0 0 0 5 0 0 0 0 0 5 0 0 0 0 0 0 0 0 0 0 5 0 0 0 0 0 0 0 0 0 0 0 0 0 5 0 5 0 5 0 0 0 0 0 5 0 5 0 6 0 0 0 0 0 5 0 0 0 0 0 6 5 0 0 0 0 0 0 0 5 0 0 0 0 5 0 0 0 5 0 0 0 0 0 5 0 5 0 5 0 0 0 0 0 0 0 5 0 0 0 0 5 7 0 0 0 0 0 0 0 0 0 0 5 6 0 0 0 0 0 5 0 6 0 0 0 0 7 0 0 0 0 5 0 0 0 0 0 0 0 5 0 0 0 0 6 0 0 0 6 0 0 0 0 0 0 0 0 0 0 0 0 0 0 0 5 5 0 0 0 0 0 0 5 0 0 0 0 7 0 0 0 0 0 0 0 0 0 0 0 0 0 5 0 5 0 0 5 0 5 0 0 0 0 0 0 0 0 0 6 0 0 0 0 5 6 0 0 0 5 0 0 0 0 5 0 6 0 0 0 0 0 5 0 0 0 0 5 5 0 0 0 0 6 0 0 0 0 0 
1.4161 1.3990 1.6730 0.9915 0.9998 1.3168 1.6843 0.9971 0.9515 1.7702 0.9557 1.6643 1.0256 1.3227 0.9686 1.0295 0.9593 1.0724 0.9867 1.0015 0.9704 1.2124 0.9915 0.9570 0.9811 0.9358 0.9742 1.3794 0.9593 0.9358 0.9872 1.0787 0.9478 0.9593 0.9593 0.9704 0.9478 0.9811 0.9712 0.9596 0.9478 1.0015 1.7093 0.9915 1.0468 0.9704 1.0533 0.9478 0.9478 0.9683 0.9811 0.9358 1.2689 1.2758 0.9825 1.0047 1.5894 0.9478 0.9358 0.9915 1.0341 0.9593 0.9823 1.1273 0.9358 0.9811 0.9423 1.0015 1.0015 0.9593 0.9478 0.9579 0.9704 0.9411 0.9668 1.0509 1.0205 0.9799 1.0006 1.0111 0.9358 0.9358 1.0111 0.9915 1.0934 0.9478 1.0015 0.9704 1.0383 0.9478 0.9358 0.9465 1.0205 0.9358 0.9646 1.0223 0.9478 1.6100 0.9358 0.9358 1.9755 0.9811 0.9789 0.9478 0.9593 0.9358 0.9811 0.9405 0.9529 0.9668 0.9915 1.0015 0.9677 0.9478 0.9478 0.9823 0.9915 0.9593 0.9593 0.9358 0.9358 0.9518 0.9358 0.9358 0.9358 0.9442 0.9704 0.9539 1.0551 0.9478 0.9540 0.9358 0.9593 0.9915 0.9358 0.9451 1.0081 0.9407 1.0111 1.0995 1.4058 0.9593 0.9358 0.9478 0.9491 0.9593 0.9568 0.9478 0.9358 1.0527 0.9593 0.9811 0.9704 0.9704 0.9915 0.9358 0.9368 0.9358 0.9593 0.9547 0.9358 1.0262 0.9800 0.9593 0.9593 0.9681 0.9704 0.9704 0.9811 0.9457 0.9368 0.9794 0.9915 0.9902 0.9391 0.9685 0.9527 0.9567 0.9593 0.9478 0.9358 1.0908 0.9704 1.0711 1.0722 0.9915 0.9704 1.5710 0.9358 0.9747 0.9478 0.9811 0.9412 0.9358 0.9968 0.9564 1.0162 1.1208 1.0111 0.9593 0.9358 0.9478 0.9358 0.9478 0.9704 0.9704 0.9593 1.0133 0.9593 0.9358 0.9811 0.9358 0.9613 1.0015 0.9478 0.9915 1.0102 0.9358 0.9594 0.9412 0.9478 0.9358 0.9475 0.9395 0.9593 1.0133 1.0015 0.9485 0.9478 1.5620 0.9358 0.9593 0.9752 0.9593 0.9593 0.9478 1.0711 0.9811 0.9358 0.9915 0.9811 0.9478 0.9358 0.9882 0.9863 1.0475 0.9358 0.9358 0.9593 0.9532 0.9409 0.9811 0.9811 0.9478 0.9593 0.9526 0.9358 0.9704 0.9915 0.9811 0.9704 0.9704 1.0127 0.9593 0.9358 0.9478 0.9434 0.9704 0.9358 0.9473 1.0205 0.9478 0.9813 0.9927 0.9358 0.9358 0.9987 0.9915 0.9915 0.9581 1.0359 1.0015 0.9593 1.3163 0.9407 0.9765 0.9811 0.9593 0.9478 0.9811 0.9593 0.9358 0.9478 0.9704 0.9791 0.9593 0.9811 0.9704 0.9524 0.9742 0.9593 0.9358 0.9409 0.9991 1.0015 0.9358 0.9358 0.9704 0.9791 0.9358 0.9403 0.9478 0.9566 0.9593 0.9593 0.9440 0.9408 0.9523 0.9532 1.0366 0.9478 0.9811 0.9358 0.9358 0.9358 0.9714 0.9478 1.0015 0.9478 0.9358 0.9384 0.9778 1.0436 0.9704 0.9748 0.9358 0.9358 0.9593 0.9478 1.0260 1.0595 0.9704 0.9811 0.9358 0.9720 0.9453 1.0468 0.9399 0.9358 0.9664 0.9589 0.9636 0.9478 0.9412 0.9358 0.9704 0.9471 0.9704 0.9704 0.9593 0.9358 0.9358 0.9358 0.9478 0.9811 0.9593 1.0015 0.9358 0.9471 0.9593 0.9358 0.9758 0.9374 0.9811 0.9727 1.0777 0.9478 1.0205 0.9478 0.9478 0.9478 0.9811 0.9478 1.0862 0.9358 0.9358 0.9486 1.0029 0.9358 0.9581 0.9704 1.0015 0.9478 0.9593 0.9478 0.9478 1.0787 0.9478 0.9478 1.0030 0.9358 0.9869 0.9462 0.9358 0.9704 0.9805 0.9413 0.9358 0.9949 0.9811 1.0551 0.9704 0.9478 0.9358 1.0111 0.9787 0.9478 1.0015 0.9358 0.9403 0.9358 0.9405 0.9478 0.9667 0.9915 0.9358 0.9358 0.9592 0.9915 0.9358 0.9753 0.9358 1.0632 0.9478 0.9358 0.9704 1.0000 0.9593 1.0111 0.9358 1.0541 0.9478 1.0468 0.9398 0.9704 0.9478 0.9448 1.0205 1.1003 0.9358 0.9811 1.0276 1.2633 0.9358 0.9433 0.9358 0.9811 1.0732 1.0111 1.5786 0.9561 0.9811 0.9358 0.9964 1.0563 0.9358 0.9358 0.9445 0.9915 0.9478 1.0078 0.9865 0.9704 0.9358 0.9593 0.9358 0.9593 1.2693 0.9789 0.9704 0.9811 0.9478 0.9811 0.9478 0.9404 0.9494 0.9358 0.9704 0.9681 0.9478 0.9358 0.9358 0.9668 0.9358 0.9500 1.0381 0.9832 0.9915 1.2422 0.9682 0.9358 1.1401 0.9478 0.9915 0.9358 0.9772 1.0111 0.9772 0.9683 0.9358 0.9478 0.9478 0.9464 0.9704 1.0015 0.9358 0.9478 0.9358 0.9478 0.9727 0.9358 0.9704 0.9704 0.9614 0.9358 0.9794 0.9911 0.9811 0.9367 0.9358 0.9915 0.9915 0.9915 0.9915 0.9836 1.0632 0.9478 1.0862 0.9915 0.9939 0.9358 0.9478 0.9846 1.0468 0.9358 1.3456 0.9593 0.9358 0.9704 0.9478 0.9478 0.9704 0.9679 0.9565 0.9915 0.9358 0.9704 0.9414 0.9915 1.1799 1.0404 0.9471 0.9478 0.9478 0.9915 1.3334 1.0019 1.1142 0.9593 0.9358 0.9593 0.9478 1.0313 0.9358 0.9358 0.9781 0.9468 0.9393 0.9478 0.9704 0.9478 0.9869 0.9647 0.9607 0.9478 0.9593 0.9685 0.9704 0.9521 0.9593 1.2144 1.0111 0.9593 0.9549 0.9811 0.9508 1.0271 0.9478 0.9387 0.9358 1.8045 1.6131 1.8445 1.8721 1.6925 1.7779 1.7122 0.9775 0.9704 0.9478 1.4121 1.3282 1.0934 1.1208 0.9915 1.0787 1.1005 1.1337 1.1398 0.9358 0.9358 0.9358 0.9433 0.9358 0.9478 0.9593 0.9478 0.9358 0.9358 0.9358 0.9704 0.9358 0.9358 0.9358 0.9358 0.9704 0.9704 0.9478 0.9593 0.9593 0.9593 0.9358 0.9593 0.9593 0.9358 0.9446 0.9915 0.9478 0.9811 0.9478 0.9704 0.9619 0.9811 0.9593 0.9358 0.9478 0.9811 0.9704 0.9593 0.9358 0.9358 0.9915 1.1005 0.9358 1.0053 1.0468 0.9811 
