-300	3.6781019848199114E-4
-299	7.374424891014235E-4
-298	7.652001550666197E-4
-297	6.802662784891706E-4
-296	4.6802700895295316E-4
-295	3.220126924210418E-4
-294	2.040794531490895E-4
-293	4.667297084943864E-4
-292	8.761313844835657E-4
-291	0.0011750569737401923
-290	0.0011496879649250656
-289	9.575599492572559E-4
-288	8.460181942367753E-4
-287	9.676235039737418E-4
-286	0.0011906610990003944
-285	0.001328553362978751
-284	0.001296159827512835
-283	0.001194713298106395
-282	0.0011639132940699142
-281	0.0012767331354527826
-280	0.0014062965858158793
-279	0.001380138983230896
-278	0.0011057983662838369
-277	7.619779312628243E-4
-276	5.858029140179432E-4
-275	7.106776076322059E-4
-274	9.834498709850304E-4
-273	0.0012005050942106642
-272	0.0012851573753323588
-271	0.0013828678810596465
-270	0.0016342052309337779
-269	0.0019302809255044987
-268	0.0019994257637358775
-267	0.0016394968236049991
-266	0.001057851338884054
-265	6.552872939792333E-4
-264	7.539422729887203E-4
-263	0.001225865808727452
-262	0.0016869240802384008
-261	0.0017916200241921976
-260	0.0015457319967617689
-259	0.0012059433039098033
-258	0.0010345552170266427
-257	0.001092198506238004
-256	0.0012008968348530494
-255	0.0011473982153527526
-254	8.498643768743513E-4
-253	5.284887516013679E-4
-252	4.534844610143737E-4
-251	7.206439212625974E-4
-250	0.0010544944832430437
-249	0.0011404712594906133
-248	9.425711647614436E-4
-247	8.147823424506314E-4
-246	0.001108630837890686
-245	0.0017513682970467556
-244	0.0022914833516879726
-243	0.0023052695476804322
-242	0.001816314518475435
-241	0.001129530878993907
-240	5.432076195719793E-4
-239	1.4708581467967445E-4
-238	1.8313706817171457E-23
-237	5.526824660431432E-5
-236	3.7930545055469525E-4
-235	7.734901174513093E-4
-234	0.0010313108876811269
-233	0.0010269615182413165
-232	8.617837755788625E-4
-231	6.912169579013065E-4
-230	6.948912513934534E-4
-229	6.440253848420835E-4
-228	5.375244285951485E-4
-227	4.1400525629816493E-4
-226	3.220126924210418E-4
-225	2.953274798193589E-4
-224	4.4718436180523713E-4
-223	6.704598166070221E-4
-222	8.85541377747767E-4
-221	0.0010670027129668447
-220	0.001205924213076786
-219	0.0012793957760628266
-218	0.0012329966254552463
-217	0.0011079614374502414
-216	9.831248517485221E-4
-215	9.408431494817165E-4
-214	9.276922100560269E-4
-213	8.524731737326269E-4
-212	6.513575090406789E-4
-211	3.899758364241133E-4
-210	1.739192168300029E-4
-209	1.0758005220596324E-4
-208	1.81615780345714E-4
-207	3.406419236320641E-4
-206	4.903051847990013E-4
-205	6.172645215327696E-4
-204	7.525082131722924E-4
-203	9.94397317331636E-4
-202	0.0014088620193930862
-201	0.001995899122422246
-200	0.0025406393643748262
-199	0.0027606536903149216
-198	0.002465456729075402
-197	0.0018643268005810512
-196	0.0013310686261361134
-195	0.0011654903760247907
-194	0.001290738795388591
-193	0.001491605108524803
-192	0.0015956635246289473
-191	0.0016466203935321115
-190	0.0017342051959000244
-189	0.0019024474402141753
-188	0.0020200823488460955
-187	0.0019081279651940826
-186	0.001458547415285771
-185	8.788927298505634E-4
-184	5.593208892018382E-4
-183	8.16391504653997E-4
-182	0.0014948023378668811
-181	0.0020705951805008926
-180	0.0020474607715651426
-179	0.0014079561212821039
-178	6.326070841538168E-4
-177	2.4073568111156415E-4
-176	3.9110670105416264E-4
-175	7.313226142168326E-4
-174	8.431602036723991E-4
-173	6.073800442316611E-4
-172	4.039711424713242E-4
-171	6.62032458649261E-4
-170	0.001427475309885924
-169	0.002174741070860223
-168	0.0023301290039873883
-167	0.0017725488820440575
-166	0.0010107920765789803
-165	6.315359449998154E-4
-164	8.7798634860922E-4
-163	0.0015180892611332303
-162	0.0022337656301439886
-161	0.00279935002275956
-160	0.0030916388223886366
-159	0.0030449532694948006
-158	0.0027689370772859536
-157	0.002529084639740516
-156	0.002540983839453906
-155	0.0027100217969640633
-154	0.002897460505661754
-153	0.0030296252831476553
-152	0.0031919159253228856
-151	0.003263780531610454
-150	0.003081289960195044
-149	0.002629999960667208
-148	0.002161183202602963
-147	0.0019376730301233576
-146	0.0020071801945271335
-145	0.0022968977461844133
-144	0.002724430512907813
-143	0.0032077781512259928
-142	0.003543394760002213
-141	0.0034998677834751127
-140	0.002947523648338032
-139	0.0020950674710947972
-138	0.0012558660819265589
-137	7.936173599954363E-4
-136	4.4415170505708677E-4
-135	2.884442014846735E-4
-134	2.4049813072650039E-4
-133	8.406867924336795E-5
-132	6.069891820759043E-4
-131	0.0014013898832780035
-130	0.0019635667440821803
-129	0.001900367592962531
-128	0.0015084416742295144
-127	0.001400081596700685
-126	0.0020248531036371102
-125	0.0029923870510268464
-124	0.003566249771305235
-123	0.0031851116467716384
-122	0.0021760814552945016
-121	0.0012491376021204893
-120	0.001153776805938694
-119	0.001368457615579096
-118	0.0019737438320592774
-117	0.002467304535472414
-116	0.0027780512526531485
-115	0.0029689260526577117
-114	0.0030735536555585204
-113	0.0029635706775006463
-112	0.0025596253979654907
-111	0.0019266493175868543
-110	0.001552023620977682
-109	0.0018067146686541469
-108	0.002793890402670451
-107	0.003845750570247635
-106	0.004339489435837424
-105	0.003952592215934173
-104	0.003254624401346259
-103	0.0028300545632546593
-102	0.00300555424528913
-101	0.0033396790671548606
-100	0.003353008413303425
-99	0.0027740070575098747
-98	0.001996364522547759
-97	0.001572599470242557
-96	0.0018864771188019719
-95	0.0026109360973501855
-94	0.0030770021401531115
-93	0.0027501335556297355
-92	0.001889671422688909
-91	0.0012571742995533491
-90	0.0015307204967887214
-89	0.0026105093006833944
-88	0.0037524147620379344
-87	0.004190401454231634
-86	0.0037037768600764074
-85	0.0027824403437599022
-84	0.00205637282790197
-83	0.0019633060477177566
-82	0.0023677762283908195
-81	0.0029961513357852636
-80	0.003626049480701683
-79	0.004212080390756793
-78	0.004686660864820136
-77	0.004790053990780802
-76	0.004483518266141679
-75	0.0039070402002461466
-74	0.003522143898655638
-73	0.003471719023632083
-72	0.0036926623212093328
-71	0.003799635629990599
-70	0.0036121795328616976
-69	0.003114568450604007
-68	0.002607730687045606
-67	0.002329952394328946
-66	0.002405720008078808
-65	0.0026666243886584286
-64	0.0029124473533607073
-63	0.0030023674919942996
-62	0.0029826136354940704
-61	0.0029223233945435485
-60	0.002874184570421247
-59	0.0028542467131502693
-58	0.00288333838667573
-57	0.0029660811054579416
-56	0.0030509429195107896
-55	0.0031606380702779375
-54	0.0033477233901586323
-53	0.003645484325024134
-52	0.003915620140465547
-51	0.004017787964666359
-50	0.003996825731162348
-49	0.004001853321420177
-48	0.004128773598266172
-47	0.0042561696762213955
-46	0.004423547942562072
-45	0.004805063678345203
-44	0.005724262708273711
-43	0.006943532464248472
-42	0.007932684334415982
-41	0.007890143980000505
-40	0.006923410695998937
-39	0.005580838393081034
-38	0.004847959552641242
-37	0.004753881965892346
-36	0.0049202550898345635
-35	0.004689564252366892
-34	0.004136635946720897
-33	0.0035886149273895184
-32	0.003414269559771977
-31	0.003572617524403344
-30	0.0039160150776933016
-29	0.0043389425422446365
-28	0.004823671516950442
-27	0.005325065060489438
-26	0.005624888821350535
-25	0.005532687949447135
-24	0.004932429704930468
-23	0.00398314915786084
-22	0.0031120363802551385
-21	0.0028044611436562924
-20	0.0033876187439639055
-19	0.004480863279530834
-18	0.0055094555133134255
-17	0.006035440122583355
-16	0.006406207158277585
-15	0.007108702254576344
-14	0.008265960596372907
-13	0.00945663940310944
-12	0.01019462473734122
-11	0.010266637006778484
-10	0.009708699940536976
-9	0.008620233643653443
-8	0.007163596880781982
-7	0.005526336356697883
-6	0.003948935803612106
-5	0.0028685837398521054
-4	0.0027530455175435176
-3	0.0038841367840625586
-2	0.005740884067727723
-1	0.007306005540944136
0	0.007656024467862408
1	0.006718034493525135
2	0.0052318901057648755
3	0.004053057796187238
4	0.00371467105468703
5	0.004126824297987792
6	0.004988442084248529
7	0.005787751061705992
8	0.006167910826401619
9	0.0058874680570352245
10	0.004985791112705107
11	0.003725158535368894
12	0.0024735126195356985
13	0.0017578328335990418
14	0.0017671101042566171
15	0.0024009979258219068
16	0.0029425953513147743
17	0.00303785381367607
18	0.00267108299614901
19	0.0024556053096205918
20	0.0025133842819950163
21	0.0026809575879173514
22	0.002535774931871743
23	0.0023058736770106315
24	0.002420882397409515
25	0.0031589325261160064
26	0.004029737373054404
27	0.004381567456888861
28	0.0038680114540021243
29	0.00286339718908811
30	0.0018888547767474425
31	0.0012680700695777737
32	9.105559590902833E-4
33	6.595551676024068E-4
34	5.793442668439787E-4
35	5.772374167229542E-4
36	9.542372915152502E-4
37	0.0014784553006108006
38	0.0019587194396742556
39	0.002266795685551477
40	0.0024586516010535247
41	0.002502846220084203
42	0.0023427609925958715
43	0.0020123241353339487
44	0.001751478989893603
45	0.0017763290959377184
46	0.0019801979309985655
47	0.00205639948567617
48	0.0017561596288837157
49	0.0012252558919717239
50	8.417363957443385E-4
51	9.477842036720273E-4
52	0.0015315887790233215
53	0.0022378717396413055
54	0.0026845923804819133
55	0.002720030244884487
56	0.0024953029315293996
57	0.00221699726291236
58	0.002018598535236611
59	0.0018901795552862595
60	0.0017750189400582315
61	0.0015880431049794985
62	0.0013321340746208492
63	0.0010633697465456554
64	9.132709544229596E-4
65	8.973668196009659E-4
66	9.568784970432188E-4
67	9.23353689157872E-4
68	7.648559985124037E-4
69	5.352184180966466E-4
70	4.137337937412468E-4
71	4.5073057949746313E-4
72	6.193268693981057E-4
73	7.966545225790844E-4
74	9.927384389070816E-4
75	0.0012717258472030087
76	0.001675725567465459
77	0.001974416247910298
78	0.0018873923618692335
79	0.0013333075821651973
80	7.10632724539742E-4
81	4.835611364971122E-4
82	7.999880769861453E-4
83	0.0012769878464769433
84	0.0014666427974547175
85	0.0012323515136001483
86	8.50670977789629E-4
87	6.458327063367942E-4
88	7.194758197645561E-4
89	9.090692194616871E-4
90	0.0010125774686777402
91	9.29225742969118E-4
92	7.217582584620847E-4
93	5.028931712877665E-4
94	4.101140477687812E-4
95	4.831725448933769E-4
96	7.013067972573937E-4
97	9.331338457034532E-4
98	0.0010967961444184487
99	0.001165615932177352
100	0.001218061561286894
101	0.001234211816489981
102	0.0011387908758257862
103	8.37766171102273E-4
104	4.936928659714902E-4
105	3.4492670795593634E-4
106	5.584456397507739E-4
107	9.238153002926325E-4
108	0.0011442436557847603
109	0.0010505667319896993
110	8.412264737010936E-4
111	7.718758387476228E-4
112	9.097181885071239E-4
113	0.0010527889195936424
114	9.999843220331152E-4
115	8.096456689015942E-4
116	6.767585016929155E-4
117	7.505731045233709E-4
118	9.355257902286679E-4
119	0.001129957937806377
120	0.0012674444778389645
121	0.0013900062051725227
122	0.001288050769684167
123	9.58263315199071E-4
124	5.667595191616292E-4
125	3.220126924210418E-4
126	3.6179163650686743E-4
127	6.400771370369987E-4
128	8.632426585430183E-4
129	8.049813640786971E-4
130	5.155871127062707E-4
131	2.2828959292409636E-4
132	2.884442014846735E-4
133	5.077921135010756E-4
134	7.585363421133171E-4
135	0.0010084220135558929
136	9.87376975211235E-4
137	7.773029946239129E-4
138	5.458897858705316E-4
139	4.808204832672456E-4
140	5.184068353920621E-4
141	5.76888402969347E-4
142	4.0814054200516604E-4
143	2.166438296200325E-4
144	3.932038500193608E-4
145	0.0010140996173849314
146	0.0017360076048075332
147	0.002102853688915584
148	0.0018217261844333424
149	0.0011583876774170782
150	5.196692233057177E-4
151	2.2204958085613146E-4
152	1.7610592858933097E-4
153	2.884442014846735E-4
154	2.865763573451612E-4
155	2.4328210242221258E-4
156	5.465734186864171E-4
157	0.0010304281936973345
158	0.001396386152648046
159	0.0013565058272350548
160	9.336607208983126E-4
161	4.650000899341737E-4
162	2.9585814807489737E-4
163	5.005991134327142E-4
164	8.932208997832999E-4
165	0.0012628360885128395
166	0.0015079803056024612
167	0.001567666119529239
168	0.0013930139095146917
169	0.0010176329109059835
170	6.759553477750473E-4
171	6.014770481946296E-4
172	8.869815293099985E-4
173	9.660380772631254E-4
174	7.061719840274376E-4
175	2.949619434861679E-4
176	1.8313706817171457E-23
177	8.637068186732514E-6
178	3.82171418969978E-4
179	7.563897864046957E-4
180	8.379854115048871E-4
181	6.293101468947977E-4
182	3.845218677369792E-4
183	3.565003246216299E-4
184	5.609963287408267E-4
185	7.959822808224428E-4
186	8.545618309463829E-4
187	7.049030355142231E-4
188	4.5447813347506224E-4
189	2.884442014846735E-4
190	1.1349612568087304E-4
191	1.8313706817171457E-23
192	1.0804415854269023E-4
193	3.943110590510902E-4
194	7.2359679796458E-4
195	9.418169313446734E-4
196	9.559159360375528E-4
197	7.962534315970219E-4
198	5.208082780047212E-4
199	1.8266785694141967E-4
200	3.824858187967457E-4
