#Gcr2_GEM_1.m3
#KSM version: 1
#72/72
#1.56
#k-mer/r.c.	Offset	PosCt	wPosCt	NegCt	HgpLg10	CIDs	PosHits (base85 encoding)	NegHits (base85 encoding)
CGTGG/CCACG	0	15	15	4	-2.9	*	!rujs+97'&.K~	z!WXAD!W~
AGTGG/CCACT	0	14	14	6	-1.9	*	"p!^.!.mH98c~	+@#o,&-tN&~
GTGGC/GCCAC	1	12	12	4	-2.4	*	!>&W=+TR%M$3~	z#RUP5~
GTGCT/AGCAC	1	12	12	6	-1.6	*	+92Zm6imA0"T~	O8o7\!!!"0#Q~
GTGGNA/TNCCAC	1	11	12	1	-4.2	-0,-1	N.A.	N.A.
GTGAT/ATCAC	1	11	11	4	-1.9	*	L]B+1!'jWeJ,~	!!#8L!!*'"+9~
GTGGT/ACCAC	1	11	11	2	-3.0	*	!Wdfa!!5If&c~	z!!",A&-~
GCGGT/ACCGC	1	8	8	2	-1.8	*	!!",A!/64/"o~	#QOi)!<~
GTNGCT/AGCNAC	1	7	7	0	-3.2	2,-3	N.A.	N.A.
GGTNAT/ATNACC	0	6	6	0	-2.8	4,5	N.A.	N.A.
CCTAC/GTAGG	4	5	5	1	-1.9	*	!!",A5QE2T~	z!!",~
$$$
TACCAC/GTGGTA	0	6	6	0	-2.8	0	!W[``!!3-$~	
TGCCAC/GTGGCA	0	5	5	1	-1.9	1	!>%Kr!!!!##Q~	z!!i~
GTGGCT/AGCCAC	0	4	4	0	-2.2	2	!!",A!<<+M!W~	
AGCTAC/GTAGCT	0	3	3	0	-1.9	3	&-)\1+92BA+9~	
GGTGAT/ATCACC	0	4	4	0	-2.2	4	#QPD9!!!9*~	
GGTTAT/ATAACC	0	3	3	0	-1.9	5	!"aY\!!!!"~	
%%%
7 6 5 6 5 5 0 5 5 0 0 0 6 0 0 0 0 0 5 5 6 7 6 6 0 6 5 0 6 5 5 0 6 0 5 0 0 6 5 0 0 7 0 0 0 0 5 5 0 5 5 6 5 5 6 6 7 7 0 6 0 5 5 6 5 7 5 6 5 5 5 5 
0 0 0 0 5 5 0 5 0 0 0 0 0 0 5 0 0 0 0 0 0 0 5 0 0 0 0 0 0 0 5 0 0 5 0 5 5 0 0 0 5 5 0 7 0 0 0 0 5 0 0 0 0 5 5 0 0 5 5 0 0 5 5 0 0 5 0 5 5 5 0 0 
1.2136 1.2159 1.3771 1.2843 1.2928 1.4615 1.6069 1.1668 1.1503 0.8193 0.7832 0.8019 1.3179 0.8849 0.8276 0.8651 0.8580 0.8193 1.3346 0.7928 1.1002 1.3068 0.7832 0.8108 1.2121 1.2732 0.8108 0.8193 1.2774 0.7733 0.8433 0.8108 0.8276 0.8276 0.8019 0.7928 0.8356 0.8019 0.7832 0.7928 0.8580 0.8719 0.8433 0.8019 0.8976 0.8508 0.7928 0.8193 1.3168 0.7832 0.8108 0.9234 1.0564 0.7832 0.7928 0.7832 0.8851 1.2153 1.3190 1.5713 1.4861 1.4538 1.4703 1.4197 1.3683 0.8580 0.8019 0.8019 0.7733 0.8193 0.8108 0.8019 
