#Gcr2_GEM_2.m6
#KSM version: 1
#667/667
#1.20
#k-mer/r.c.        	Offset	PosCt	wPosCt	NegCt	HgpLg10	CIDs	PosHits (base85 encoding)	NegHits (base85 encoding)
GCAAAAAAA/TTTTTTTGC	1	15	15	5	-2.3	*	z!!!-%zzzzz!!!"Lz!<<*"!!!Q1!?`Qe!!%NLzz!.Y%L!!%Nlzzz!X&~	zzzzzzzzzz"98E%z!!%NLzzz!!3-#zz+92BA!!E~
CAGCAACAA/TTGTTGCTG	-1	8	8	0	-3.3	*	zzz!"],1!!*'2zzz5QCcez!!!!%!'gMazz!!!-~	
TGCAAAAAA/TTTTTTGCA	0	8	8	2	-2.0	*	zzzzzzz!WW3#zz!!!i9!$D7B!!%NLz!'gMazzzzz!W~	zzzzzzzzzzzzzzzz+92BQ~
AAGCAACAA/TTGTTGCTT	-1	7	7	0	-3.0	*	!!#7aJ,fQLz!!!!"zz"98E%zzzzzzzzzJ,fQLz!!!!1z!!!9~	
AGCAACAAG/CTTGTTGCT	0	7	7	1	-2.4	*	zJ,fQLzz!!*'2zzzzzz!'gMazz!!!-%zJ,fQLz!W~	zzzzzzzzzzzzz!"]~
CAACAACTNC/GNAGTTGTTG	2	6	7	0	-3.0	0,1	N.A.	N.A.
GCAAAAAAC/GTTTTTTGC	1	7	7	1	-2.7	*	5QCcazz!!!-%z+92BAz!WW3#zzzzzz!'gMazzJ:I~	zzzzzzz+9~
CGCAAAAAA/TTTTTTGCG	0	7	7	2	-1.7	*	zzz!!!-%zzzzz!<<*"z!!!'#z!!!Q1zz!!!!AJ:I~	zz+92BAz!!%N~
GCAACAANAA/TTNTTGTTGC	1	6	6	0	-2.7	2,-3	N.A.	N.A.
GCAACAAGA/TCTTGTTGC	1	6	6	2	-1.5	*	zzzzzzzz!$D7Azzzzz!!!-%zO8o7\z!WW3#z!!*~	zzzzzzzzzzzzzzz!!*'"z!!!!#~
GCAAANAACA/TGTTNTTTGC	1	6	6	0	-2.7	-4,-5	N.A.	N.A.
CGCAAAANAA/TTNTTTTGCG	0	6	6	0	-2.7	-6,-7	N.A.	N.A.
GGCAAAAAA/TTTTTTGCC	0	6	6	2	-1.7	*	5QCca!!!-%zzz+92BAzzzzz!<=5Bzzzz!!%N~	zzzzzzzzzz"98E%zzzzzzzzz!!E~
AAAGCAACA/TGTTGCTTT	-2	5	5	0	-2.7	*	!!#7azz!!!!"zz"98E%zzzzzzzzzzz!!!!1z!!!9~	
AACAACTTC/GAAGTTGTT	3	5	5	0	-2.4	*	!!#7az"98E%!!!!"zzzz!!!!"zzz!!!!#~	
GCAACAACT/AGTTGTTGC	1	5	5	0	-2.7	*	!!#7izz!!!!"z!WW3#zzzzzzzzz!!!-~	
GCAACAAGG/CCTTGTTGC	1	5	5	0	-2.4	*	zzzz!!*'2zzzzzz!'gMazzzz!'gMazz#Q~	
AGCAACAAC/GTTGTTGCT	0	5	5	0	-2.4	*	!!#7azz!!!!"zzzz5QCcazzzzz!!!-%z!!!'~	
ACAACTTCA/TGAAGTTGT	4	4	4	0	-2.1	*	zzz!!!!"zzzz!!!!"zzz!!!!#zz!!3~	
ACAGCAACA/TGTTGCTGT	-2	4	4	0	-2.1	*	zzzz!!*'"zz!!!"Lzz!!!!%zzz!!!-~	
AGCAACAAA/TTTGTTGCT	0	4	4	0	-2.1	*	zzz!"],1zzzz!!!!%zz!!3-#zzzzzzzz!!!9~	
AGCAACAAT/ATTGTTGCT	0	4	4	0	-2.4	*	zzzzzz"98E%zzz!!!!%zzzzz!$D7Az!!!!1~	
CAACAACTT/AAGTTGTTG	2	4	4	0	-2.1	*	!!#7azz!!!!"z!WW3#zzzzzz!!!!#~	
CAACAAGGC/GCCTTGTTG	2	4	4	0	-2.1	*	!!!Q1zzz!!!!1zzzzzz!'gMazzzzzzz#Q~	
CAACAAGAG/CTCTTGTTG	2	4	4	1	-1.5	*	zzzzzzzzzzzzzz!!!!az&-)\1zz!!!!)!!!$~	zzzzzzzzzzzzzzzzz!!!!#~
GAGACAACA/TGTTGTCTC	8	4	4	0	-2.1	*	!$D7Azzzzzzzzzzzzz!!!!azzzz!!!!)!!!$~	
TAGCAACAA/TTGTTGCTA	-1	4	4	1	-1.5	*	zzzzzzzzzzz!!3-#zzzz!$D=Cz!W~	zzzzzzzzzzzzz!"]~
AACAACTGC/GCAGTTGTT	3	3	3	0	-2.1	*	!!!!)!!!!1zzzzzzzzzzzzz!!!-~	
AATAGTTAT/ATAACTATT	7	3	3	0	-1.8	*	zzzzzzzzz+92BAzz&-)\1zzzzzzz!!!Q~	
ACAACGTTT/AAACGTTGT	4	3	3	0	-1.8	*	zzzz!!!!az!!!9)z5Q~	
ACAAGAAAT/ATTTCTTGT	4	3	3	0	-1.8	*	zzzzzz5QCcazzzz!WW3#zzzzJ,~	
AGCAATTGG/CCAATTGCT	3	3	3	0	-1.8	*	zzzz!!!!Az!$D7Azzzzz!!!9~	
AGGCAACAA/TTGTTGCCT	-1	3	3	0	-1.8	*	z#QOi*zzzzzzzzz"9~	
GCAGCAAAT/ATTTGCTGC	1	3	3	0	-1.8	*	zzzzzzzzzzzzzz!!",A!!!"L!!%N~	
GGCAAAAAT/ATTTTTGCC	0	3	3	0	-1.8	*	zzzzzzzzz!!!$"!!!-%!!#7~	
CAAACAGCA/TGCTGTTTG	-2	3	3	0	-1.8	*	zzz!"],1z!!!9)zzzzzzzzzzzzzz!"]~	
CAACAACTG/CAGTTGTTG	2	3	3	0	-2.1	*	!!!!)!!!!1zzzzzzzzzzzzz!!!-~	
CAACAATAA/TTATTGTTG	2	3	3	0	-1.8	*	z+92BAzzzz"98E%zzz!!!!%~	
CAGCAATTG/CAATTGCTG	2	3	3	0	-1.8	*	zzzz!!!!Azzzzz"98E%z!!!9~	
GCAAGAACG/CGTTCTTGC	1	3	3	0	-1.8	*	z#RCD1zzzzzzz!<~	
CAAAAAACG/CGTTTTTTG	2	3	3	1	-1.5	*	5QCcazzzz+92BAzzzzzzz!!i~	zzzzzzzzzzzz!W~
CTCAACAAG/CTTGTTGAG	0	3	3	0	-1.8	*	zzzzzzzzzzzzzz!!!!azzzz!!!!)!!!$~	
CAACAACAG/CTGTTGTTG	2	3	3	0	-1.8	*	z!!!!1zzzz!!!'#zzzzzzz!!!-~	
CAACAAATC/GATTTGTTG	2	3	3	0	-1.8	*	zzzzzzzzz!!!-%zz!$D7Azzzzzzz!!!9~	
GCAAAAAGC/GCTTTTTGC	1	3	3	1	-1.5	*	zzzzzz!!!-%zzzzzzzz!!iQ)zz!!!!1~	zzzzzzzzzzzzzz!!",~
GCAACAATA/TATTGTTGC	1	3	3	0	-1.8	*	z+92BAzzzz"98E%zzz!!!!%~	
AATTTCAGC/GCTGAAATT	-3	3	3	1	-1.5	*	!!iQ)zzz!!!'#zz!.Y~	zzzzzzzzzzzzzz!!!!A~
GCTTCAGCA/TGCTGAAGC	-2	3	3	0	-1.8	*	zzzzzzzz!!!!%z!!",Azzzzzz!W~	
GGTTAATTC/GAATTAACC	-8	3	3	0	-1.8	*	zzzzzzzzzzzzzz!!!!azzzz!!!!)!!!$~	
TCAACAAGA/TCTTGTTGA	1	3	3	0	-1.8	*	zzzzzzzzzzzzzz!!!!azzzz!!!!)!!!$~	
TCAACAATG/CATTGTTGA	1	3	3	0	-1.8	*	zz!!",A!!E9%!!!!1~	
TGCAACAAC/GTTGTTGCA	0	3	3	0	-2.1	*	!!!!)zzzz!WW3#zzzzzzzzz!!!-~	
TGCAACAAG/CTTGTTGCA	0	3	3	0	-1.8	*	zzzzzzzz!$D7Azzzzzzz&-)\1zzz!!*~	
GCAACAACA/TGTTGTTGC	1	3	3	0	-1.8	*	z!!!!1zzzz!!!'#zzzzzzz!!!-~	
CCGCAACAA/TTGTTGCGG	-1	3	3	0	-1.8	*	z!!*'2zzzz!!!'~	
$$$
CAACAACTTC/GAAGTTGTTG	0	3	3	0	-1.8	0	!!#7azz!!!!"zzzzzzzz!!!!#~	
CAACAACTGC/GCAGTTGTTG	0	3	3	0	-2.1	1	!!!!)!!!!1zzzzzzzzzzzzz!!!-~	
GCAACAATAA/TTATTGTTGC	0	3	3	0	-1.8	2	z+92BAzzzz"98E%zzz!!!!%~	
TTCTTGTTGC/GCAACAAGAA	0	3	3	0	-1.8	3	zzzzzzzzzzzzzz!!!-%zJ,fQLz!W~	
TGTTCTTTGC/GCAAAGAACA	0	3	3	0	-1.8	4	z!!iQ)z!!!$"zzzzzzzzzzzzzzz!!!'~	
TGTTTTTTGC/GCAAAAAACA	0	3	3	0	-1.8	5	zzz!!!-%zzz!WW3#zzzzzzzzzJ,~	
TTTTTTTGCG/CGCAAAAAAA	0	3	3	0	-1.8	6	zzzzzzzzz!<<*"z!!!'#zzzz!!!!A~	
TTCTTTTGCG/CGCAAAAGAA	0	3	3	0	-1.8	7	zzzzzzz!!!!1zzzz!!#7azzzz!!%N~	
%%%
0 0 0 0 0 0 11 0 0 0 0 0 0 9 0 0 0 0 0 0 9 0 14 0 0 0 0 12 0 0 0 0 0 0 9 9 0 10 0 10 9 0 0 9 0 0 0 0 0 0 10 0 0 0 0 0 9 0 0 0 12 0 0 0 0 0 9 0 0 0 0 0 0 0 0 0 0 0 0 0 0 0 0 0 0 9 0 0 0 0 0 0 0 0 0 0 0 0 0 0 0 0 0 0 0 0 9 0 10 0 0 0 9 0 11 0 0 0 0 0 14 0 0 0 0 0 0 0 0 0 0 0 0 0 0 0 12 0 0 0 0 0 0 0 0 0 0 0 0 0 0 0 0 0 0 0 12 10 9 0 0 11 0 0 0 11 0 0 0 0 0 0 0 0 0 0 0 0 0 0 0 0 0 0 0 0 0 0 0 0 0 0 0 0 13 0 0 0 9 0 0 0 0 0 0 9 0 0 0 12 9 9 0 0 0 0 0 0 0 0 0 0 0 0 0 11 0 0 0 0 0 0 0 0 0 0 0 0 0 0 0 0 0 0 0 0 0 0 0 0 0 0 9 0 0 9 0 0 0 0 0 0 14 0 0 0 0 0 0 10 0 0 0 0 0 0 0 0 0 0 9 0 9 0 0 0 0 0 10 0 0 0 0 9 0 0 0 0 0 0 0 0 0 0 9 0 9 0 0 0 0 0 0 0 0 0 0 0 0 0 0 0 9 0 0 0 0 0 0 0 0 0 0 0 0 0 0 0 9 9 10 9 0 0 0 0 13 0 0 0 0 0 10 9 9 0 0 0 0 0 0 10 0 0 0 10 12 0 0 10 0 0 0 10 9 0 10 0 0 0 0 0 0 0 0 0 0 0 9 0 0 0 0 0 0 0 0 9 0 0 0 0 0 10 0 0 9 10 0 10 0 0 0 0 0 0 0 0 0 0 0 0 0 0 0 0 0 9 0 0 0 0 0 0 0 0 9 0 0 0 0 0 0 0 0 0 0 0 0 0 0 0 0 0 0 0 0 0 0 0 0 0 10 0 0 0 13 0 0 9 0 0 0 0 0 0 0 0 25 0 0 0 0 0 0 0 0 0 0 9 0 9 0 0 0 9 0 0 12 0 0 0 0 0 0 0 0 0 0 0 0 9 0 0 0 0 11 0 0 14 0 0 0 0 0 10 9 0 0 10 0 0 0 0 0 10 0 0 0 0 0 10 0 0 0 9 0 0 0 0 0 11 0 0 0 0 0 0 0 10 0 0 0 0 0 0 0 9 0 0 0 0 0 0 0 0 0 12 0 0 0 0 0 0 0 0 0 0 0 0 0 0 0 0 0 0 0 0 0 0 0 0 0 0 11 0 0 0 0 0 0 10 0 0 0 0 0 0 0 0 0 0 0 0 0 9 0 0 0 0 0 0 0 0 0 25 0 0 0 0 0 10 0 0 0 0 0 0 10 0 9 0 0 0 0 0 25 0 0 13 9 0 0 0 0 0 0 
0 0 0 0 0 0 0 0 0 0 0 0 0 0 0 0 0 0 0 0 0 0 0 0 0 0 0 0 0 0 0 0 0 0 0 0 0 0 0 0 0 0 0 0 0 0 0 0 0 0 0 0 0 0 0 0 0 0 0 0 0 0 0 0 0 0 0 0 0 9 0 0 0 0 0 0 0 0 0 0 0 0 0 0 0 0 0 0 0 0 0 0 0 0 0 0 0 0 0 0 0 0 0 0 0 0 0 0 0 0 0 0 0 0 0 0 0 0 0 0 0 0 0 0 0 0 0 0 0 0 0 0 0 0 0 0 0 0 0 0 0 0 0 0 0 0 0 0 0 0 0 9 0 0 0 0 0 0 0 0 0 0 0 0 0 0 0 0 0 0 0 0 0 0 0 0 0 0 0 0 0 0 0 0 0 0 0 0 0 0 0 0 0 0 0 0 0 0 0 0 0 0 0 0 0 0 0 0 0 0 0 0 0 0 0 0 0 0 0 0 0 0 0 0 0 0 0 0 0 9 0 0 0 0 0 0 0 0 0 0 0 0 0 0 0 0 0 0 0 0 0 0 0 0 0 0 0 0 0 0 0 0 0 0 0 0 0 0 0 0 0 0 0 0 0 0 0 0 0 0 0 0 0 0 0 0 0 0 0 0 0 0 0 0 0 0 0 0 0 0 0 0 0 0 0 0 0 0 0 0 0 0 0 0 0 0 0 0 0 0 0 0 10 0 0 0 0 0 0 0 0 0 0 0 0 0 0 0 0 0 0 0 0 0 0 0 0 0 0 0 0 0 0 0 0 0 0 0 0 0 0 0 0 0 0 0 0 0 0 0 0 0 0 0 0 0 0 0 0 0 0 0 0 0 0 9 0 0 0 0 0 0 0 0 0 0 0 0 0 0 0 0 0 0 0 0 0 9 0 0 0 0 0 0 0 0 0 0 0 0 0 0 0 0 0 0 0 0 10 0 0 0 0 0 0 0 0 0 0 0 0 0 0 0 0 0 0 0 0 0 0 0 0 0 0 0 0 0 0 0 0 0 0 0 0 0 0 0 0 9 0 0 0 0 0 0 0 0 0 0 0 0 0 0 0 0 0 0 9 0 0 0 0 0 0 0 0 0 0 0 0 0 0 0 0 0 0 0 0 0 0 0 0 0 0 0 0 9 0 0 0 9 0 0 0 0 0 0 0 0 0 0 0 0 0 0 0 0 0 0 9 0 0 0 0 0 0 0 0 0 0 0 0 0 0 0 0 0 0 0 0 0 0 0 0 0 0 0 0 10 0 0 0 0 0 0 0 0 0 0 0 0 0 0 0 0 0 0 0 0 0 0 0 0 0 0 0 0 0 0 0 0 0 0 0 0 0 0 0 0 0 0 0 9 0 0 0 0 0 0 0 0 0 0 0 0 0 0 0 0 0 0 0 0 0 0 0 0 0 0 0 0 0 0 0 0 0 0 0 0 10 0 0 0 0 0 0 0 9 0 0 0 0 0 0 0 0 
1.4161 1.3990 1.6730 0.9915 0.9998 1.3168 1.6843 0.9971 0.9515 1.7702 0.9557 1.6643 1.0256 1.3227 0.9686 1.0295 0.9593 1.0724 0.9867 1.0015 0.9704 1.2124 0.9915 0.9570 0.9811 0.9358 0.9742 1.3794 0.9593 0.9358 0.9872 1.0787 0.9478 0.9593 0.9593 0.9704 0.9478 0.9811 0.9712 0.9596 0.9478 1.0015 1.7093 0.9915 1.0468 0.9704 1.0533 0.9478 0.9478 0.9683 0.9811 0.9358 1.2689 1.2758 0.9825 1.0047 1.5894 0.9478 0.9358 0.9915 1.0341 0.9593 0.9823 1.1273 0.9358 0.9811 0.9423 1.0015 1.0015 0.9593 0.9478 0.9579 0.9704 0.9411 0.9668 1.0509 1.0205 0.9799 1.0006 1.0111 0.9358 0.9358 1.0111 0.9915 1.0934 0.9478 1.0015 0.9704 1.0383 0.9478 0.9358 0.9465 1.0205 0.9358 0.9646 1.0223 0.9478 1.6100 0.9358 0.9358 1.9755 0.9811 0.9789 0.9478 0.9593 0.9358 0.9811 0.9405 0.9529 0.9668 0.9915 1.0015 0.9677 0.9478 0.9478 0.9823 0.9915 0.9593 0.9593 0.9358 0.9358 0.9518 0.9358 0.9358 0.9358 0.9442 0.9704 0.9539 1.0551 0.9478 0.9540 0.9358 0.9593 0.9915 0.9358 0.9451 1.0081 0.9407 1.0111 1.0995 1.4058 0.9593 0.9358 0.9478 0.9491 0.9593 0.9568 0.9478 0.9358 1.0527 0.9593 0.9811 0.9704 0.9704 0.9915 0.9358 0.9368 0.9358 0.9593 0.9547 0.9358 1.0262 0.9800 0.9593 0.9593 0.9681 0.9704 0.9704 0.9811 0.9457 0.9368 0.9794 0.9915 0.9902 0.9391 0.9685 0.9527 0.9567 0.9593 0.9478 0.9358 1.0908 0.9704 1.0711 1.0722 0.9915 0.9704 1.5710 0.9358 0.9747 0.9478 0.9811 0.9412 0.9358 0.9968 0.9564 1.0162 1.1208 1.0111 0.9593 0.9358 0.9478 0.9358 0.9478 0.9704 0.9704 0.9593 1.0133 0.9593 0.9358 0.9811 0.9358 0.9613 1.0015 0.9478 0.9915 1.0102 0.9358 0.9594 0.9412 0.9478 0.9358 0.9475 0.9395 0.9593 1.0133 1.0015 0.9485 0.9478 1.5620 0.9358 0.9593 0.9752 0.9593 0.9593 0.9478 1.0711 0.9811 0.9358 0.9915 0.9811 0.9478 0.9358 0.9882 0.9863 1.0475 0.9358 0.9358 0.9593 0.9532 0.9409 0.9811 0.9811 0.9478 0.9593 0.9526 0.9358 0.9704 0.9915 0.9811 0.9704 0.9704 1.0127 0.9593 0.9358 0.9478 0.9434 0.9704 0.9358 0.9473 1.0205 0.9478 0.9813 0.9927 0.9358 0.9358 0.9987 0.9915 0.9915 0.9581 1.0359 1.0015 0.9593 1.3163 0.9407 0.9765 0.9811 0.9593 0.9478 0.9811 0.9593 0.9358 0.9478 0.9704 0.9791 0.9593 0.9811 0.9704 0.9524 0.9742 0.9593 0.9358 0.9409 0.9991 1.0015 0.9358 0.9358 0.9704 0.9791 0.9358 0.9403 0.9478 0.9566 0.9593 0.9593 0.9440 0.9408 0.9523 0.9532 1.0366 0.9478 0.9811 0.9358 0.9358 0.9358 0.9714 0.9478 1.0015 0.9478 0.9358 0.9384 0.9778 1.0436 0.9704 0.9748 0.9358 0.9358 0.9593 0.9478 1.0260 1.0595 0.9704 0.9811 0.9358 0.9720 0.9453 1.0468 0.9399 0.9358 0.9664 0.9589 0.9636 0.9478 0.9412 0.9358 0.9704 0.9471 0.9704 0.9704 0.9593 0.9358 0.9358 0.9358 0.9478 0.9811 0.9593 1.0015 0.9358 0.9471 0.9593 0.9358 0.9758 0.9374 0.9811 0.9727 1.0777 0.9478 1.0205 0.9478 0.9478 0.9478 0.9811 0.9478 1.0862 0.9358 0.9358 0.9486 1.0029 0.9358 0.9581 0.9704 1.0015 0.9478 0.9593 0.9478 0.9478 1.0787 0.9478 0.9478 1.0030 0.9358 0.9869 0.9462 0.9358 0.9704 0.9805 0.9413 0.9358 0.9949 0.9811 1.0551 0.9704 0.9478 0.9358 1.0111 0.9787 0.9478 1.0015 0.9358 0.9403 0.9358 0.9405 0.9478 0.9667 0.9915 0.9358 0.9358 0.9592 0.9915 0.9358 0.9753 0.9358 1.0632 0.9478 0.9358 0.9704 1.0000 0.9593 1.0111 0.9358 1.0541 0.9478 1.0468 0.9398 0.9704 0.9478 0.9448 1.0205 1.1003 0.9358 0.9811 1.0276 1.2633 0.9358 0.9433 0.9358 0.9811 1.0732 1.0111 1.5786 0.9561 0.9811 0.9358 0.9964 1.0563 0.9358 0.9358 0.9445 0.9915 0.9478 1.0078 0.9865 0.9704 0.9358 0.9593 0.9358 0.9593 1.2693 0.9789 0.9704 0.9811 0.9478 0.9811 0.9478 0.9404 0.9494 0.9358 0.9704 0.9681 0.9478 0.9358 0.9358 0.9668 0.9358 0.9500 1.0381 0.9832 0.9915 1.2422 0.9682 0.9358 1.1401 0.9478 0.9915 0.9358 0.9772 1.0111 0.9772 0.9683 0.9358 0.9478 0.9478 0.9464 0.9704 1.0015 0.9358 0.9478 0.9358 0.9478 0.9727 0.9358 0.9704 0.9704 0.9614 0.9358 0.9794 0.9911 0.9811 0.9367 0.9358 0.9915 0.9915 0.9915 0.9915 0.9836 1.0632 0.9478 1.0862 0.9915 0.9939 0.9358 0.9478 0.9846 1.0468 0.9358 1.3456 0.9593 0.9358 0.9704 0.9478 0.9478 0.9704 0.9679 0.9565 0.9915 0.9358 0.9704 0.9414 0.9915 1.1799 1.0404 0.9471 0.9478 0.9478 0.9915 1.3334 1.0019 1.1142 0.9593 0.9358 0.9593 0.9478 1.0313 0.9358 0.9358 0.9781 0.9468 0.9393 0.9478 0.9704 0.9478 0.9869 0.9647 0.9607 0.9478 0.9593 0.9685 0.9704 0.9521 0.9593 1.2144 1.0111 0.9593 0.9549 0.9811 0.9508 1.0271 0.9478 0.9387 0.9358 1.8045 1.6131 1.8445 1.8721 1.6925 1.7779 1.7122 0.9775 0.9704 0.9478 1.4121 1.3282 1.0934 1.1208 0.9915 1.0787 1.1005 1.1337 1.1398 0.9358 0.9358 0.9358 0.9433 0.9358 0.9478 0.9593 0.9478 0.9358 0.9358 0.9358 0.9704 0.9358 0.9358 0.9358 0.9358 0.9704 0.9704 0.9478 0.9593 0.9593 0.9593 0.9358 0.9593 0.9593 0.9358 0.9446 0.9915 0.9478 0.9811 0.9478 0.9704 0.9619 0.9811 0.9593 0.9358 0.9478 0.9811 0.9704 0.9593 0.9358 0.9358 0.9915 1.1005 0.9358 1.0053 1.0468 0.9811 
