#Gcr2_GEM_1.m13
#KSM version: 1
#72/72
#1.23
#k-mer/r.c.        	Offset	PosCt	wPosCt	NegCt	HgpLg10	CIDs	PosHits (base85 encoding)	NegHits (base85 encoding)
CCCTTTGGG/CCCAAAGGG	2	3	3	0	-1.5	*	!!!!)!!iQ)J,~	
$$$
%%%
0 0 0 0 0 0 0 0 0 0 0 0 0 0 0 0 0 0 0 0 0 0 0 0 0 0 0 9 0 0 0 0 0 0 0 0 0 0 0 0 0 0 0 9 0 0 0 0 0 0 0 0 0 0 0 0 0 0 0 0 0 0 0 0 0 0 0 0 0 0 0 9 
0 0 0 0 0 0 0 0 0 0 0 0 0 0 0 0 0 0 0 0 0 0 0 0 0 0 0 0 0 0 0 0 0 0 0 0 0 0 0 0 0 0 0 0 0 0 0 0 0 0 0 0 0 0 0 0 0 0 0 0 0 0 0 0 0 0 0 0 0 0 0 0 
1.2136 1.2159 1.3771 1.2843 1.2928 1.4615 1.6069 1.1668 1.1503 0.8193 0.7832 0.8019 1.3179 0.8849 0.8276 0.8651 0.8580 0.8193 1.3346 0.7928 1.1002 1.3068 0.7832 0.8108 1.2121 1.2732 0.8108 0.8193 1.2774 0.7733 0.8433 0.8108 0.8276 0.8276 0.8019 0.7928 0.8356 0.8019 0.7832 0.7928 0.8580 0.8719 0.8433 0.8019 0.8976 0.8508 0.7928 0.8193 1.3168 0.7832 0.8108 0.9234 1.0564 0.7832 0.7928 0.7832 0.8851 1.2153 1.3190 1.5713 1.4861 1.4538 1.4703 1.4197 1.3683 0.8580 0.8019 0.8019 0.7733 0.8193 0.8108 0.8019 
