#Gcr2_GEM_2.m7
#KSM version: 1
#667/667
#2.04
#k-mer/r.c.    	Offset	PosCt	wPosCt	NegCt	HgpLg10	CIDs	PosHits (base85 encoding)	NegHits (base85 encoding)
CCNTTTTT/AAAAANGG	1	50	49	24	-3.1	-0,1	N.A.	N.A.
CCANTTTT/AAAANTGG	1	28	27	12	-2.4	-0,2	N.A.	N.A.
CCATTNTT/AANAATGG	1	26	25	11	-2.3	-0,-3	N.A.	N.A.
CNNCTTTTT/AAAAAGNNG	1	22	22	2	-5.9	-4,-5,6	N.A.	N.A.
TNNCATTTT/AAAATGNNA	-1	19	19	0	-6.7	7,-8,9,10	N.A.	N.A.
GNCATTTT/AAAATGNC	0	19	18	5	-2.9	11,12	N.A.	N.A.
TNCCNTTTT/AAAANGGNA	-1	16	16	0	-5.8	7,-8,13	N.A.	N.A.
CCATTTNNT/ANNAAATGG	1	16	16	6	-2.1	14,-15	N.A.	N.A.
CCNCNTTTT/AAAANGNGG	1	15	15	1	-4.9	-16,-5,17,6	N.A.	N.A.
CCNNTTTTT/AAAAANNGG	1	13	14	0	-5.2	-5,-18,6,19	N.A.	N.A.
CCACTTT/AAAGTGG	1	13	13	3	-3.0	*	z!W`i4#QOi)!WW3#z5X5;Lz5QCca!!!!%!!#7azzzzzz!!!!1zzJ,fQL#Q~	z!"],1zzzzzzzzzz!!!!"zzz!!!Q~
CCNCTTNTT/AANAAGNGG	1	13	13	0	-4.9	-20,-5,6,21	N.A.	N.A.
TGNCANTTT/AAANTGNCA	-1	13	13	0	-4.9	7,-22,10	N.A.	N.A.
GCNANTTTT/AAAANTNGC	0	11	11	2	-2.8	-23,-24	N.A.	N.A.
CCANTTNTT/AANAANTGG	1	11	11	1	-3.6	6,25,19	N.A.	N.A.
CCANTNTTT/AAANANTGG	1	10	10	0	-3.9	6,19,26	N.A.	N.A.
GCCATTT/AAATGGC	0	10	10	4	-1.6	*	!!!-%z!!iQ)z!!!!%!!!Q1z!$D7A!WW3%!!!!1zzzJ3X~	z!!!!"!!!!azzzzz"98E%zzzzzz!'g~
CACTTTC/GAAAGTG	2	10	10	5	-1.4	*	z!!!Q1z!WW3#!!!Q1!'gMazzz5QCcazz!!!!1zL]@DT!!!!)zz!!!!%~	zzz!<<*"!WW3#z!!#7azzzzzzz!!!!"zzz!!!9~
CCANNTTTT/AAAANNTGG	1	10	10	0	-3.9	6,27,19	N.A.	N.A.
CCNACTTT/AAAGTNGG	0	8	9	1	-3.0	28,29	N.A.	N.A.
CCNCTTTT/AAAAGNGG	1	9	9	2	-2.2	-30,2	N.A.	N.A.
CCANTTTNA/TNAAANTGG	1	8	8	1	-2.7	31,-32	N.A.	N.A.
CNACNTTTT/AAAANGTNG	1	7	7	0	-3.0	33,6	N.A.	N.A.
CNANTTTTT/AAAAANTNG	1	7	7	0	-3.0	6,19	N.A.	N.A.
CCCACTT/AAGTGGG	0	5	5	1	-2.1	*	zz#QOi)!WW3#zzzzzzzzzz!!%NLz!!!!1zzJ,~	zzzzzzzzzzzzzzzzzzz!!!!A~
CAACGCT/AGCGTTG	-7	3	3	1	-1.5	*	zzzzzzzzz!!!!#z!!*'"zzzzzz!!!!%~	z#Q~
$$$
AAAAATGG/CCATTTTT	0	22	22	10	-2.0	0	!!!-%!!!!A!!!!1!!",A!!!$"!!iQ+z"<[[E#(Q[T!WW33!!E9%zzJNs28!!!$"zz+92BAz+9~	!'gMaz!!!!)J,fQLz!!!-%!!E9%z"98E%zzzz!<>@bz+92BA!!!!1~
CCTTTTTT/AAAAAAGG	0	28	28	14	-2.1	1	J,fQLzz!Wi@P"98FP&-;h7!!!!)!!%Nl!"aY\!!3]3zzzz!"],A"<`7<!!!-%!!!9)!!3-#!$D7A!!!!"~	zz!!!!1z!!%NL!+5d,zJ,fQMzzzz!!",Az!!!!1!!%NL+92uRzz!&+~
CCACTTTT/AAAAGTGG	0	6	6	2	-1.5	2	z!W`9$zzzzz5QCcazzzzzzzz!!!!1zzJ,fQL#Q~	zzzzzzzzzzzz!!!!"zzz!!!Q~
AACAATGG/CCATTGTT	0	4	4	1	-1.5	3	!!%NLz!!",Az!!!!1zzzzzzzzzz!!!!"~	zzzzzzzzzzzzzzz!!%N~
AAAAAGAAG/CTTCTTTTT	0	15	15	2	-3.9	4	z!!3-#!!!'+z!$EBa!!!!%"98E%zzz!!iQ)#QOi1z!"],1z!!!!A!!!$"!!!!"z!!*~	zzzzzzzz!"],1zzzz!!!!#~
AAAAAGCGG/CCGCTTTTT	0	3	3	0	-1.8	5	zzzzzzzzzzzzzzz!!",A!!!9)zzzJ,~	
CCACTTTTT/AAAAAGTGG	0	4	4	0	-2.1	6	z!!*'"zzzzz5QCcazzzzzzzz!!!!1zzz#Q~	
TGCCATTTT/AAAATGGCA	0	7	7	0	-3.0	7	zz!!iQ)z!!!!%zz!$D7A!WW3%zzzzJ3X~	
AAAATGGTA/TACCATTTT	0	4	4	0	-2.1	8	zzzz!!!$"!!!!#zz!.Y%L!W~	
TCTCATTTT/AAAATGAGA	0	5	5	0	-2.4	9	z!!!"Lzzzz!!!!%z#QOi*zzzzzzzz!!!!%~	
TGACATTTT/AAAATGTCA	0	3	3	0	-1.8	10	!!!!#zzzzzz!!!$"zzzzzzzz"9~	
GACATTTT/AAAATGTC	0	10	10	3	-2.0	11	!!!!#zzzz!!#7az!!!$"!"],1zzzzzzz"98E5"98E%z!It.M!!!-~	zzz!'gMazzzz!!%NLzzzzz!!!'~
GCCATTTT/AAAATGGC	0	9	9	2	-2.2	12	!!!-%z!!iQ)z!!!!%zz!$D7A!WW3%!!!!1zzzJ3X~	zzzzzzzz"98E%zzzzzz!'g~
TACCTTTTT/AAAAAGGTA	0	5	5	0	-2.4	13	zzzzzzz!!!!Azzz!!!$"zzz"98E%zzz!$D7A!!!!"~	
CCATTTCCT/AGGAAATGG	0	3	3	0	-1.8	14	zzzzzzzzzzzzzzzz!.Y%Lz5QDo~	
AAAAAATGG/CCATTTTTT	0	13	13	6	-1.5	15	!!!-%z!!!!1!!",A!!!$"!!!!#z"<[[E!!!!#!WW3#!!E9%zzJNs~	!'gMazzJ,fQLz!!!-%zz"98E%zzzz!<>@~
AAAATGAGG/CCTCATTTT	0	5	5	1	-1.8	16	z!"],1zzzzzzz!!E9%!!!9)zzzzz!!E9%zzz!!E~	zzzzzzzzzzzzzzzzzzz!<~
CCTCCTTTT/AAAAGGAGG	0	3	3	0	-1.8	17	zzzzzz!.Y%L!$D7Azzzzzzz!'g~	
AAAAACGGG/CCCGTTTTT	0	3	3	0	-2.1	18	5QCcazzJ,fQLzzzzzzzzzzzzzzz+9~	
CCAATTTTT/AAAAATTGG	0	3	3	0	-1.8	19	z!'gMazzzzzzzzzz!!!-'~	
AAGAAGGGG/CCCCTTCTT	0	3	3	0	-1.8	20	zzzzzz!!!!#zzzzz"98E%zzz!!%N~	
CCTCTTCTT/AAGAAGAGG	0	3	3	0	-1.8	21	zzzzzzzzzzz!!!!)zz!!!-%zzzzz!<~	
AAAGTGTCA/TGACACTTT	0	3	3	0	-1.8	22	zzzzzzzzzz!Wi?%zzzJ,~	
AAAATTAGC/GCTAATTTT	0	4	4	1	-1.5	23	z!.Y%Lzzzzz!!!!"zz!!!!)zzzzzzzz!W~	zzzzzzzzzzzzzzzz!!3~
AAAAATGGC/GCCATTTTT	0	7	7	1	-2.4	24	!!!-%zzzzzz!$D7A!WW3%!!!!1zzzJ3X~	zzzzzzzz"9~
CCAATTATT/AATAATTGG	0	4	4	1	-1.5	25	zzzzzzzz!!!*$zzzzz!!E9%zzzzz!!",~	zzzzzzzzzzzzzzzz"9~
CCAATGTTT/AAACATTGG	0	3	3	0	-1.8	26	zz#QOi)zz"98E%zzzzzzzzzzzzJ,~	
CCATATTTT/AAAATATGG	0	3	3	0	-1.8	27	!'gMazzzJ,fQLzzz!!i~	
CCAACTTT/AAAGTTGG	0	4	4	1	-1.5	28	zzz!.Y%Lzz!!!$"zzzzz!!E9%zzz!'g~	zzzzzzzzzzzzzzzzzzzz!!#7~
CCCACTTT/AAAGTGGG	0	4	4	0	-2.4	29	zz#QOi)!WW3#zzzzzzzzzzzz!!!!1zzJ,~	
AAAAGCGG/CCGCTTTT	0	3	3	0	-1.8	30	zzzzzzzzzzzzzzz!!",A!!!9)zzzJ,~	
CCATTTTTA/TAAAAATGG	0	5	5	1	-1.8	31	zzzzz!!iQ)zz!e:7N!!!!1zzzzzzz+9~	zzzzzz!!E~
TCAAATTGG/CCAATTTGA	0	3	3	0	-1.8	32	zzzzzzzzzzzz!!!!%zJ,fQLzz!!3~	
CTACCTTTT/AAAAGGTAG	0	3	3	0	-1.8	33	zzzz!'gMazzzzzz!!!$"zzzzzzz!!!$~	
%%%
0 7 0 7 0 0 7 7 0 0 0 0 0 8 7 0 0 10 10 0 0 0 0 7 7 9 0 0 8 0 0 0 0 8 0 0 0 0 0 0 9 10 0 0 9 0 8 7 0 0 0 0 8 7 0 7 0 7 7 0 9 8 0 10 0 0 0 8 0 8 8 0 0 0 0 9 0 0 0 0 0 10 0 0 0 7 0 0 7 0 0 10 9 8 0 0 0 9 0 0 0 0 0 7 7 7 0 7 0 0 8 7 0 0 0 8 0 9 0 8 0 7 0 7 0 0 0 7 0 0 7 0 0 7 0 7 0 0 7 0 0 7 7 7 10 0 0 0 7 10 0 0 0 7 9 8 7 8 0 7 0 0 7 7 7 0 7 0 0 7 7 9 0 9 8 0 0 0 0 0 7 0 8 0 0 10 10 0 0 0 0 0 0 0 12 7 0 0 0 0 7 0 0 0 7 0 0 7 7 0 0 0 0 0 0 0 0 7 10 7 0 0 0 0 0 0 9 0 0 0 9 0 0 8 0 0 0 11 0 0 9 0 0 0 7 7 0 7 7 0 0 10 0 8 0 0 0 11 8 10 7 7 0 7 0 7 0 7 8 0 0 10 7 7 0 0 0 0 0 7 9 11 7 0 0 0 0 0 0 10 0 0 15 0 7 0 7 7 9 10 0 0 0 0 7 0 0 0 7 0 7 0 0 13 0 7 10 0 7 0 0 7 7 0 0 0 0 7 0 7 9 10 0 0 7 0 0 0 0 9 0 0 0 0 0 0 0 7 0 0 0 0 7 0 0 10 0 0 0 0 14 0 7 0 0 0 7 0 7 0 0 7 7 8 8 0 0 0 0 10 7 0 0 7 0 0 7 0 7 0 0 8 0 0 8 0 0 0 0 0 0 0 8 7 8 0 7 0 0 8 7 7 8 0 0 8 9 7 7 0 0 0 0 11 0 0 0 0 10 0 11 0 0 0 0 0 0 0 0 0 0 0 0 0 0 0 0 0 7 0 0 7 0 0 0 9 0 0 7 0 7 0 0 0 8 0 7 0 0 7 0 7 0 0 10 7 7 0 0 0 7 0 8 0 0 0 0 0 7 0 0 0 0 7 7 0 7 0 0 0 0 8 8 7 7 0 7 7 0 10 7 7 0 0 8 0 0 7 0 0 0 0 9 0 8 0 7 7 9 0 7 8 8 0 7 7 0 0 7 0 10 0 0 7 0 7 8 7 0 9 0 7 7 7 8 0 0 0 0 0 8 0 0 7 0 0 0 0 10 0 7 8 0 0 7 7 0 7 0 7 0 0 7 7 0 7 0 0 0 0 7 0 0 0 0 0 0 7 0 0 7 0 7 0 0 7 0 0 7 7 0 7 0 8 0 8 10 0 0 0 0 8 0 8 7 0 0 0 0 0 0 8 0 8 0 0 0 0 0 0 7 8 0 9 7 7 0 8 7 0 9 0 0 0 0 0 0 7 8 0 0 7 0 0 7 0 0 
0 0 0 0 0 0 0 0 0 0 0 0 0 0 9 0 0 0 0 0 0 0 0 0 0 0 0 0 0 0 0 0 0 0 0 7 7 10 0 0 0 0 0 0 7 0 7 0 7 0 0 0 0 0 8 7 7 0 0 0 0 0 0 0 0 0 0 7 0 0 0 0 0 0 0 0 0 0 0 0 0 0 0 0 0 0 0 0 0 0 0 8 7 0 7 0 7 0 0 0 0 0 7 9 7 7 0 0 0 0 8 0 0 0 0 0 0 0 0 0 0 0 0 0 0 0 0 0 0 7 0 0 0 0 0 0 0 0 0 0 0 7 0 0 9 0 8 0 0 0 0 7 0 0 0 7 0 0 0 8 0 7 0 0 0 0 0 0 0 0 0 0 0 7 7 0 0 0 9 0 0 0 0 0 0 0 8 0 0 0 0 7 0 8 7 0 7 0 0 0 0 0 9 0 0 0 0 0 0 0 0 0 0 0 7 0 7 0 0 0 8 0 0 0 0 8 0 0 0 0 0 7 0 0 0 0 7 0 0 0 0 0 0 0 0 0 0 0 7 0 0 0 7 0 0 0 0 0 10 0 0 0 0 0 0 0 0 0 9 7 0 0 0 0 0 0 7 0 0 8 7 0 0 0 0 0 0 0 0 0 0 0 8 0 7 7 0 0 7 0 0 0 8 0 0 0 0 0 0 0 7 0 0 0 0 0 0 0 0 0 0 7 0 0 9 0 0 0 0 8 0 0 0 0 0 0 0 0 0 7 0 0 0 8 0 0 0 7 0 0 0 0 0 0 0 0 0 0 0 0 0 0 0 0 7 0 0 0 0 0 0 0 0 0 0 0 0 0 0 0 0 8 0 0 0 0 7 0 0 0 7 8 7 0 0 0 7 0 0 0 7 0 0 0 0 7 0 7 8 0 0 0 0 7 0 0 9 0 0 0 0 8 0 0 0 7 7 0 0 0 0 0 0 0 0 0 0 0 9 0 0 10 0 0 0 0 0 0 0 0 0 0 0 0 0 0 0 0 0 0 0 0 0 0 0 8 8 0 0 0 0 0 7 0 0 7 7 0 0 0 0 0 0 7 0 8 0 0 0 0 0 0 0 7 8 0 0 9 0 0 8 0 7 7 0 0 0 0 0 0 0 0 0 0 7 0 0 7 0 0 0 7 7 0 0 10 0 0 7 0 0 0 8 0 0 0 0 0 0 7 8 0 0 7 0 0 8 0 0 0 0 0 0 0 0 0 0 0 0 0 0 0 0 0 0 0 0 0 0 0 10 0 0 0 0 0 0 0 0 0 0 8 0 0 0 0 0 0 0 7 0 0 0 0 0 7 0 0 0 0 0 0 0 0 0 0 0 7 9 9 0 0 0 0 0 0 7 0 0 0 7 7 0 8 0 0 0 0 0 0 0 8 0 0 0 0 0 7 0 0 0 0 0 0 0 0 0 0 0 0 0 0 7 0 0 0 0 0 0 0 0 0 7 0 0 0 0 
1.4161 1.3990 1.6730 0.9915 0.9998 1.3168 1.6843 0.9971 0.9515 1.7702 0.9557 1.6643 1.0256 1.3227 0.9686 1.0295 0.9593 1.0724 0.9867 1.0015 0.9704 1.2124 0.9915 0.9570 0.9811 0.9358 0.9742 1.3794 0.9593 0.9358 0.9872 1.0787 0.9478 0.9593 0.9593 0.9704 0.9478 0.9811 0.9712 0.9596 0.9478 1.0015 1.7093 0.9915 1.0468 0.9704 1.0533 0.9478 0.9478 0.9683 0.9811 0.9358 1.2689 1.2758 0.9825 1.0047 1.5894 0.9478 0.9358 0.9915 1.0341 0.9593 0.9823 1.1273 0.9358 0.9811 0.9423 1.0015 1.0015 0.9593 0.9478 0.9579 0.9704 0.9411 0.9668 1.0509 1.0205 0.9799 1.0006 1.0111 0.9358 0.9358 1.0111 0.9915 1.0934 0.9478 1.0015 0.9704 1.0383 0.9478 0.9358 0.9465 1.0205 0.9358 0.9646 1.0223 0.9478 1.6100 0.9358 0.9358 1.9755 0.9811 0.9789 0.9478 0.9593 0.9358 0.9811 0.9405 0.9529 0.9668 0.9915 1.0015 0.9677 0.9478 0.9478 0.9823 0.9915 0.9593 0.9593 0.9358 0.9358 0.9518 0.9358 0.9358 0.9358 0.9442 0.9704 0.9539 1.0551 0.9478 0.9540 0.9358 0.9593 0.9915 0.9358 0.9451 1.0081 0.9407 1.0111 1.0995 1.4058 0.9593 0.9358 0.9478 0.9491 0.9593 0.9568 0.9478 0.9358 1.0527 0.9593 0.9811 0.9704 0.9704 0.9915 0.9358 0.9368 0.9358 0.9593 0.9547 0.9358 1.0262 0.9800 0.9593 0.9593 0.9681 0.9704 0.9704 0.9811 0.9457 0.9368 0.9794 0.9915 0.9902 0.9391 0.9685 0.9527 0.9567 0.9593 0.9478 0.9358 1.0908 0.9704 1.0711 1.0722 0.9915 0.9704 1.5710 0.9358 0.9747 0.9478 0.9811 0.9412 0.9358 0.9968 0.9564 1.0162 1.1208 1.0111 0.9593 0.9358 0.9478 0.9358 0.9478 0.9704 0.9704 0.9593 1.0133 0.9593 0.9358 0.9811 0.9358 0.9613 1.0015 0.9478 0.9915 1.0102 0.9358 0.9594 0.9412 0.9478 0.9358 0.9475 0.9395 0.9593 1.0133 1.0015 0.9485 0.9478 1.5620 0.9358 0.9593 0.9752 0.9593 0.9593 0.9478 1.0711 0.9811 0.9358 0.9915 0.9811 0.9478 0.9358 0.9882 0.9863 1.0475 0.9358 0.9358 0.9593 0.9532 0.9409 0.9811 0.9811 0.9478 0.9593 0.9526 0.9358 0.9704 0.9915 0.9811 0.9704 0.9704 1.0127 0.9593 0.9358 0.9478 0.9434 0.9704 0.9358 0.9473 1.0205 0.9478 0.9813 0.9927 0.9358 0.9358 0.9987 0.9915 0.9915 0.9581 1.0359 1.0015 0.9593 1.3163 0.9407 0.9765 0.9811 0.9593 0.9478 0.9811 0.9593 0.9358 0.9478 0.9704 0.9791 0.9593 0.9811 0.9704 0.9524 0.9742 0.9593 0.9358 0.9409 0.9991 1.0015 0.9358 0.9358 0.9704 0.9791 0.9358 0.9403 0.9478 0.9566 0.9593 0.9593 0.9440 0.9408 0.9523 0.9532 1.0366 0.9478 0.9811 0.9358 0.9358 0.9358 0.9714 0.9478 1.0015 0.9478 0.9358 0.9384 0.9778 1.0436 0.9704 0.9748 0.9358 0.9358 0.9593 0.9478 1.0260 1.0595 0.9704 0.9811 0.9358 0.9720 0.9453 1.0468 0.9399 0.9358 0.9664 0.9589 0.9636 0.9478 0.9412 0.9358 0.9704 0.9471 0.9704 0.9704 0.9593 0.9358 0.9358 0.9358 0.9478 0.9811 0.9593 1.0015 0.9358 0.9471 0.9593 0.9358 0.9758 0.9374 0.9811 0.9727 1.0777 0.9478 1.0205 0.9478 0.9478 0.9478 0.9811 0.9478 1.0862 0.9358 0.9358 0.9486 1.0029 0.9358 0.9581 0.9704 1.0015 0.9478 0.9593 0.9478 0.9478 1.0787 0.9478 0.9478 1.0030 0.9358 0.9869 0.9462 0.9358 0.9704 0.9805 0.9413 0.9358 0.9949 0.9811 1.0551 0.9704 0.9478 0.9358 1.0111 0.9787 0.9478 1.0015 0.9358 0.9403 0.9358 0.9405 0.9478 0.9667 0.9915 0.9358 0.9358 0.9592 0.9915 0.9358 0.9753 0.9358 1.0632 0.9478 0.9358 0.9704 1.0000 0.9593 1.0111 0.9358 1.0541 0.9478 1.0468 0.9398 0.9704 0.9478 0.9448 1.0205 1.1003 0.9358 0.9811 1.0276 1.2633 0.9358 0.9433 0.9358 0.9811 1.0732 1.0111 1.5786 0.9561 0.9811 0.9358 0.9964 1.0563 0.9358 0.9358 0.9445 0.9915 0.9478 1.0078 0.9865 0.9704 0.9358 0.9593 0.9358 0.9593 1.2693 0.9789 0.9704 0.9811 0.9478 0.9811 0.9478 0.9404 0.9494 0.9358 0.9704 0.9681 0.9478 0.9358 0.9358 0.9668 0.9358 0.9500 1.0381 0.9832 0.9915 1.2422 0.9682 0.9358 1.1401 0.9478 0.9915 0.9358 0.9772 1.0111 0.9772 0.9683 0.9358 0.9478 0.9478 0.9464 0.9704 1.0015 0.9358 0.9478 0.9358 0.9478 0.9727 0.9358 0.9704 0.9704 0.9614 0.9358 0.9794 0.9911 0.9811 0.9367 0.9358 0.9915 0.9915 0.9915 0.9915 0.9836 1.0632 0.9478 1.0862 0.9915 0.9939 0.9358 0.9478 0.9846 1.0468 0.9358 1.3456 0.9593 0.9358 0.9704 0.9478 0.9478 0.9704 0.9679 0.9565 0.9915 0.9358 0.9704 0.9414 0.9915 1.1799 1.0404 0.9471 0.9478 0.9478 0.9915 1.3334 1.0019 1.1142 0.9593 0.9358 0.9593 0.9478 1.0313 0.9358 0.9358 0.9781 0.9468 0.9393 0.9478 0.9704 0.9478 0.9869 0.9647 0.9607 0.9478 0.9593 0.9685 0.9704 0.9521 0.9593 1.2144 1.0111 0.9593 0.9549 0.9811 0.9508 1.0271 0.9478 0.9387 0.9358 1.8045 1.6131 1.8445 1.8721 1.6925 1.7779 1.7122 0.9775 0.9704 0.9478 1.4121 1.3282 1.0934 1.1208 0.9915 1.0787 1.1005 1.1337 1.1398 0.9358 0.9358 0.9358 0.9433 0.9358 0.9478 0.9593 0.9478 0.9358 0.9358 0.9358 0.9704 0.9358 0.9358 0.9358 0.9358 0.9704 0.9704 0.9478 0.9593 0.9593 0.9593 0.9358 0.9593 0.9593 0.9358 0.9446 0.9915 0.9478 0.9811 0.9478 0.9704 0.9619 0.9811 0.9593 0.9358 0.9478 0.9811 0.9704 0.9593 0.9358 0.9358 0.9915 1.1005 0.9358 1.0053 1.0468 0.9811 
