#Gcr2_GEM_1.m5
#KSM version: 1
#72/72
#1.35
#k-mer/r.c.	Offset	PosCt	wPosCt	NegCt	HgpLg10	CIDs	PosHits (base85 encoding)	NegHits (base85 encoding)
GTGGC/GCCAC	-1	12	12	4	-2.4	*	!>&W=+TR%M$3~	z#RUP5~
GGCAG/CTGCC	1	12	12	6	-1.4	*	Tg/Un^]FKC#Q~	!'idt5l~
TGGNAG/CTNCCA	0	10	11	4	-1.9	0,-1	N.A.	N.A.
AGGCA/TGCCT	0	10	10	3	-2.1	*	J5?:I5QF+r!W~	z6N~
GNCAGA/TCTGNC	1	9	10	2	-2.6	2,3	N.A.	N.A.
TGNCAG/CTGNCA	0	8	9	1	-3.2	-4,-1	N.A.	N.A.
GTCAG/CTGAC	1	9	9	4	-1.6	*	6jNf)+TML.~	J,fQL!!3-c#Q~
CAGGC/GCCTG	-1	7	7	2	-1.8	*	J.M^25QG0p~	z"T~
GNCATC/GATGNC	1	6	6	0	-2.8	-5,-6	N.A.	N.A.
GTCANC/GNTGAC	1	5	5	0	-2.5	7,8	N.A.	N.A.
$$$
TGGAAG/CTTCCA	0	6	6	3	-1.3	0	!WX>C!'h),#Q~	!!*'"!!iT~
CTGCCA/TGGCAG	0	5	5	1	-1.9	1	!<<*b!!3-%#Q~	!!#7~
GGCAGA/TCTGCC	0	6	6	1	-2.2	2	!C-Vb5QCck#Q~	!!!!A~
GTCAGA/TCTGAC	0	3	3	1	-1.5	3	5QCca+92C,~	z!!3~
CTGTCA/TGACAG	0	3	3	0	-2.2	4	"98E5!!!!A~	
GATGTC/GACATC	0	3	3	0	-1.9	5	!<<*"!!!Q15Q~	
GATGCC/GGCATC	0	3	3	0	-1.9	6	!!#7cz!W~	
GTCAGC/GCTGAC	0	3	3	0	-1.9	7	"98H&!<~	
GTCACC/GGTGAC	0	3	3	0	-1.9	8	!!&)\!<~	
%%%
7 5 6 0 0 5 6 7 0 0 0 5 6 0 7 0 6 5 0 0 5 5 5 5 0 5 0 0 5 0 6 5 6 0 0 0 0 6 7 5 0 6 0 0 0 0 5 0 0 5 0 0 5 5 6 0 5 7 6 6 5 5 6 0 0 5 0 7 0 0 5 0 
0 0 0 0 0 0 0 5 5 0 0 0 0 0 5 0 0 0 0 0 0 0 6 0 0 0 0 5 0 6 0 0 6 5 5 0 0 0 6 0 0 6 0 5 0 0 0 0 5 0 0 0 0 0 0 0 0 0 0 0 0 0 5 0 0 0 0 5 0 0 0 0 
1.2136 1.2159 1.3771 1.2843 1.2928 1.4615 1.6069 1.1668 1.1503 0.8193 0.7832 0.8019 1.3179 0.8849 0.8276 0.8651 0.8580 0.8193 1.3346 0.7928 1.1002 1.3068 0.7832 0.8108 1.2121 1.2732 0.8108 0.8193 1.2774 0.7733 0.8433 0.8108 0.8276 0.8276 0.8019 0.7928 0.8356 0.8019 0.7832 0.7928 0.8580 0.8719 0.8433 0.8019 0.8976 0.8508 0.7928 0.8193 1.3168 0.7832 0.8108 0.9234 1.0564 0.7832 0.7928 0.7832 0.8851 1.2153 1.3190 1.5713 1.4861 1.4538 1.4703 1.4197 1.3683 0.8580 0.8019 0.8019 0.7733 0.8193 0.8108 0.8019 
