#Gcr2_GEM_2.m8
#KSM version: 1
#667/667
#1.37
#k-mer/r.c.    	Offset	PosCt	wPosCt	NegCt	HgpLg10	CIDs	PosHits (base85 encoding)	NegHits (base85 encoding)
TCTTCTNC/GNAGAAGA	1	17	16	6	-2.1	-0,-1	N.A.	N.A.
ANCTTCAG/CTGAAGNT	0	13	13	2	-3.3	-2,3,4	N.A.	N.A.
CTTCTGC/GCAGAAG	2	13	13	4	-2.2	*	J,fQPzzzz!.Ymdzz!!!!a!!E9%+92BAzz!!!!Azz#QOi)J,fQL!!%NT~	z!WW3#zzzzzzzz!!",Azzzz!!E9%zz!!!!)~
GCTTCTG/CAGAAGC	1	11	11	1	-3.9	*	!!!'#zzzz!!!9)!!!-'z!!!!a5QCca+92BAzz!!!!Azzz!!#7a!!!!)!.Y~	zzzzz!!!9~
TGCTTCT/AGAAGCA	0	10	10	5	-1.4	*	!!!-%zzz!$D7Ez!!!-%zz5QCciz&-)\1zzzzz!!#7a!!!!I~	zz!!!-%zz!!!9)!!",Az!!*'"!!!!#~
TTCTGCNG/CNGCAGAA	3	9	10	1	-3.3	-5,-6	N.A.	N.A.
GGTTNTGC/GCANAACC	1	10	10	1	-3.3	-7,8,-9	N.A.	N.A.
TCTTNTGC/GCANAAGA	1	10	10	3	-2.0	-0,10	N.A.	N.A.
AGCTTCA/TGAAGCT	0	10	10	4	-1.6	*	!!!'#!!!!azzJ,fQLzz!!!?mzzzzzzz!!!!az!WW3#z!!#7~	zzzzzzz!!iQ)zzzzzz!!!!"zz!!%NL!!!!1~
CTTCTGG/CCAGAAG	2	9	9	4	-1.3	*	!!!'#zz!!%NLz!<<*"!!!-)zz!!!-%zzzzzz!!!!#!!,=~	z!$D7Azzz5QCcazz!!#7azz!'g~
GCTTCNGC/GCNGAAGC	1	8	9	1	-3.0	11,-12	N.A.	N.A.
GNTTCTGC/GCAGAANC	1	8	9	0	-3.6	11,8	N.A.	N.A.
TGCCTCT/AGAGGCA	0	8	8	0	-3.3	*	zzz!!!"Lzzz!!#7aJ-Z,T!!3-#z&-)\1!!!!azzz5Q~	
TGCNTCTG/CAGANGCA	0	7	8	1	-2.7	-13,-14	N.A.	N.A.
TNCTGCTG/CAGCAGNA	3	8	8	1	-2.7	15,-6	N.A.	N.A.
TGCTNCTG/CAGNAGCA	0	7	8	1	-2.7	15,-14	N.A.	N.A.
AGCTTCNG/CNGAAGCT	0	7	8	2	-2.0	-2,-16	N.A.	N.A.
AGCTTCC/GGAAGCT	0	8	8	3	-1.7	*	!Y>>3!!"\Qzz!"],1zJ,fQ\zzzzzzzz&-~	zzzzzzzzzzzzz!!!!Azzz!!%NLzz!!!Q~
GGATTCT/AGAATCC	0	8	8	3	-1.5	*	zzzz!!!!1zz!!!$"!!!!%zzz!!",Azz!!",A!"],1+92BAz!!!9~	!!!!#zzzzzzzzzzz!!!'#zz!!!9~
CGNCTTCT/AGAAGNCG	-1	7	7	1	-2.4	-17,18	N.A.	N.A.
TGCTGCNG/CNGCAGCA	0	7	7	1	-2.4	15,-19	N.A.	N.A.
CTGCTGT/ACAGCAG	5	7	7	2	-1.7	*	z!!!!9z!"],1z!!!9)zz!!*'"zzJ,fQLzzzzzz!!%N~	zzzzzzzzzzz!!!$"zzz!!E~
GGNTTCTG/CAGAANCC	0	6	6	0	-2.7	-20,21	N.A.	N.A.
GCTGCTG/CAGCAGC	1	6	6	0	-2.7	*	zzz!"],1!!!!AzzzzzzJ,fTMzzz!<<*"zz!!!!a~	
TCTGCCG/CGGCAGA	4	5	5	1	-2.1	*	+92BAzzzz!"],1zzz!!#7a+92BAzzzzzzz!!!!)~	zzzzzzzzzzz!!i~
TGCTGCT/AGCAGCA	0	5	5	0	-2.7	*	zzz!"],1!WW3Czzzz!WW3#zzzzzzzz!!!!a~	
CTTCGGC/GCCGAAG	2	4	4	0	-2.1	*	zzzzzz!!!!"zzz!!!!#z"98E%zzz5Q~	
CTGTAGT/ACTACAG	5	3	3	1	-1.5	*	5QCcazzzzzzzzzzzzzzz!.Y%Lz+9~	zzz!!!'~
GCCTCTG/CAGAGGC	1	3	3	0	-1.8	*	zzzzzzz!!#7aJ-Z~	
CCAGCTG/CAGCTGG	-2	3	3	0	-1.8	*	zzzzzzzzzzzJ,fQL!!!Q1zzzzzzz!!#7~	
CTACTGA/TCAGTAG	2	3	3	0	-1.8	*	zzz!!!'#zzzzzzz!!!$"zzzz!!!!%~	
CTGCAGG/CCTGCAG	5	3	3	0	-1.8	*	zzzzzz!WW3#zzzz!!!!%zzz&-~	
$$$
GCAGAAGA/TCTTCTGC	0	4	4	1	-1.5	0	!!!!%zzzz!.Y%LzzzzzzzzzzzJ,fQL!!%N~	zzzzzzzzzzzzzzz!!E~
GAAGAAGA/TCTTCTTC	0	13	13	5	-1.8	1	zzz!$D=C!$hOEz&-)\9zzzz!!!9)!!",A!!",a!!!!%!!%NLzzzz!<~	zzzzz!!!"L!!!!"!!!9)zzzz!!!!azzzz!!!!%~
CTGAAGCT/AGCTTCAG	0	4	4	1	-1.5	2	!!!'#zzzzzz!!!!czzzzzzzzz!W~	zzzzzzzzzzzzzzzzz!!%N~
ATCTTCAG/CTGAAGAT	0	4	4	1	-1.5	3	z!!!!%zzzzzzzzzzzzz!<<*$zz!!!9~	!.Y~
AACTTCAG/CTGAAGTT	0	5	5	0	-2.4	4	zzzz!!!!Azz!WW3#z!!%NLzz!!!9)zzzzzzz!!!-~	
CGGCAGAA/TTCTGCCG	0	4	4	0	-2.4	5	zzzzz!"],1zzz!!#7a+92BAzzzzzzz!!!!)~	
CAGCAGAA/TTCTGCTG	0	5	5	1	-1.8	6	!!!!%!!!!)zzz!!!9)zzzzzzzzzzzz!!%NL!!!9~	zzzzzzzzzzzzzzz!!E~
GCACAACC/GGTTGTGC	0	3	3	0	-2.1	7	5QCcazzzzz!!!$"zz!!#7~	
GGTTCTGC/GCAGAACC	0	3	3	0	-1.8	8	zzzzzzzzzz#QOi)zzzzzzzz!!!"\~	
GCAAAACC/GGTTTTGC	0	4	4	1	-1.5	9	zzzzzzzz!<<*"zzzz+<UXazzzz!!!Q~	zzzzzzz!!!!)~
TCTTTTGC/GCAAAAGA	0	6	6	2	-1.5	10	z"98E%zzzzz!!!!5zzzz!!#7azzzz!!%Nl~	zzzzzzzzzz!!%NLzzzzzzzzz!!!-~
GCTTCTGC/GCAGAAGC	0	5	5	0	-2.7	11	zzzzz!!!9)zz!!!!az+92BAzz!!!!Azzzz!!!!)~	
GCGGAAGC/GCTTCCGC	0	3	3	1	-1.5	12	!WW3#!!!Q1zzzzzzzzz!!!!1~	zzzzzzzzzzzzzzzzzzz!!!"L~
CAGAGGCA/TGCCTCTG	0	3	3	0	-1.8	13	zzzzzzz!!#7aJ-Z~	
CAGAAGCA/TGCTTCTG	0	4	4	1	-1.8	14	zzzzzz!!!-%zz5QCcazzzzzzz!!#7a!!!!)~	zzzzz!!!9~
TGCTGCTG/CAGCAGCA	0	3	3	0	-2.1	15	zzz!"],1!!!!Azzzzzzzzzzzzz!!!!a~	
CGGAAGCT/AGCTTCCG	0	3	3	1	-1.5	16	!WW3#!!!Q1zzzzzzzzzzzzz&-~	zzzzzzzzzzzzz!!!!A~
AGAAGACG/CGTCTTCT	0	3	3	0	-1.8	17	zzzzzz"98E%zzzzzzz!!!!%zzJ,~	
CGGCTTCT/AGAAGCCG	0	4	4	1	-1.5	18	z!!!$"zzzzzzzzz!<<*"!!!!)!!!!A~	z!!!9~
CTGCAGCA/TGCTGCAG	0	4	4	1	-1.5	19	zzzzzz!WW3#zzzz!!!!%!!#7az!!",~	zzzzzzzzzzzzzzzzzzz!!i~
CAGAATCC/GGATTCTG	0	3	3	0	-1.8	20	zzzzzzz!!!$"zzzzzzzz!"],1zz!!!9~	
GGCTTCTG/CAGAAGCC	0	3	3	0	-1.8	21	zzzzz!!!9)zzzzzzz!!!!Azzzzz!.Y~	
%%%
0 7 0 0 0 7 8 7 0 0 0 0 8 0 0 0 0 7 7 0 0 0 0 0 0 0 10 0 0 0 0 0 0 0 7 0 0 0 0 0 0 0 0 0 0 0 0 0 7 0 0 0 7 7 0 0 0 0 8 9 7 0 7 0 0 0 0 0 0 0 0 0 0 0 0 0 0 0 0 0 0 0 0 0 0 0 0 0 0 0 0 0 0 0 0 0 0 0 0 0 0 0 0 0 0 0 0 0 12 7 0 0 0 7 0 0 0 0 0 7 0 0 0 0 0 0 0 7 0 7 0 0 0 0 0 7 0 0 7 0 8 7 0 0 0 0 0 0 0 0 0 0 0 0 7 0 0 8 0 0 7 7 0 0 0 7 0 0 0 0 0 0 8 0 0 8 0 0 0 12 7 0 0 0 0 0 0 0 0 0 0 0 0 7 7 0 7 0 0 7 0 0 0 0 0 0 0 0 8 0 9 0 7 0 0 0 0 7 7 7 7 0 0 0 0 7 0 0 0 0 0 0 0 0 0 0 0 0 0 0 7 7 0 7 0 0 7 0 0 7 7 0 7 0 7 0 7 0 0 0 0 0 0 7 7 0 0 7 0 0 0 0 0 0 0 0 0 0 0 0 0 0 0 0 0 0 8 0 0 7 0 0 0 0 8 0 0 7 7 0 0 0 0 0 0 0 7 0 0 0 8 7 0 0 0 7 0 0 0 0 0 0 0 7 0 10 0 0 0 0 0 0 0 0 0 0 0 0 0 0 0 0 0 0 0 0 0 0 0 0 0 7 7 0 0 0 7 0 0 10 0 0 0 0 0 0 0 0 7 0 0 7 0 0 0 0 0 0 7 0 7 0 0 0 0 0 0 0 0 0 0 0 0 0 0 0 0 0 0 0 0 7 0 7 7 7 7 0 0 0 0 7 0 0 7 0 0 0 0 0 0 7 0 0 0 0 0 0 0 7 0 0 0 0 0 0 0 7 0 0 0 0 0 0 0 10 0 0 0 0 0 0 0 0 0 0 7 0 0 0 0 0 0 0 0 0 0 0 0 7 0 0 0 0 9 0 0 0 0 0 8 0 0 0 7 0 0 0 7 7 0 0 0 0 0 0 0 0 0 0 0 0 0 7 0 8 0 0 0 0 7 0 0 0 0 7 0 0 7 0 0 0 0 0 7 0 0 7 0 0 0 0 0 0 0 0 0 7 0 0 0 0 0 0 0 7 0 0 0 0 0 10 7 0 0 0 0 0 0 0 0 0 0 0 0 0 9 7 0 0 0 0 0 7 0 0 0 0 0 0 0 7 0 0 0 0 0 0 0 0 0 0 0 0 0 8 7 0 0 11 0 0 0 11 0 7 8 0 0 7 0 0 0 0 0 0 0 0 0 0 0 0 0 8 0 0 0 10 0 0 7 0 0 0 0 0 7 0 0 7 7 0 0 0 0 0 0 0 0 0 0 0 0 7 0 0 0 0 7 0 0 0 7 0 0 0 0 
0 0 0 0 0 0 0 0 0 0 0 0 0 0 0 8 0 0 0 0 0 0 0 0 0 0 0 0 0 0 0 0 0 7 0 0 0 0 0 0 0 0 0 0 0 7 0 0 0 0 0 7 0 0 0 0 0 0 0 0 0 0 0 0 0 0 0 0 0 0 0 0 0 0 0 0 0 0 0 0 0 0 7 0 0 0 0 0 0 0 0 0 0 0 0 0 0 0 0 0 0 0 0 0 0 0 0 0 0 0 0 0 0 7 0 0 0 0 0 0 0 0 0 0 0 0 0 0 0 0 0 0 0 0 0 0 0 0 0 0 0 0 0 0 0 0 0 0 0 0 0 0 0 0 0 0 0 0 0 0 0 0 0 0 0 0 7 0 0 0 0 0 0 0 0 0 0 0 0 8 0 0 0 0 0 0 0 0 0 0 0 7 0 0 0 0 0 0 0 0 0 0 0 0 0 0 0 0 0 0 0 0 0 7 0 0 7 0 0 0 0 0 0 0 0 0 0 0 0 0 0 0 0 0 0 7 0 0 0 0 0 0 0 7 0 0 0 0 0 0 0 7 0 0 0 0 0 0 0 0 0 0 0 0 7 0 0 0 0 0 0 0 0 0 0 0 0 0 7 0 0 0 0 0 0 0 0 0 0 0 0 0 0 0 0 0 0 0 0 0 0 0 0 0 0 0 0 0 0 0 0 0 0 7 0 0 0 0 0 0 0 0 0 0 0 0 0 0 0 0 0 0 0 0 0 0 0 0 0 0 0 7 0 7 0 0 0 0 0 0 0 0 0 0 0 0 0 0 0 0 0 0 0 7 0 0 7 0 7 0 0 0 0 0 0 0 0 0 0 0 0 0 0 0 0 0 0 0 0 0 0 0 0 0 0 0 0 0 0 0 0 0 0 0 0 0 0 0 0 0 0 0 0 0 7 0 0 0 0 0 0 0 0 0 0 0 0 0 0 0 0 0 0 0 0 0 0 0 0 0 0 0 0 0 0 7 0 0 0 0 0 0 0 0 0 0 0 0 0 0 0 0 0 0 0 0 0 0 0 0 0 0 7 0 0 0 0 0 0 0 0 0 0 0 0 0 0 0 0 0 11 0 0 0 0 0 0 0 0 0 0 0 0 0 0 0 0 0 0 0 0 0 0 0 0 0 0 0 0 0 0 0 0 0 0 0 0 0 0 0 0 0 0 0 0 0 0 0 0 0 0 0 0 0 0 0 0 0 0 0 0 0 0 0 0 0 0 0 0 0 0 0 0 0 0 0 0 7 0 0 7 0 0 0 0 0 0 0 0 0 0 0 0 0 0 0 0 0 0 0 0 0 0 0 0 0 0 0 0 0 0 0 0 7 7 0 0 0 0 0 0 0 0 0 0 0 0 0 0 7 0 0 0 0 0 0 0 0 0 0 0 0 0 0 0 0 0 0 0 7 0 0 0 0 7 0 0 0 0 0 0 0 0 0 0 0 0 0 7 0 7 0 0 0 0 0 0 
1.4161 1.3990 1.6730 0.9915 0.9998 1.3168 1.6843 0.9971 0.9515 1.7702 0.9557 1.6643 1.0256 1.3227 0.9686 1.0295 0.9593 1.0724 0.9867 1.0015 0.9704 1.2124 0.9915 0.9570 0.9811 0.9358 0.9742 1.3794 0.9593 0.9358 0.9872 1.0787 0.9478 0.9593 0.9593 0.9704 0.9478 0.9811 0.9712 0.9596 0.9478 1.0015 1.7093 0.9915 1.0468 0.9704 1.0533 0.9478 0.9478 0.9683 0.9811 0.9358 1.2689 1.2758 0.9825 1.0047 1.5894 0.9478 0.9358 0.9915 1.0341 0.9593 0.9823 1.1273 0.9358 0.9811 0.9423 1.0015 1.0015 0.9593 0.9478 0.9579 0.9704 0.9411 0.9668 1.0509 1.0205 0.9799 1.0006 1.0111 0.9358 0.9358 1.0111 0.9915 1.0934 0.9478 1.0015 0.9704 1.0383 0.9478 0.9358 0.9465 1.0205 0.9358 0.9646 1.0223 0.9478 1.6100 0.9358 0.9358 1.9755 0.9811 0.9789 0.9478 0.9593 0.9358 0.9811 0.9405 0.9529 0.9668 0.9915 1.0015 0.9677 0.9478 0.9478 0.9823 0.9915 0.9593 0.9593 0.9358 0.9358 0.9518 0.9358 0.9358 0.9358 0.9442 0.9704 0.9539 1.0551 0.9478 0.9540 0.9358 0.9593 0.9915 0.9358 0.9451 1.0081 0.9407 1.0111 1.0995 1.4058 0.9593 0.9358 0.9478 0.9491 0.9593 0.9568 0.9478 0.9358 1.0527 0.9593 0.9811 0.9704 0.9704 0.9915 0.9358 0.9368 0.9358 0.9593 0.9547 0.9358 1.0262 0.9800 0.9593 0.9593 0.9681 0.9704 0.9704 0.9811 0.9457 0.9368 0.9794 0.9915 0.9902 0.9391 0.9685 0.9527 0.9567 0.9593 0.9478 0.9358 1.0908 0.9704 1.0711 1.0722 0.9915 0.9704 1.5710 0.9358 0.9747 0.9478 0.9811 0.9412 0.9358 0.9968 0.9564 1.0162 1.1208 1.0111 0.9593 0.9358 0.9478 0.9358 0.9478 0.9704 0.9704 0.9593 1.0133 0.9593 0.9358 0.9811 0.9358 0.9613 1.0015 0.9478 0.9915 1.0102 0.9358 0.9594 0.9412 0.9478 0.9358 0.9475 0.9395 0.9593 1.0133 1.0015 0.9485 0.9478 1.5620 0.9358 0.9593 0.9752 0.9593 0.9593 0.9478 1.0711 0.9811 0.9358 0.9915 0.9811 0.9478 0.9358 0.9882 0.9863 1.0475 0.9358 0.9358 0.9593 0.9532 0.9409 0.9811 0.9811 0.9478 0.9593 0.9526 0.9358 0.9704 0.9915 0.9811 0.9704 0.9704 1.0127 0.9593 0.9358 0.9478 0.9434 0.9704 0.9358 0.9473 1.0205 0.9478 0.9813 0.9927 0.9358 0.9358 0.9987 0.9915 0.9915 0.9581 1.0359 1.0015 0.9593 1.3163 0.9407 0.9765 0.9811 0.9593 0.9478 0.9811 0.9593 0.9358 0.9478 0.9704 0.9791 0.9593 0.9811 0.9704 0.9524 0.9742 0.9593 0.9358 0.9409 0.9991 1.0015 0.9358 0.9358 0.9704 0.9791 0.9358 0.9403 0.9478 0.9566 0.9593 0.9593 0.9440 0.9408 0.9523 0.9532 1.0366 0.9478 0.9811 0.9358 0.9358 0.9358 0.9714 0.9478 1.0015 0.9478 0.9358 0.9384 0.9778 1.0436 0.9704 0.9748 0.9358 0.9358 0.9593 0.9478 1.0260 1.0595 0.9704 0.9811 0.9358 0.9720 0.9453 1.0468 0.9399 0.9358 0.9664 0.9589 0.9636 0.9478 0.9412 0.9358 0.9704 0.9471 0.9704 0.9704 0.9593 0.9358 0.9358 0.9358 0.9478 0.9811 0.9593 1.0015 0.9358 0.9471 0.9593 0.9358 0.9758 0.9374 0.9811 0.9727 1.0777 0.9478 1.0205 0.9478 0.9478 0.9478 0.9811 0.9478 1.0862 0.9358 0.9358 0.9486 1.0029 0.9358 0.9581 0.9704 1.0015 0.9478 0.9593 0.9478 0.9478 1.0787 0.9478 0.9478 1.0030 0.9358 0.9869 0.9462 0.9358 0.9704 0.9805 0.9413 0.9358 0.9949 0.9811 1.0551 0.9704 0.9478 0.9358 1.0111 0.9787 0.9478 1.0015 0.9358 0.9403 0.9358 0.9405 0.9478 0.9667 0.9915 0.9358 0.9358 0.9592 0.9915 0.9358 0.9753 0.9358 1.0632 0.9478 0.9358 0.9704 1.0000 0.9593 1.0111 0.9358 1.0541 0.9478 1.0468 0.9398 0.9704 0.9478 0.9448 1.0205 1.1003 0.9358 0.9811 1.0276 1.2633 0.9358 0.9433 0.9358 0.9811 1.0732 1.0111 1.5786 0.9561 0.9811 0.9358 0.9964 1.0563 0.9358 0.9358 0.9445 0.9915 0.9478 1.0078 0.9865 0.9704 0.9358 0.9593 0.9358 0.9593 1.2693 0.9789 0.9704 0.9811 0.9478 0.9811 0.9478 0.9404 0.9494 0.9358 0.9704 0.9681 0.9478 0.9358 0.9358 0.9668 0.9358 0.9500 1.0381 0.9832 0.9915 1.2422 0.9682 0.9358 1.1401 0.9478 0.9915 0.9358 0.9772 1.0111 0.9772 0.9683 0.9358 0.9478 0.9478 0.9464 0.9704 1.0015 0.9358 0.9478 0.9358 0.9478 0.9727 0.9358 0.9704 0.9704 0.9614 0.9358 0.9794 0.9911 0.9811 0.9367 0.9358 0.9915 0.9915 0.9915 0.9915 0.9836 1.0632 0.9478 1.0862 0.9915 0.9939 0.9358 0.9478 0.9846 1.0468 0.9358 1.3456 0.9593 0.9358 0.9704 0.9478 0.9478 0.9704 0.9679 0.9565 0.9915 0.9358 0.9704 0.9414 0.9915 1.1799 1.0404 0.9471 0.9478 0.9478 0.9915 1.3334 1.0019 1.1142 0.9593 0.9358 0.9593 0.9478 1.0313 0.9358 0.9358 0.9781 0.9468 0.9393 0.9478 0.9704 0.9478 0.9869 0.9647 0.9607 0.9478 0.9593 0.9685 0.9704 0.9521 0.9593 1.2144 1.0111 0.9593 0.9549 0.9811 0.9508 1.0271 0.9478 0.9387 0.9358 1.8045 1.6131 1.8445 1.8721 1.6925 1.7779 1.7122 0.9775 0.9704 0.9478 1.4121 1.3282 1.0934 1.1208 0.9915 1.0787 1.1005 1.1337 1.1398 0.9358 0.9358 0.9358 0.9433 0.9358 0.9478 0.9593 0.9478 0.9358 0.9358 0.9358 0.9704 0.9358 0.9358 0.9358 0.9358 0.9704 0.9704 0.9478 0.9593 0.9593 0.9593 0.9358 0.9593 0.9593 0.9358 0.9446 0.9915 0.9478 0.9811 0.9478 0.9704 0.9619 0.9811 0.9593 0.9358 0.9478 0.9811 0.9704 0.9593 0.9358 0.9358 0.9915 1.1005 0.9358 1.0053 1.0468 0.9811 
