DE Rds2_GEM_2_m0 6.38 0 k8_c628
1 131 287 71 138 C
2 64 467 68 30 C
3 91 46 480 10 G
4 8 12 601 7 G
5 425 4 192 7 A
6 336 12 251 29 A
XX

DE Rds2_GEM_2_m1 5.47 -1 k9_c570
1 223 40 262 45 G
2 103 20 401 46 G
3 315 27 196 32 A
4 470 28 41 31 A
5 365 61 128 16 A
6 482 28 41 20 A
XX

DE Rds2_GEM_2_m2 5.29 6 k8_c574
1 11 5 13 546 T
2 8 242 24 300 T
3 6 379 59 130 C
4 310 93 148 23 A
5 229 10 13 322 T
6 37 2 7 528 T
XX

DE Rds2_GEM_2_m3 8.05 12 k7_c296
1 2 240 8 46 C
2 0 38 1 256 T
3 0 275 3 17 C
4 1 27 0 267 T
5 3 1 0 291 T
6 3 25 3 265 T
7 24 46 32 194 T
XX

DE Rds2_GEM_2_m4 6.96 10 k6_c479
1 21 81 20 357 T
2 0 0 1 477 T
3 0 477 1 0 C
4 51 248 1 179 C
5 0 169 0 310 T
6 0 478 0 0 C
XX

DE Rds2_GEM_2_m5 6.96 3 k7_c130
1 97 14 3 16 A
2 129 0 0 0 A
3 20 15 14 82 T
4 0 0 11 118 T
5 125 0 4 0 A
6 0 0 6 124 T
7 2 3 2 123 T
XX

DE Rds2_GEM_2_m6 10.31 7 k10_c65
1 18 13 33 1 G
2 4 26 20 15 C
3 1 30 19 15 C
4 0 19 43 3 G
5 22 6 36 0 G
6 40 8 16 1 A
7 29 30 5 0 C
8 4 49 10 2 C
9 0 59 3 3 C
10 1 49 12 3 C
XX

DE Rds2_GEM_2_m7 9.40 7 k11_c114
1 5 75 2 32 C
2 4 101 1 8 C
3 7 45 61 1 G
4 8 20 80 5 G
5 1 5 106 2 G
6 1 1 104 9 G
7 5 12 25 72 T
8 5 8 20 81 T
9 1 99 2 12 C
10 13 22 78 1 G
11 67 3 40 4 A
XX

DE Rds2_GEM_2_m8 8.37 10 k5_c228
1 227 0 0 0 A
2 0 5 0 222 T
3 0 0 86 142 T
4 0 0 227 0 G
5 0 0 4 223 T
XX

DE Rds2_GEM_2_m9 11.44 -8 k13_c65
1 3 20 12 30 T
2 2 0 16 47 T
3 0 48 8 9 C
4 0 52 5 7 C
5 3 58 0 4 C
6 0 48 16 0 C
7 0 4 59 2 G
8 0 12 22 30 T
9 13 30 15 7 C
10 2 12 39 12 G
11 0 54 8 3 C
12 0 6 52 6 G
13 7 4 50 4 G
XX

DE Rds2_GEM_2_m10 9.84 7 k12_c99
1 1 10 87 1 G
2 1 59 39 1 C
3 1 7 79 13 G
4 5 60 33 1 C
5 14 10 27 48 T
6 5 3 30 61 T
7 11 1 87 1 G
8 2 49 5 43 C
9 3 78 13 5 C
10 6 57 36 1 C
11 2 44 51 2 G
12 13 2 82 2 G
XX

