#Rds2_GEM_2.m10
#KSM version: 1
#1092/1092
#1.30
#k-mer/r.c.              	Offset	PosCt	wPosCt	NegCt	HgpLg10	CIDs	PosHits (base85 encoding)	NegHits (base85 encoding)
CAGAATGGGCGC/GCGCCCATTCTG	-7	6	6	0	-2.7	*	!!!Q1zz!!!!"z!!!!1z!!!!a!!!!Azzzzzzzzzz!!%N~	
CGCTTGTCGCGT/ACGCGACAAGCG	2	6	6	0	-2.7	*	!!!Q1zz!!!!"z!!!!1z!!!!a!!!!Azzzzzzzzzz!!%N~	
CTTGTCGCGTGC/GCACGCGACAAG	4	6	6	0	-2.7	*	!!!Q1zz!!!!"z!!!!1z!!!!a!!!!Azzzzzzzzzz!!%N~	
GCGCTTGTCGCG/CGCGACAAGCGC	1	6	6	0	-2.7	*	!!!Q1zz!!!!"z!!!!1z!!!!a!!!!Azzzzzzzzzz!!%N~	
GCTTGTCGCGTG/CACGCGACAAGC	3	6	6	0	-2.7	*	!!!Q1zz!!!!"z!!!!1z!!!!a!!!!Azzzzzzzzzz!!%N~	
GGCGCTTGTCGC/GCGACAAGCGCC	0	6	6	0	-2.7	*	!!!Q1zz!!!!"z!!!!1z!!!!a!!!!Azzzzzzzzzz!!%N~	
GGGCGCTTGTCG/CGACAAGCGCCC	-1	6	6	0	-2.7	*	!!!Q1zz!!!!"z!!!!1z!!!!a!!!!Azzzzzzzzzz!!%N~	
TCGCGTGCCAGA/TCTGGCACGCGA	8	6	6	0	-2.7	*	!!!Q1zz!!!!"z!!!!1z!!!!a!!!!Azzzzzzzzzz!!%N~	
TGGGCGCTTGTC/GACAAGCGCCCA	-2	6	6	0	-2.7	*	!!!Q1zz!!!!"z!!!!1z!!!!a!!!!Azzzzzzzzzz!!%N~	
GGGCGGACCCCG/CGGGGTCCGCCC	1	5	5	0	-2.4	*	!!!"Lzzzzzzzz!!*'"zzzzzzzzz"98E%zzzJ,o~	
CGCCCCGCGGGG/CCCCGCGGGGCG	-9	4	4	0	-2.1	*	!!!"LzzzzzzzzzzzzzzzzzzzzzzJ,oWMzzzz!!!!"~	
CCGCCCCGCGGG/CCCGCGGGGCGG	-10	4	4	0	-2.1	*	!!!"LzzzzzzzzzzzzzzzzzzzzzzJ,oWMzzzz!!!!"~	
GGGGTTGTCCGG/CCGGACAACCCC	1	4	4	0	-2.1	*	!!!!)!"o83zzzzzzzzzzzzzzzz&-~	
CGGGGTTGTCCG/CGGACAACCCCG	0	4	4	0	-2.1	*	!!!!)!"o83zzzzzzzzzzzzzzzz&-~	
CGGATCAAAACC/GGTTTTGATCCG	10	4	4	0	-2.1	*	!!!!)!"o83zzzzzzzzzzzzzzzz&-~	
GGGTTGTCCGGA/TCCGGACAACCC	2	4	4	0	-2.1	*	!!!!)!"o83zzzzzzzzzzzzzzzz&-~	
TCCGCCCCGCGG/CCGCGGGGCGGA	-11	3	3	0	-1.8	*	!!!"Lzzzzzzzzzzzzzzzzzzzzzz!!*'"zzzz!!!!"~	
GTCCGCCCCGCG/CGCGGGGCGGAC	-12	3	3	0	-1.8	*	!!!"Lzzzzzzzzzzzzzzzzzzzzzz!!*'"zzzz!!!!"~	
CCCCGCGGGGGC/GCCCCCGCGGGG	-7	3	3	0	-1.8	*	!!!"Lzzzzzzzzzzzzzzzzzzzzzz!!*'"zzzz!!!!"~	
GGGCGGGCCGGA/TCCGGCCCGCCC	1	3	3	0	-1.8	*	!!!"Lzzzzzzzzzzzzzzzzzzzzzz!!*'"zzzz!!!!"~	
$$$
%%%
0 0 0 0 0 0 0 0 0 0 0 0 0 0 0 0 0 0 0 0 27 0 0 0 0 0 0 22 0 0 0 21 0 0 0 0 0 0 0 0 0 22 0 0 22 0 0 0 0 0 0 0 0 0 0 0 0 0 0 0 0 0 0 0 0 0 0 0 0 0 0 0 0 0 0 0 0 0 0 0 0 0 0 0 0 0 0 0 0 0 0 0 0 0 0 0 0 0 0 0 0 0 0 0 0 0 0 0 0 0 0 0 0 0 0 0 0 0 0 0 27 0 0 0 0 0 0 0 0 0 0 0 0 0 0 0 0 0 0 0 0 0 0 0 0 0 0 0 0 0 0 0 0 0 0 0 0 0 0 0 0 0 0 0 0 0 0 0 0 0 0 0 0 0 0 0 0 0 0 0 0 0 0 0 0 0 0 0 27 0 0 0 0 0 0 0 0 0 0 0 0 0 0 0 0 0 0 0 0 0 0 0 0 0 0 0 0 0 0 0 0 0 0 0 0 0 0 0 0 0 0 0 0 0 0 0 0 0 0 0 0 0 0 0 0 0 0 0 0 0 0 0 0 0 27 0 0 0 0 0 0 0 0 0 0 0 0 0 0 0 0 0 0 0 0 0 0 0 0 0 0 0 0 0 0 27 0 0 0 0 0 0 0 0 0 0 14 0 0 0 0 0 0 0 0 0 0 0 0 0 0 0 0 0 0 0 0 0 0 0 0 0 0 0 0 0 0 0 0 0 0 0 0 0 0 0 0 0 0 0 0 0 0 0 0 0 0 0 0 0 0 0 0 0 0 0 0 0 0 0 0 0 0 0 0 0 0 0 0 0 0 0 0 0 0 0 0 0 0 0 0 0 0 0 0 0 0 0 0 0 0 0 0 0 0 0 0 0 0 0 0 0 0 0 0 0 0 0 0 0 0 0 0 0 0 0 0 0 0 0 0 0 0 0 0 0 0 0 0 0 0 0 0 0 0 0 0 0 0 0 0 0 0 0 0 0 0 0 0 0 0 0 0 0 0 0 0 0 0 0 0 0 0 0 0 0 0 0 0 0 0 0 0 0 0 0 0 0 0 0 0 0 0 0 0 0 0 0 0 0 0 0 0 0 0 0 0 0 0 0 0 0 0 0 0 0 0 0 0 0 0 0 0 0 0 0 0 0 0 0 0 0 0 0 0 0 0 0 0 0 0 0 0 0 0 0 0 0 0 0 0 0 0 0 0 0 0 0 0 0 0 0 0 0 0 0 0 0 0 0 0 0 0 0 0 0 0 0 0 0 0 0 0 0 0 0 0 0 0 0 22 0 0 0 0 0 0 0 0 0 0 0 0 0 0 0 0 0 0 0 0 0 0 0 0 0 0 0 0 0 12 0 0 0 0 0 0 0 0 0 0 0 0 0 0 0 0 0 0 0 0 27 0 0 0 0 0 0 0 0 0 0 0 0 0 0 0 0 0 0 0 0 0 0 0 0 0 0 0 0 0 0 0 0 0 0 0 0 0 0 0 0 0 0 0 0 0 0 0 0 0 0 0 0 0 0 0 0 0 0 0 0 0 0 0 0 0 0 0 0 0 0 0 0 0 0 0 0 0 0 0 0 0 0 0 0 0 0 0 0 0 0 0 0 0 0 0 0 0 0 0 0 0 0 0 0 0 0 0 0 0 0 0 12 21 0 0 0 0 0 0 0 0 0 0 0 0 0 0 0 0 0 0 0 0 0 0 0 0 0 0 0 0 0 0 0 0 0 0 0 0 0 0 0 0 0 0 0 0 0 0 0 0 0 0 0 0 0 0 0 0 0 0 0 0 0 0 0 0 0 0 0 0 0 0 0 0 0 0 0 0 0 0 0 0 0 0 0 0 0 0 0 0 0 0 0 0 0 0 0 0 0 0 0 0 0 0 0 0 0 0 0 0 0 0 0 0 0 0 0 0 0 0 0 0 0 0 0 0 0 0 0 0 0 0 0 0 0 0 0 0 0 0 0 0 0 0 0 0 0 0 0 0 0 0 0 0 0 0 0 0 0 0 0 0 0 0 0 0 0 0 0 0 0 0 0 0 0 0 0 19 0 0 0 0 0 0 0 0 0 0 0 0 0 0 0 0 0 0 0 0 0 0 0 0 0 0 0 0 0 0 0 0 0 0 0 0 0 0 0 0 0 0 0 0 0 0 0 0 0 0 0 0 0 0 0 0 0 0 0 0 0 0 0 0 0 0 0 0 0 0 0 0 0 0 0 0 0 0 0 0 0 0 0 0 0 0 0 0 0 0 0 0 0 0 0 0 0 0 0 0 0 0 0 0 0 0 0 0 0 0 0 0 0 0 0 0 0 0 0 0 0 0 0 0 0 0 0 0 0 0 0 0 0 0 0 0 0 0 0 0 0 0 0 0 0 0 0 0 0 0 0 0 0 0 0 0 0 0 0 0 0 0 0 0 0 0 0 0 0 0 0 
0 0 0 0 0 0 0 0 0 0 0 0 0 0 0 0 0 0 0 0 0 0 0 0 0 0 0 0 0 0 0 0 0 0 0 0 0 0 0 0 0 0 0 0 0 0 0 0 0 0 0 0 0 0 0 0 0 0 0 0 0 0 0 0 0 0 0 0 0 0 0 0 0 0 0 0 0 0 0 0 0 0 0 0 0 0 0 0 0 0 0 0 0 0 0 0 0 0 0 0 0 0 0 0 0 0 0 0 0 0 0 0 0 0 0 0 0 0 0 0 0 0 0 0 0 0 0 0 0 0 0 0 0 0 0 0 0 0 0 0 0 0 0 0 0 0 0 0 0 0 0 0 0 0 0 0 0 0 0 0 0 0 0 0 0 0 0 0 0 0 0 0 0 0 0 0 0 0 0 0 0 0 0 0 0 0 0 0 0 0 0 0 0 0 0 0 0 0 0 0 0 0 0 0 0 0 0 0 0 0 0 0 0 0 0 0 0 0 0 0 0 0 0 0 0 0 0 0 0 0 0 0 0 0 0 0 0 0 0 0 0 0 0 0 0 0 0 0 0 0 0 0 0 0 0 0 0 0 0 0 0 0 0 0 0 0 0 0 0 0 0 0 0 0 0 0 0 0 0 0 0 0 0 0 0 0 0 0 0 0 0 0 0 0 0 0 0 0 0 0 0 0 0 0 0 0 0 0 0 0 0 0 0 0 0 0 0 0 0 0 0 0 0 0 0 0 0 0 0 0 0 0 0 0 0 0 0 0 0 0 0 0 0 0 0 0 0 0 0 0 0 0 0 0 0 0 0 0 0 0 0 0 0 0 0 0 0 0 0 0 0 0 0 0 0 0 0 0 0 0 0 0 0 0 0 0 0 0 0 0 0 0 0 0 0 0 0 0 0 0 0 0 0 0 0 0 0 0 0 0 0 0 0 0 0 0 0 0 0 0 0 0 0 0 0 0 0 0 0 0 0 0 0 0 0 0 0 0 0 0 0 0 0 0 0 0 0 0 0 0 0 0 0 0 0 0 0 0 0 0 0 0 0 0 0 0 0 0 0 0 0 0 0 0 0 0 0 0 0 0 0 0 0 0 0 0 0 0 0 0 0 0 0 0 0 0 0 0 0 0 0 0 0 0 0 0 0 0 0 0 0 0 0 0 0 0 0 0 0 0 0 0 0 0 0 0 0 0 0 0 0 0 0 0 0 0 0 0 0 0 0 0 0 0 0 0 0 0 0 0 0 0 0 0 0 0 0 0 0 0 0 0 0 0 0 0 0 0 0 0 0 0 0 0 0 0 0 0 0 0 0 0 0 0 0 0 0 0 0 0 0 0 0 0 0 0 0 0 0 0 0 0 0 0 0 0 0 0 0 0 0 0 0 0 0 0 0 0 0 0 0 0 0 0 0 0 0 0 0 0 0 0 0 0 0 0 0 0 0 0 0 0 0 0 0 0 0 0 0 0 0 0 0 0 0 0 0 0 0 0 0 0 0 0 0 0 0 0 0 0 0 0 0 0 0 0 0 0 0 0 0 0 0 0 0 0 0 0 0 0 0 0 0 0 0 0 0 0 0 0 0 0 0 0 0 0 0 0 0 0 0 0 0 0 0 0 0 0 0 0 0 0 0 0 0 0 0 0 0 0 0 0 0 0 0 0 0 0 0 0 0 0 0 0 0 0 0 0 0 0 0 0 0 0 0 0 0 0 0 0 0 0 0 0 0 0 0 0 0 0 0 0 0 0 0 0 0 0 0 0 0 0 0 0 0 0 0 0 0 0 0 0 0 0 0 0 0 0 0 0 0 0 0 0 0 0 0 0 0 0 0 0 0 0 0 0 0 0 0 0 0 0 0 0 0 0 0 0 0 0 0 0 0 0 0 0 0 0 0 0 0 0 0 0 0 0 0 0 0 0 0 0 0 0 0 0 0 0 0 0 0 0 0 0 0 0 0 0 0 0 0 0 0 0 0 0 0 0 0 0 0 0 0 0 0 0 0 0 0 0 0 0 0 0 0 0 0 0 0 0 0 0 0 0 0 0 0 0 0 0 0 0 0 0 0 0 0 0 0 0 0 0 0 0 0 0 0 0 0 0 0 0 0 0 0 0 0 0 0 0 0 0 0 0 0 0 0 0 0 0 0 0 0 0 0 0 0 0 0 0 0 0 0 0 0 0 0 0 0 0 0 0 0 0 0 0 0 0 0 0 0 0 0 0 0 0 0 0 0 0 0 0 0 0 0 0 0 0 0 0 0 0 0 0 0 0 0 0 0 0 0 0 0 0 0 0 0 0 0 0 0 0 0 0 0 0 0 0 0 0 0 0 0 0 0 0 0 0 0 0 0 0 0 0 0 0 0 0 0 0 0 0 0 0 0 0 0 0 0 0 0 0 0 0 0 0 0 0 0 0 0 0 0 0 0 0 0 0 0 0 0 0 0 0 0 0 0 0 0 0 0 0 
1.9441 1.7818 1.9315 1.8432 1.8458 1.1298 1.6571 1.2448 1.4015 1.2032 1.5403 1.0544 1.1148 1.0708 1.0583 0.9767 1.0574 1.0664 1.5248 1.1493 1.0432 0.9956 0.9401 0.9812 1.0370 0.9512 0.9897 0.9647 1.0198 0.9712 1.4997 1.2499 0.9673 0.9897 1.0181 1.0273 0.9677 0.9897 1.0751 1.2880 1.0975 1.0050 1.0273 0.9444 1.0072 0.9740 0.9775 1.0480 0.9775 0.9420 1.1702 0.9647 1.4034 1.2905 0.9678 0.9521 0.9421 0.9581 0.9316 1.4441 0.9956 1.1584 1.2091 0.9855 0.9756 1.4391 1.0296 1.0069 0.9775 0.9843 1.0299 1.0013 1.0013 0.9372 0.9837 0.9538 0.9306 0.9505 0.9421 1.0012 0.9534 1.0413 0.9339 0.9712 2.0167 0.9684 0.9409 1.5785 0.9956 1.1750 1.0708 0.9789 1.2125 1.0240 0.9572 0.9837 1.0510 1.0751 0.9897 0.9298 0.9775 0.9595 0.9513 0.9775 1.0124 0.9513 0.9686 1.2961 0.9775 1.0783 0.9527 1.1323 1.0231 1.0540 0.9833 1.0116 0.9532 0.9581 0.9707 0.9298 1.0708 0.9581 0.9815 0.9729 0.9647 1.0178 0.9897 1.1023 1.0469 0.9712 0.9298 0.9581 0.9956 0.9372 0.9647 1.0069 0.9768 1.2390 0.9444 0.9913 1.0178 0.9647 0.9298 0.9775 0.9400 0.9708 0.9637 0.9644 1.0060 1.1860 0.9904 0.9475 1.0528 0.9647 0.9500 0.9636 1.0422 0.9444 0.9562 0.9581 0.9444 1.0013 1.3310 1.0377 0.9565 0.9500 0.9736 0.9299 0.9513 0.9581 0.9712 0.9298 0.9298 0.9337 1.1842 0.9513 0.9372 0.9403 0.9837 0.9707 0.9712 1.1906 0.9372 0.9897 0.9372 1.0305 1.1326 0.9298 0.9381 0.9853 1.0430 0.9965 0.9535 0.9586 0.9647 1.0178 0.9897 0.9513 0.9657 0.9846 0.9591 1.2521 0.9372 0.9830 1.5033 0.9712 0.9776 0.9426 1.0948 0.9444 0.9298 0.9328 0.9416 0.9527 0.9581 0.9581 0.9568 0.9581 0.9519 0.9513 0.9513 1.0283 1.0124 0.9444 0.9775 0.9444 0.9581 0.9918 0.9494 0.9384 0.9950 0.9372 0.9672 0.9775 0.9444 0.9513 0.9589 1.0107 0.9754 0.9775 0.9340 0.9700 0.9503 0.9315 1.0480 0.9647 0.9355 0.9472 0.9504 1.4172 0.9372 0.9454 0.9647 0.9298 1.0483 0.9775 0.9444 1.0178 1.0178 0.9513 0.9513 0.9444 0.9298 1.0228 0.9528 0.9334 0.9647 0.9704 1.1322 0.9488 0.9581 0.9513 0.9444 0.9581 0.9647 1.0148 0.9818 0.9581 1.0574 0.9548 1.0231 0.9513 0.9298 0.9539 0.9897 0.9740 0.9444 1.0283 0.9837 0.9585 0.9597 0.9775 0.9513 1.0913 1.1073 0.9954 0.9427 0.9372 0.9712 0.9513 0.9372 0.9473 0.9712 1.6044 1.0602 0.9837 1.0619 0.9472 0.9298 0.9343 0.9304 0.9647 0.9372 0.9319 0.9513 0.9802 0.9837 0.9298 1.0013 0.9392 1.0876 0.9444 0.9298 0.9626 0.9894 0.9372 1.0434 0.9444 0.9372 0.9298 0.9298 0.9313 0.9712 0.9581 0.9298 0.9634 0.9612 1.3714 1.2246 1.2710 0.9356 0.9712 0.9513 0.9298 1.1728 0.9374 0.9986 0.9513 0.9444 0.9316 0.9612 0.9541 0.9298 1.0213 0.9886 0.9708 1.0231 0.9712 0.9298 0.9298 1.0498 0.9372 1.2623 1.0088 0.9444 0.9723 1.0069 0.9298 0.9513 0.9373 0.9372 1.0830 0.9298 0.9372 0.9712 0.9581 0.9298 0.9581 0.9372 1.0627 0.9643 0.9599 0.9647 0.9513 0.9581 1.0069 1.3139 0.9513 0.9682 0.9513 0.9513 0.9481 0.9300 0.9590 0.9403 0.9372 1.1906 0.9956 0.9775 1.1063 1.1212 0.9775 0.9647 0.9956 0.9712 0.9444 0.9738 0.9444 0.9581 0.9372 1.1285 0.9781 1.0231 0.9956 0.9444 1.0231 0.9411 0.9377 1.0487 0.9513 1.0069 0.9515 1.0014 0.9344 0.9398 0.9695 0.9444 0.9837 1.0334 1.0210 0.9775 0.9712 0.9367 0.9351 0.9757 0.9581 1.0151 0.9366 0.9610 0.9372 0.9647 0.9372 0.9313 0.9849 0.9977 0.9513 1.0305 1.1348 0.9557 0.9298 0.9837 0.9837 0.9372 1.0069 0.9372 0.9668 0.9322 1.0383 0.9521 0.9410 0.9858 0.9373 0.9298 0.9750 1.0713 0.9513 0.9298 1.0273 0.9628 1.0013 0.9733 1.0383 0.9453 0.9367 0.9712 0.9372 0.9513 0.9528 0.9513 0.9581 0.9581 0.9298 0.9647 0.9647 0.9494 0.9647 1.0214 0.9298 1.1597 0.9673 0.9537 0.9712 0.9303 0.9581 0.9659 1.0178 1.0013 0.9406 0.9420 0.9447 0.9337 0.9535 0.9513 0.9712 0.9622 0.9444 0.9391 0.9491 0.9372 0.9298 0.9372 0.9434 0.9946 0.9374 0.9510 1.0383 0.9392 0.9421 0.9342 0.9698 0.9347 0.9433 0.9298 1.1089 1.0732 0.9372 0.9444 0.9353 0.9444 0.9348 0.9897 0.9372 1.1325 0.9444 0.9298 0.9298 0.9689 1.0812 0.9581 0.9453 1.1523 0.9372 0.9693 1.0664 0.9522 1.0178 1.0835 0.9331 0.9358 0.9636 0.9298 0.9444 0.9503 0.9380 0.9513 0.9897 0.9444 0.9625 1.1231 1.0178 1.1797 1.0169 0.9372 1.0088 0.9444 0.9438 1.0448 1.0231 0.9504 1.3168 0.9372 0.9372 0.9372 0.9444 0.9897 1.0334 1.0653 0.9372 1.0178 0.9754 1.0168 0.9458 0.9446 0.9712 0.9372 1.0932 1.0013 0.9581 0.9299 1.0013 1.0543 0.9372 0.9581 0.9505 1.0343 0.9298 0.9513 0.9525 0.9513 0.9837 0.9444 1.0560 0.9444 0.9443 1.1493 0.9372 0.9298 1.0283 0.9712 0.9298 1.2519 0.9775 0.9428 0.9444 0.9554 0.9485 0.9444 0.9650 1.0951 1.0124 0.9647 0.9748 0.9513 0.9527 0.9568 0.9513 0.9298 0.9723 1.2070 1.0283 0.9365 0.9956 0.9298 0.9444 0.9372 1.1648 0.9635 0.9768 0.9937 0.9594 0.9463 0.9444 0.9608 0.9581 0.9581 0.9298 0.9525 1.1756 0.9327 0.9298 0.9351 1.1303 0.9525 0.9372 0.9444 0.9747 0.9581 0.9647 1.0410 0.9647 0.9325 0.9663 0.9568 0.9444 0.9372 0.9611 0.9513 0.9444 0.9798 0.9581 0.9448 0.9956 1.0096 1.0124 0.9443 0.9837 1.1221 0.9372 0.9298 0.9811 0.9450 0.9298 0.9302 0.9830 0.9372 0.9298 0.9322 0.9837 0.9853 1.9919 0.9372 1.1435 0.9522 0.9581 0.9312 0.9575 0.9372 0.9444 1.0013 0.9298 1.0283 1.0334 0.9444 0.9644 1.1382 0.9298 0.9897 0.9436 0.9897 1.0210 1.0061 0.9542 1.0334 0.9298 0.9298 0.9298 0.9554 1.0124 0.9401 0.9372 0.9444 1.0561 0.9421 0.9444 0.9621 1.0028 0.9496 0.9514 0.9366 0.9789 0.9298 0.9298 0.9372 0.9444 0.9581 0.9372 0.9394 1.3804 0.9298 0.9298 0.9380 0.9712 1.0124 1.0178 1.0013 0.9444 0.9647 0.9647 1.0283 0.9444 1.2369 1.0708 0.9298 0.9298 0.9775 0.9475 1.0178 0.9298 0.9513 0.9933 0.9298 0.9298 0.9322 0.9530 0.9581 0.9372 0.9530 1.0124 0.9775 0.9714 0.9513 0.9471 0.9513 0.9372 0.9376 0.9358 0.9581 0.9372 0.9775 0.9372 0.9298 0.9372 0.9298 0.9647 1.0398 0.9445 0.9323 0.9488 0.9968 0.9654 0.9837 1.0178 0.9956 0.9502 0.9375 0.9446 0.9647 0.9528 0.9360 0.9305 0.9783 0.9451 0.9565 1.1033 0.9837 0.9806 0.9298 0.9826 0.9647 0.9444 0.9647 0.9481 0.9372 0.9372 0.9513 0.9535 0.9647 1.0429 0.9581 0.9897 0.9298 0.9441 0.9444 0.9755 0.9372 0.9523 1.0178 0.9483 0.9581 1.0656 0.9408 0.9601 0.9298 1.0564 1.0019 0.9298 0.9314 0.9456 0.9775 1.0358 1.1239 0.9368 0.9481 1.0231 1.1639 0.9513 0.9313 0.9298 0.9313 1.0192 0.9444 0.9372 0.9581 0.9736 0.9442 0.9816 1.0178 0.9870 0.9320 1.0982 0.9298 0.9420 0.9583 0.9665 0.9513 1.0018 0.9956 0.9650 0.9332 0.9298 0.9444 0.9831 0.9444 0.9298 0.9389 0.9513 0.9298 1.0283 1.0383 0.9782 1.0194 0.9651 1.0540 1.0023 1.0164 0.9772 0.9444 0.9372 0.9429 0.9337 0.9336 0.9647 0.9642 0.9298 0.9696 0.9298 1.0068 0.9418 0.9464 1.0692 0.9647 1.0242 1.2561 0.9647 0.9513 0.9463 0.9320 0.9444 0.9372 1.0657 0.9806 0.9933 1.0439 0.9410 1.0044 0.9455 0.9647 0.9513 1.4199 0.9369 1.1111 1.0637 0.9298 0.9372 0.9298 0.9298 0.9510 0.9298 1.1048 1.0877 0.9559 0.9298 0.9837 1.0086 1.1380 0.9647 1.1905 0.9773 0.9684 0.9513 0.9891 0.9372 0.9513 0.9493 1.0527 0.9444 0.9298 0.9372 0.9712 0.9717 0.9435 0.9444 0.9581 0.9430 0.9298 0.9603 0.9379 1.0338 0.9372 0.9298 0.9837 1.0316 0.9465 0.9485 0.9298 1.0638 1.0644 0.9434 0.9519 0.9298 0.9386 1.0178 1.0013 1.0480 0.9444 0.9441 0.9372 0.9775 0.9513 0.9700 0.9414 0.9298 0.9513 0.9372 0.9428 0.9713 0.9530 0.9583 0.9512 0.9298 1.1090 0.9728 0.9911 0.9444 0.9372 0.9519 0.9512 1.0164 0.9298 1.0283 1.0231 0.9837 0.9299 0.9647 1.1588 1.1996 0.9958 0.9372 0.9775 0.9513 0.9643 0.9298 1.0013 0.9768 0.9570 0.9736 0.9358 0.9444 0.9513 0.9544 0.9581 1.0795 0.9581 1.0343 0.9775 0.9384 0.9298 0.9443 0.9444 0.9775 0.9447 0.9581 0.9806 1.0696 0.9372 0.9298 0.9372 0.9528 0.9367 0.9581 1.0727 0.9712 0.9372 1.0364 1.0708 0.9834 1.0459 0.9897 1.0659 0.9513 1.1864 0.9462 0.9443 0.9513 0.9699 1.0314 0.9298 1.0352 1.0910 0.9467 0.9298 0.9513 0.9581 1.0124 0.9522 0.9382 1.0424 1.0889 0.9897 0.9805 0.9641 0.9436 0.9712 0.9775 0.9902 0.9326 1.0340 0.9416 1.0240 0.9671 1.0686 1.0613 0.9302 0.9645 0.9638 1.9302 1.8670 1.8521 1.7815 1.7670 1.7310 1.7411 
