DE Rds2_GEM_1_m0 7.25 0 k6_c32
1 5 25 0 2 C
2 1 29 1 0 C
3 0 0 31 0 G
4 0 0 31 0 G
5 24 0 7 0 A
6 10 0 21 0 G
XX

DE Rds2_GEM_1_m1 6.04 -6 k5_c35
1 0 0 32 2 G
2 6 0 28 0 G
3 4 4 10 18 T
4 0 0 34 0 G
5 32 0 0 2 A
XX

DE Rds2_GEM_1_m2 7.13 14 k6_c22
1 4 0 0 18 T
2 0 2 0 20 T
3 4 17 0 0 C
4 1 1 0 19 T
5 0 21 0 0 C
6 1 16 3 2 C
XX

DE Rds2_GEM_1_m3 8.16 0 k7_c23
1 0 22 0 0 C
2 2 5 16 0 G
3 0 0 22 0 G
4 0 0 22 0 G
5 0 7 4 11 T
6 0 0 22 0 G
7 11 1 8 3 A
XX

DE Rds2_GEM_1_m4 5.10 1 k6_c24
1 5 7 5 7 C
2 1 2 3 18 T
3 3 1 2 18 T
4 1 3 0 20 T
5 1 3 0 20 T
6 2 2 3 17 T
XX

DE Rds2_GEM_1_m5 5.70 10 k5_c29
1 21 3 4 1 A
2 0 4 0 24 T
3 0 0 27 1 G
4 1 0 23 4 G
5 28 0 0 0 A
XX

DE Rds2_GEM_1_m6 5.77 9 k5_c30
1 0 1 28 0 G
2 29 0 0 0 A
3 24 3 3 0 A
4 14 15 0 0 C
5 29 0 0 0 A
XX

DE Rds2_GEM_1_m7 7.10 1 k6_c19
1 12 4 0 3 A
2 17 1 0 0 A
3 0 1 4 14 T
4 0 18 0 0 C
5 0 0 18 0 G
6 0 0 18 0 G
XX

DE Rds2_GEM_1_m8 8.96 2 k9_c16
1 0 1 12 2 G
2 0 0 13 2 G
3 0 3 12 1 G
4 0 2 7 6 G
5 0 0 15 0 G
6 11 0 2 3 A
7 10 0 4 1 A
8 1 0 3 12 T
9 1 3 11 0 G
XX

DE Rds2_GEM_1_m9 9.50 3 k8_c16
1 1 6 7 2 G
2 1 13 1 1 C
3 1 1 9 5 G
4 1 1 14 1 G
5 6 0 9 0 G
6 1 10 4 0 C
7 0 2 14 0 G
8 0 0 15 0 G
XX

DE Rds2_GEM_1_m10 9.20 24 k8_c15
1 0 14 0 0 C
2 0 12 3 0 C
3 6 0 9 0 G
4 0 14 0 0 C
5 8 5 0 1 A
6 0 14 0 0 C
7 0 2 12 0 G
8 10 3 2 0 A
XX

DE Rds2_GEM_1_m11 9.11 4 k9_c13
1 1 1 9 2 G
2 1 10 1 1 C
3 3 1 1 9 T
4 1 1 9 2 G
5 3 2 4 4 G
6 1 9 2 0 C
7 0 2 10 0 G
8 0 0 12 0 G
9 1 0 11 0 G
XX

DE Rds2_GEM_1_m12 7.19 -5 k8_c15
1 0 2 12 0 G
2 0 0 14 0 G
3 12 0 2 0 A
4 2 0 12 0 G
5 0 5 2 8 T
6 2 2 3 8 T
7 11 0 1 2 A
8 0 0 3 11 T
XX

DE Rds2_GEM_1_m13 9.97 -3 k10_c8
1 0 0 7 0 G
2 0 0 7 0 G
3 0 2 5 0 G
4 7 0 0 0 A
5 0 0 7 0 G
6 0 1 6 0 G
7 0 0 7 0 G
8 0 0 7 0 G
9 1 0 3 4 T
10 0 5 2 1 C
XX

DE Rds2_GEM_1_m14 11.62 4 k12_c15
1 0 1 13 0 G
2 0 2 13 0 G
3 14 0 0 0 A
4 10 0 5 0 A
5 5 9 1 0 C
6 13 0 0 1 A
7 11 0 0 3 A
8 11 0 0 3 A
9 4 0 0 11 T
10 3 12 0 0 C
11 0 3 10 2 G
12 0 0 14 0 G
XX

DE Rds2_GEM_1_m15 9.95 -8 k10_c15
1 0 0 14 0 G
2 9 4 0 1 A
3 0 13 1 0 C
4 0 0 14 0 G
5 0 0 14 0 G
6 5 1 9 0 G
7 0 2 4 9 T
8 2 0 12 0 G
9 8 1 5 0 A
10 13 0 0 2 A
XX

