-300	5.939388367138772E-4
-299	0.0012853644130601798
-298	0.0019022230091828034
-297	0.002395746442631095
-296	0.002684993905422008
-295	0.0026862066277094187
-294	0.00234448895663889
-293	0.0017548646919538962
-292	0.0011685213319277696
-291	8.436645408177456E-4
-290	8.760875254060912E-4
-289	0.0010813965143382344
-288	0.0012104646734464647
-287	0.00108610674796772
-286	8.315642878822389E-4
-285	6.628444059788929E-4
-284	7.883831644841861E-4
-283	0.0011246146208141999
-282	0.0014838995189853585
-281	0.0016344380614168258
-280	0.0015684510164542568
-279	0.0013668827488299057
-278	0.0011843460566752003
-277	0.0010795163312224585
-276	0.0010611975368167745
-275	0.0010742615636789828
-274	0.0010985053478456239
-273	0.0011365315917091488
-272	0.001204056729878921
-271	0.0012307978878803548
-270	0.00113151838565259
-269	8.866152315950653E-4
-268	6.062163031898171E-4
-267	4.629130973721951E-4
-266	3.795216842474686E-4
-265	4.689193659428022E-4
-264	6.362967776088339E-4
-263	8.02381739288292E-4
-262	9.159083382387109E-4
-261	9.660272734435609E-4
-260	0.001039327889196785
-259	0.001147604371633177
-258	0.0012465830058065834
-257	0.0012183673363227237
-256	0.001094969184261948
-255	9.669066424451294E-4
-254	9.403939213488595E-4
-253	9.80091472311375E-4
-252	0.0010081203573652372
-251	9.561883261472218E-4
-250	8.505295640869435E-4
-249	7.538640276147344E-4
-248	7.513951968732003E-4
-247	8.39493137410431E-4
-246	9.665323455020493E-4
-245	0.0010201197883247023
-244	9.869086736558107E-4
-243	9.05253670785477E-4
-242	8.760898063660991E-4
-241	9.321041053110996E-4
-240	0.0010637045431158613
-239	0.0011835415606988335
-238	0.0011918488376231212
-237	0.001017447624963449
-236	7.108993565792637E-4
-235	4.090031139501843E-4
-234	3.086087315814634E-4
-233	2.7957050994108814E-4
-232	4.7376455560799814E-4
-231	8.287513907392862E-4
-230	0.0012437133655644908
-229	0.0015563277513513643
-228	0.0016219485815015427
-227	0.0014626500462245173
-226	0.0012765937535694424
-225	0.0012681775675886925
-224	0.0014807760680741798
-223	0.001757756372278482
-222	0.0019063949601184876
-221	0.0018088426486817658
-220	0.0015491005978770485
-219	0.0012794103130611743
-218	0.0011740486349321308
-217	0.001204355597944893
-216	0.0012653098918611124
-215	0.0012165642409916948
-214	0.0010881051179312288
-213	9.580397462822408E-4
-212	8.846242100030063E-4
-211	8.415597279411641E-4
-210	8.007253898212762E-4
-209	8.144409503310459E-4
-208	9.65752440058614E-4
-207	0.001304820328732123
-206	0.0017259797907092827
-205	0.002036012670404642
-204	0.002078291346492332
-203	0.0019148181025695665
-202	0.0017388688036299844
-201	0.001723097887505749
-200	0.001864335359097544
-199	0.0020718993196649086
-198	0.0022472819115707593
-197	0.0023217295573968056
-196	0.0022886720024161457
-195	0.002176754735038273
-194	0.0020731721954119417
-193	0.0019900574941437575
-192	0.0019032805664948465
-191	0.0017575522479737272
-190	0.0015581003353527625
-189	0.001330727009081229
-188	0.0011074503771651306
-187	9.097634474916612E-4
-186	7.641242472620076E-4
-185	7.244044595631803E-4
-184	8.313387732836124E-4
-183	0.0010852274163788505
-182	0.0013419251831505836
-181	0.001406060414598259
-180	0.0011471045945046843
-179	7.371930655716082E-4
-178	5.260090848710357E-4
-177	7.872815071259642E-4
-176	0.0013461838285297974
-175	0.001780511944954784
-174	0.0017591537068238387
-173	0.0014624060887790614
-172	0.0012088682013242675
-171	0.0011942432381658369
-170	0.001170711230813931
-169	0.001001597733183016
-168	7.210315413897446E-4
-167	7.127860708796961E-4
-166	0.0010852698331948064
-165	0.0017459109308261191
-164	0.0022671870819470632
-163	0.0024453763682804907
-162	0.002252948611986424
-161	0.0019906791471062204
-160	0.001859841087164281
-159	0.0019519829049329744
-158	0.0021336724402094384
-157	0.002291110218221255
-156	0.002333936098073852
-155	0.0022035302894058127
-154	0.0019201557705177063
-153	0.0015873163133177596
-152	0.0015041795787017614
-151	0.0017877476035156386
-150	0.002375458073292251
-149	0.00281195656952431
-148	0.002839859142052941
-147	0.0024189511669923934
-146	0.001996085188119205
-145	0.0018935165031959593
-144	0.0022497556764629273
-143	0.0027663432978785756
-142	0.003167654911390709
-141	0.003272748816801734
-140	0.0031319259107820065
-139	0.0028285259298937897
-138	0.002467309903453298
-137	0.002262064882180864
-136	0.0024422753738037556
-135	0.00312612773476996
-134	0.0039950209293213995
-133	0.004606440428688434
-132	0.004628406947969863
-131	0.004182700193835013
-130	0.003489240601368593
-129	0.00273101987081955
-128	0.0020198819455433236
-127	0.001675814685948675
-126	0.0020220765512339186
-125	0.0030256868612638056
-124	0.0040833728218323505
-123	0.004565905534414813
-122	0.004380858762796866
-121	0.004047429167837846
-120	0.004097194064320136
-119	0.00452397499839408
-118	0.004894549558820245
-117	0.004796323815144976
-116	0.004270399714249654
-115	0.003692815439642058
-114	0.0034301677781280997
-113	0.0035196260074041993
-112	0.003708319388427422
-111	0.0037366742672096357
-110	0.0035879932260074196
-109	0.0034868949583862314
-108	0.0036697043162093376
-107	0.004158258961721888
-106	0.004663243633220237
-105	0.00486044626980356
-104	0.004638718747197398
-103	0.004232496169413369
-102	0.003913580522164369
-101	0.00375976029513568
-100	0.003681535744901018
-99	0.0035859787661140317
-98	0.003490469451473267
-97	0.0034299066782392577
-96	0.0034380150333150404
-95	0.0035283758183641085
-94	0.0036113784896571657
-93	0.0035686357082259108
-92	0.0033387298406006567
-91	0.003127149907559594
-90	0.0031734250328987906
-89	0.0035061369915907123
-88	0.0038101335295379663
-87	0.0037652582955425284
-86	0.0033961612070254198
-85	0.0030177899449375036
-84	0.0029114203816398973
-83	0.0029972796471126216
-82	0.00307286181615779
-81	0.0029903345245935573
-80	0.0028354051883785324
-79	0.002677953450461898
-78	0.0025612235160192955
-77	0.0025146025082092584
-76	0.0026147299165468914
-75	0.00289470045962532
-74	0.0031535992210790114
-73	0.0031105108559808165
-72	0.002603038525028248
-71	0.0019809123937188297
-70	0.0017786009830924258
-69	0.0023591777354444302
-68	0.003307754400157639
-67	0.0038953485535008292
-66	0.0035763728597067697
-65	0.002721703475021748
-64	0.0021387292047427772
-63	0.0024906648090503793
-62	0.0035506313460773858
-61	0.004523572846702639
-60	0.00466668500801754
-59	0.003933949534034721
-58	0.0029001027562951406
-57	0.0022027927472317403
-56	0.0021508653506351156
-55	0.0025805138855388575
-54	0.003187916425243046
-53	0.0036059029833641065
-52	0.0037523321504007888
-51	0.0037088921865040658
-50	0.003783448512983848
-49	0.00393459251821545
-48	0.003957056774544764
-47	0.0035870592970757243
-46	0.003161368819488365
-45	0.0031508193141918752
-44	0.003735529747591191
-43	0.004382497912683227
-42	0.004489593981027947
-41	0.003980358620648859
-40	0.0033561591193500546
-39	0.0031405766854721026
-38	0.00342166760757652
-37	0.003997815669720302
-36	0.0046619904750946715
-35	0.005349280979784198
-34	0.0059213011661943095
-33	0.0061890339083635155
-32	0.005973112534007976
-31	0.00545621956344837
-30	0.0049498372800295615
-29	0.004782519280224473
-28	0.0048576542843960175
-27	0.004949124281250098
-26	0.00487011542828953
-25	0.004815900715491921
-24	0.0050552957110431215
-23	0.005643094626535074
-22	0.006163910735162468
-21	0.0061563473583667256
-20	0.00555886725717915
-19	0.004932817830294429
-18	0.004865734582395095
-17	0.005359780450773041
-16	0.005774485624403498
-15	0.005487381031604454
-14	0.004592987571944375
-13	0.0037986165139762165
-12	0.0037716818855490636
-11	0.004456060238018981
-10	0.005234108332015463
-9	0.0055204779503095274
-8	0.005326812702915453
-7	0.005045756490284545
-6	0.005042447467026826
-5	0.005310543064826491
-4	0.005697373345788496
-3	0.006079935528928053
-2	0.006471846982411748
-1	0.006774369561966671
0	0.00682666718153591
1	0.006449168477021261
2	0.0057327879000099
3	0.004890009911631688
4	0.004288809043439475
5	0.004196248506320772
6	0.004714615054905793
7	0.005409046993861208
8	0.005608600318774624
9	0.004813018934024837
10	0.0033906574372866475
11	0.002216813781198116
12	0.002055392014463284
13	0.002799380153788758
14	0.0036881733734588857
15	0.00396358484654271
16	0.003461061176907026
17	0.0026108573721475674
18	0.00191920651579059
19	0.0016401981017618926
20	0.0016652763107456391
21	0.001801513637456508
22	0.0018786032319504458
23	0.0018838584918246708
24	0.0018585660410120521
25	0.0018670438630366828
26	0.0018639973195765781
27	0.0017715614408438107
28	0.0015414697484992257
29	0.0012709228550123995
30	0.0010929892268849196
31	0.0011004399427429258
32	0.0012391085910167404
33	0.001413378213445274
34	0.001531261731438701
35	0.001589597212555602
36	0.0016030345764765257
37	0.0015578450688687323
38	0.0014112781624391647
39	0.0011422212566952138
40	8.394465675261655E-4
41	6.189882565141661E-4
42	5.664308581780164E-4
43	6.404240915423667E-4
44	7.4778578599501E-4
45	7.995913339146644E-4
46	7.554483584913137E-4
47	6.24837218242884E-4
48	4.456255267155664E-4
49	3.226530040590716E-4
50	3.537976819137052E-4
51	6.005015572699251E-4
52	9.96108727450967E-4
53	0.0014132933502177558
54	0.0017189147956487051
55	0.0018068599355130304
56	0.0016517656049988107
57	0.0012919371615018368
58	9.215757093593019E-4
59	6.994098595430126E-4
60	7.081737420440437E-4
61	8.199913115936543E-4
62	9.066773161918987E-4
63	8.973673621271358E-4
64	8.815269904655491E-4
65	9.395019553950403E-4
66	0.0010951228972345146
67	0.0012200216919607586
68	0.001227952783926095
69	0.0010997922196977477
70	9.669937422470564E-4
71	8.771868847825239E-4
72	8.169056194880384E-4
73	7.031907492172099E-4
74	6.05669279416297E-4
75	6.450093167163094E-4
76	9.07294376516112E-4
77	0.0012544910712155956
78	0.0014916572270825149
79	0.0014734045020249357
80	0.0012443086517304306
81	9.094983053320525E-4
82	6.206739053111302E-4
83	5.178326053376224E-4
84	7.025166010287176E-4
85	0.0011077551388763652
86	0.0014759650710693877
87	0.0015570509133595225
88	0.001339560171754277
89	0.0010603607317532233
90	9.508370176522527E-4
91	0.0010061508919716464
92	0.0011134644158969729
93	0.0011909860563948313
94	0.0012952100427001325
95	0.0013743009228423286
96	0.001328587145745682
97	0.0010820906894055014
98	7.995446475889851E-4
99	6.872718277391479E-4
100	8.151997019676479E-4
101	0.001022979629939958
102	0.0011336843255346418
103	0.0011342439016864382
104	0.0011309886399050429
105	0.0012031581401954954
106	0.0012466183062865349
107	0.0011438437546151766
108	8.472231103788065E-4
109	5.386584259170672E-4
110	3.992038778424996E-4
111	5.29342289556942E-4
112	7.771133190863426E-4
113	9.56449331062956E-4
114	9.453859841845275E-4
115	8.43454932808423E-4
116	7.906363947492239E-4
117	8.839287493624676E-4
118	0.0010610797320023118
119	0.0012078603370722875
120	0.0012219626002845957
121	0.0010729778994246616
122	7.90623041139654E-4
123	4.3115449492054747E-4
124	1.2083007973741117E-4
125	8.905579911646102E-24
126	1.892034255791069E-4
127	5.956807892114817E-4
128	9.698489950989567E-4
129	0.0010947066111450772
130	0.0010039354907713308
131	8.661882819154085E-4
132	8.146689123181869E-4
133	7.766631214445257E-4
134	6.767145911543256E-4
135	5.02556797736664E-4
136	4.0571895056884505E-4
137	4.400162327996069E-4
138	5.712754277429389E-4
139	6.161776979673383E-4
140	5.701931917232199E-4
141	4.911656226388387E-4
142	6.11413559098578E-4
143	8.517006299623994E-4
144	0.0010267858742307077
145	8.983259839880226E-4
146	5.622429370657183E-4
147	2.3601984436213836E-4
148	1.731748727708416E-4
149	3.381129070650121E-4
150	5.841664289633516E-4
151	6.922451450376224E-4
152	6.271655226123583E-4
153	4.36388847169632E-4
154	3.655179385508924E-4
155	2.850965958616099E-4
156	2.5029748233227104E-4
157	4.3567559287304146E-4
158	6.470190284156224E-4
159	7.781504287633771E-4
160	7.467730023986387E-4
161	5.793897981317372E-4
162	3.4307799988333277E-4
163	1.464309209226518E-4
164	6.681315789124207E-5
165	1.5572451580519789E-4
166	3.882577190636089E-4
167	6.554180481200637E-4
168	8.345694230347865E-4
169	8.468070375095914E-4
170	7.328288905480944E-4
171	5.676079923459381E-4
172	4.287272766602863E-4
173	3.247641511796194E-4
174	2.4196527672854586E-4
175	1.6258955261987134E-4
176	1.0927400724102199E-4
177	1.543043657907317E-4
178	2.790254846815983E-4
179	4.493887253006839E-4
180	7.190328029353375E-4
181	9.567906409166553E-4
182	0.0010814515770110411
183	0.001037258173460105
184	8.577487573379169E-4
185	6.33952688806777E-4
186	4.531805281106601E-4
187	3.4737558599226277E-4
188	3.2346254148453267E-4
189	3.808359182636835E-4
190	4.8609067912544165E-4
191	5.42868596356875E-4
192	4.6094680087795125E-4
193	2.5442654833625247E-4
194	4.366201264218218E-5
195	8.905579911646102E-24
196	3.45869941038125E-5
197	1.387236569841132E-4
198	3.095660636694189E-4
199	4.861580093196382E-4
200	3.2313680154861537E-4
