#Sip4_GEM_1.m10
#KSM version: 1
#72/72
#1.53
#k-mer/r.c.	Offset	PosCt	wPosCt	NegCt	HgpLg10	CIDs	PosHits (base85 encoding)	NegHits (base85 encoding)
AGAGA/TCTCT	0	14	14	7	-1.8	*	!CN(P(]XV&8,~	!<`B&!5JRQ~
GAGAA/TTCTC	1	13	13	7	-1.5	*	K40uE0E;*'&-~	"98E-+@H2:~
GAGCA/TGCTC	1	11	11	5	-1.5	*	!$O`1(b,M"~	!?_@B!<<+]~
TAGAA/TTCTA	1	11	11	6	-1.4	*	"b8iLJ,gPp5Q~	!!!"N&-.7]#Q~
CGAGA/TCTCG	0	9	9	3	-2.1	*	!FQ%\0`V1R&-~	+92BA!!W~
AGAAC/GTTCT	2	8	8	3	-1.3	*	5VQ"7J,f^;~	z!'gT.~
CNAGAA/TTCTNG	0	6	6	1	-2.2	0,1	N.A.	N.A.
$$$
CTAGAA/TTCTAG	0	3	3	0	-1.9	0	"TSN&!!!9~	
CGAGAA/TTCTCG	0	4	4	1	-1.5	1	!?_@B+92BA&-~	z!!E~
%%%
6 5 6 0 0 0 5 5 6 5 0 0 5 6 5 5 0 0 6 0 6 5 6 6 5 0 5 0 5 0 0 5 5 0 0 5 6 6 5 6 0 5 0 5 0 5 0 0 5 5 6 6 5 0 0 5 0 0 5 5 5 0 5 5 0 0 0 5 6 5 5 0 
5 0 5 0 0 5 0 0 0 0 5 0 0 5 0 0 0 0 0 0 0 0 0 0 0 5 0 5 0 0 0 5 5 0 0 0 5 5 0 0 0 5 6 0 0 0 7 5 5 5 0 0 0 0 0 5 0 6 5 6 5 5 0 5 0 0 0 5 5 5 0 0 
1.5663 1.3267 0.6783 1.3887 1.4159 0.7377 0.6667 0.8812 0.6783 0.7288 0.6545 0.7100 0.6667 0.6545 1.2659 0.6783 0.6783 0.6999 1.1463 0.6667 0.7100 0.9520 0.8947 1.1056 0.6545 0.6999 1.1300 1.1868 1.1846 1.2960 0.6999 0.6999 1.0622 0.8236 0.6545 1.2075 1.1951 0.7100 1.0404 0.8236 0.9835 0.6667 0.9194 0.6894 0.8765 1.1073 0.6894 0.6667 0.9683 1.2497 1.2784 1.0311 1.2306 1.0032 0.9194 1.2118 0.6545 1.1491 1.4328 1.4346 1.4384 1.3902 1.2972 1.3536 1.3340 1.2832 1.1259 1.2372 1.2224 1.2055 1.1565 1.1733 
