#Sip4_GEM_1.m4
#KSM version: 1
#72/72
#1.11
#k-mer/r.c.  	Offset	PosCt	wPosCt	NegCt	HgpLg10	CIDs	PosHits (base85 encoding)	NegHits (base85 encoding)
TTTTNTC/GANAAAA	0	11	12	4	-2.1	0,-1	N.A.	N.A.
TTTCTC/GAGAAA	1	8	8	3	-1.8	*	!C2kL+92Cl&-~	!!!!)!!E9-~
CTTTCT/AGAAAG	0	7	7	2	-2.1	*	!<>A%J-5ip~	!!!!)!!%N~
ATTTCT/AGAAAT	0	7	7	1	-2.5	*	,lkj`+9~	!!E~
CNTTCTT/AAGAANG	0	7	6	0	-2.8	-2,3	N.A.	N.A.
TCTCTT/AAGAGA	3	5	5	1	-2.2	*	!<@WM#QOo+5Q~	z!'g~
TTCTCG/CGAGAA	2	4	4	1	-1.5	*	!?_@B+92BA&-~	z!!E~
ACTCTT/AAGAGT	-3	3	3	1	-1.5	*	!!!!)!<<*b~	!!!9~
GTCTCT/AGAGAC	-4	3	3	0	-2.2	*	!<<*"z8,~	
TACTCT/AGAGTA	-4	3	3	0	-2.2	*	!!!!)!$D8,~	
TTCTAG/CTAGAA	4	3	3	0	-1.9	*	"TSN&!!!9~	
CTGTTC/GAACAG	4	3	3	1	-1.5	*	!'gMa!!E9E~	z!!*~
CTCATC/GATGAG	4	3	3	0	-1.9	*	83d~	
$$$
TTTTCTC/GAGAAAA	0	4	4	1	-1.5	0	!'lVG!!!"L~	z!!E~
GAAAAAA/TTTTTTC	0	7	7	3	-1.3	1	!!#8,!(8:~	!!#7aJ,fi~
AAGAATG/CATTCTT	0	3	3	0	-1.5	2	!!iQ)!e:~	
CTTTCTT/AAGAAAG	0	4	4	0	-2.2	3	!!#7iJ-5~	
%%%
8 0 6 8 0 6 10 0 6 0 0 7 0 6 7 0 0 0 7 0 7 0 6 7 0 0 0 11 6 6 6 0 6 7 0 6 6 8 0 6 0 0 6 6 0 6 6 7 0 6 0 6 0 6 0 0 6 0 0 0 0 6 7 7 0 0 0 12 7 0 7 0 
0 0 0 0 0 0 0 0 0 6 6 0 0 0 0 0 0 0 0 6 0 0 6 0 0 0 0 7 0 0 0 0 0 0 0 0 0 0 0 6 6 6 8 0 0 0 0 0 0 0 0 6 0 0 0 6 0 0 0 6 0 0 6 0 0 0 0 0 0 0 0 0 
1.5663 1.3267 0.6783 1.3887 1.4159 0.7377 0.6667 0.8812 0.6783 0.7288 0.6545 0.7100 0.6667 0.6545 1.2659 0.6783 0.6783 0.6999 1.1463 0.6667 0.7100 0.9520 0.8947 1.1056 0.6545 0.6999 1.1300 1.1868 1.1846 1.2960 0.6999 0.6999 1.0622 0.8236 0.6545 1.2075 1.1951 0.7100 1.0404 0.8236 0.9835 0.6667 0.9194 0.6894 0.8765 1.1073 0.6894 0.6667 0.9683 1.2497 1.2784 1.0311 1.2306 1.0032 0.9194 1.2118 0.6545 1.1491 1.4328 1.4346 1.4384 1.3902 1.2972 1.3536 1.3340 1.2832 1.1259 1.2372 1.2224 1.2055 1.1565 1.1733 
