DE Sip4_GEM_2_m0 7.43 2 k8_c175
1 11 87 12 65 C
2 47 82 9 37 C
3 61 14 5 95 T
4 15 2 4 154 T
5 7 1 2 164 T
6 3 3 2 168 T
7 3 97 0 74 C
8 50 78 0 47 C
XX

DE Sip4_GEM_2_m1 8.61 5 k8_c112
1 102 7 3 0 A
2 104 0 0 8 A
3 97 3 6 5 A
4 111 0 0 0 A
5 32 0 77 2 G
6 87 0 23 2 A
7 88 4 20 0 A
8 98 0 9 5 A
XX

DE Sip4_GEM_2_m2 6.51 8 k8_c214
1 4 43 125 41 G
2 163 0 32 19 A
3 183 1 28 1 A
4 210 1 0 2 A
5 213 0 0 0 A
6 207 0 4 3 A
XX

DE Sip4_GEM_2_m3 4.59 -2 k8_c182
1 3 178 0 0 C
2 0 181 0 0 C
3 140 18 0 24 A
4 135 25 19 2 A
5 173 2 5 2 A
XX

DE Sip4_GEM_2_m4 5.92 0 k6_c204
1 165 4 4 31 A
2 0 2 9 192 T
3 0 0 0 203 T
4 0 23 0 181 T
5 0 195 3 5 C
6 128 29 14 33 A
XX

DE Sip4_GEM_2_m5 7.55 4 k7_c105
1 64 12 8 20 A
2 76 7 21 0 A
3 0 77 12 16 C
4 0 104 0 0 C
5 104 0 0 0 A
6 0 0 7 97 T
7 0 0 0 104 T
XX

DE Sip4_GEM_2_m6 8.05 2 k7_c103
1 0 102 0 0 C
2 0 102 0 0 C
3 100 3 0 0 A
4 3 0 0 100 T
5 0 0 0 102 T
6 10 9 45 39 G
7 18 21 56 7 G
XX

DE Sip4_GEM_2_m7 6.96 0 k6_c150
1 115 4 9 23 A
2 17 16 4 113 T
3 6 112 0 32 C
4 2 0 0 147 T
5 8 0 0 142 T
6 0 139 2 9 C
XX

DE Sip4_GEM_2_m8 6.82 1 k6_c172
1 7 158 5 3 C
2 0 13 0 158 T
3 1 2 0 169 T
4 0 83 0 88 T
5 0 13 0 158 T
6 29 4 0 139 T
XX

DE Sip4_GEM_2_m9 7.59 6 k9_c88
1 5 5 68 11 G
2 68 3 12 4 A
3 20 5 15 48 T
4 10 0 69 8 G
5 61 8 12 6 A
6 72 5 3 8 A
7 49 5 16 18 A
8 24 5 26 33 T
9 22 2 24 39 T
XX

DE Sip4_GEM_2_m10 7.77 1 k9_c101
1 2 96 0 2 C
2 66 6 2 27 A
3 10 0 2 88 T
4 0 2 0 98 T
5 8 29 19 45 T
6 27 10 42 22 G
7 13 38 31 19 C
8 7 91 1 2 C
9 3 96 1 0 C
XX

DE Sip4_GEM_2_m11 8.69 11 k10_c98
1 87 3 6 2 A
2 74 1 2 20 A
3 21 3 5 69 T
4 12 3 72 11 G
5 11 3 74 9 G
6 78 2 12 7 A
7 73 2 21 2 A
8 61 7 19 11 A
9 62 4 3 29 A
10 50 17 22 8 A
XX

DE Sip4_GEM_2_m12 9.71 9 k12_c78
1 1 0 76 0 G
2 0 3 74 0 G
3 26 23 17 12 A
4 9 35 4 30 C
5 16 21 30 11 G
6 75 0 2 0 A
7 77 0 0 0 A
8 19 6 0 53 T
9 5 0 67 6 G
10 0 0 76 1 G
11 59 7 10 1 A
12 41 12 21 4 A
XX

DE Sip4_GEM_2_m13 9.74 1 k14_c32
1 30 0 1 0 A
2 0 0 2 30 T
3 6 6 0 20 T
4 19 4 3 6 A
5 1 0 0 30 T
6 0 2 0 29 T
7 17 10 0 4 A
8 1 0 2 29 T
9 0 0 2 29 T
10 14 5 0 13 A
11 0 0 0 31 T
12 4 4 0 24 T
13 18 10 3 0 A
14 9 1 0 21 T
XX

