-300	2.7658510598975135E-4
-299	2.0017277136464182E-4
-298	1.4575533191242334E-4
-297	1.5414732039269397E-4
-296	9.983336131448857E-4
-295	8.114746305629741E-4
-294	6.445897433604114E-4
-293	4.821987576305898E-4
-292	3.5360928725440945E-4
-291	3.033300766054104E-4
-290	2.7206742911761435E-4
-289	3.099677717888324E-4
-288	4.106740565832774E-4
-287	5.632803066683312E-4
-286	6.739199981074079E-4
-285	6.56522327209326E-4
-284	5.651672910288452E-4
-283	5.861120686154164E-4
-282	8.742588512041995E-4
-281	0.001323180011503794
-280	0.001640011392563721
-279	0.0015687574008783078
-278	0.0011715587349148677
-277	7.456565092508158E-4
-276	5.759487528711661E-4
-275	6.882562853361361E-4
-274	8.795027448602116E-4
-273	9.290987665307063E-4
-272	7.651825116859646E-4
-271	5.169857776179061E-4
-270	3.5764232159698263E-4
-269	4.1424112045052687E-4
-268	6.268096471186582E-4
-267	8.67248052381693E-4
-266	9.646346970644361E-4
-265	8.964693794609677E-4
-264	7.106576008454689E-4
-263	5.451804277106518E-4
-262	4.787431825544475E-4
-261	5.518848038383984E-4
-260	7.283678434533234E-4
-259	9.101665263553277E-4
-258	9.85378554155752E-4
-257	8.711890109188568E-4
-256	6.389034395239108E-4
-255	4.1399542203233547E-4
-254	3.4341936632422115E-4
-253	4.3492684862916095E-4
-252	6.401651810706893E-4
-251	8.545174449168464E-4
-250	0.0010115816071839159
-249	0.0010741305064933162
-248	0.0010711254932259003
-247	0.0010677826645716898
-246	0.001119737590042309
-245	0.001210788117821391
-244	0.001259919601433821
-243	0.0011891877280035838
-242	0.0010051584633529497
-241	8.189716268038311E-4
-240	7.508522964840409E-4
-239	8.367797865320342E-4
-238	9.732566083406181E-4
-237	0.0010394750535484482
-236	0.001002729723489686
-235	9.687163075995403E-4
-234	0.0010530988482511665
-233	0.0012565139333070134
-232	0.0014354650812261696
-231	0.001434299638388436
-230	0.0012189049098706155
-229	9.621657936241009E-4
-228	8.763590139691123E-4
-227	0.0010695803900265949
-226	0.0013487751373893108
-225	0.0014540265328520647
-224	0.0012348653896671975
-223	8.811202399730991E-4
-222	6.534852191613198E-4
-221	7.041019131209912E-4
-220	9.396610000208657E-4
-219	0.0012182177747980271
-218	0.0014395225389307678
-217	0.001526385287158126
-216	0.0014134990893180555
-215	0.0011143493789351566
-214	8.298886842986883E-4
-213	7.73590936563008E-4
-212	9.769350294503687E-4
-211	0.0012266746793501025
-210	0.0013025719796424962
-209	0.0011962698979722831
-208	0.0010549035722780585
-207	0.0010090966789248112
-206	0.0010252472794473036
-205	0.0010706107065744778
-204	0.0011501215657670374
-203	0.0013307626446991707
-202	0.001530175068529506
-201	0.0016112628913983326
-200	0.0014461483411290067
-199	0.0011054675732765596
-198	7.287812819208057E-4
-197	4.8592542793514533E-4
-196	4.1880649873920535E-4
-195	5.061118424838814E-4
-194	6.429860830634491E-4
-193	7.966968757679651E-4
-192	9.825472905730008E-4
-191	0.001279399688833946
-190	0.0016718572269824926
-189	0.0020949771639384046
-188	0.0024171743068524326
-187	0.0025428860074035993
-186	0.0024080925415595434
-185	0.0020368660097036272
-184	0.0015432345754349236
-183	0.001066629991982133
-182	7.621494745927881E-4
-181	7.382306705924674E-4
-180	0.0010545961718596444
-179	0.0016097159414896925
-178	0.002185471525445534
-177	0.002557136505135049
-176	0.0025879706138087206
-175	0.002287196620666362
-174	0.0017401955086857944
-173	0.0011939693484326092
-172	8.954973461080661E-4
-171	0.0010147362031969961
-170	0.0014330382183672143
-169	0.0018709631047197856
-168	0.002076024238162103
-167	0.002030408409205617
-166	0.0018961251852330563
-165	0.001839842120063667
-164	0.0019019092512763101
-163	0.002032154447821632
-162	0.0021618947881913535
-161	0.0022137548423905315
-160	0.002117479845088993
-159	0.0018441140881515477
-158	0.0015257894136300456
-157	0.001356677173545474
-156	0.0014699006818159708
-155	0.0017335612791750392
-154	0.0019584634748498492
-153	0.0020322436710954873
-152	0.0021080976602252484
-151	0.0022848150465258313
-150	0.002575038189803469
-149	0.0028178713500070685
-148	0.002967290912698662
-147	0.003035170473401648
-146	0.0030662978049066014
-145	0.0030016858419621333
-144	0.0027664698131860117
-143	0.0023740751090906027
-142	0.0019812398302942696
-141	0.0017624695029960966
-140	0.001790733465539779
-139	0.0019513055996660629
-138	0.0020904759072302593
-137	0.002122656920953938
-136	0.0021702638567488402
-135	0.0023868769661906444
-134	0.00278210544696514
-133	0.0030860869481339356
-132	0.003010229857809901
-131	0.002530324904768974
-130	0.0019867159540635634
-129	0.0017656134154722621
-128	0.0020334288205745847
-127	0.002583210221703772
-126	0.0030976022621714027
-125	0.0032319615761110176
-124	0.002914888857482897
-123	0.0022339810713291304
-122	0.0015743902699455186
-121	0.0012468090369005538
-120	0.0014217211338613583
-119	0.0018617580865573431
-118	0.0022058818433247193
-117	0.0021766513901881517
-116	0.0018889278491381603
-115	0.0016859992470667818
-114	0.001871581284274821
-113	0.0024142986368933276
-112	0.0030574022668830823
-111	0.0035487625663538592
-110	0.003815322077265478
-109	0.0038646166562316406
-108	0.0037156052369325698
-107	0.0034223581770112706
-106	0.003151346482729569
-105	0.003063943020182047
-104	0.0031603883081900877
-103	0.003287356749503379
-102	0.0032933120884802544
-101	0.0031636547990074424
-100	0.002951560031941926
-99	0.002715231917493436
-98	0.002486029032321327
-97	0.0022466550269449534
-96	0.001975127709281384
-95	0.0017168741557943424
-94	0.0016894720051588345
-93	0.002095575550659843
-92	0.0028535205264913406
-91	0.003589411591632085
-90	0.003946496430753905
-89	0.0039209238802297335
-88	0.0037786962560710105
-87	0.0037802307427395546
-86	0.003919362593574413
-85	0.003933889077520775
-84	0.003565425918423691
-83	0.0028702935756371377
-82	0.0023487846206002106
-81	0.0025152589404973903
-80	0.0033969207525624576
-79	0.004322525570877193
-78	0.004586253091382493
-77	0.0041116554960295044
-76	0.0035517730402663842
-75	0.0035585471203156407
-74	0.004077843277407551
-73	0.004536286329165879
-72	0.004416333124025305
-71	0.0038225852443234936
-70	0.0031398557064123327
-69	0.0027163633470495816
-68	0.0026243066752233645
-67	0.0028794165849091585
-66	0.003467340806352983
-65	0.004193401085289282
-64	0.004643012553067091
-63	0.0044500431352710555
-62	0.003721913283942942
-61	0.0030341611703886494
-60	0.0029656335751021123
-59	0.003611162010948611
-58	0.004478806133057863
-57	0.00498308285604582
-56	0.004795088661440294
-55	0.0041523072428094505
-54	0.0034676769920171935
-53	0.0032064224746294985
-52	0.003420061757833875
-51	0.003969442069418595
-50	0.004482097976476529
-49	0.004805263827091487
-48	0.004920715027927871
-47	0.004987034109092928
-46	0.004964028000415657
-45	0.0047247009336231945
-44	0.0041491817305676516
-43	0.0034762285205729966
-42	0.0030388477884638588
-41	0.003075246280464898
-40	0.003458099095653417
-39	0.003994579554839557
-38	0.004611160279270537
-37	0.005326710915959782
-36	0.006086503125679934
-35	0.006544022175298384
-34	0.006539866352301054
-33	0.0061481906560945584
-32	0.005980031092390199
-31	0.006330835489686907
-30	0.007169233828823965
-29	0.007777200048231944
-28	0.007793117916447196
-27	0.007208435504814618
-26	0.006712345112737005
-25	0.006601346772552345
-24	0.006829620423496801
-23	0.006747789622974208
-22	0.006158540501269229
-21	0.005194931460685385
-20	0.004541566855554422
-19	0.004545457441393774
-18	0.005310659916347298
-17	0.006491568961250148
-16	0.007686321701020835
-15	0.008506206702487393
-14	0.008627726590300075
-13	0.008015600385397108
-12	0.006807675982034844
-11	0.005514504458657982
-10	0.004628168058022589
-9	0.004518620686889323
-8	0.005120623547767959
-7	0.00601351353915294
-6	0.006699918716672735
-5	0.0067461710257725885
-4	0.006137546102344022
-3	0.00509149658956102
-2	0.004218571282943697
-1	0.0038311193501280255
0	0.004001850980866507
1	0.0043529533800428545
2	0.00471321181743491
3	0.005024970576822969
4	0.0052892660017254236
5	0.00531543270902148
6	0.004929341834101784
7	0.004293890664184378
8	0.0038465343498303712
9	0.003972003519478152
10	0.004560594500361081
11	0.005076939548277954
12	0.005007654452086208
13	0.0043580276856082035
14	0.0036700634821130937
15	0.0034931867396973647
16	0.0038602255764533812
17	0.0042545013708691504
18	0.004149389325111786
19	0.0035307732814484722
20	0.0029023341089467135
21	0.0027754322447530524
22	0.003169548855199863
23	0.0035801339692784627
24	0.003478647746905284
25	0.0027900563380469047
26	0.0020089526104436735
27	0.0016872640894224826
28	0.0019926478765069622
29	0.002520660395254421
30	0.002777264531439643
31	0.0025286755562028747
32	0.002021889060821995
33	0.001603915251906294
34	0.0015034421557189488
35	0.0016385187423526343
36	0.0018468513548839825
37	0.00197060990670787
38	0.0019507239533969145
39	0.0017637428176139332
40	0.001451509397270572
41	0.0011733193833134842
42	0.0011167592218402369
43	0.0013969695643923086
44	0.001819464153914313
45	0.0020914370220508714
46	0.0019419840068570446
47	0.0014965420016981622
48	0.0010144023933508005
49	7.925576644609589E-4
50	8.344496948142602E-4
51	0.001039033469519089
52	0.0012384485007634074
53	0.0013529723219011219
54	0.001344607507664355
55	0.001238708233559793
56	0.0011075270151033657
57	0.001028769462533989
58	0.0010526712453303546
59	0.0011620336083478676
60	0.0013153490052839575
61	0.00144424639927664
62	0.001495264900863015
63	0.0014276248776488134
64	0.0012437562945101178
65	0.0010152127295307005
66	8.324370582993267E-4
67	7.761816072421962E-4
68	8.383818991207584E-4
69	9.848002787782213E-4
70	0.0011666204796404568
71	0.0013237327927411904
72	0.0013860623122667146
73	0.0012830292070606997
74	0.0010609167391565247
75	8.149146558519006E-4
76	6.725594516704536E-4
77	6.251346291759437E-4
78	6.081945814512002E-4
79	5.268464038708191E-4
80	4.2298592812504797E-4
81	3.8258730383455717E-4
82	4.7701513473339427E-4
83	6.356233150236053E-4
84	7.572410276673358E-4
85	7.909978623851973E-4
86	7.916624122887873E-4
87	8.248929229499005E-4
88	8.888204917351922E-4
89	9.203784430932792E-4
90	8.654754155667367E-4
91	7.587933625468264E-4
92	6.782138419431657E-4
93	6.779399520086256E-4
94	6.956996074953918E-4
95	6.425219872288058E-4
96	4.6931764170346946E-4
97	2.757581399862759E-4
98	1.6801879018769572E-4
99	2.0206527361606673E-4
100	2.809923107413779E-4
101	3.2680911831422583E-4
102	3.085746574547016E-4
103	3.035511749200397E-4
104	3.445968404343985E-4
105	4.2879373506566503E-4
106	4.967664261020573E-4
107	5.141311617877472E-4
108	4.6345798778220815E-4
109	3.5884663713976484E-4
110	2.4263286886810217E-4
111	1.589086191887184E-4
112	1.6285253179829396E-4
113	1.5414732039269397E-4
114	1.2912153442449242E-4
115	1.5188959453103177E-4
116	2.363330127820639E-4
117	4.1257252380126917E-4
118	6.295298470519663E-4
119	7.746013195863562E-4
120	7.462708843026764E-4
121	5.589206179379642E-4
122	3.593085304097906E-4
123	3.023757296609582E-4
124	4.2798902401227685E-4
125	6.06577151801438E-4
126	6.922833533811538E-4
127	6.511372915099514E-4
128	5.783188080338476E-4
129	5.647287969065182E-4
130	5.732232861195194E-4
131	5.233773521451985E-4
132	3.7277328454035446E-4
133	2.3370059730534084E-4
134	2.2209056583323572E-4
135	3.9737918493065646E-4
136	6.314474529788876E-4
137	7.532454125821418E-4
138	6.433207298728844E-4
139	4.007453985340324E-4
140	2.405555428435434E-4
141	3.4760056111084306E-4
142	6.821698171784518E-4
143	0.0010044456213789583
144	0.0010690808023332335
145	8.207433469603611E-4
146	4.712359214752238E-4
147	2.745346341108647E-4
148	3.579680424526848E-4
149	5.881964301080826E-4
150	7.749833616309927E-4
151	7.900536545557985E-4
152	6.904023788762799E-4
153	5.837166077754326E-4
154	5.691981714737303E-4
155	6.308476373604301E-4
156	7.080881774039282E-4
157	7.130581734318908E-4
158	6.650979696596318E-4
159	6.262635795681529E-4
160	6.669339525242306E-4
161	7.061373821437325E-4
162	6.271360132700106E-4
163	3.8278316313867296E-4
164	1.2706351125267107E-4
165	4.717978837034754E-5
166	2.18884269145754E-4
167	5.08790911662023E-4
168	7.36043266783772E-4
169	7.609018876427803E-4
170	5.950486345378071E-4
171	3.1152001623939077E-4
172	1.2326398463276917E-4
173	9.174370760861975E-24
174	1.1118109169164596E-5
175	1.7826482388418635E-4
176	3.051373930998743E-4
177	2.809511866229147E-4
178	1.574601411436267E-4
179	1.5414732039269397E-4
180	3.7378457984798397E-4
181	8.442504111507528E-4
182	0.001280278352603945
183	0.001434692209662701
184	0.0013124767180787004
185	0.0010922073761781615
186	9.300668694344914E-4
187	7.833661507594005E-4
188	5.920235556116191E-4
189	3.47925082861096E-4
190	1.8608991206770932E-4
191	1.6385625713256086E-4
192	3.033300766054104E-4
193	4.2402191290119166E-4
194	5.419277152703368E-4
195	5.999569373671236E-4
196	6.015175584812796E-4
197	4.599596790880932E-4
198	4.506590477101508E-4
199	4.061155151631447E-4
200	3.4419998111300367E-4
