#Sip4_GEM_1.m5
#KSM version: 1
#72/72
#1.32
#k-mer/r.c.	Offset	PosCt	wPosCt	NegCt	HgpLg10	CIDs	PosHits (base85 encoding)	NegHits (base85 encoding)
TTTGNC/GNCAAA	0	17	16	3	-3.8	-0,1,-2	N.A.	N.A.
TTGCC/GGCAA	1	15	15	5	-2.5	*	-qZf3@1Wk~	!.Y=T!!3-C#Q~
TNGCCC/GGGCNA	1	10	11	2	-3.0	3,-4	N.A.	N.A.
TTAGC/GCTAA	0	10	10	5	-1.3	*	5R7E68H?O+#Q~	!<@]W!!!!)~
TAGCC/GGCTA	1	8	8	3	-1.8	*	J,fQl#lm@"~	!!!'3!!!!)~
CAGCC/GGCTG	1	6	6	2	-1.5	*	+92BQJ->oU~	!!#7aJ,~
TAGCG/CGCTA	1	6	6	3	-1.3	*	!!!-%&-)_V#Q~	z!!iQQ~
GTAGC/GCTAC	0	5	5	0	-2.8	*	J,f]`&-)h~	
GGGTA/TACCC	-2	4	4	0	-1.9	*	J0Y*pz#Q~	
$$$
GGCAAA/TTTGCC	0	10	10	1	-3.5	0	#XAFk@1Wk~	z!!3~
TTTGGC/GCCAAA	0	6	6	1	-2.2	1	+92EJ5QF=~	z!!%N~
GTCAAA/TTTGAC	0	4	4	1	-1.5	2	z!([1~	z!<~
TGGCCC/GGGCCA	0	5	5	1	-1.9	3	!!3-C!!!9)TE~	!!!-~
GGGCAA/TTGCCC	0	6	6	1	-2.5	4	#XSLk5l_#~	z!!3~
%%%
0 0 0 7 0 5 5 8 0 6 5 5 0 5 7 0 5 6 6 0 0 0 5 0 0 0 0 5 5 5 0 0 7 0 0 6 6 6 7 5 5 0 5 5 6 0 5 0 5 5 7 5 0 0 5 5 5 0 5 5 0 5 0 0 0 0 0 6 0 5 0 5 
5 0 0 0 0 0 0 0 0 0 0 0 0 0 0 5 0 6 5 5 0 0 5 5 0 0 0 5 5 0 0 0 5 0 0 0 0 0 0 5 0 7 0 5 0 0 0 0 0 0 0 0 0 0 0 5 0 0 0 6 0 5 0 0 0 0 0 5 0 0 0 0 
1.5663 1.3267 0.6783 1.3887 1.4159 0.7377 0.6667 0.8812 0.6783 0.7288 0.6545 0.7100 0.6667 0.6545 1.2659 0.6783 0.6783 0.6999 1.1463 0.6667 0.7100 0.9520 0.8947 1.1056 0.6545 0.6999 1.1300 1.1868 1.1846 1.2960 0.6999 0.6999 1.0622 0.8236 0.6545 1.2075 1.1951 0.7100 1.0404 0.8236 0.9835 0.6667 0.9194 0.6894 0.8765 1.1073 0.6894 0.6667 0.9683 1.2497 1.2784 1.0311 1.2306 1.0032 0.9194 1.2118 0.6545 1.1491 1.4328 1.4346 1.4384 1.3902 1.2972 1.3536 1.3340 1.2832 1.1259 1.2372 1.2224 1.2055 1.1565 1.1733 
