-300	6.311708113622719E-4
-299	6.997264025626659E-4
-298	7.399460899043584E-4
-297	7.234939695286473E-4
-296	6.220341375768314E-4
-295	4.3424688330274795E-4
-294	2.668772684103928E-4
-293	2.5368654771630085E-4
-292	4.740602270006846E-4
-291	7.898808158984655E-4
-290	0.0010086550750082431
-289	9.925730571395492E-4
-288	8.225579839456518E-4
-287	6.34216369290752E-4
-286	5.375911077910234E-4
-285	5.404706170705308E-4
-284	6.250796955053116E-4
-283	7.575869102017272E-4
-282	8.399359031874364E-4
-281	7.580140852204222E-4
-280	4.620903427159563E-4
-279	1.5995946471846666E-4
-278	1.2379771592967024E-4
-277	5.256998544124865E-4
-276	0.0011374346116746442
-275	0.0016306892125850742
-274	0.001760762466495855
-273	0.001617399520691656
-272	0.0013739571069402933
-271	0.0011703087996645185
-270	0.0010123955439068275
-269	8.72675127364652E-4
-268	7.316452913464826E-4
-267	6.019635916050444E-4
-266	5.043275375041216E-4
-265	4.5538329162577015E-4
-264	4.5557162942513706E-4
-263	5.012819795756413E-4
-262	5.889141890627375E-4
-261	7.149097781200235E-4
-260	8.757206852931322E-4
-259	0.0010620743292723285
-258	0.0012418000493264016
-257	0.0013770026648687735
-256	0.0014385809593269537
-255	0.0014326095721848085
-254	0.0013739571069402935
-253	0.0012765666204064628
-252	0.001150678982656769
-251	0.0010056095170797627
-250	8.583218855833125E-4
-249	7.563731041525545E-4
-248	7.549685272919422E-4
-247	8.756245937325513E-4
-246	0.001005102079111948
-245	9.964728432943224E-4
-244	7.659502593418174E-4
-243	4.82313753108395E-4
-242	3.774842636459711E-4
-241	6.016074169204721E-4
-240	9.777275865538691E-4
-239	0.001247113833082143
-238	0.0012267802351141866
-237	0.0010367209435505392
-236	8.72675127364652E-4
-235	8.751432050982426E-4
-234	9.636705935661005E-4
-233	0.0010025639591512826
-232	9.038120566413681E-4
-231	7.701319944420296E-4
-230	7.519229693634619E-4
-229	9.436204632444306E-4
-228	0.0012158050980379824
-227	0.0013830937807257338
-226	0.0013192799077430958
-225	0.0011348628333406575
-224	9.995184012228024E-4
-223	0.0010336085866983042
-222	0.0011602398914934964
-221	0.0012532049489391032
-220	0.0012162109003216813
-219	0.001072622918751118
-218	8.757206852931322E-4
-217	6.927763032742325E-4
-216	6.47031565064082E-4
-215	8.757206852931322E-4
-214	0.0014298552862674607
-213	0.0020155566209956494
-212	0.002252723350161906
-211	0.0019070560812606992
-210	0.001327463209027551
-209	0.0010086550750082431
-208	0.0012808528355887094
-207	0.0018163209065154898
-206	0.0021228345183752755
-205	0.0018519364701997272
-204	0.0012302398348003937
-203	6.281252534337917E-4
-202	3.4581770681345596E-4
-201	4.0291953348098206E-4
-200	7.488774114349817E-4
-199	0.0013003443705714851
-198	0.0018427988483761956
-197	0.0021289256342322356
-196	0.0019957434884486365
-195	0.0016176070550380664
-194	0.0012532049489391032
-193	0.0010982671365389093
-192	0.0010966889900189895
-191	0.001129407233009433
-190	0.0011055014196517164
-189	0.001046622426132863
-188	0.0010025639591512826
-187	0.0010199220500201086
-186	0.0011325020285113687
-185	0.0013709115490118133
-184	0.0017419127264087107
-183	0.0021568855175913976
-182	0.0025033643399497265
-181	0.002687599160716442
-180	0.0026907021464958546
-179	0.002512501013735167
-178	0.002170808924742905
-177	0.0017553808252728962
-176	0.0013739571069402933
-175	0.0011107449958185696
-174	9.55819055814488E-4
-173	8.757206852931322E-4
-172	8.511634239774249E-4
-171	9.19549377021646E-4
-170	0.0011324527909379134
-169	0.0015133288067058367
-168	0.0019731561431749946
-167	0.0023947944136624567
-166	0.0026704858259789894
-165	0.0027300029659101436
-164	0.002512501013735167
-163	0.002014284052828565
-162	0.0014602517789458803
-161	0.0011324527909379134
-160	0.0012220190949857285
-159	0.001556416326591447
-158	0.0018721935285874543
-157	0.0019774490968824878
-156	0.001966478839690692
-155	0.0020051279183025653
-154	0.002187307196535419
-153	0.002319190348313832
-152	0.002135016750089196
-151	0.0014930604095623509
-150	7.477338594319196E-4
-149	3.774842636459711E-4
-148	7.107978420165072E-4
-147	0.001476317037811263
-146	0.002252723350161906
-145	0.0026996979434651624
-144	0.0028009206431779976
-143	0.0026210709400224363
-142	0.002255693390126069
-141	0.0019237928112387584
-140	0.0018752390865159347
-139	0.0022611250826790083
-138	0.0028374356007133087
-137	0.0032613784251701488
-136	0.0032759143522782157
-135	0.002967016224975709
-134	0.0025064098978782065
-133	0.0020638465730262083
-132	0.0018011788421599063
-131	0.001878284644444415
-130	0.002353472425625272
-129	0.0028787726577697063
-128	0.003004646319525368
-127	0.0024577320252490167
-126	0.001669378932133842
-125	0.001247113833082143
-124	0.001608810749294463
-123	0.0024137326151643305
-122	0.003131489593383518
-121	0.003358694324065945
-120	0.00319996935701411
-119	0.0028869397194526574
-118	0.002615835591420731
-117	0.0024413077642154754
-116	0.0023826121819485366
-115	0.0024419371896886814
-114	0.0025532007363331635
-113	0.0026332531717363572
-112	0.002618611898746529
-111	0.002524462532187508
-110	0.0023856577398770162
-109	0.0022450156746424733
-108	0.0021772164293501024
-107	0.0022649055818758264
-106	0.0025437848176528637
-105	0.002861780252343613
-104	0.0030198741091677687
-103	0.0028872371037612986
-102	0.002605793921425268
-101	0.0023856577398770167
-100	0.002388749435284894
-99	0.0025842206776212936
-98	0.0028930308353096183
-97	0.0032476320184647678
-96	0.0036264473039676263
-95	0.004019392510390572
-94	0.004396920070998801
-93	0.004651628877828782
-92	0.004656654437609803
-91	0.004335368987560712
-90	0.0038120916868586065
-89	0.0032613784251701483
-88	0.002841517610715916
-87	0.0026457277259321643
-86	0.0027509597718090666
-85	0.0031689080642076503
-84	0.0036502401784723614
-83	0.0038803670048185
-82	0.003659146367496749
-81	0.00324422382689933
-80	0.0030076918774538477
-79	0.003198431750048675
-78	0.003572479621415253
-77	0.0037626604047457904
-76	0.0035343668410398
-75	0.0031832629825260168
-74	0.0031375807092404785
-73	0.0036731539516980665
-72	0.004456224842329039
-71	0.005000637564042493
-70	0.004951572950707037
-69	0.0044795584400293105
-68	0.0038864581206754603
-67	0.003431991460124653
-66	0.003207299441108129
-65	0.0032613784251701488
-64	0.003589554184936201
-63	0.003972470137356699
-62	0.004137099110463282
-61	0.0038996957221905898
-60	0.0034336417500852503
-59	0.0030016007615968877
-58	0.0028186826345104883
-57	0.002909782487952493
-56	0.0032522417513847083
-55	0.003779602340573567
-54	0.004250208116504024
-53	0.004378603426465661
-52	0.003996063056415483
-51	0.0034007835469801757
-50	0.0030076918774538477
-49	0.0031045207896350144
-48	0.0034702260753398232
-47	0.0037565692888888295
-46	0.0037068453918488267
-45	0.0034304829747715663
-44	0.003128444035455038
-43	0.002976372969950398
-42	0.003048643767321473
-41	0.0033943128148852596
-40	0.004028313230228653
-39	0.004829085052018164
-38	0.0056409450491902045
-37	0.006361557435373837
-36	0.007101976202968736
-35	0.008026602789067222
-34	0.009179952832507355
-33	0.010126998779110165
-32	0.010312827276442409
-31	0.009401336372346001
-30	0.007931669715763439
-29	0.006661782355912368
-28	0.00615095075666862
-27	0.006163737040540755
-26	0.0062660247446955164
-25	0.006130075676620657
-24	0.005853664725087956
-23	0.0056409450491902045
-22	0.0056432435376139204
-21	0.005800581997420556
-20	0.006000155965265296
-19	0.006150129234267891
-18	0.006242538623406378
-17	0.006290389208123358
-16	0.006300515912264419
-15	0.006255073053287098
-14	0.006130044797051926
-13	0.005937979425170854
-12	0.005837681682261557
-11	0.006024520428693136
-10	0.006573167329156633
-9	0.007075505265630861
-8	0.007002719924416577
-7	0.006041539885056234
-6	0.00474086530005909
-5	0.0038651392151760992
-4	0.0039456393092309775
-3	0.00458098179333847
-2	0.005136617511686083
-1	0.0051597078272707115
0	0.00492425617832682
1	0.004885976521898263
2	0.005347371170319251
3	0.005998095857085426
4	0.006374594670982785
5	0.006143709059874206
6	0.005493869907930088
7	0.004743905458397713
8	0.004154175065058753
9	0.003751162523832473
10	0.003502882741172529
11	0.0033829625317432295
12	0.003387476343051503
13	0.00351811053081493
14	0.0037560851205508824
15	0.0040007548169759015
16	0.004131007994606321
17	0.004048770008537527
18	0.0037481141361811175
19	0.003246150635527748
20	0.0026037252762943284
21	0.0020566258751028034
22	0.001884375760301375
23	0.002240076067125236
24	0.002771139158357534
25	0.002998555203668407
26	0.0026029893898399724
27	0.0019038069721022538
28	0.0013800482227972536
29	0.0013755817717290295
30	0.0016935896785498616
31	0.0020020823603740853
32	0.0020411880711997204
33	0.00183950641255953
34	0.0014977548228699638
35	0.0011162385332054063
36	7.936139452719922E-4
37	6.281252534337917E-4
38	6.78853759576788E-4
39	8.482291956746108E-4
40	9.995184012228024E-4
41	0.0010384244782216255
42	0.0010403955786902265
43	0.0011233161171524727
44	0.001361943657126591
45	0.001658528358108244
46	0.0018721935285874543
47	0.0018951697155315695
48	0.0017521164198172402
49	0.0015008003807984436
50	0.001206198944198829
51	9.621318812207348E-4
52	8.696295694361717E-4
53	9.878051014480201E-4
54	0.0012081024299826378
55	0.0013800482227972536
56	0.0013957290115941782
57	0.0013174707838560578
58	0.001250159391010623
59	0.0012739378892572238
60	0.0013699781538816928
61	0.0014947092649414833
62	0.0016054992186154474
63	0.0016634716755680294
64	0.0016306892125850742
65	0.0014835860646529029
66	0.001256083099559749
67	9.964728432943224E-4
68	7.479911388985747E-4
69	5.336470976274195E-4
70	3.713931477890107E-4
71	2.7451300879653993E-4
72	2.3761556448334981E-4
73	2.5064098978782066E-4
74	3.039970798996157E-4
75	3.8996211101353E-4
76	5.012819795756413E-4
77	6.247818025090648E-4
78	7.236035786450647E-4
79	7.549685272919422E-4
80	6.986365749477934E-4
81	6.245224768698933E-4
82	6.250796955053116E-4
83	7.56070626591713E-4
84	9.264933990291432E-4
85	0.0010086550750082431
86	9.183216052927957E-4
87	7.450944949391587E-4
88	6.220341375768314E-4
89	6.493126054857439E-4
90	7.955486855475471E-4
91	9.964728432943224E-4
92	0.0011864242625958114
93	0.0012941770006724021
94	0.001247113833082143
95	0.001007049875000997
96	6.735296000765875E-4
97	3.8052982157445127E-4
98	2.356188916687169E-4
99	2.4073131816787597E-4
100	3.713931477890107E-4
101	5.884558036469088E-4
102	7.940722144471782E-4
103	8.757206852931322E-4
104	7.625774010846668E-4
105	5.506100659080097E-4
106	3.774842636459711E-4
107	3.4506817397395294E-4
108	4.120403597377232E-4
109	5.012819795756413E-4
110	5.493722272985765E-4
111	5.476824374074371E-4
112	5.012819795756413E-4
113	4.2386888897569887E-4
114	3.636558627764861E-4
115	3.774842636459711E-4
116	4.925487563267875E-4
117	6.174572138602333E-4
118	6.311708113622719E-4
119	4.5728945747332706E-4
120	1.97967994931662E-4
121	7.51922969363462E-24
122	3.0179275984282838E-5
123	1.1819830978801539E-4
124	3.7443870571749084E-4
125	6.913612363967744E-4
126	9.760855749435558E-4
127	0.001126361675080953
128	0.0010771218196837659
129	9.120276082335298E-4
130	7.519229693634619E-4
131	6.895754315140772E-4
132	7.054469223550776E-4
133	7.519229693634619E-4
134	7.824739715447806E-4
135	7.549098140187885E-4
136	6.281252534337917E-4
137	3.8911146422299157E-4
138	1.3724529195916903E-4
139	7.51922969363462E-24
140	6.598070133458518E-5
141	2.683199074777242E-4
142	5.012819795756413E-4
143	6.795837691509055E-4
144	7.997520892314651E-4
145	8.787662432216123E-4
146	9.274573265505344E-4
147	9.320636027469947E-4
148	8.72675127364652E-4
149	7.484055836691612E-4
150	6.344631657741672E-4
151	6.250796955053116E-4
152	7.759596052944938E-4
153	9.88697769998645E-4
154	0.001126361675080953
155	0.001085555732237073
156	8.97032058092529E-4
157	6.250796955053116E-4
158	3.3578246860498394E-4
159	1.0240332660740337E-4
160	7.51922969363462E-24
161	8.493310625676124E-5
162	2.7356810604943575E-4
163	5.043275375041216E-4
164	6.95572016427812E-4
165	8.23978716941576E-4
166	8.787662432216123E-4
167	8.540228245213033E-4
168	7.633151904027684E-4
169	6.250796955053116E-4
170	4.629775610332503E-4
171	3.215694744509577E-4
172	2.5064098978782066E-4
173	2.782296781169964E-4
174	3.4538117868672337E-4
175	3.713931477890107E-4
176	2.97949596189522E-4
177	1.5627995254853953E-4
178	7.51922969363462E-24
179	7.51922969363462E-24
180	7.51922969363462E-24
181	7.51922969363462E-24
182	3.1083651948636873E-4
183	6.62352452177797E-4
184	8.818118011500925E-4
185	8.513227029259291E-4
186	6.723698278154443E-4
187	5.012819795756413E-4
188	4.538631806247742E-4
189	4.838183280260988E-4
190	5.043275375041216E-4
191	4.5584883470936816E-4
192	3.879518849964433E-4
193	3.774842636459711E-4
194	4.7498777885929657E-4
195	6.257811705206499E-4
196	7.488774114349817E-4
197	7.813158196873381E-4
198	7.322410944831416E-4
199	6.288242803079101E-4
200	4.982364216471612E-4
