#Sip4_GEM_2.m11
#KSM version: 1
#429/429
#1.10
#k-mer/r.c.          	Offset	PosCt	wPosCt	NegCt	HgpLg10	CIDs	PosHits (base85 encoding)	NegHits (base85 encoding)
AAAAAAAGAA/TTCTTTTTTT	8	10	10	1	-4.0	*	&0LrQzzz!<<*"z!<<*"zzz!!*'"!'gMa&HDe2$i~	zzzzzzzzzzzzz"9~
ATGGAAAAAA/TTTTTTCCAT	2	4	4	1	-1.5	*	zz!!!"Lzzz!<<*"z!!!!azzzz"9~	zzzJ,~
GAATGGAAAA/TTTTCCATTC	0	4	4	1	-1.8	*	zzzzz!!3-#zzzzz!!3-#!!3-#"9~	zz!!3~
TGAATGGAAA/TTTCCATTCA	-1	4	4	1	-1.8	*	zzz!!#7a!'gMazz!!iQ)zzz!!3~	zzzzzz!!!!#~
AAAAAGAACT/AGTTCTTTTT	8	3	3	0	-2.1	*	z5QCcazzzzzzzzzzz$i~	
AAATATGTTT/AAACATATTT	6	3	3	0	-1.8	*	zzzzz!!#7azz!'gMa!!!$~	
AAACCAAGTT/AACTTGGTTT	9	3	3	0	-1.8	*	zzz#QOi)J,hh~	
AAATAGAAAA/TTTTCTATTT	0	3	3	0	-1.8	*	zzz!'gMazz&-)\1zz!!!!)~	
AAATTATTAT/ATAATAATTT	-1	3	3	0	-1.8	*	zzzz"98E%zz!!!!a!!!!#~	
AACCTAATGG/CCATTAGGTT	-4	3	3	0	-1.8	*	z!"],1!!iQ)zz!!!'~	
AATCTCTTTT/AAAAGAGATT	10	3	3	0	-1.8	*	zzz!!E9%zz!WW3#zzz!!!"L~	
AATGGAAAAG/CTTTTCCATT	1	3	3	0	-1.8	*	zzzzzzzzz!!!!"zz!!3-#!!3~	
AATGGAATTA/TAATTCCATT	1	3	3	0	-1.8	*	zzzzz!!!!#zzzz5QCcaz&-~	
AATTATTATT/AATAATAATT	0	3	3	0	-1.8	*	zzzz"98E%zz!!!!a!!!!#~	
ATAAGAATAA/TTATTCTTAT	-3	3	3	0	-1.8	*	zz+92BA!!iQ)zz!!!!1~	
ATAATCTTTT/AAAAGATTAT	8	3	3	0	-1.8	*	zz+92HCzzzz!!!!a~	
CAATGGAAAT/ATTTCCATTG	0	3	3	1	-1.8	*	!!3-#zzzzzzzzzz!!%NLz&-~	!!E~
GATGAATGGA/TCCATTCATC	-3	3	3	0	-2.1	*	zzzz!'gMazz!!iQ)zzz!!3~	
CAATGGAAGC/GCTTCCATTG	0	3	3	0	-2.4	*	!!3-#zzzzzzzzz!WW3#!!%N~	
TAAATTATTA/TAATAATTTA	-2	3	3	0	-1.8	*	!!",Azzzzzz!!!!azz!"]~	
TAATGGAACT/AGTTCCATTA	0	3	3	0	-1.8	*	z!"],1!!iQ)zzzz&-~	
AAATGGAGGA/TCCTCCATTT	0	3	3	0	-1.8	*	z!!3-#z!<<*"zzzzz!!!!%~	
AAATTATTAA/TTAATAATTT	-1	3	3	0	-1.8	*	!!",Azzzzzzzzz!0@~	
TTATTATTTT/AAAATAATAA	2	3	3	0	-1.8	*	!!#7azz!WW3#zzz!!!!a~	
$$$
%%%
0 0 0 0 10 0 0 0 0 10 0 0 0 10 0 0 0 0 0 0 0 11 10 0 0 0 0 0 0 0 0 0 0 0 0 0 0 0 10 0 0 10 0 0 14 0 0 0 0 0 0 0 0 0 0 0 0 0 0 0 0 0 0 0 0 0 0 0 0 10 0 0 0 0 0 14 0 0 0 0 0 10 0 0 0 0 0 0 0 0 0 0 0 0 0 10 10 10 0 10 0 0 0 0 0 0 0 10 0 0 10 0 0 0 0 0 0 0 10 0 0 0 0 0 0 0 0 0 10 0 11 0 0 0 0 10 0 0 0 0 0 0 12 0 0 0 0 0 0 0 10 0 0 0 0 0 0 0 0 0 0 0 0 0 0 0 0 0 0 10 0 0 0 0 0 0 0 10 0 0 0 0 10 0 0 10 0 0 0 0 0 0 10 0 0 0 10 0 0 0 0 0 0 0 0 0 0 0 0 0 0 0 0 0 0 0 0 0 0 0 10 0 0 0 0 0 0 0 10 0 0 0 0 0 0 12 0 0 0 0 0 0 0 0 0 0 0 0 0 0 0 0 0 0 14 0 0 0 0 0 0 0 0 0 0 0 0 0 0 0 10 0 0 0 0 0 0 0 0 0 0 11 0 0 0 0 10 0 0 0 0 0 0 0 0 0 0 0 0 0 0 0 0 0 10 0 0 0 0 0 0 0 10 0 10 10 0 0 0 0 0 10 0 0 0 0 10 0 10 0 0 0 11 0 0 10 0 0 0 0 0 0 0 0 0 0 0 0 0 0 0 0 0 0 0 0 0 0 0 0 0 13 0 0 0 0 10 0 0 0 0 0 0 0 0 10 0 0 0 0 0 0 0 0 10 0 0 0 10 0 0 0 0 11 0 0 0 0 0 0 0 0 0 0 0 0 0 0 0 0 0 0 0 0 0 0 0 0 10 10 10 0 0 0 0 10 0 0 0 
0 0 0 0 0 0 0 0 0 0 10 0 0 0 0 0 0 0 0 0 0 0 0 0 0 0 0 0 0 0 0 0 0 0 0 0 0 0 0 0 0 0 0 0 0 0 0 0 0 0 0 0 0 0 0 0 0 0 0 0 0 0 0 0 0 0 0 0 0 0 0 0 0 10 0 0 0 0 0 0 0 0 0 0 0 0 0 0 0 0 0 0 0 0 0 0 0 0 0 0 0 0 0 10 0 0 0 0 0 0 0 0 0 0 0 0 0 0 0 0 0 0 0 0 0 0 0 0 0 0 0 0 0 0 0 0 0 0 0 0 0 0 0 0 0 0 0 0 0 0 0 0 0 0 0 0 0 0 0 0 0 0 0 0 0 0 0 0 0 0 0 0 0 0 0 0 0 0 0 0 0 0 0 0 0 0 0 0 0 0 0 0 0 0 0 0 0 0 0 0 0 0 0 0 0 0 0 0 0 0 0 0 0 0 0 0 0 10 0 0 0 0 0 0 0 0 0 0 0 0 0 0 0 0 0 0 0 0 0 0 0 0 0 0 0 0 0 0 0 0 0 0 0 0 0 0 0 0 0 0 0 0 0 0 0 0 0 0 0 0 0 0 0 0 0 0 0 0 0 0 0 0 0 0 0 0 0 0 0 0 0 0 0 0 0 0 0 0 0 0 0 0 0 0 0 0 0 0 0 0 0 0 0 0 0 0 0 0 0 0 0 0 0 0 0 0 0 0 0 0 0 0 0 0 0 0 0 0 0 0 0 0 0 0 0 0 0 0 0 0 0 0 0 0 0 0 0 0 0 0 0 0 0 0 0 0 0 0 0 0 0 0 0 0 0 0 0 0 0 0 0 0 0 0 0 0 0 0 0 0 0 0 0 0 0 0 0 0 0 0 0 0 0 0 0 0 0 0 0 0 0 0 0 0 0 0 0 0 10 0 0 0 0 0 0 0 0 0 0 
0.9657 0.9277 0.9887 0.9703 0.8869 0.9438 1.0262 0.9164 0.8842 1.8380 0.9667 0.9164 1.0082 0.9168 0.9372 0.8842 0.9181 0.8905 0.9423 1.7359 0.9722 0.8842 0.8842 0.9164 0.8891 0.9164 0.9289 0.9456 1.0132 1.0301 0.9007 0.8842 0.9847 1.0696 0.8842 0.8843 0.9164 0.9449 0.9007 0.8842 0.9722 0.9313 0.9456 0.9164 0.8842 0.9722 0.8842 0.8842 0.9007 0.9206 1.7459 0.9164 0.9798 0.8842 0.9313 0.9007 1.2313 0.9102 0.9007 0.9164 0.8842 0.9313 0.9456 0.9591 0.8842 0.8842 0.9456 0.9722 0.9289 0.9456 0.9164 0.8842 0.8842 0.8842 0.9263 0.8842 0.9046 0.9007 0.9164 1.0443 0.9164 0.9313 0.9387 0.9313 0.9456 0.9007 0.8842 0.8842 0.8842 0.9456 0.9164 0.9164 0.9007 0.8842 0.9057 0.9007 0.9001 0.9595 0.9007 0.9007 0.9041 0.8971 0.8842 0.8842 0.9288 1.0329 0.9456 0.9456 1.0578 0.8918 0.9164 0.8842 0.8842 0.9722 0.9007 0.9082 0.9065 0.8998 1.0892 0.8959 0.8842 1.0082 0.9313 0.8996 0.9164 0.9394 0.9007 0.9034 0.9964 0.9456 0.8842 0.9007 0.8862 0.9007 0.9007 0.8842 0.8842 0.9007 0.8842 0.9007 0.9164 0.9456 1.7045 0.9007 1.1127 0.9007 0.8842 0.9007 0.9164 0.9164 0.9164 0.8842 0.8842 0.9007 0.9164 0.8875 0.8842 0.9007 0.8953 0.9164 0.8842 0.8989 0.8842 0.9456 0.8995 0.8842 0.9007 0.8842 0.8842 1.1576 0.9007 0.8842 0.9722 0.8842 0.9103 0.9007 1.1284 0.9385 1.0082 0.9442 1.1131 0.9104 0.9125 0.9378 0.8842 1.0114 1.6858 0.9007 0.9007 0.8842 0.8998 0.9189 1.1527 0.8876 0.8842 0.8842 0.9456 1.0784 0.9164 0.9313 0.9164 0.9222 0.9456 0.9252 0.8979 0.8842 0.9164 0.8842 0.9007 0.9313 0.8878 0.9007 0.9153 0.9313 0.8842 0.9259 0.9007 0.8842 0.9596 0.8861 1.0193 0.9319 0.9456 0.8842 0.9007 0.8842 0.9164 0.8842 1.6428 1.5467 0.8921 0.9164 0.9164 0.9456 1.3405 1.0505 0.8842 0.9313 0.9320 0.9007 0.9942 0.9157 0.9057 0.9889 0.9313 0.8842 0.9274 0.9007 0.9007 0.9164 0.9007 0.9847 1.1284 0.8842 0.9007 0.9722 0.9530 0.9248 0.8842 0.9456 0.8842 0.8842 1.0837 0.9313 0.9164 0.8889 0.9456 0.9378 0.9007 0.9967 1.1301 0.9164 0.8918 0.9660 0.9160 0.9483 0.9007 0.9164 0.8842 0.9620 0.9007 0.9756 0.9007 0.9007 0.8842 0.9053 0.8842 0.8842 0.8842 0.9164 0.8874 0.8842 0.9313 1.1085 0.9007 0.8842 0.8842 0.8842 0.9164 0.8842 1.2519 0.9313 0.9516 0.8974 0.9164 1.6147 0.9007 0.9007 0.8941 1.0389 0.9456 0.9841 1.4282 0.9456 0.9313 0.9164 0.8853 0.8937 0.8842 0.8842 0.9007 0.8842 0.9164 0.9434 1.3991 0.8842 0.9313 0.9271 1.2421 1.7461 0.9847 0.9164 0.9313 0.9360 0.9456 0.8996 0.9164 1.3781 0.9351 1.0082 1.0876 0.9007 0.9007 0.9279 0.9164 0.8842 1.2463 0.9164 0.9699 0.9046 1.1166 0.9076 0.9313 1.1673 1.1284 0.9274 0.9456 0.9591 0.9313 1.4890 0.8842 1.3541 1.2416 0.9313 0.8887 1.2762 1.7510 0.9313 0.8842 0.9187 0.9313 0.8842 0.9007 1.8632 1.2433 1.7836 0.8842 0.9007 1.1675 0.8842 0.9184 0.8842 0.8842 0.9007 1.3852 0.9313 1.2218 0.8842 1.3480 0.9797 0.9694 1.2742 1.0046 0.9847 1.5517 0.9354 0.9391 1.9218 1.9798 1.9480 1.6528 1.7209 1.8224 1.6688 1.7195 1.7980 1.6649 1.6196 1.6328 1.5233 1.6163 1.5482 1.5593 0.9792 1.0301 0.9847 1.5782 1.0082 1.3138 1.3719 0.9456 0.9164 0.8842 0.8842 0.9313 0.8842 0.8942 0.9106 0.9967 
