DE Cbf1_GEM_2_m0 7.13 5 k8_c1297
1 655 16 543 84 A
2 50 102 249 896 T
3 2 1294 0 0 C
4 1283 2 0 12 A
5 2 1294 0 0 C
6 226 45 1026 0 G
7 33 9 32 1222 T
8 7 19 1095 175 G
XX

DE Cbf1_GEM_2_m1 6.69 0 k6_c593
1 7 13 6 566 T
2 2 0 590 0 G
3 592 0 0 0 A
4 0 47 0 546 T
5 357 77 78 81 A
6 86 37 55 415 T
XX

DE Cbf1_GEM_2_m2 6.16 6 k5_c940
1 193 70 510 167 G
2 229 0 710 0 G
3 0 0 20 919 T
4 0 921 14 5 C
5 939 0 0 0 A
XX

DE Cbf1_GEM_2_m3 6.31 -2 k6_c541
1 38 347 25 130 C
2 0 63 0 477 T
3 0 0 0 540 T
4 0 71 0 470 T
5 0 0 0 540 T
6 7 8 0 526 T
XX

DE Cbf1_GEM_2_m4 5.04 0 k5_c884
1 29 37 786 32 G
2 759 0 124 0 A
3 883 0 0 0 A
4 883 0 0 0 A
5 675 37 112 59 A
XX

