#Cbf1_GEM_1.m2
#KSM version: 1
#975/975
#2.43
#k-mer/r.c.  	Offset	PosCt	wPosCt	NegCt	HgpLg10	CIDs	PosHits (base85 encoding)	NegHits (base85 encoding)
GAAAAA/TTTTTC	1	150	150	88	-5.4	*	^]4BH"9F&+!""/Y!.kLW#QP,163J\:i.(r\+:JR,!_>"q"98Q)OrJq&6\#.:&-.9t#m!SI&-)hE/cn9\!$Dgq!!!!-"N1QH"9:C_OGFNW!(nA!!C1`6+94\/!<doR#RCE\J,kB*?iU0.J,nj75_K1M!<E~	!"],A!.]V#!!!-%!#>P75QCd0+:nMR8cShk!!!!Q!rr<D,QIfE"Hn9H(^'g=&:f<4JK[8Y!=/`6!!#;M#XA@i!!!!j!!iQ)!!Ggm!!!&8+p'#X"98KG!!*'"!!!!"!!!#;!!%TN!!!-%!'igM!WWK/~
GAAAAG/CTTTTC	1	81	81	33	-6.1	*	z!._9R!.Y%L"<^MPTE5)n!^H_d!!!"l+92EB&-)\Q!!!'#JA<=i(]Xge!!%NT!!#=cJH,ZQ!!IfP!!!i9!!!$#5S,-Tz!5J^[!WjPO!!!!)5S3ts!!iQ)#RCD1."D:_zJ,f`a!<<*&~	z!!!!azJ,fQL+92BAz!!#8\"9\])z!!!'#!!!!)z&-)\1!!!!1!!%ZP+92C,z!WW3#z!!#Ce&:aa'z!'gSc!!!9)!!!!#z!!E9%+:(44!!",A!!!$"&-~
AANAAANA/TNTTTNTT	2	68	70	25	-6.4	-0,1	N.A.	N.A.
GNNAAAAA/TTTTTNNC	1	60	61	22	-5.6	2,-3	N.A.	N.A.
GTGANANA/TNTNTCAC	-1	48	48	10	-7.5	4,5,-3	N.A.	N.A.
GTGNNAAA/TTTNNCAC	-1	45	44	9	-7.1	5,-3,6	N.A.	N.A.
GGAANAG/CTNTTCC	1	31	31	4	-6.8	-7,8	N.A.	N.A.
$$$
TTTTTTTT/AAAAAAAA	0	50	50	20	-4.6	0	z!!!!2!!!!%!"]/:8-/boz5QCca!!E9%$31&K"98Q+J,fQM!It.M&-)\2J04iB5QCca"98E%#Qau+z!!E9%"98]-!!iWK+9DO>!<<0$zzz"9<rP+92EB!'idP~	J,fQL!!3-#z!!3-+5QCcaz!!!!1!!!"Lzz!!!!"!.Y%LzJ,fQL!!!'#!!#7a!!3-#zz"98E%z!Wi?%"98E%zzzz+92BA!!#7e~
AAGAAAAA/TTTTTCTT	0	24	24	8	-3.0	1	J,fQL!!!!azzz!!",AJ,fQL!!!:T!!j\Iz!!7ZN!WW3#!!!$"!!!9)z!!#7a!!!Q1z!!EQ-!!!9)!!iQ)!!3-#!!",Azzzz+92BA!!'e~	zzzzzz5QCcaz!WW3#z!!3-#zzJ,fQLz!!#7a!'gMazzzz!!3-c~
GAAAAAAA/TTTTTTTC	0	41	41	18	-3.5	2	!!!$2!!%N]!!!!%!!!$"#QOi)z5QCca!!EQ-!_=F6"98Q)J.M\]!.Y%L&-)\2!!*'"z,QIfEz!!!!%!'gMa"98]-!!iWK!!3-c!<<*"zz!!iQ)!!!9)zJ,hn~	!"],1zz!!3-#5QCd0zzz!!!!AzzzzJ,fQLz!!#8L#QOi)!!!!*z!!E9%z!Wi?%"98E%zzzzz!!#7a!W~
TTTTTCAC/GTGAAAAA	0	22	22	6	-3.2	3	z"98E%!!%NL!!!$"zz!!!-%zzz!!!"Mzz#QR*iz"98E%!!!!A!!!!)"98E&z!!!Q1zz!!#7a!<`B&!!!"Lz5QCcc!!",A!!!!1~	zzzzzzzzzzz&-)\1z!$D7Az!!!!azzz!!E9%zz!!!'#zz!!!"L~
GTGATATA/TATATCAC	0	11	11	1	-3.9	4	!!EE)z!!*'2!!iQ)zzzzzzz!!!!az!!E9%zz!!!'#zzzzzJ,fQLzz"Fp~	zzzzzzzzz!!!'~
GTGATAAA/TTTATCAC	0	16	16	3	-3.5	5	zz+92BAz!$D7Azz!$D7a!!3-#z!.Y%LKE(uPz!!#7azz!$D7Ezz!WW3#zz!!!$"z5QCca!!*'"z+9~	zzzzzzzzzzzzzzzzzzzz!!!!1zz"98E%zzzzz!!!9~
GTGGGAAA/TTTCCCAC	0	8	8	0	-3.3	6	zzzz!!iQ)zzz!!!Q2zzzz!!",Azzzz!'gMaz!!!!"z!!!!)zzzz!$D~	
CTTTTCC/GGAAAAG	0	16	16	3	-3.5	7	zzz!!#7az!WW3#!!!!A!!!$"!!!!AzJ,g\l!!!9-zzzzzz5QCcazz!!!'#!!!!)5QCca!!iQ)!!iQ)!!!!a~	zzzzzz!!!!1zzzzzzzzzz!WW3#zz!.Y~
GGAAGAG/CTCTTCC	0	15	15	1	-4.8	8	zz!'gMaz!!%TNzzz!!!!azzz!WW3#!!",A5QCcazz5QCdLzzz!!#7a!!!!"!<<*"z+92BA!!!-%!!E~	zzzzz!!!!)~
%%%
0 0 0 0 0 0 6 6 0 0 0 0 0 0 0 0 8 0 0 0 0 0 0 0 0 0 0 0 6 0 0 0 0 0 6 0 0 0 0 0 6 0 0 0 0 0 0 6 0 0 0 0 6 6 0 6 6 0 0 6 6 0 6 6 0 0 0 0 0 6 0 0 6 0 0 6 0 0 6 6 0 0 0 0 0 0 0 6 0 0 6 0 0 0 0 0 0 0 6 0 0 0 0 0 0 6 0 0 6 6 0 6 6 0 0 6 6 0 7 0 0 0 0 6 6 0 0 0 0 0 0 9 0 6 6 6 0 6 0 6 0 6 0 0 0 6 0 6 0 0 0 6 0 0 6 0 0 0 0 0 0 7 0 0 0 0 6 0 0 0 6 0 0 0 6 0 0 0 0 6 0 6 0 0 6 0 0 0 0 0 0 0 0 0 0 0 0 6 6 6 0 0 0 0 0 0 0 6 0 0 6 0 0 0 0 0 0 0 0 0 0 7 0 6 0 0 0 0 0 6 0 0 0 0 6 6 0 6 0 0 7 0 0 6 0 0 0 0 0 0 0 0 0 6 0 6 0 9 0 6 6 0 0 0 0 6 0 6 0 0 8 0 0 0 0 0 6 6 0 0 6 0 0 0 0 7 6 6 0 0 9 0 0 0 0 0 0 0 0 0 0 0 0 0 0 6 9 0 0 0 0 0 0 6 0 0 0 0 0 0 0 6 0 0 6 0 0 7 6 6 0 6 6 0 6 6 6 0 0 0 0 7 0 6 6 0 0 0 6 0 0 6 6 6 6 6 6 0 6 6 0 0 0 0 0 0 0 9 0 0 0 7 0 0 0 0 0 0 7 0 0 6 0 0 0 6 0 0 6 0 0 0 0 0 0 0 0 0 0 0 6 0 0 0 0 0 0 6 6 0 0 6 0 0 6 6 6 0 0 6 0 0 0 6 8 0 0 0 0 6 0 0 0 6 0 6 0 6 6 0 0 0 0 0 0 0 0 6 6 0 0 0 6 0 6 6 0 0 0 0 0 0 0 0 0 0 6 0 0 0 0 0 0 0 6 0 6 0 0 0 0 6 6 6 0 8 0 0 0 6 6 0 0 0 0 0 0 0 0 0 0 0 6 6 0 0 0 0 0 6 0 0 0 0 0 6 0 0 0 0 0 6 0 0 0 6 0 0 0 0 0 6 6 0 0 0 0 0 6 0 0 6 0 0 0 0 0 0 0 0 6 0 0 0 0 0 0 0 0 0 6 0 0 0 0 0 0 0 6 0 8 6 0 0 6 0 0 0 6 0 0 0 7 0 0 0 6 0 6 0 6 6 0 6 0 6 0 6 0 0 6 0 0 0 0 0 6 6 0 6 6 0 0 0 0 0 0 0 0 0 0 0 0 0 0 0 0 6 6 6 0 0 0 6 0 0 0 0 0 0 0 0 0 0 6 0 0 6 0 0 0 6 0 0 6 6 0 9 6 0 6 0 0 0 6 0 0 0 0 6 6 0 0 6 0 0 0 6 0 0 0 6 0 6 0 0 6 0 0 7 0 0 0 6 6 0 0 0 0 6 6 0 6 0 6 0 0 0 0 0 0 0 0 0 0 0 0 0 6 0 6 6 6 0 6 6 6 0 6 6 0 7 0 0 0 0 6 0 0 0 0 6 7 0 6 0 0 0 6 0 0 0 6 0 0 0 0 0 6 0 6 6 0 0 0 0 0 0 6 0 0 0 0 0 6 0 0 0 6 7 0 0 0 0 0 0 0 0 0 0 0 6 6 0 0 0 0 0 0 0 0 0 0 6 0 6 0 0 6 0 0 7 0 0 0 0 0 0 0 0 0 0 0 0 0 0 0 0 0 0 0 6 0 0 6 6 0 6 0 6 0 0 0 0 0 0 0 6 0 0 6 8 0 0 0 6 0 0 0 0 0 0 7 0 0 0 0 0 0 6 6 0 0 0 6 0 0 6 0 0 6 0 0 0 0 0 0 0 0 6 0 0 0 0 0 0 0 0 0 0 0 0 0 6 0 0 0 0 0 0 6 0 6 8 6 6 0 6 6 6 0 0 6 0 6 0 0 0 6 0 0 0 0 0 6 0 0 0 6 0 0 0 0 6 0 6 0 0 0 0 0 0 0 0 6 0 6 0 0 0 6 0 0 0 0 0 0 0 6 0 0 0 0 0 0 
0 0 0 0 0 0 0 6 0 0 0 0 8 0 0 0 0 0 0 0 0 0 0 0 0 0 0 0 6 0 0 0 0 0 0 0 0 0 0 0 0 6 0 0 0 0 0 6 6 0 0 0 0 0 0 6 0 0 0 0 0 0 6 0 0 0 0 0 0 0 0 0 0 0 0 0 0 0 0 0 0 0 6 0 0 0 0 0 0 0 0 0 0 0 0 0 0 0 0 0 0 0 0 6 0 9 6 0 6 0 0 0 0 0 0 0 0 0 0 0 0 0 0 6 0 0 0 0 0 0 0 0 0 6 9 0 0 0 0 0 0 0 0 0 0 0 0 0 0 0 0 0 0 0 8 0 0 8 0 0 0 0 0 0 0 6 0 0 0 0 0 0 6 0 0 0 0 0 0 0 0 0 0 0 6 0 0 6 0 0 0 0 0 6 0 6 0 0 6 0 0 0 0 0 0 0 0 0 0 0 0 0 0 0 6 0 0 0 0 0 7 0 6 0 0 0 6 0 0 0 0 0 0 0 6 0 0 0 0 0 0 0 0 0 0 0 0 0 0 0 0 0 6 6 0 6 6 6 0 0 0 0 0 0 0 0 0 0 0 0 0 0 0 0 0 0 0 0 0 0 0 0 0 0 0 6 0 0 0 0 6 0 0 6 0 0 0 0 0 0 0 0 0 0 0 6 0 0 0 0 0 0 0 0 0 0 0 0 0 0 0 0 6 0 0 0 0 0 0 6 0 0 6 0 0 6 0 0 0 0 0 0 0 6 6 0 0 6 6 0 0 0 0 0 0 6 6 0 0 0 0 0 6 0 0 0 0 6 0 0 0 0 0 0 0 0 0 0 0 0 0 0 0 0 0 0 0 0 6 0 0 0 0 0 0 0 0 0 0 6 6 0 0 0 0 0 0 6 6 0 0 0 0 0 0 0 6 0 0 0 0 0 0 6 6 0 0 0 0 6 0 0 0 0 0 0 0 0 6 0 0 0 0 0 6 0 0 0 6 0 0 0 0 0 0 0 0 0 0 6 0 0 0 0 0 6 6 0 0 0 0 6 0 6 0 6 0 0 0 0 0 0 0 0 0 6 0 0 0 0 0 0 0 0 0 0 6 0 0 0 0 0 6 0 0 0 0 0 0 0 6 0 0 0 0 8 0 0 0 0 0 6 0 0 0 0 6 0 0 0 0 0 0 0 0 0 0 0 0 0 0 0 0 0 0 7 0 0 0 0 0 0 0 0 0 0 0 0 0 0 0 0 0 0 0 0 0 0 8 0 0 8 0 0 6 0 0 0 0 0 0 0 0 0 0 0 0 6 0 0 0 0 0 0 0 0 0 0 0 0 0 0 0 0 0 0 0 0 0 0 6 0 0 0 0 0 0 0 6 0 0 0 0 0 0 0 6 6 0 0 6 0 0 0 0 0 0 0 0 0 0 0 0 0 6 0 0 0 0 0 0 0 0 0 0 7 6 0 0 0 0 0 0 0 0 0 0 0 6 6 6 6 0 9 0 0 0 6 0 0 0 6 0 0 0 0 0 0 0 0 6 0 0 6 0 0 0 0 6 0 0 0 6 0 0 0 6 0 0 0 0 0 0 0 0 0 0 0 6 0 0 6 0 0 0 0 0 0 0 0 0 0 0 6 0 0 0 0 6 0 0 0 0 0 6 0 0 0 0 0 0 0 0 0 0 6 0 0 0 0 0 0 0 0 0 0 0 0 0 0 0 0 0 0 0 0 0 0 0 0 0 0 0 0 0 0 0 0 0 0 0 0 6 6 0 0 0 0 0 0 0 0 0 0 0 0 0 0 0 0 0 0 0 0 0 0 0 0 0 0 0 0 0 0 0 0 6 0 0 0 6 6 0 0 0 0 0 0 0 0 0 0 6 0 0 0 0 0 0 6 0 0 0 0 0 6 0 0 0 0 0 0 0 0 0 0 0 0 0 6 0 0 0 0 0 6 0 0 0 0 0 0 6 0 0 0 6 0 0 0 0 0 0 0 0 0 0 0 0 0 0 0 0 0 0 0 0 0 0 0 6 0 6 0 0 0 0 6 9 0 0 0 6 0 0 0 0 0 0 8 0 0 0 0 0 0 0 0 0 0 0 0 0 0 6 0 0 6 0 0 0 0 0 0 6 0 0 0 0 0 0 0 0 0 6 0 0 0 0 0 0 0 0 0 0 
1.4351 1.3777 1.2848 1.4117 1.3948 1.3781 1.3228 1.2636 1.3523 1.3431 1.3449 1.3480 1.3086 1.3102 1.3065 1.2822 1.3185 1.3738 1.1960 1.3382 1.3379 1.2947 1.3087 1.2894 1.1783 1.3036 1.3208 1.3673 1.2988 1.3063 1.2401 1.3587 1.2182 1.2915 1.3184 1.2204 1.2588 1.3097 1.2412 1.2311 1.3038 1.1410 1.2154 1.2260 1.2699 1.2297 1.1856 1.2269 1.2097 1.2627 1.2822 1.3217 1.2362 1.2327 1.1450 1.2710 1.1377 1.2669 1.2065 1.2336 1.2723 1.2910 1.1153 1.1345 1.2582 1.2461 1.2356 1.2376 1.1966 1.2092 1.2434 1.2030 1.2208 1.1889 1.2206 1.2100 1.1633 1.2219 1.2301 1.2295 1.2361 1.2784 1.0878 1.2031 1.1018 1.2114 1.1334 1.2065 1.2417 1.2129 1.2284 1.2597 1.2137 1.2154 1.1700 1.3076 1.2882 1.1754 1.2161 1.2363 1.2070 1.1996 1.1683 1.2238 1.1960 1.0842 1.1932 1.2256 1.1213 1.2528 1.1579 1.1679 1.2227 1.2207 1.1903 1.2168 1.0378 1.1699 1.2186 1.1551 1.1803 1.2123 1.2165 1.2452 1.1932 1.2059 1.1734 1.1910 1.2201 1.1853 1.1820 1.2275 1.1975 1.0591 1.0214 1.1794 1.2246 1.2940 1.1910 1.1234 1.1692 1.1886 1.0510 1.1645 1.1632 1.0754 1.2132 1.1945 1.1924 1.1896 1.1228 1.1992 1.1413 1.1339 1.1855 1.2384 1.1649 1.1542 1.1029 1.2315 1.2079 1.1991 0.9858 1.1901 1.1512 1.2461 1.1526 1.0940 1.1351 1.1444 1.1706 1.0641 1.1672 1.1716 1.1109 1.1007 1.1378 1.0755 1.1806 1.1910 1.1635 1.1567 1.1195 1.1790 1.2290 1.0981 1.1222 1.1139 1.1411 1.1124 1.0812 1.1432 1.0676 1.2339 1.0145 1.0552 1.1768 1.1608 1.1160 1.1557 1.0730 1.1631 1.1184 1.0764 1.0682 1.1413 1.0626 1.1582 1.1752 1.1120 1.1117 1.1121 1.1259 1.1322 1.0394 1.1136 1.0232 1.0447 1.1498 1.1451 0.9472 1.1464 1.1674 0.9809 0.9597 1.0491 1.0840 1.1522 1.0220 1.1402 1.0571 1.0787 1.0362 1.1474 1.1740 0.9785 1.1302 1.0603 1.1226 1.2499 1.2274 1.0328 1.1203 1.0522 1.2233 1.0306 1.0871 1.1634 1.1163 0.9022 1.1633 1.1153 1.1324 1.1111 1.1563 0.9199 1.0933 1.1387 1.1562 1.1600 1.0836 1.0661 1.0289 1.0491 1.0809 1.1138 1.1134 1.1133 1.0724 1.0264 1.0460 1.0507 1.1804 1.1072 1.2153 1.1495 1.1081 1.0469 1.0975 1.0652 1.0556 1.0192 1.1269 1.0456 0.9510 1.0599 0.8888 1.1403 1.1441 0.9220 1.0938 1.0989 1.0135 1.0875 0.9591 1.1112 1.1499 1.0366 1.0735 1.0455 1.0587 1.1373 1.0644 1.1474 1.1218 0.9358 1.0251 1.0115 1.0830 1.1119 1.0001 1.0633 1.0848 1.1154 1.0541 1.1040 1.0085 1.0651 1.0702 1.0927 1.0573 1.0281 0.9937 1.1155 1.0590 1.0569 0.9905 1.0847 1.0324 1.0228 1.0245 1.0817 0.9721 0.9999 1.1570 0.9697 1.0338 1.0814 1.0170 1.0480 1.0519 1.0837 1.0021 1.0503 1.1571 0.9875 0.9912 1.1405 1.1908 0.9882 1.0249 1.0458 1.0538 1.0369 1.0492 1.0059 0.9896 1.0275 1.1814 1.0594 0.9959 1.0120 1.0508 1.0307 1.0969 0.9813 0.9872 1.1124 1.0497 1.0475 1.0617 1.0513 1.1004 1.0494 1.0012 1.0038 0.9900 0.9969 1.0424 1.0432 1.0924 1.0378 1.0535 1.1049 1.0001 1.0996 1.0815 1.0288 1.0303 0.9709 0.9891 0.9499 0.9621 1.0608 1.0914 1.0066 0.9751 1.2376 1.0179 1.0164 0.8378 1.0845 1.1709 1.0320 0.9396 1.0048 1.2136 0.8858 1.1410 0.9647 0.9921 1.0974 0.9030 1.1829 1.1817 1.0886 1.0194 1.1817 0.8972 0.9868 0.9770 1.1055 0.9551 1.2154 1.0369 0.9759 0.9826 1.0836 1.0497 1.0231 0.9937 1.0450 0.9950 1.1245 0.9749 1.0207 0.9487 0.9507 1.0782 0.9806 1.0346 1.0875 1.0913 0.9948 0.9921 1.0777 1.1063 1.0593 1.0382 0.9456 0.9287 1.0003 0.9924 1.0612 1.0417 0.9017 0.9073 0.9701 0.9107 0.9662 1.1625 1.0766 0.9601 1.0073 1.0092 0.9884 0.9144 1.0484 0.9225 0.8606 0.9990 0.9347 1.0987 0.9316 0.9975 0.9976 0.9815 0.9658 0.9323 0.9375 0.9799 0.9651 1.1192 1.0897 1.0297 0.9356 0.9379 0.9530 0.9229 0.8680 1.0650 0.9799 1.0122 0.8833 1.0253 1.1122 0.9526 1.0274 0.9668 0.9515 0.9262 0.9271 0.8570 0.9358 0.9766 0.9241 1.0046 0.9379 0.8870 1.0086 0.9630 0.7740 0.9667 0.9147 0.8488 0.9918 0.9663 0.8251 0.9206 0.9149 1.0082 0.9651 0.8294 0.9628 0.8950 0.8981 0.9899 0.9388 0.9075 0.8906 1.0028 1.0339 0.9622 0.9539 0.9124 1.0372 0.9094 0.8616 1.0794 0.9511 0.9236 0.9470 0.9174 0.8849 0.8978 0.9318 1.0191 0.8527 0.9944 1.0029 0.9595 1.0100 0.8727 0.9371 0.8492 0.8531 0.9008 0.9429 0.8882 0.8818 0.8649 0.9425 0.8764 0.9030 0.8290 1.0237 0.8598 0.9210 0.9364 0.9078 1.0249 0.9703 0.9398 0.9560 0.8075 0.8627 0.8572 0.9000 0.9888 0.9381 1.0567 0.9294 1.0586 0.8563 1.0149 0.8704 1.0281 0.8783 0.8941 0.8900 0.9601 0.8773 0.9025 0.8760 0.9201 1.0186 0.8420 0.7995 0.9062 0.9396 0.8428 1.0079 0.9229 0.8580 0.8958 0.9184 0.8613 0.8378 0.9509 0.8782 0.8542 0.9246 1.0575 1.0536 0.9840 0.9429 0.8349 0.9729 0.8018 0.8583 0.8137 0.9802 0.9303 0.8587 0.9086 0.8326 1.0008 0.8757 0.8690 1.0567 0.9008 0.9364 0.8952 0.8975 0.8472 0.8187 0.8796 1.0805 0.8909 1.0507 1.0208 0.8938 0.8538 0.8594 1.0460 0.8645 0.8239 0.9612 0.9054 0.8196 0.8704 0.9483 0.8598 0.9142 0.9179 0.8220 0.8285 1.0378 0.9301 0.9030 0.8605 0.8317 1.0094 1.0179 0.8472 0.9253 0.7779 0.8609 0.8460 0.8356 0.8796 0.8648 0.9296 0.8294 0.9186 0.8343 0.9127 0.9343 0.8448 0.7867 0.8152 0.8867 0.9236 0.8258 0.8508 0.8211 0.9557 0.7938 0.9159 0.9294 0.9813 0.7983 0.9437 0.8683 0.8687 0.8488 1.0023 1.0212 0.8472 0.9402 0.8645 0.8846 0.9718 0.8087 0.9564 0.8500 0.8912 0.8060 0.7397 0.8070 0.7556 0.8786 0.8239 0.8070 0.8444 0.8666 0.8754 0.8849 0.8239 0.9901 0.8249 1.0061 0.8861 0.8196 0.8244 0.8947 0.8673 0.9345 0.8926 0.8926 0.8964 0.8805 0.8081 0.8535 0.8488 0.8764 0.9332 0.8690 0.7608 0.7706 0.8512 0.8594 0.8355 0.8049 0.8211 0.8655 0.9222 0.8182 0.8347 0.8882 0.9022 0.8591 0.8669 0.8167 0.8631 0.9736 0.8484 0.8432 0.8373 0.8152 0.9301 0.8958 0.9785 0.8294 1.0101 0.8382 0.9189 0.7995 0.8888 0.8669 1.0254 0.8855 0.9096 0.8044 0.8272 0.7995 0.8386 0.9649 0.8211 0.8196 0.8488 0.8623 0.8724 0.9232 0.8879 0.8888 0.8724 0.9000 0.8343 0.9174 0.9262 0.9538 0.8054 0.9003 0.9208 0.8847 0.9974 0.8952 0.8049 0.8535 0.8076 0.8415 0.8587 1.0030 0.8634 0.9000 0.8028 0.8117 0.8369 0.8468 0.8824 0.9099 0.8683 0.8757 0.8196 0.8262 0.7900 0.8285 0.8764 0.9857 0.9443 0.8840 0.8201 0.8906 1.0037 0.9088 0.7938 0.8407 0.9159 0.8799 0.7805 0.8091 0.7967 0.7328 0.8776 0.7431 0.8044 0.7630 0.9624 0.9041 0.8220 0.8081 0.7706 0.8616 0.7989 0.8022 0.8538 0.8620 0.8182 0.8587 0.8846 0.8472 0.8039 0.8897 0.8011 0.8378 0.7932 0.9307 1.0021 0.9603 0.8480 0.8727 0.8127 0.8944 0.8415 0.9566 1.0435 0.8239 0.7967 0.8022 0.7766 0.8815 0.8262 0.8249 0.8369 0.7830 0.9027 1.1765 0.8033 0.8557 0.7541 1.1447 0.9112 0.7586 0.8157 0.7526 0.8947 0.8334 0.8038 0.8157 0.7805 0.8852 0.8091 0.9564 0.8842 0.9541 0.7906 0.7337 0.8122 0.8167 0.8786 0.8731 0.8262 0.8981 0.7487 0.9466 0.8741 0.8846 0.8527 0.7439 0.8876 0.9027 0.8076 0.8137 0.9086 0.8697 0.7355 0.8000 0.7983 0.9338 0.7549 0.8721 0.8693 0.8693 0.8420 0.8028 0.7556 0.7830 0.7830 0.8011 0.8360 0.8011 0.8157 0.8561 0.8519 1.0351 0.7962 0.9864 0.8182 0.8799 0.9548 0.8356 0.7816 0.8216 0.7805 0.7228 0.8373 0.9129 0.8206 0.7700 0.8187 0.7700 0.8849 0.7361 0.8065 0.7787 0.8641 0.7921 0.7586 0.7727 0.7842 0.8070 0.7760 0.7873 0.7733 0.8005 0.8480 0.7769 0.7636 0.8467 0.7665 1.1837 1.0754 1.1755 1.2551 
