Position	IP	CondAna_Present	CondAna_IP	CondAna_Control	CondAna_Fold	CondAna_Expectd	CondAna_Q_-lg10	CondAna_P_-lg10	CondAna_P_poiss	CondAna_IPvsEMP	CondAna_Noise	CondEth_Present	CondEth_IP	CondEth_Control	CondEth_Fold	CondEth_Expectd	CondEth_Q_-lg10	CondEth_P_-lg10	CondEth_P_poiss	CondEth_IPvsEMP	CondEth_Noise	CondGlu_Present	CondGlu_IP	CondGlu_Control	CondGlu_Fold	CondGlu_Expectd	CondGlu_Q_-lg10	CondGlu_P_-lg10	CondGlu_P_poiss	CondGlu_IPvsEMP	CondGlu_Noise	CondNit_Present	CondNit_IP	CondNit_Control	CondNit_Fold	CondNit_Expectd	CondNit_Q_-lg10	CondNit_P_-lg10	CondNit_P_poiss	CondNit_IPvsEMP	CondNit_Noise	KmerGroup	MotifId	KG_score	Strand
1:57707	  148.0	0	   13.0	NaN	NaN	   27.3	  -0.02	NaN	   0.00	  -0.55	   0.00	0	   74.0	NaN	NaN	   62.3	   1.03	NaN	   1.09	  -0.80	   0.00	0	   58.0	NaN	NaN	   64.0	   0.08	NaN	   0.10	  -0.73	   0.00	0	    3.0	NaN	NaN	   46.5	  -0.00	NaN	  -0.00	  -0.63	   0.00	ACGTGCT_102/3	0	9.58	+
1:91526	  208.0	0	   21.0	NaN	NaN	   27.3	  -0.03	NaN	   0.04	  -0.86	   0.00	0	   74.0	NaN	NaN	   62.3	   1.03	NaN	   1.09	  -0.84	   0.00	0	   80.0	NaN	NaN	   64.0	   1.41	NaN	   1.52	  -0.95	   0.00	0	   33.0	NaN	NaN	   46.5	  -0.11	NaN	   0.01	  -0.80	   0.00	AGTCACGTT_258/19	0	12.28	+
1:101216	  210.0	0	   37.0	NaN	NaN	   27.3	   1.08	NaN	   1.36	  -0.67	   0.00	0	   71.0	NaN	NaN	   62.3	   0.77	NaN	   0.82	  -0.76	   0.00	0	   64.0	NaN	NaN	   64.0	   0.24	NaN	   0.29	  -0.75	   0.00	0	   38.0	NaN	NaN	   46.5	  -0.14	NaN	   0.04	  -0.60	   0.00	GTCACGNG_164/4	0	14.85	+
1:133182	  188.0	0	   25.0	NaN	NaN	   27.3	   0.02	NaN	   0.16	  -0.69	   0.50	0	   73.0	NaN	NaN	   62.3	   0.94	NaN	   1.00	  -0.87	   0.50	0	   60.0	NaN	NaN	   64.0	   0.12	NaN	   0.15	  -0.78	   0.50	0	   30.0	NaN	NaN	   46.5	  -0.09	NaN	   0.00	  -0.80	   0.50	CACGTGCTT_369/9	0	31.60	+
1:201758	  176.0	0	   21.0	NaN	NaN	   27.3	  -0.03	NaN	   0.04	  -0.54	   0.00	0	   66.0	NaN	NaN	   62.3	   0.44	NaN	   0.47	  -0.71	   0.00	0	   66.0	NaN	NaN	   64.0	   0.33	NaN	   0.38	  -0.76	   0.00	0	   23.0	NaN	NaN	   46.5	  -0.04	NaN	   0.00	  -0.69	   0.00	CATCACATG_155/20	0	6.39	+
10:57764	  160.0	0	   15.0	NaN	NaN	   32.6	  -0.01	NaN	   0.00	  -0.87	   0.00	0	   68.0	NaN	NaN	   69.6	   0.21	NaN	   0.23	  -0.65	   0.00	0	   62.0	NaN	NaN	   73.9	   0.02	NaN	   0.03	  -0.79	   0.00	0	   15.0	NaN	NaN	   50.8	  -0.01	NaN	   0.00	  -0.64	   0.00	CGTCACGT_187/11	0	11.45	+
10:152884	  179.0	0	   23.0	NaN	NaN	   32.6	  -0.04	NaN	   0.01	  -0.81	   0.00	0	   57.0	NaN	NaN	   69.6	   0.02	NaN	   0.02	  -0.66	   0.00	0	   60.0	NaN	NaN	   73.9	   0.01	NaN	   0.02	  -0.74	   0.00	0	   39.0	NaN	NaN	   50.8	  -0.13	NaN	   0.02	  -0.78	   0.00	GATCACATG_201/21	0	8.37	+
10:166813	  188.0	0	   15.0	NaN	NaN	   32.6	  -0.01	NaN	   0.00	  -0.56	   0.00	0	   59.0	NaN	NaN	   69.6	   0.03	NaN	   0.04	  -0.86	   0.00	0	   75.0	NaN	NaN	   73.9	   0.29	NaN	   0.33	  -0.60	   0.00	0	   39.0	NaN	NaN	   50.8	  -0.13	NaN	   0.02	  -0.62	   0.00	AGGCACGTGNA_353/15	0	22.29	+
10:171338	  182.0	0	   22.0	NaN	NaN	   32.6	  -0.04	NaN	   0.01	  -0.99	   0.00	0	   71.0	NaN	NaN	   69.6	   0.32	NaN	   0.35	  -0.78	   0.00	0	   63.0	NaN	NaN	   73.9	   0.02	NaN	   0.04	  -0.67	   0.00	0	   26.0	NaN	NaN	   50.8	  -0.04	NaN	   0.00	  -0.66	   0.00	--------	-1	0.00	*
10:172643	  156.0	0	   24.0	NaN	NaN	   32.6	  -0.04	NaN	   0.02	  -0.81	   0.00	0	   51.0	NaN	NaN	   69.6	   0.00	NaN	   0.00	  -0.69	   0.00	0	   50.0	NaN	NaN	   73.9	  -0.00	NaN	   0.00	  -0.78	   0.00	0	   31.0	NaN	NaN	   50.8	  -0.07	NaN	   0.00	  -0.92	   0.00	GGTCACGTT_281/21	0	12.85	+
10:179601	  181.0	0	   29.0	NaN	NaN	   32.6	  -0.00	NaN	   0.12	  -0.76	   0.00	0	   57.0	NaN	NaN	   69.6	   0.02	NaN	   0.02	  -0.67	   0.00	0	   61.0	NaN	NaN	   73.9	   0.01	NaN	   0.02	  -0.94	   0.00	0	   34.0	NaN	NaN	   50.8	  -0.09	NaN	   0.00	  -0.68	   0.00	GTCACATGAT_328/30	0	12.28	+
10:251747	  225.0	0	   25.0	NaN	NaN	   32.6	  -0.04	NaN	   0.03	  -0.83	   0.00	0	   86.0	NaN	NaN	   69.6	   1.43	NaN	   1.51	  -0.79	   0.00	0	   89.0	NaN	NaN	   73.9	   1.22	NaN	   1.32	  -0.79	   0.00	0	   25.0	NaN	NaN	   50.8	  -0.03	NaN	   0.00	  -0.59	   0.00	GGTCACGT_259/15	0	14.38	+
10:285750	  184.0	0	   36.0	NaN	NaN	   32.6	   0.32	NaN	   0.52	  -0.69	   0.00	0	   58.6	NaN	NaN	   69.6	   0.03	NaN	   0.04	  -0.95	   0.00	0	   49.0	NaN	NaN	   73.9	  -0.00	NaN	   0.00	  -1.01	   0.00	0	   40.6	NaN	NaN	   50.8	  -0.14	NaN	   0.03	  -0.94	   0.00	GGTCACGTTNCT_337/21	0	16.65	+
10:332126	  228.0	0	   18.0	NaN	NaN	   32.6	  -0.02	NaN	   0.00	  -0.74	   0.00	0	   86.0	NaN	NaN	   69.6	   1.43	NaN	   1.51	  -0.68	   0.00	0	   94.0	NaN	NaN	   73.9	   1.74	NaN	   1.86	  -0.75	   0.00	0	   30.0	NaN	NaN	   50.8	  -0.06	NaN	   0.00	  -0.59	   0.00	CACATGCT_140/6	0	10.86	+
10:339527	  179.0	0	   20.0	NaN	NaN	   32.6	  -0.03	NaN	   0.00	  -0.58	   0.00	0	   44.0	NaN	NaN	   69.6	  -0.00	NaN	   0.00	  -0.76	   0.00	0	   71.0	NaN	NaN	   73.9	   0.16	NaN	   0.19	  -0.60	   0.00	0	   44.0	NaN	NaN	   50.8	  -0.15	NaN	   0.07	  -0.61	   0.00	GGTCACAT_102/11	0	5.88	+
10:354755	  200.0	0	   24.0	NaN	NaN	   32.6	  -0.04	NaN	   0.02	  -0.88	   0.00	0	   83.0	NaN	NaN	   69.6	   1.13	NaN	   1.20	  -0.78	   0.00	0	   71.0	NaN	NaN	   73.9	   0.16	NaN	   0.19	  -0.99	   0.00	0	   22.0	NaN	NaN	   50.8	  -0.02	NaN	   0.00	  -0.77	   0.00	CACGTGCG_279/9	0	21.03	+
10:383840	  212.0	0	   23.0	NaN	NaN	   32.6	  -0.04	NaN	   0.01	  -0.83	   0.00	0	   84.0	NaN	NaN	   69.6	   1.23	NaN	   1.30	  -0.94	   0.00	0	   79.0	NaN	NaN	   73.9	   0.47	NaN	   0.53	  -0.85	   0.00	0	   26.0	NaN	NaN	   50.8	  -0.04	NaN	   0.00	  -0.71	   0.00	TATCACATGATA_346/28	0	14.03	+
10:398469	  247.0	0	   37.0	NaN	NaN	   32.6	   0.39	NaN	   0.61	  -0.63	   0.00	0	   77.0	NaN	NaN	   69.6	   0.65	NaN	   0.70	  -0.68	   0.00	0	   80.0	NaN	NaN	   73.9	   0.53	NaN	   0.59	  -0.87	   0.00	0	   53.0	NaN	NaN	   50.8	   0.08	NaN	   0.40	  -0.63	   0.00	GGTCACATGA_208/31	0	6.53	+
10:402449	  158.9	0	   18.1	NaN	NaN	   32.6	  -0.03	NaN	   0.00	  -0.72	   0.00	0	   62.5	NaN	NaN	   69.6	   0.08	NaN	   0.10	  -0.78	   0.00	0	   51.9	NaN	NaN	   73.9	  -0.00	NaN	   0.00	  -1.02	   0.00	0	   26.5	NaN	NaN	   50.8	  -0.05	NaN	   0.00	  -0.81	   0.00	CATCACAT_111/12	0	6.12	+
10:419300	  178.0	0	   19.0	NaN	NaN	   32.6	  -0.03	NaN	   0.00	  -1.03	   0.00	0	   74.0	NaN	NaN	   69.6	   0.47	NaN	   0.50	  -0.70	   0.00	0	   59.0	NaN	NaN	   73.9	   0.00	NaN	   0.01	  -0.81	   0.00	0	   26.0	NaN	NaN	   50.8	  -0.04	NaN	   0.00	  -0.92	   0.00	ATCNCGTG_187/1	0	22.08	+
10:423726	  234.5	0	   29.8	NaN	NaN	   32.6	   0.02	NaN	   0.15	  -0.85	   0.00	0	   83.9	NaN	NaN	   69.6	   1.23	NaN	   1.30	  -1.03	   0.00	0	   80.6	NaN	NaN	   73.9	   0.59	NaN	   0.66	  -1.10	   0.00	0	   40.2	NaN	NaN	   50.8	  -0.14	NaN	   0.03	  -0.83	   0.00	GGTCACGTTNT_355/21	0	18.02	+
10:439908	  170.0	0	   14.0	NaN	NaN	   32.6	  -0.01	NaN	   0.00	  -0.85	   0.00	0	   59.0	NaN	NaN	   69.6	   0.03	NaN	   0.04	  -0.73	   0.00	0	   68.0	NaN	NaN	   73.9	   0.09	NaN	   0.11	  -0.86	   0.00	0	   29.0	NaN	NaN	   50.8	  -0.06	NaN	   0.00	  -0.87	   0.00	TCAGGTGA_127/3	0	12.06	+
10:443413	  183.0	0	   17.0	NaN	NaN	   32.6	  -0.02	NaN	   0.00	  -0.99	   0.00	0	   62.0	NaN	NaN	   69.6	   0.06	NaN	   0.08	  -0.71	   0.00	0	   51.0	NaN	NaN	   73.9	  -0.00	NaN	   0.00	  -0.65	   0.00	0	   53.0	NaN	NaN	   52.9	  -0.01	NaN	   0.29	  -0.80	   0.00	TCANGTGNC_110/1	0	12.27	+
10:454921	  181.0	0	   20.0	NaN	NaN	   32.6	  -0.03	NaN	   0.00	  -0.90	   0.00	0	   64.0	NaN	NaN	   69.6	   0.10	NaN	   0.12	  -0.74	   0.00	0	   66.0	NaN	NaN	   73.9	   0.06	NaN	   0.08	  -0.79	   0.00	0	   31.0	NaN	NaN	   50.8	  -0.07	NaN	   0.00	  -0.62	   0.00	AGANCACGTGT_454/18	0	30.18	+
10:455794	  209.0	0	   26.0	NaN	NaN	   32.6	  -0.03	NaN	   0.05	  -0.82	   0.42	0	   86.0	NaN	NaN	   69.6	   1.43	NaN	   1.51	  -0.78	   0.42	0	   75.0	NaN	NaN	   73.9	   0.29	NaN	   0.33	  -0.77	   0.42	0	   22.0	NaN	NaN	   50.8	  -0.02	NaN	   0.00	  -0.61	   0.42	TCANGTGNC_110/1	0	12.27	+
10:484869	  173.0	0	   22.0	NaN	NaN	   32.6	  -0.04	NaN	   0.01	  -0.55	   0.00	0	   69.0	NaN	NaN	   69.6	   0.24	NaN	   0.27	  -0.80	   0.00	0	   53.0	NaN	NaN	   73.9	  -0.00	NaN	   0.00	  -0.96	   0.00	0	   29.0	NaN	NaN	   50.8	  -0.06	NaN	   0.00	  -0.68	   0.00	TANCACGTGGTA_394/14	0	27.66	+
10:494517	  215.0	0	   19.0	NaN	NaN	   32.6	  -0.03	NaN	   0.00	  -0.78	   0.00	0	   90.0	NaN	NaN	   69.6	   1.89	NaN	   1.98	  -0.94	   0.00	0	   74.0	NaN	NaN	   73.9	   0.25	NaN	   0.29	  -0.76	   0.00	0	   32.0	NaN	NaN	   50.8	  -0.08	NaN	   0.00	  -0.83	   0.00	CACGTGCA_307/20	0	15.04	+
10:540413	  172.1	0	   14.3	NaN	NaN	   32.6	  -0.01	NaN	   0.00	  -0.24	   0.00	0	   85.6	NaN	NaN	   69.6	   1.43	NaN	   1.51	  -0.37	   0.00	0	   54.2	NaN	NaN	   73.9	  -0.00	NaN	   0.00	  -0.25	   0.00	0	   18.0	NaN	NaN	   50.8	  -0.01	NaN	   0.00	  -0.42	   0.00	CGGCACGT_87/9	0	5.55	+
10:552230	  198.0	0	   18.0	NaN	NaN	   32.6	  -0.02	NaN	   0.00	  -0.58	   0.00	0	   74.0	NaN	NaN	   69.6	   0.47	NaN	   0.50	  -0.87	   0.00	0	   61.0	NaN	NaN	   73.9	   0.01	NaN	   0.02	  -0.81	   0.00	0	   45.0	NaN	NaN	   50.8	  -0.14	NaN	   0.09	  -0.69	   0.00	CACGTGNG_82/2	0	8.35	+
10:565692	  195.0	0	   17.0	NaN	NaN	   32.6	  -0.02	NaN	   0.00	  -0.72	   0.00	0	   60.0	NaN	NaN	   69.6	   0.04	NaN	   0.05	  -0.66	   0.00	0	   78.0	NaN	NaN	   73.9	   0.42	NaN	   0.48	  -0.81	   0.00	0	   40.0	NaN	NaN	   50.8	  -0.13	NaN	   0.02	  -0.74	   0.00	CACGTGTAT_277/13	0	17.13	+
10:567678	  222.0	0	   24.0	NaN	NaN	   32.6	  -0.04	NaN	   0.02	  -0.76	   0.00	0	   79.0	NaN	NaN	   69.6	   0.79	NaN	   0.85	  -0.87	   0.00	0	   60.0	NaN	NaN	   73.9	   0.01	NaN	   0.02	  -0.85	   0.00	0	   59.0	NaN	NaN	   50.8	   0.48	NaN	   0.85	  -0.77	   0.00	ANCACGTGGG_402/9	0	36.30	+
10:576971	  171.0	0	   14.3	NaN	NaN	   32.6	  -0.01	NaN	   0.00	  -0.16	   0.00	0	   68.5	NaN	NaN	   69.6	   0.24	NaN	   0.27	  -0.21	   0.00	0	   66.4	NaN	NaN	   73.9	   0.07	NaN	   0.09	  -0.21	   0.00	0	   21.7	NaN	NaN	   50.8	  -0.02	NaN	   0.00	  -0.56	   0.00	TTCACGT_86/8	0	5.80	+
10:580531	  178.0	0	   13.0	NaN	NaN	   32.6	  -0.01	NaN	   0.00	  -0.77	   0.00	0	   74.0	NaN	NaN	   69.6	   0.47	NaN	   0.50	  -0.92	   0.00	0	   67.0	NaN	NaN	   73.9	   0.07	NaN	   0.09	  -0.87	   0.00	0	   24.0	NaN	NaN	   50.8	  -0.03	NaN	   0.00	  -0.65	   0.00	GATCACATGA_213/30	0	6.90	+
10:639924	  194.6	0	   15.3	NaN	NaN	   32.6	  -0.01	NaN	   0.00	  -1.11	   0.00	0	   78.1	NaN	NaN	   69.6	   0.79	NaN	   0.85	  -0.97	   0.00	0	   85.5	NaN	NaN	   73.9	   0.95	NaN	   1.04	  -0.90	   0.00	0	   15.6	NaN	NaN	   50.8	  -0.01	NaN	   0.00	  -0.75	   0.00	ATCACGTTTC_293/13	0	18.50	+
10:703871	  184.0	0	   24.0	NaN	NaN	   32.6	  -0.04	NaN	   0.02	  -1.03	   0.12	0	   82.0	NaN	NaN	   69.6	   1.04	NaN	   1.10	  -0.62	   0.12	0	   55.0	NaN	NaN	   73.9	  -0.00	NaN	   0.00	  -0.64	   0.12	0	   23.0	NaN	NaN	   50.8	  -0.02	NaN	   0.00	  -0.79	   0.12	ATCNCGTG_187/1	0	22.08	+
11:45462	  180.0	0	   26.0	NaN	NaN	   22.1	   0.42	NaN	   0.64	  -0.80	   0.00	0	   65.0	NaN	NaN	   48.3	   1.81	NaN	   1.90	  -1.01	   0.00	0	   63.0	NaN	NaN	   50.1	   1.26	NaN	   1.36	  -0.93	   0.00	0	   26.0	NaN	NaN	   41.8	  -0.08	NaN	   0.00	  -0.84	   0.00	TCANGTGNT_192/1	0	22.79	+
11:51260	  187.0	0	   28.0	NaN	NaN	   22.1	   0.65	NaN	   0.90	  -0.91	   0.00	0	   64.0	NaN	NaN	   48.3	   1.67	NaN	   1.75	  -0.77	   0.00	0	   58.0	NaN	NaN	   50.1	   0.75	NaN	   0.83	  -0.62	   0.00	0	   37.0	NaN	NaN	   41.8	  -0.14	NaN	   0.10	  -0.95	   0.00	TANCACGTGCA_439/22	0	24.75	+
11:74971	  167.0	0	   28.0	NaN	NaN	   22.1	   0.66	NaN	   0.90	  -0.65	   0.00	0	   57.0	NaN	NaN	   48.3	   0.86	NaN	   0.92	  -0.79	   0.00	0	   56.0	NaN	NaN	   50.1	   0.59	NaN	   0.66	  -0.77	   0.00	0	   26.0	NaN	NaN	   41.8	  -0.08	NaN	   0.00	  -0.73	   0.00	GGCACATGA_137/19	0	5.77	+
11:78568	  159.6	0	   22.9	NaN	NaN	   22.1	   0.17	NaN	   0.35	  -0.63	   0.00	0	   64.7	NaN	NaN	   48.3	   1.81	NaN	   1.90	  -1.06	   0.00	0	   43.1	NaN	NaN	   50.1	   0.06	NaN	   0.08	  -0.95	   0.00	0	   29.0	NaN	NaN	   41.8	  -0.12	NaN	   0.01	  -0.94	   0.00	GTCAGGTG_180/7	0	13.58	+
11:120048	  162.0	0	   23.0	NaN	NaN	   22.1	   0.17	NaN	   0.35	  -0.86	   0.00	0	   56.0	NaN	NaN	   48.3	   0.77	NaN	   0.82	  -0.95	   0.00	0	   48.0	NaN	NaN	   50.1	   0.16	NaN	   0.20	  -0.66	   0.00	0	   35.0	NaN	NaN	   41.8	  -0.15	NaN	   0.06	  -0.70	   0.00	CNNCACGTGTA_220/12	0	13.30	+
11:208727	  163.0	0	   21.0	NaN	NaN	   22.1	   0.06	NaN	   0.21	  -0.74	   0.00	0	   48.0	NaN	NaN	   48.3	   0.24	NaN	   0.27	  -0.79	   0.00	0	   59.0	NaN	NaN	   50.1	   0.84	NaN	   0.93	  -0.56	   0.00	0	   35.0	NaN	NaN	   41.8	  -0.15	NaN	   0.06	  -0.81	   0.00	CTCACGTGAAT_428/12	0	34.78	+
11:295298	  161.0	0	   16.0	NaN	NaN	   22.1	  -0.04	NaN	   0.03	  -1.06	   0.00	0	   59.0	NaN	NaN	   48.3	   1.06	NaN	   1.13	  -0.91	   0.00	0	   51.0	NaN	NaN	   50.1	   0.28	NaN	   0.33	  -0.71	   0.00	0	   35.0	NaN	NaN	   41.8	  -0.15	NaN	   0.06	  -0.60	   0.00	CACGTGTT_124/17	0	5.58	+
11:337246	  169.0	0	   23.0	NaN	NaN	   22.1	   0.17	NaN	   0.35	  -0.71	   0.00	0	   58.0	NaN	NaN	   48.3	   0.96	NaN	   1.02	  -0.87	   0.00	0	   50.0	NaN	NaN	   50.1	   0.24	NaN	   0.28	  -0.81	   0.00	0	   38.0	NaN	NaN	   41.8	  -0.12	NaN	   0.13	  -0.64	   0.00	ATCNCGTG_187/1	0	22.08	+
11:432659	  186.0	0	   29.0	NaN	NaN	   22.1	   0.79	NaN	   1.05	  -0.79	   0.00	0	   58.0	NaN	NaN	   48.3	   0.96	NaN	   1.02	  -0.82	   0.00	0	   53.0	NaN	NaN	   50.1	   0.39	NaN	   0.45	  -0.75	   0.00	0	   46.0	NaN	NaN	   41.8	   0.21	NaN	   0.56	  -0.56	   0.00	CTCACGTGGT_474/23	0	27.61	+
11:495063	  148.6	0	   11.7	NaN	NaN	   22.1	  -0.03	NaN	   0.00	  -0.79	   0.00	0	   55.5	NaN	NaN	   48.3	   0.77	NaN	   0.82	  -0.89	   0.00	0	   57.3	NaN	NaN	   50.1	   0.75	NaN	   0.83	  -0.86	   0.00	0	   24.0	NaN	NaN	   41.8	  -0.08	NaN	   0.00	  -0.68	   0.00	GTCACGNG_164/4	0	14.85	+
11:528077	  149.0	0	   19.0	NaN	NaN	   22.1	  -0.00	NaN	   0.11	  -0.81	   0.00	0	   58.0	NaN	NaN	   48.3	   0.96	NaN	   1.02	  -0.79	   0.00	0	   45.0	NaN	NaN	   50.1	   0.08	NaN	   0.11	  -0.68	   0.00	0	   27.0	NaN	NaN	   41.8	  -0.10	NaN	   0.00	  -0.97	   0.00	GATCACATG_201/21	0	8.37	+
11:550158	  149.0	0	   22.0	NaN	NaN	   22.1	   0.11	NaN	   0.27	  -0.78	   0.00	0	   53.0	NaN	NaN	   48.3	   0.53	NaN	   0.57	  -1.05	   0.00	0	   44.0	NaN	NaN	   50.1	   0.06	NaN	   0.08	  -0.69	   0.00	0	   30.0	NaN	NaN	   41.8	  -0.12	NaN	   0.01	  -0.69	   0.00	ANCACGTGT_354/12	0	25.51	+
11:583276	  176.0	0	   25.0	NaN	NaN	   22.1	   0.32	NaN	   0.53	  -0.71	   0.00	0	   58.0	NaN	NaN	   48.3	   0.96	NaN	   1.02	  -0.76	   0.00	0	   57.0	NaN	NaN	   50.1	   0.67	NaN	   0.74	  -0.95	   0.00	0	   36.0	NaN	NaN	   41.8	  -0.15	NaN	   0.08	  -0.66	   0.00	ANCACGTGCAA_443/22	0	25.15	+
12:75250	  170.1	0	   19.9	NaN	NaN	   23.5	  -0.00	NaN	   0.10	  -0.99	   0.00	0	   54.4	NaN	NaN	   48.1	   0.70	NaN	   0.75	  -0.87	   0.00	0	   66.4	NaN	NaN	   50.7	   1.67	NaN	   1.79	  -0.74	   0.00	0	   29.4	NaN	NaN	   42.7	  -0.11	NaN	   0.01	  -0.81	   0.00	AGTCACGTT_258/19	0	12.28	+
12:163155	  161.0	0	   19.0	NaN	NaN	   23.5	  -0.02	NaN	   0.07	  -1.10	   0.00	0	   49.0	NaN	NaN	   48.1	   0.30	NaN	   0.33	  -0.72	   0.00	0	   52.0	NaN	NaN	   50.7	   0.30	NaN	   0.35	  -0.67	   0.00	0	   41.0	NaN	NaN	   42.7	  -0.08	NaN	   0.20	  -0.79	   0.00	GGTCACGTT_281/21	0	12.85	+
12:190679	  184.0	0	   31.0	NaN	NaN	   23.5	   0.85	NaN	   1.11	  -1.02	   0.00	0	   60.0	NaN	NaN	   48.1	   1.20	NaN	   1.27	  -0.83	   0.00	0	   60.0	NaN	NaN	   50.7	   0.87	NaN	   0.96	  -0.90	   0.00	0	   33.0	NaN	NaN	   42.7	  -0.14	NaN	   0.02	  -0.73	   0.00	TANCACGTGNG_360/6	0	36.22	+
12:225195	  180.0	0	   28.0	NaN	NaN	   23.5	   0.48	NaN	   0.70	  -0.63	   0.00	0	   59.0	NaN	NaN	   48.1	   1.09	NaN	   1.15	  -0.76	   0.00	0	   64.0	NaN	NaN	   50.7	   1.29	NaN	   1.40	  -0.81	   0.00	0	   29.0	NaN	NaN	   42.7	  -0.11	NaN	   0.00	  -0.91	   0.00	CTCACGTGAAA_434/12	0	35.64	+
12:237714	  150.0	0	   18.0	NaN	NaN	   23.5	  -0.03	NaN	   0.05	  -0.74	   0.00	0	   49.0	NaN	NaN	   48.1	   0.30	NaN	   0.33	  -1.05	   0.00	0	   53.0	NaN	NaN	   50.7	   0.35	NaN	   0.41	  -0.89	   0.00	0	   30.0	NaN	NaN	   42.7	  -0.11	NaN	   0.01	  -0.87	   0.00	CACGTGGT_134/12	0	7.48	+
12:356712	  172.0	0	   30.0	NaN	NaN	   23.5	   0.71	NaN	   0.96	  -0.73	   0.00	0	   47.0	NaN	NaN	   48.1	   0.21	NaN	   0.23	  -0.64	   0.00	0	   56.0	NaN	NaN	   50.7	   0.54	NaN	   0.61	  -0.67	   0.00	0	   39.0	NaN	NaN	   42.7	  -0.12	NaN	   0.13	  -0.83	   0.00	AGNNCACGTGNG_320/3	0	37.49	+
12:368318	  168.0	0	    8.0	NaN	NaN	   23.5	  -0.01	NaN	   0.00	  -0.85	   0.00	0	   65.0	NaN	NaN	   48.1	   1.84	NaN	   1.93	  -0.96	   0.00	0	   61.0	NaN	NaN	   50.7	   0.96	NaN	   1.06	  -0.97	   0.00	0	   34.0	NaN	NaN	   42.7	  -0.15	NaN	   0.03	  -0.95	   0.00	CACGTGTA_123/12	0	6.82	+
12:413159	  150.0	0	   21.0	NaN	NaN	   23.5	   0.02	NaN	   0.14	  -0.64	   0.00	0	   47.0	NaN	NaN	   48.1	   0.21	NaN	   0.23	  -0.68	   0.00	0	   51.0	NaN	NaN	   50.7	   0.25	NaN	   0.30	  -0.77	   0.00	0	   31.0	NaN	NaN	   42.7	  -0.12	NaN	   0.01	  -0.69	   0.00	CGTCACGTTNC_246/18	0	11.96	+
12:443515	  155.0	0	   23.0	NaN	NaN	   23.5	   0.10	NaN	   0.25	  -0.90	   0.00	0	   60.0	NaN	NaN	   48.1	   1.20	NaN	   1.27	  -0.90	   0.00	0	   42.0	NaN	NaN	   50.7	   0.03	NaN	   0.04	  -0.69	   0.00	0	   30.0	NaN	NaN	   42.7	  -0.11	NaN	   0.01	  -0.99	   0.00	--------	-1	0.00	*
12:466676	  153.0	0	   25.0	NaN	NaN	   23.5	   0.21	NaN	   0.40	  -0.83	   0.00	0	   62.0	NaN	NaN	   48.1	   1.44	NaN	   1.52	  -0.81	   0.00	0	   40.0	NaN	NaN	   50.7	   0.01	NaN	   0.02	  -0.90	   0.00	0	   26.0	NaN	NaN	   42.7	  -0.08	NaN	   0.00	  -0.56	   0.00	GGTCACATG_165/22	0	6.42	+
12:569222	  167.0	0	   18.0	NaN	NaN	   23.5	  -0.03	NaN	   0.05	  -0.83	   0.00	0	   64.0	NaN	NaN	   48.1	   1.70	NaN	   1.79	  -0.90	   0.00	0	   56.0	NaN	NaN	   50.7	   0.54	NaN	   0.61	  -0.67	   0.00	0	   29.0	NaN	NaN	   42.7	  -0.11	NaN	   0.00	  -0.86	   0.00	ATCACGTT_226/12	0	13.75	+
12:617975	  166.0	0	   26.0	NaN	NaN	   23.5	   0.29	NaN	   0.49	  -0.89	   0.00	0	   62.0	NaN	NaN	   48.1	   1.44	NaN	   1.52	  -0.77	   0.00	0	   42.0	NaN	NaN	   50.7	   0.03	NaN	   0.04	  -0.65	   0.00	0	   36.0	NaN	NaN	   42.7	  -0.15	NaN	   0.06	  -0.84	   0.00	ANCACGTGGA_373/12	0	27.68	+
12:626649	  152.0	0	   13.0	NaN	NaN	   23.5	  -0.03	NaN	   0.00	  -0.99	   0.00	0	   50.0	NaN	NaN	   48.1	   0.35	NaN	   0.39	  -0.68	   0.00	0	   54.0	NaN	NaN	   50.7	   0.41	NaN	   0.47	  -0.82	   0.00	0	   35.0	NaN	NaN	   42.7	  -0.15	NaN	   0.05	  -0.67	   0.00	ATCNCGTG_187/1	0	22.08	+
12:723087	  159.0	0	   12.0	NaN	NaN	   23.5	  -0.03	NaN	   0.00	  -0.88	   0.00	0	   64.0	NaN	NaN	   48.1	   1.70	NaN	   1.79	  -0.82	   0.00	0	   50.0	NaN	NaN	   50.7	   0.21	NaN	   0.25	  -0.78	   0.00	0	   33.0	NaN	NaN	   42.7	  -0.14	NaN	   0.02	  -0.73	   0.00	GATCACGTT_313/16	0	17.91	+
12:736569	  152.0	0	   23.0	NaN	NaN	   23.5	   0.10	NaN	   0.25	  -0.87	   0.00	0	   54.0	NaN	NaN	   48.1	   0.62	NaN	   0.67	  -0.72	   0.00	0	   45.0	NaN	NaN	   50.7	   0.07	NaN	   0.09	  -0.80	   0.00	0	   30.0	NaN	NaN	   42.7	  -0.11	NaN	   0.01	  -0.57	   0.00	CNNCACGTGNNA_241/1	0	30.18	+
12:879574	  166.0	0	   24.0	NaN	NaN	   23.5	   0.15	NaN	   0.32	  -0.70	   0.00	0	   52.0	NaN	NaN	   48.1	   0.47	NaN	   0.51	  -0.75	   0.00	0	   65.0	NaN	NaN	   50.7	   1.41	NaN	   1.52	  -0.85	   0.00	0	   25.0	NaN	NaN	   42.7	  -0.07	NaN	   0.00	  -0.82	   0.00	TANCACGTGGA_373/12	0	27.68	+
12:910545	  174.0	0	   18.0	NaN	NaN	   23.5	  -0.03	NaN	   0.05	  -1.13	   0.00	0	   57.0	NaN	NaN	   48.1	   0.88	NaN	   0.94	  -0.88	   0.00	0	   67.0	NaN	NaN	   50.7	   1.67	NaN	   1.79	  -0.81	   0.00	0	   32.0	NaN	NaN	   42.7	  -0.13	NaN	   0.02	  -1.02	   0.00	CNNCACGTGTT_222/17	0	10.90	+
12:917662	  152.0	0	   18.0	NaN	NaN	   23.5	  -0.03	NaN	   0.05	  -0.42	   0.00	0	   56.0	NaN	NaN	   48.1	   0.79	NaN	   0.84	  -0.71	   0.00	0	   50.0	NaN	NaN	   50.7	   0.21	NaN	   0.25	  -0.71	   0.00	0	   28.0	NaN	NaN	   42.7	  -0.10	NaN	   0.00	  -0.80	   0.00	TATCACATG_182/20	0	7.69	+
13:61037	  164.0	0	   24.0	NaN	NaN	   20.3	   0.42	NaN	   0.64	  -0.71	   0.00	0	   55.0	NaN	NaN	   47.3	   0.78	NaN	   0.83	  -0.80	   0.00	0	   54.0	NaN	NaN	   48.1	   0.60	NaN	   0.67	  -1.03	   0.00	0	   31.0	NaN	NaN	   37.5	  -0.15	NaN	   0.06	  -0.64	   0.00	TCANGTGNT_192/1	0	22.79	+
13:86847	  158.0	0	   20.0	NaN	NaN	   20.3	   0.10	NaN	   0.26	  -0.87	   0.00	0	   53.0	NaN	NaN	   47.3	   0.61	NaN	   0.65	  -1.00	   0.00	0	   52.0	NaN	NaN	   48.1	   0.45	NaN	   0.52	  -0.91	   0.00	0	   33.0	NaN	NaN	   37.5	  -0.14	NaN	   0.10	  -0.78	   0.00	TTCACGTT_130/16	0	6.10	+
13:113961	  155.0	0	   11.0	NaN	NaN	   20.3	  -0.03	NaN	   0.00	  -1.12	   0.00	0	   64.0	NaN	NaN	   47.3	   1.83	NaN	   1.92	  -0.77	   0.00	0	   65.0	NaN	NaN	   48.1	   1.81	NaN	   1.94	  -0.76	   0.00	0	   15.0	NaN	NaN	   37.5	  -0.03	NaN	   0.00	  -0.53	   0.00	CACATGCT_140/6	0	10.86	+
13:153401	  149.0	0	   20.0	NaN	NaN	   20.3	   0.10	NaN	   0.26	  -0.72	   0.00	0	   53.0	NaN	NaN	   47.3	   0.61	NaN	   0.65	  -0.70	   0.00	0	   45.0	NaN	NaN	   48.1	   0.13	NaN	   0.16	  -0.83	   0.00	0	   31.0	NaN	NaN	   37.5	  -0.15	NaN	   0.06	  -0.78	   0.00	GATCACGTT_313/16	0	17.91	+
13:189680	  161.0	0	   19.0	NaN	NaN	   20.3	   0.05	NaN	   0.19	  -0.84	   0.00	0	   63.0	NaN	NaN	   47.3	   1.69	NaN	   1.78	  -0.74	   0.00	0	   51.0	NaN	NaN	   48.1	   0.39	NaN	   0.45	  -0.94	   0.00	0	   28.0	NaN	NaN	   37.5	  -0.13	NaN	   0.02	  -0.57	   0.00	TATCACATGG_224/23	0	8.96	+
13:211218	  161.0	0	   23.0	NaN	NaN	   20.3	   0.32	NaN	   0.52	  -0.58	   0.00	0	   63.0	NaN	NaN	   47.3	   1.69	NaN	   1.78	  -1.03	   0.00	0	   48.0	NaN	NaN	   48.1	   0.24	NaN	   0.28	  -0.67	   0.00	0	   27.0	NaN	NaN	   37.5	  -0.13	NaN	   0.01	  -0.54	   0.00	TTCACGTT_130/16	0	6.10	+
13:277350	  166.0	0	   32.0	NaN	NaN	   20.3	   1.70	NaN	   2.02	  -0.85	   0.00	0	   46.0	NaN	NaN	   47.3	   0.20	NaN	   0.23	  -0.89	   0.00	0	   60.0	NaN	NaN	   48.1	   1.17	NaN	   1.27	  -0.72	   0.00	0	   28.0	NaN	NaN	   37.5	  -0.13	NaN	   0.02	  -0.70	   0.00	AGTCACGTT_258/19	0	12.28	+
13:315458	  182.0	0	   19.0	NaN	NaN	   20.3	   0.05	NaN	   0.19	  -0.86	   0.00	0	   56.0	NaN	NaN	   47.3	   0.87	NaN	   0.93	  -0.84	   0.00	0	   61.0	NaN	NaN	   48.1	   1.29	NaN	   1.39	  -0.95	   0.00	0	   46.0	NaN	NaN	   37.5	   0.61	NaN	   1.00	  -0.61	   0.00	CNNCACGTGGC_225/10	0	15.07	+
13:321410	  159.0	0	   15.0	NaN	NaN	   20.3	  -0.03	NaN	   0.04	  -0.65	   0.00	0	   46.0	NaN	NaN	   47.3	   0.20	NaN	   0.23	  -0.69	   0.00	0	   54.0	NaN	NaN	   48.1	   0.60	NaN	   0.67	  -0.97	   0.00	0	   44.0	NaN	NaN	   37.5	   0.41	NaN	   0.78	  -0.85	   0.00	CTTCACGTGTAT_479/22	0	29.08	+
13:363229	  153.0	0	   14.0	NaN	NaN	   20.3	  -0.04	NaN	   0.03	  -1.10	   0.00	0	   60.0	NaN	NaN	   47.3	   1.31	NaN	   1.38	  -0.66	   0.00	0	   47.0	NaN	NaN	   48.1	   0.20	NaN	   0.24	  -0.82	   0.00	0	   32.0	NaN	NaN	   37.5	  -0.14	NaN	   0.08	  -0.51	   0.00	TTTTCACGTGCTT_552/21	0	40.36	+
13:421667	  154.0	0	   21.0	NaN	NaN	   20.3	   0.17	NaN	   0.33	  -0.68	   0.00	0	   55.0	NaN	NaN	   47.3	   0.78	NaN	   0.83	  -1.03	   0.00	0	   47.0	NaN	NaN	   48.1	   0.20	NaN	   0.24	  -0.75	   0.00	0	   31.0	NaN	NaN	   37.5	  -0.15	NaN	   0.06	  -0.76	   0.00	TCANGTGNC_110/1	0	12.27	+
13:429241	  156.0	0	   23.0	NaN	NaN	   20.3	   0.32	NaN	   0.52	  -0.55	   0.00	0	   54.0	NaN	NaN	   47.3	   0.69	NaN	   0.74	  -0.64	   0.00	0	   55.0	NaN	NaN	   48.1	   0.68	NaN	   0.75	  -0.75	   0.00	0	   24.0	NaN	NaN	   37.5	  -0.10	NaN	   0.00	  -0.73	   0.00	AATCACGTT_270/12	0	17.32	+
13:450481	  151.0	0	   11.0	NaN	NaN	   20.3	  -0.03	NaN	   0.00	  -0.93	   0.00	0	   42.0	NaN	NaN	   47.3	   0.08	NaN	   0.10	  -0.60	   0.00	0	   53.0	NaN	NaN	   48.1	   0.52	NaN	   0.59	  -0.93	   0.00	0	   45.0	NaN	NaN	   37.5	   0.51	NaN	   0.89	  -0.79	   0.00	GTCACGNG_164/4	0	14.85	+
13:456048	  166.0	0	   20.0	NaN	NaN	   20.3	   0.10	NaN	   0.26	  -0.76	   0.00	0	   60.0	NaN	NaN	   47.3	   1.31	NaN	   1.38	  -0.69	   0.00	0	   55.0	NaN	NaN	   48.1	   0.68	NaN	   0.75	  -0.75	   0.00	0	   31.0	NaN	NaN	   37.5	  -0.15	NaN	   0.06	  -0.69	   0.00	GGTCACATG_165/22	0	6.42	+
13:465889	  154.0	0	   26.0	NaN	NaN	   20.3	   0.66	NaN	   0.91	  -0.84	   0.00	0	   40.0	NaN	NaN	   47.3	   0.04	NaN	   0.06	  -0.58	   0.00	0	   56.0	NaN	NaN	   48.1	   0.76	NaN	   0.84	  -0.81	   0.00	0	   32.0	NaN	NaN	   37.5	  -0.15	NaN	   0.08	  -0.82	   0.00	AGTCACGTT_258/19	0	12.28	+
13:616590	  161.0	0	   19.0	NaN	NaN	   20.3	   0.05	NaN	   0.19	  -0.88	   0.00	0	   60.0	NaN	NaN	   47.3	   1.31	NaN	   1.38	  -0.73	   0.00	0	   50.0	NaN	NaN	   48.1	   0.33	NaN	   0.39	  -0.96	   0.00	0	   32.0	NaN	NaN	   37.5	  -0.15	NaN	   0.08	  -0.55	   0.00	ATCNCGTG_187/1	0	22.08	+
13:623105	  151.0	0	   15.0	NaN	NaN	   20.3	  -0.03	NaN	   0.04	  -0.80	   0.00	0	   62.0	NaN	NaN	   47.3	   1.56	NaN	   1.64	  -0.77	   0.00	0	   53.0	NaN	NaN	   48.1	   0.52	NaN	   0.59	  -0.95	   0.00	0	   21.0	NaN	NaN	   37.5	  -0.07	NaN	   0.00	  -0.72	   0.00	GTCACGNG_164/4	0	14.85	+
13:628966	  156.0	0	   17.0	NaN	NaN	   20.3	  -0.00	NaN	   0.10	  -0.95	   0.00	0	   45.0	NaN	NaN	   47.3	   0.17	NaN	   0.19	  -0.74	   0.00	0	   50.0	NaN	NaN	   48.1	   0.33	NaN	   0.39	  -0.84	   0.00	0	   44.0	NaN	NaN	   37.5	   0.41	NaN	   0.78	  -0.63	   0.00	CACGTGTAT_277/13	0	17.13	+
13:651900	  152.0	0	   14.0	NaN	NaN	   20.3	  -0.04	NaN	   0.03	  -0.89	   0.00	0	   40.0	NaN	NaN	   47.3	   0.04	NaN	   0.06	  -0.63	   0.00	0	   58.0	NaN	NaN	   48.1	   0.95	NaN	   1.04	  -0.82	   0.00	0	   40.0	NaN	NaN	   37.5	   0.11	NaN	   0.44	  -0.65	   0.00	GATCACATG_201/21	0	8.37	+
13:701356	  161.0	0	   16.0	NaN	NaN	   20.3	  -0.02	NaN	   0.07	  -0.95	   0.00	0	   63.0	NaN	NaN	   47.3	   1.69	NaN	   1.78	  -0.87	   0.00	0	   50.0	NaN	NaN	   48.1	   0.33	NaN	   0.39	  -0.70	   0.00	0	   32.0	NaN	NaN	   37.5	  -0.15	NaN	   0.08	  -0.54	   0.00	TCAGGTGA_127/3	0	12.06	+
13:756529	  154.0	0	   16.0	NaN	NaN	   23.4	  -0.04	NaN	   0.02	  -0.70	   0.00	0	   50.0	NaN	NaN	   59.8	   0.03	NaN	   0.04	  -0.61	   0.00	0	   52.0	NaN	NaN	   53.5	   0.19	NaN	   0.22	  -0.65	   0.00	0	   36.0	NaN	NaN	   44.3	  -0.14	NaN	   0.04	  -0.66	   0.00	CTCACGTGTAA_434/20	0	25.92	+
13:764504	  149.0	0	   22.0	NaN	NaN	   20.3	   0.23	NaN	   0.42	  -0.71	   0.00	0	   53.0	NaN	NaN	   47.3	   0.61	NaN	   0.65	  -0.79	   0.00	0	   55.0	NaN	NaN	   48.1	   0.68	NaN	   0.75	  -0.83	   0.00	0	   19.0	NaN	NaN	   37.5	  -0.06	NaN	   0.00	  -0.90	   0.00	GGTCACGTT_281/21	0	12.85	+
13:830142	  156.0	0	   21.0	NaN	NaN	   20.3	   0.17	NaN	   0.33	  -0.97	   0.00	0	   61.0	NaN	NaN	   47.3	   1.43	NaN	   1.50	  -0.83	   0.00	0	   47.0	NaN	NaN	   48.1	   0.20	NaN	   0.24	  -0.79	   0.00	0	   27.0	NaN	NaN	   37.5	  -0.13	NaN	   0.01	  -0.72	   0.00	GGCACATGA_137/19	0	5.77	+
14:41986	  159.0	0	   16.0	NaN	NaN	   28.1	  -0.03	NaN	   0.00	  -0.82	   0.00	0	   64.0	NaN	NaN	   62.1	   0.34	NaN	   0.38	  -0.69	   0.00	0	   62.0	NaN	NaN	   64.5	   0.16	NaN	   0.20	  -0.68	   0.00	0	   17.0	NaN	NaN	   47.3	  -0.01	NaN	   0.00	  -0.73	   0.00	ACGTGCT_102/3	0	9.58	+
14:69418	  155.0	0	   13.0	NaN	NaN	   28.1	  -0.01	NaN	   0.00	  -0.56	   0.00	0	   57.0	NaN	NaN	   62.1	   0.10	NaN	   0.12	  -0.88	   0.00	0	   55.0	NaN	NaN	   64.5	   0.03	NaN	   0.05	  -0.71	   0.00	0	   30.0	NaN	NaN	   47.3	  -0.08	NaN	   0.00	  -0.67	   0.00	GATCACATGG_234/23	0	9.47	+
14:109782	  160.0	0	   21.0	NaN	NaN	   28.1	  -0.04	NaN	   0.03	  -0.78	   0.00	0	   68.0	NaN	NaN	   62.1	   0.57	NaN	   0.62	  -0.86	   0.00	0	   46.0	NaN	NaN	   64.5	  -0.00	NaN	   0.00	  -0.91	   0.00	0	   25.0	NaN	NaN	   47.3	  -0.05	NaN	   0.00	  -0.60	   0.00	AGTCACGT_227/12	0	13.83	+
14:157533	  190.0	0	   15.0	NaN	NaN	   28.1	  -0.02	NaN	   0.00	  -0.77	   0.00	0	   67.0	NaN	NaN	   62.1	   0.51	NaN	   0.55	  -0.89	   0.00	0	   69.0	NaN	NaN	   64.5	   0.46	NaN	   0.52	  -0.72	   0.00	0	   39.0	NaN	NaN	   47.3	  -0.15	NaN	   0.04	  -0.78	   0.00	GGTCACGTT_281/21	0	12.85	+
14:186367	  191.0	0	   14.0	NaN	NaN	   28.1	  -0.02	NaN	   0.00	  -0.62	   0.00	0	   80.0	NaN	NaN	   62.1	   1.71	NaN	   1.79	  -0.81	   0.00	0	   74.0	NaN	NaN	   64.5	   0.80	NaN	   0.88	  -0.79	   0.00	0	   23.0	NaN	NaN	   47.3	  -0.04	NaN	   0.00	  -0.85	   0.00	GTCACGNG_164/4	0	14.85	+
14:205823	  181.0	0	   19.0	NaN	NaN	   28.1	  -0.04	NaN	   0.01	  -0.76	   0.00	0	   73.0	NaN	NaN	   62.4	   0.93	NaN	   0.99	  -0.76	   0.00	0	   58.0	NaN	NaN	   64.5	   0.07	NaN	   0.09	  -0.67	   0.00	0	   31.0	NaN	NaN	   47.3	  -0.09	NaN	   0.00	  -0.51	   0.00	AATCACGTT_270/12	0	17.32	+
14:342814	  188.0	0	   19.0	NaN	NaN	   28.1	  -0.04	NaN	   0.01	  -0.71	   0.00	0	   56.0	NaN	NaN	   62.1	   0.08	NaN	   0.10	  -0.62	   0.00	0	   64.0	NaN	NaN	   64.5	   0.23	NaN	   0.27	  -0.76	   0.00	0	   49.0	NaN	NaN	   47.3	   0.05	NaN	   0.37	  -0.74	   0.00	CACGTGNAA_224/4	0	21.55	+
14:475623	  182.0	0	   23.0	NaN	NaN	   28.1	  -0.02	NaN	   0.07	  -0.87	   0.00	0	   63.0	NaN	NaN	   62.1	   0.30	NaN	   0.33	  -0.70	   0.00	0	   58.0	NaN	NaN	   64.5	   0.07	NaN	   0.09	  -0.84	   0.00	0	   38.0	NaN	NaN	   47.3	  -0.14	NaN	   0.03	  -0.81	   0.00	ATCNCGTG_187/1	0	22.08	+
14:505144	  211.0	0	   24.0	NaN	NaN	   28.1	  -0.01	NaN	   0.09	  -0.69	   0.00	0	   77.0	NaN	NaN	   62.1	   1.36	NaN	   1.43	  -0.78	   0.00	0	   60.0	NaN	NaN	   64.5	   0.11	NaN	   0.14	  -0.99	   0.00	0	   50.0	NaN	NaN	   47.3	   0.11	NaN	   0.43	  -0.99	   0.00	GATCACATG_201/21	0	8.37	+
14:527997	  191.4	0	   21.7	NaN	NaN	   28.1	  -0.03	NaN	   0.05	  -1.09	   0.00	0	   65.7	NaN	NaN	   62.1	   0.45	NaN	   0.49	  -0.75	   0.00	0	   72.5	NaN	NaN	   64.5	   0.72	NaN	   0.80	  -0.81	   0.00	0	   31.5	NaN	NaN	   47.3	  -0.10	NaN	   0.00	  -0.77	   0.00	CACGTGNG_82/2	0	8.35	+
14:530203	  148.0	0	   20.0	NaN	NaN	   28.1	  -0.04	NaN	   0.02	  -0.76	   0.00	0	   52.0	NaN	NaN	   62.1	   0.03	NaN	   0.04	  -0.77	   0.00	0	   42.0	NaN	NaN	   64.5	  -0.00	NaN	   0.00	  -0.63	   0.00	0	   34.0	NaN	NaN	   47.3	  -0.12	NaN	   0.01	  -0.65	   0.00	CTCACGTGGGT_475/17	0	34.09	+
14:550661	  237.0	0	   43.0	NaN	NaN	   28.1	   1.95	NaN	   2.28	  -0.78	   0.00	0	   58.0	NaN	NaN	   62.1	   0.13	NaN	   0.15	  -0.58	   0.00	0	   76.0	NaN	NaN	   64.5	   0.97	NaN	   1.06	  -0.73	   0.00	0	   60.0	NaN	NaN	   58.4	   0.05	NaN	   0.36	  -0.52	   0.00	GGCACATGAT_141/19	0	5.96	+
14:557905	  192.0	0	   24.0	NaN	NaN	   28.1	  -0.01	NaN	   0.09	  -0.95	   0.00	0	   71.0	NaN	NaN	   62.1	   0.79	NaN	   0.85	  -0.75	   0.00	0	   71.0	NaN	NaN	   64.5	   0.58	NaN	   0.65	  -1.01	   0.00	0	   26.0	NaN	NaN	   47.3	  -0.05	NaN	   0.00	  -0.65	   0.00	--------	-1	0.00	*
14:598749	  156.0	0	   19.0	NaN	NaN	   28.1	  -0.04	NaN	   0.01	  -0.87	   0.00	0	   48.0	NaN	NaN	   62.1	   0.01	NaN	   0.01	  -0.67	   0.00	0	   54.0	NaN	NaN	   64.5	   0.02	NaN	   0.04	  -0.74	   0.00	0	   35.0	NaN	NaN	   47.3	  -0.12	NaN	   0.01	  -0.56	   0.00	GNCACGTGCA_400/23	0	20.43	+
14:607486	  186.0	0	   25.0	NaN	NaN	   28.1	   0.01	NaN	   0.13	  -1.15	   0.00	0	   56.0	NaN	NaN	   62.1	   0.08	NaN	   0.10	  -0.85	   0.00	0	   66.0	NaN	NaN	   64.5	   0.31	NaN	   0.36	  -0.80	   0.00	0	   39.0	NaN	NaN	   47.3	  -0.15	NaN	   0.04	  -0.80	   0.00	CTCACGTGCA_466/27	0	23.75	+
14:613081	  170.5	0	   19.8	NaN	NaN	   28.1	  -0.04	NaN	   0.02	  -0.24	   0.00	0	   77.1	NaN	NaN	   62.1	   1.47	NaN	   1.55	  -0.26	   0.00	0	   50.8	NaN	NaN	   64.5	   0.00	NaN	   0.02	  -0.21	   0.00	0	   22.8	NaN	NaN	   47.3	  -0.04	NaN	   0.00	  -0.50	   0.00	GGTCANGT_68/1	0	7.61	+
14:650430	  172.0	0	   18.0	NaN	NaN	   28.1	  -0.04	NaN	   0.01	  -0.73	   0.00	0	   59.0	NaN	NaN	   62.1	   0.15	NaN	   0.17	  -0.90	   0.00	0	   64.0	NaN	NaN	   64.5	   0.23	NaN	   0.27	  -0.66	   0.00	0	   31.0	NaN	NaN	   47.3	  -0.09	NaN	   0.00	  -0.72	   0.00	TTCACGTGGA_433/22	0	24.15	+
14:692640	  158.0	0	   11.0	NaN	NaN	   28.1	  -0.01	NaN	   0.00	  -0.63	   0.00	0	   61.0	NaN	NaN	   62.1	   0.22	NaN	   0.24	  -0.60	   0.00	0	   65.0	NaN	NaN	   64.5	   0.27	NaN	   0.31	  -0.69	   0.00	0	   21.0	NaN	NaN	   47.3	  -0.03	NaN	   0.00	  -0.64	   0.00	CNNCACGTGNA_233/4	0	22.64	+
14:723088	  181.0	0	    9.0	NaN	NaN	   28.1	  -0.01	NaN	   0.00	  -0.88	   0.00	0	   78.0	NaN	NaN	   62.1	   1.47	NaN	   1.55	  -0.73	   0.00	0	   67.0	NaN	NaN	   64.5	   0.35	NaN	   0.41	  -0.69	   0.00	0	   27.0	NaN	NaN	   47.3	  -0.06	NaN	   0.00	  -0.76	   0.00	GGCACATGAT_141/19	0	5.96	+
15:42850	  178.0	0	   25.0	NaN	NaN	   24.2	   0.16	NaN	   0.34	  -0.59	   0.00	0	   57.0	NaN	NaN	   52.4	   0.51	NaN	   0.55	  -0.86	   0.00	0	   65.0	NaN	NaN	   54.5	   0.95	NaN	   1.04	  -0.70	   0.00	0	   31.0	NaN	NaN	   40.1	  -0.14	NaN	   0.03	  -0.77	   0.00	AATCACGTT_270/12	0	17.32	+
15:130428	  184.0	0	   23.7	NaN	NaN	   24.2	   0.11	NaN	   0.27	  -0.74	   0.00	0	   70.1	NaN	NaN	   52.4	   1.99	NaN	   2.09	  -0.84	   0.00	0	   65.3	NaN	NaN	   54.5	   1.05	NaN	   1.14	  -0.79	   0.00	0	   24.9	NaN	NaN	   40.1	  -0.09	NaN	   0.00	  -0.59	   0.00	--------	-1	0.00	*
15:210678	  153.0	0	   22.0	NaN	NaN	   24.2	   0.02	NaN	   0.16	  -1.05	   0.00	0	   51.0	NaN	NaN	   52.4	   0.20	NaN	   0.23	  -0.74	   0.00	0	   60.0	NaN	NaN	   54.5	   0.54	NaN	   0.61	  -0.81	   0.00	0	   20.0	NaN	NaN	   40.1	  -0.05	NaN	   0.00	  -0.65	   0.00	TCACATGAT_267/23	0	11.25	+
15:249595	  153.0	0	   21.0	NaN	NaN	   24.2	  -0.00	NaN	   0.11	  -0.59	   0.00	0	   42.0	NaN	NaN	   52.4	   0.02	NaN	   0.03	  -0.60	   0.00	0	   62.0	NaN	NaN	   54.5	   0.69	NaN	   0.77	  -0.78	   0.00	0	   28.0	NaN	NaN	   40.1	  -0.12	NaN	   0.01	  -0.72	   0.00	GTCACGNG_164/4	0	14.85	+
15:285275	  198.0	0	   31.0	NaN	NaN	   24.2	   0.74	NaN	   0.99	  -0.93	   0.00	0	   63.0	NaN	NaN	   52.4	   1.02	NaN	   1.08	  -0.89	   0.00	0	   56.0	NaN	NaN	   54.5	   0.31	NaN	   0.36	  -0.89	   0.00	0	   48.0	NaN	NaN	   40.1	   0.52	NaN	   0.91	  -0.82	   0.00	CGTCACGTTNT_327/18	0	17.69	+
15:328351	  187.0	0	   26.0	NaN	NaN	   38.3	  -0.04	NaN	   0.01	  -0.84	   0.00	0	   46.0	NaN	NaN	   54.8	   0.03	NaN	   0.05	  -1.05	   0.00	0	   63.0	NaN	NaN	   57.3	   0.55	NaN	   0.61	  -0.70	   0.00	0	   52.0	NaN	NaN	  104.1	  -0.01	NaN	   0.00	  -0.60	   0.00	TANCACGTGNG_360/6	0	36.22	+
15:438751	  173.0	0	   28.0	NaN	NaN	   24.2	   0.40	NaN	   0.61	  -0.54	   0.00	0	   56.0	NaN	NaN	   52.4	   0.45	NaN	   0.49	  -0.60	   0.00	0	   56.0	NaN	NaN	   54.5	   0.31	NaN	   0.36	  -0.79	   0.00	0	   33.0	NaN	NaN	   40.1	  -0.15	NaN	   0.05	  -0.65	   0.00	TCANGTGNT_192/1	0	22.79	+
15:468526	  155.0	0	   21.0	NaN	NaN	   24.2	  -0.00	NaN	   0.11	  -0.94	   0.00	0	   48.0	NaN	NaN	   52.4	   0.11	NaN	   0.13	  -0.84	   0.00	0	   52.0	NaN	NaN	   54.5	   0.15	NaN	   0.19	  -0.75	   0.00	0	   34.0	NaN	NaN	   40.1	  -0.15	NaN	   0.07	  -0.74	   0.00	TATCACATGCT_274/24	0	11.29	+
15:495934	  177.0	0	   19.0	NaN	NaN	   24.2	  -0.03	NaN	   0.06	  -0.73	   0.00	0	   59.0	NaN	NaN	   52.4	   0.66	NaN	   0.71	  -1.15	   0.00	0	   61.0	NaN	NaN	   54.5	   0.61	NaN	   0.68	  -0.80	   0.00	0	   38.0	NaN	NaN	   40.1	  -0.09	NaN	   0.18	  -0.63	   0.00	CATCACATG_155/20	0	6.39	+
15:585661	  183.0	0	   20.0	NaN	NaN	   24.2	  -0.02	NaN	   0.08	  -0.87	   0.00	0	   69.0	NaN	NaN	   52.4	   1.72	NaN	   1.80	  -0.80	   0.00	0	   65.0	NaN	NaN	   54.5	   0.95	NaN	   1.04	  -0.79	   0.00	0	   29.0	NaN	NaN	   40.1	  -0.13	NaN	   0.01	  -0.66	   0.00	ANCACGTGT_354/12	0	25.51	+
15:589823	  152.7	0	   15.6	NaN	NaN	   24.2	  -0.04	NaN	   0.01	  -0.35	   0.00	0	   48.8	NaN	NaN	   52.4	   0.14	NaN	   0.16	  -0.41	   0.00	0	   67.6	NaN	NaN	   54.5	   1.26	NaN	   1.36	  -0.37	   0.00	0	   20.8	NaN	NaN	   40.1	  -0.06	NaN	   0.00	  -0.39	   0.00	TTCACGT_86/8	0	5.80	+
15:599437	  172.0	0	   21.0	NaN	NaN	   24.2	   0.00	NaN	   0.11	  -0.67	   0.00	0	   64.0	NaN	NaN	   52.4	   1.12	NaN	   1.18	  -0.92	   0.00	0	   54.0	NaN	NaN	   54.5	   0.22	NaN	   0.26	  -1.10	   0.00	0	   33.0	NaN	NaN	   40.1	  -0.15	NaN	   0.05	  -0.93	   0.00	CACGTGCNT_350/7	0	32.62	+
15:612810	  173.0	0	   10.0	NaN	NaN	   24.2	  -0.01	NaN	   0.00	  -0.39	   0.00	0	   61.0	NaN	NaN	   52.4	   0.83	NaN	   0.88	  -0.67	   0.00	0	   71.0	NaN	NaN	   54.5	   1.62	NaN	   1.74	  -0.68	   0.00	0	   31.0	NaN	NaN	   40.1	  -0.14	NaN	   0.03	  -0.72	   0.00	CACGTGCAA_353/20	0	18.48	+
15:622930	  150.0	0	   13.0	NaN	NaN	   24.2	  -0.03	NaN	   0.00	  -0.66	   0.00	0	   60.0	NaN	NaN	   52.4	   0.74	NaN	   0.79	  -0.75	   0.00	0	   59.0	NaN	NaN	   54.5	   0.47	NaN	   0.54	  -0.90	   0.00	0	   18.0	NaN	NaN	   40.1	  -0.04	NaN	   0.00	  -1.15	   0.00	CACGTGNG_82/2	0	8.35	+
15:672027	  167.0	0	   18.0	NaN	NaN	   24.2	  -0.04	NaN	   0.04	  -0.70	   0.00	0	   68.0	NaN	NaN	   52.4	   1.59	NaN	   1.67	  -0.77	   0.00	0	   57.0	NaN	NaN	   54.5	   0.36	NaN	   0.41	  -0.77	   0.00	0	   24.0	NaN	NaN	   40.1	  -0.08	NaN	   0.00	  -1.09	   0.00	CNNCACGTGCTT_420/9	0	39.09	+
15:823618	  208.0	0	   25.0	NaN	NaN	   24.2	   0.16	NaN	   0.34	  -0.70	   0.00	0	   71.0	NaN	NaN	   52.4	   1.99	NaN	   2.09	  -0.74	   0.00	0	   73.0	NaN	NaN	   54.5	   1.89	NaN	   2.01	  -0.78	   0.00	0	   39.0	NaN	NaN	   40.1	  -0.06	NaN	   0.23	  -0.84	   0.00	GTCACGNG_164/4	0	14.85	+
15:913403	  192.0	0	   23.0	NaN	NaN	   24.2	   0.06	NaN	   0.21	  -0.68	   0.00	0	   68.0	NaN	NaN	   52.4	   1.59	NaN	   1.67	  -0.82	   0.00	0	   66.0	NaN	NaN	   54.5	   1.05	NaN	   1.14	  -0.80	   0.00	0	   35.0	NaN	NaN	   40.1	  -0.14	NaN	   0.09	  -0.81	   0.00	GNANCACGTGTTT_437/21	0	25.37	+
15:963024	  150.0	0	   14.0	NaN	NaN	   24.2	  -0.03	NaN	   0.00	  -0.60	   0.00	0	   56.0	NaN	NaN	   52.4	   0.45	NaN	   0.49	  -0.60	   0.00	0	   52.0	NaN	NaN	   54.5	   0.15	NaN	   0.19	  -0.65	   0.00	0	   28.0	NaN	NaN	   40.1	  -0.12	NaN	   0.01	  -0.77	   0.00	ANGNNACGTGCG_101/4	0	8.80	+
15:1012081	  178.0	0	   18.0	NaN	NaN	   24.2	  -0.03	NaN	   0.04	  -1.03	   0.00	0	   68.0	NaN	NaN	   52.4	   1.59	NaN	   1.67	  -0.92	   0.00	0	   63.0	NaN	NaN	   54.5	   0.77	NaN	   0.85	  -0.77	   0.00	0	   29.0	NaN	NaN	   40.1	  -0.13	NaN	   0.01	  -0.63	   0.00	CTCACGTGTAA_434/20	0	25.92	+
15:1027056	  148.0	0	   20.0	NaN	NaN	   24.2	  -0.02	NaN	   0.08	  -1.03	   0.00	0	   53.0	NaN	NaN	   52.4	   0.29	NaN	   0.32	  -0.74	   0.00	0	   45.0	NaN	NaN	   54.5	   0.02	NaN	   0.04	  -0.73	   0.00	0	   30.0	NaN	NaN	   40.1	  -0.13	NaN	   0.02	  -0.91	   0.00	GGTCACATG_165/22	0	6.42	+
15:1063634	  156.0	0	   12.0	NaN	NaN	   24.2	  -0.02	NaN	   0.00	  -0.70	   0.00	0	   45.0	NaN	NaN	   52.4	   0.05	NaN	   0.06	  -0.75	   0.00	0	   62.0	NaN	NaN	   54.5	   0.69	NaN	   0.77	  -1.02	   0.00	0	   37.0	NaN	NaN	   40.1	  -0.12	NaN	   0.15	  -0.75	   0.00	CACGTGCA_307/20	0	15.04	+
16:196402	  191.0	0	   24.9	NaN	NaN	   21.0	   0.43	NaN	   0.66	  -0.15	   0.00	0	   66.3	NaN	NaN	   50.3	   1.77	NaN	   1.86	  -0.19	   0.00	0	   65.4	NaN	NaN	   50.8	   1.52	NaN	   1.63	  -0.11	   0.00	0	   34.3	NaN	NaN	   37.4	  -0.10	NaN	   0.17	  -0.29	   0.00	TCAGGTGA_127/3	0	12.06	+
16:258192	  150.0	0	   15.0	NaN	NaN	   21.0	  -0.03	NaN	   0.03	  -0.67	   0.00	0	   52.0	NaN	NaN	   50.3	   0.34	NaN	   0.37	  -1.07	   0.00	0	   50.0	NaN	NaN	   50.8	   0.21	NaN	   0.25	  -0.99	   0.00	0	   33.0	NaN	NaN	   37.4	  -0.14	NaN	   0.10	  -0.78	   0.00	CACGTGCA_307/20	0	15.04	+
16:309476	  164.0	0	   18.0	NaN	NaN	   21.0	   0.00	NaN	   0.11	  -0.98	   0.00	0	   57.0	NaN	NaN	   50.3	   0.68	NaN	   0.72	  -0.81	   0.00	0	   61.0	NaN	NaN	   50.8	   0.95	NaN	   1.04	  -1.00	   0.00	0	   28.0	NaN	NaN	   37.4	  -0.13	NaN	   0.02	  -0.87	   0.00	GGTCACATG_165/22	0	6.42	+
16:347246	  148.0	0	   27.0	NaN	NaN	   21.0	   0.68	NaN	   0.92	  -0.59	   0.00	0	   44.0	NaN	NaN	   51.9	   0.04	NaN	   0.06	  -0.74	   0.00	0	   37.0	NaN	NaN	   50.8	  -0.00	NaN	   0.01	  -0.76	   0.00	0	   40.0	NaN	NaN	   37.4	   0.11	NaN	   0.45	  -0.53	   0.00	ANTCANGTGA_123/1	0	13.80	+
16:412825	  160.5	0	   23.9	NaN	NaN	   21.0	   0.33	NaN	   0.54	  -0.79	   0.00	0	   47.9	NaN	NaN	   50.3	   0.17	NaN	   0.19	  -0.82	   0.00	0	   55.7	NaN	NaN	   50.8	   0.53	NaN	   0.60	  -0.99	   0.00	0	   33.0	NaN	NaN	   37.4	  -0.12	NaN	   0.13	  -0.94	   0.00	TCAGGTGA_127/3	0	12.06	+
16:564667	  205.0	0	   24.0	NaN	NaN	   21.0	   0.33	NaN	   0.54	  -0.93	   0.00	0	   52.0	NaN	NaN	   50.3	   0.34	NaN	   0.37	  -0.69	   0.00	0	   65.0	NaN	NaN	   50.8	   1.40	NaN	   1.51	  -0.75	   0.00	0	   64.0	NaN	NaN	   49.3	   1.19	NaN	   1.61	  -0.78	   0.00	ATCACGTTT_236/12	0	14.53	+
16:592476	  168.0	0	   22.0	NaN	NaN	   21.0	   0.17	NaN	   0.35	  -0.61	   0.00	0	   60.0	NaN	NaN	   50.3	   0.95	NaN	   1.00	  -0.82	   0.00	0	   59.0	NaN	NaN	   50.8	   0.77	NaN	   0.85	  -0.85	   0.00	0	   27.0	NaN	NaN	   37.4	  -0.13	NaN	   0.01	  -0.82	   0.00	GATCACATGG_234/23	0	9.47	+
16:618949	  156.0	0	   11.0	NaN	NaN	   21.0	  -0.03	NaN	   0.00	  -0.58	   0.00	0	   68.0	NaN	NaN	   50.3	   1.91	NaN	   2.00	  -0.74	   0.00	0	   54.0	NaN	NaN	   50.8	   0.40	NaN	   0.46	  -0.80	   0.00	0	   23.0	NaN	NaN	   37.4	  -0.09	NaN	   0.00	  -0.86	   0.00	GTCACATGCT_201/26	0	7.17	+
16:626687	  151.0	0	   13.0	NaN	NaN	   21.0	  -0.04	NaN	   0.01	  -0.95	   0.00	0	   54.0	NaN	NaN	   50.3	   0.46	NaN	   0.50	  -0.76	   0.00	0	   54.0	NaN	NaN	   50.8	   0.40	NaN	   0.46	  -0.84	   0.00	0	   30.0	NaN	NaN	   37.4	  -0.14	NaN	   0.04	  -0.67	   0.00	GTCACGTT_213/18	0	9.98	+
16:654386	  178.0	0	   28.0	NaN	NaN	   21.0	   0.82	NaN	   1.08	  -0.71	   0.00	0	   56.0	NaN	NaN	   67.1	   0.02	NaN	   0.03	  -0.93	   0.00	0	   60.0	NaN	NaN	   64.1	   0.12	NaN	   0.15	  -0.88	   0.00	0	   34.0	NaN	NaN	   37.4	  -0.13	NaN	   0.13	  -0.87	   0.00	AGTCACGT_227/12	0	13.83	+
16:727869	  154.0	0	   14.0	NaN	NaN	   21.0	  -0.04	NaN	   0.02	  -0.82	   0.00	0	   58.0	NaN	NaN	   50.3	   0.76	NaN	   0.81	  -0.57	   0.00	0	   59.0	NaN	NaN	   50.8	   0.77	NaN	   0.85	  -0.80	   0.00	0	   23.0	NaN	NaN	   37.4	  -0.09	NaN	   0.00	  -0.80	   0.00	CACGTGCA_307/20	0	15.04	+
16:770713	  162.0	0	   24.0	NaN	NaN	   21.0	   0.33	NaN	   0.54	  -0.70	   0.00	0	   65.0	NaN	NaN	   50.3	   1.51	NaN	   1.59	  -0.99	   0.00	0	   38.0	NaN	NaN	   50.8	   0.00	NaN	   0.01	  -0.72	   0.00	0	   35.0	NaN	NaN	   37.4	  -0.10	NaN	   0.17	  -0.51	   0.00	AGTCACGTT_258/19	0	12.28	+
16:930532	  168.0	0	   18.0	NaN	NaN	   21.0	   0.00	NaN	   0.11	  -0.81	   0.00	0	   54.0	NaN	NaN	   50.3	   0.46	NaN	   0.50	  -0.81	   0.00	0	   56.0	NaN	NaN	   50.8	   0.53	NaN	   0.60	  -0.76	   0.00	0	   40.0	NaN	NaN	   37.4	   0.11	NaN	   0.45	  -0.64	   0.00	ATTCACGTGTT_474/27	0	24.52	+
2:27211	  202.0	0	   33.0	NaN	NaN	   22.2	   1.42	NaN	   1.72	  -0.75	   0.00	0	   66.0	NaN	NaN	   49.7	   1.73	NaN	   1.82	  -0.78	   0.00	0	   68.0	NaN	NaN	   50.8	   1.79	NaN	   1.92	  -0.82	   0.00	0	   35.0	NaN	NaN	   39.6	  -0.14	NaN	   0.10	  -0.75	   0.00	CNNCACGTGTTA_313/18	0	16.60	+
2:29877	  151.0	0	   18.0	NaN	NaN	   22.2	  -0.02	NaN	   0.07	  -1.06	   0.00	0	   52.0	NaN	NaN	   49.7	   0.38	NaN	   0.41	  -0.79	   0.00	0	   59.0	NaN	NaN	   50.8	   0.77	NaN	   0.85	  -0.95	   0.00	0	   22.0	NaN	NaN	   39.6	  -0.07	NaN	   0.00	  -1.07	   0.00	AATCACGT_260/6	0	22.79	+
2:48656	  170.1	0	   18.0	NaN	NaN	   22.2	  -0.02	NaN	   0.07	  -0.79	   0.00	0	   60.4	NaN	NaN	   49.7	   1.12	NaN	   1.18	  -0.82	   0.00	0	   60.9	NaN	NaN	   50.8	   0.96	NaN	   1.05	  -0.84	   0.00	0	   30.8	NaN	NaN	   39.6	  -0.14	NaN	   0.03	  -0.80	   0.00	AATCACGTT_270/12	0	17.32	+
2:84320	  174.0	0	   21.0	NaN	NaN	   22.2	   0.06	NaN	   0.20	  -0.81	   0.00	0	   65.0	NaN	NaN	   49.7	   1.60	NaN	   1.68	  -0.92	   0.00	0	   60.0	NaN	NaN	   50.8	   0.86	NaN	   0.95	  -0.86	   0.00	0	   28.0	NaN	NaN	   39.6	  -0.12	NaN	   0.01	  -0.73	   0.00	ANCACGTGGA_366/12	0	26.87	+
2:169477	  163.0	0	   24.0	NaN	NaN	   22.2	   0.23	NaN	   0.42	  -0.79	   0.00	0	   41.0	NaN	NaN	   49.7	   0.03	NaN	   0.04	  -0.99	   0.00	0	   62.0	NaN	NaN	   50.8	   1.06	NaN	   1.16	  -0.74	   0.00	0	   36.0	NaN	NaN	   39.6	  -0.12	NaN	   0.13	  -0.63	   0.00	TTCACGTT_130/16	0	6.10	+
2:218395	  152.0	0	   14.0	NaN	NaN	   22.2	  -0.04	NaN	   0.01	  -0.81	   0.00	0	   49.0	NaN	NaN	   49.7	   0.23	NaN	   0.25	  -0.72	   0.00	0	   61.0	NaN	NaN	   50.8	   0.96	NaN	   1.05	  -0.68	   0.00	0	   28.0	NaN	NaN	   39.6	  -0.12	NaN	   0.01	  -0.77	   0.00	CACATGCT_140/6	0	10.86	+
2:219617	  151.0	0	   26.0	NaN	NaN	   22.2	   0.41	NaN	   0.63	  -0.73	   0.00	0	   45.0	NaN	NaN	   49.7	   0.10	NaN	   0.12	  -0.92	   0.00	0	   49.0	NaN	NaN	   50.8	   0.17	NaN	   0.21	  -0.84	   0.00	0	   31.0	NaN	NaN	   39.6	  -0.14	NaN	   0.03	  -0.68	   0.00	TATCACATG_182/20	0	7.69	+
2:222853	  156.0	0	   20.0	NaN	NaN	   22.2	   0.02	NaN	   0.15	  -0.70	   0.00	0	   49.0	NaN	NaN	   49.7	   0.23	NaN	   0.25	  -0.99	   0.00	0	   55.0	NaN	NaN	   50.8	   0.47	NaN	   0.53	  -0.68	   0.00	0	   32.0	NaN	NaN	   39.6	  -0.14	NaN	   0.04	  -0.58	   0.00	CATCACGTTT_245/13	0	14.56	+
2:223792	  149.0	0	   12.0	NaN	NaN	   22.2	  -0.03	NaN	   0.00	  -0.88	   0.00	0	   50.0	NaN	NaN	   49.7	   0.27	NaN	   0.30	  -0.90	   0.00	0	   39.0	NaN	NaN	   50.8	   0.00	NaN	   0.02	  -0.69	   0.00	0	   48.0	NaN	NaN	   39.6	   0.58	NaN	   0.96	  -0.83	   0.00	GATCACATG_201/21	0	8.37	+
2:291491	  162.0	0	   23.0	NaN	NaN	   22.2	   0.16	NaN	   0.34	  -0.98	   0.00	0	   61.0	NaN	NaN	   49.7	   1.12	NaN	   1.18	  -0.81	   0.00	0	   50.0	NaN	NaN	   50.8	   0.21	NaN	   0.25	  -0.80	   0.00	0	   28.0	NaN	NaN	   39.6	  -0.12	NaN	   0.01	  -0.42	   0.00	AGTCACGTT_258/19	0	12.28	+
2:360558	  155.0	0	   23.0	NaN	NaN	   22.2	   0.16	NaN	   0.34	  -0.56	   0.00	0	   50.0	NaN	NaN	   49.7	   0.27	NaN	   0.30	  -0.75	   0.00	0	   63.0	NaN	NaN	   50.8	   1.17	NaN	   1.27	  -0.92	   0.00	0	   19.0	NaN	NaN	   39.6	  -0.05	NaN	   0.00	  -0.89	   0.00	AATCACGT_260/6	0	22.79	+
2:383004	  178.0	0	   17.0	NaN	NaN	   22.2	  -0.03	NaN	   0.05	  -0.91	   0.00	0	   54.0	NaN	NaN	   49.7	   0.50	NaN	   0.54	  -0.73	   0.00	0	   64.0	NaN	NaN	   50.8	   1.28	NaN	   1.39	  -0.75	   0.00	0	   43.0	NaN	NaN	   39.6	   0.16	NaN	   0.50	  -0.53	   0.00	ATCNCGTG_187/1	0	22.08	+
2:398126	  166.0	0	   26.0	NaN	NaN	   22.2	   0.41	NaN	   0.63	  -0.55	   0.00	0	   63.0	NaN	NaN	   49.7	   1.35	NaN	   1.42	  -0.90	   0.00	0	   52.0	NaN	NaN	   50.8	   0.30	NaN	   0.35	  -0.56	   0.00	0	   25.0	NaN	NaN	   39.6	  -0.09	NaN	   0.00	  -0.79	   0.00	GGCACATG_99/6	0	7.53	+
2:407762	  179.0	0	   22.0	NaN	NaN	   22.2	   0.11	NaN	   0.26	  -0.70	   0.49	0	   63.0	NaN	NaN	   49.7	   1.35	NaN	   1.42	  -0.74	   0.49	0	   67.0	NaN	NaN	   50.8	   1.66	NaN	   1.78	  -0.75	   0.49	0	   27.0	NaN	NaN	   39.6	  -0.11	NaN	   0.01	  -0.65	   0.49	TATCACATGA_193/28	0	6.46	+
2:408617	  180.0	0	   26.0	NaN	NaN	   22.2	   0.41	NaN	   0.63	  -0.96	   0.00	0	   55.0	NaN	NaN	   49.7	   0.57	NaN	   0.62	  -0.68	   0.00	0	   63.0	NaN	NaN	   50.8	   1.17	NaN	   1.27	  -0.60	   0.00	0	   36.0	NaN	NaN	   39.6	  -0.13	NaN	   0.13	  -0.93	   0.00	ATCACATGG_146/21	0	5.78	+
2:443334	  153.0	0	   17.0	NaN	NaN	   22.2	  -0.03	NaN	   0.05	  -0.82	   0.00	0	   55.0	NaN	NaN	   49.7	   0.57	NaN	   0.62	  -0.91	   0.00	0	   55.0	NaN	NaN	   50.8	   0.47	NaN	   0.53	  -0.86	   0.00	0	   26.0	NaN	NaN	   39.6	  -0.10	NaN	   0.00	  -0.73	   0.00	TATCACATGG_224/23	0	8.96	+
2:574472	  158.0	0	   16.0	NaN	NaN	   22.2	  -0.04	NaN	   0.03	  -1.01	   0.00	0	   49.0	NaN	NaN	   49.7	   0.23	NaN	   0.25	  -0.90	   0.00	0	   57.0	NaN	NaN	   50.8	   0.61	NaN	   0.68	  -1.01	   0.00	0	   36.0	NaN	NaN	   39.6	  -0.12	NaN	   0.13	  -0.97	   0.00	CATCACGT_215/7	0	16.81	+
2:664055	  180.0	0	   24.0	NaN	NaN	   29.2	  -0.02	NaN	   0.07	  -0.59	   0.00	0	   74.0	NaN	NaN	   56.6	   1.74	NaN	   1.82	  -0.73	   0.00	0	   51.0	NaN	NaN	   57.4	   0.07	NaN	   0.09	  -0.75	   0.00	0	   31.0	NaN	NaN	   59.6	  -0.03	NaN	   0.00	  -0.62	   0.00	TCAGGTGA_127/3	0	12.06	+
2:738525	  164.0	0	   20.0	NaN	NaN	   22.2	   0.02	NaN	   0.15	  -0.71	   0.00	0	   55.0	NaN	NaN	   49.7	   0.57	NaN	   0.62	  -0.77	   0.00	0	   62.0	NaN	NaN	   50.8	   1.06	NaN	   1.16	  -0.94	   0.00	0	   27.0	NaN	NaN	   39.6	  -0.11	NaN	   0.01	  -0.80	   0.00	CGTCACGTT_221/18	0	10.44	+
2:761667	  157.0	0	   19.0	NaN	NaN	   22.2	   0.00	NaN	   0.11	  -0.83	   0.00	0	   51.0	NaN	NaN	   49.7	   0.32	NaN	   0.35	  -0.71	   0.00	0	   52.0	NaN	NaN	   50.8	   0.30	NaN	   0.35	  -0.98	   0.00	0	   35.0	NaN	NaN	   39.6	  -0.14	NaN	   0.10	  -0.63	   0.00	ATCACGTTTC_293/13	0	18.50	+
3:160837	  153.0	0	   17.0	NaN	NaN	   19.9	   0.00	NaN	   0.11	  -0.85	   0.00	0	   53.0	NaN	NaN	   46.0	   0.72	NaN	   0.77	  -0.78	   0.00	0	   48.0	NaN	NaN	   47.6	   0.26	NaN	   0.30	  -0.94	   0.00	0	   35.0	NaN	NaN	   33.5	   0.05	NaN	   0.37	  -0.86	   0.00	ATCACGTTNT_283/12	0	18.46	+
3:225917	  168.0	0	   15.0	NaN	NaN	   19.9	  -0.03	NaN	   0.05	  -1.18	   0.00	0	   58.0	NaN	NaN	   46.0	   1.24	NaN	   1.31	  -0.73	   0.00	0	   60.0	NaN	NaN	   47.6	   1.23	NaN	   1.33	  -0.94	   0.00	0	   35.0	NaN	NaN	   33.5	   0.05	NaN	   0.37	  -0.86	   0.00	GTCACGNG_164/4	0	14.85	+
4:116654	  150.0	0	   15.0	NaN	NaN	   23.2	  -0.04	NaN	   0.01	  -0.84	   0.00	0	   43.0	NaN	NaN	   52.7	   0.02	NaN	   0.03	  -0.78	   0.00	0	   52.0	NaN	NaN	   53.8	   0.18	NaN	   0.21	  -0.88	   0.00	0	   40.0	NaN	NaN	   40.5	  -0.04	NaN	   0.26	  -0.88	   0.00	AGNCACGTGT_341/14	0	22.05	+
4:303280	  166.0	0	   21.0	NaN	NaN	   23.2	   0.02	NaN	   0.15	  -0.59	   0.00	0	   58.0	NaN	NaN	   52.7	   0.56	NaN	   0.60	  -0.84	   0.00	0	   55.0	NaN	NaN	   53.8	   0.30	NaN	   0.35	  -0.96	   0.00	0	   32.0	NaN	NaN	   40.5	  -0.14	NaN	   0.03	  -0.81	   0.00	GGTCACGTT_281/21	0	12.85	+
4:361381	  184.0	0	   21.0	NaN	NaN	   23.2	   0.02	NaN	   0.15	  -0.88	   0.00	0	   61.0	NaN	NaN	   52.7	   0.79	NaN	   0.85	  -0.69	   0.00	0	   63.0	NaN	NaN	   53.8	   0.84	NaN	   0.93	  -0.70	   0.00	0	   39.0	NaN	NaN	   40.5	  -0.07	NaN	   0.21	  -0.78	   0.00	CATCACGTTTC_302/14	0	18.48	+
4:457942	  172.0	0	   17.0	NaN	NaN	   23.2	  -0.04	NaN	   0.03	  -0.74	   0.00	0	   69.0	NaN	NaN	   52.7	   1.67	NaN	   1.75	  -0.79	   0.00	0	   67.0	NaN	NaN	   53.8	   1.24	NaN	   1.35	  -0.85	   0.00	0	   19.0	NaN	NaN	   40.5	  -0.04	NaN	   0.00	  -0.87	   0.00	ACGTGCT_102/3	0	9.58	+
4:504311	  164.0	0	   18.0	NaN	NaN	   23.2	  -0.03	NaN	   0.05	  -0.93	   0.00	0	   58.0	NaN	NaN	   52.7	   0.56	NaN	   0.60	  -0.65	   0.00	0	   48.0	NaN	NaN	   53.8	   0.07	NaN	   0.10	  -0.77	   0.00	0	   40.0	NaN	NaN	   40.5	  -0.04	NaN	   0.26	  -0.86	   0.00	GGTCACGTT_281/21	0	12.85	+
4:589660	  159.2	0	   11.0	NaN	NaN	   23.2	  -0.02	NaN	   0.00	  -0.63	   0.00	0	   63.0	NaN	NaN	   52.7	   1.08	NaN	   1.14	  -0.91	   0.00	0	   50.4	NaN	NaN	   53.8	   0.15	NaN	   0.18	  -0.72	   0.00	0	   34.8	NaN	NaN	   40.5	  -0.15	NaN	   0.08	  -0.68	   0.00	GGTCAGGTG_255/10	0	17.70	+
4:609526	  157.0	0	    7.0	NaN	NaN	   23.2	  -0.01	NaN	   0.00	  -1.28	   0.00	0	   60.0	NaN	NaN	   52.7	   0.71	NaN	   0.76	  -0.70	   0.00	0	   50.0	NaN	NaN	   53.8	   0.12	NaN	   0.15	  -0.75	   0.00	0	   40.0	NaN	NaN	   40.5	  -0.04	NaN	   0.26	  -0.87	   0.00	CACGTGGCA_232/11	0	14.91	+
4:665262	  154.0	0	   15.0	NaN	NaN	   23.2	  -0.04	NaN	   0.01	  -0.69	   0.00	0	   50.0	NaN	NaN	   52.7	   0.16	NaN	   0.18	  -0.73	   0.00	0	   53.0	NaN	NaN	   53.8	   0.21	NaN	   0.25	  -0.69	   0.00	0	   36.0	NaN	NaN	   40.5	  -0.14	NaN	   0.11	  -0.79	   0.00	GGTCACGT_259/15	0	14.38	+
4:725193	  200.0	0	   24.0	NaN	NaN	   23.2	   0.16	NaN	   0.33	  -0.73	   0.00	0	   71.0	NaN	NaN	   52.7	   1.94	NaN	   2.03	  -0.92	   0.00	0	   70.0	NaN	NaN	   53.8	   1.60	NaN	   1.72	  -0.82	   0.00	0	   35.0	NaN	NaN	   40.5	  -0.15	NaN	   0.08	  -0.99	   0.00	GTCACGNG_164/4	0	14.85	+
4:744903	  181.3	0	   22.6	NaN	NaN	   23.2	   0.11	NaN	   0.26	  -0.24	   0.00	0	   60.9	NaN	NaN	   52.7	   0.79	NaN	   0.85	  -0.21	   0.00	0	   64.9	NaN	NaN	   53.8	   1.03	NaN	   1.13	  -0.20	   0.00	0	   32.9	NaN	NaN	   40.5	  -0.15	NaN	   0.05	  -0.24	   0.00	AATCACGT_260/6	0	22.79	+
4:782126	  154.0	0	   14.0	NaN	NaN	   23.2	  -0.04	NaN	   0.01	  -1.15	   0.00	0	   41.0	NaN	NaN	   52.7	   0.01	NaN	   0.02	  -0.65	   0.00	0	   68.0	NaN	NaN	   53.8	   1.36	NaN	   1.47	  -0.78	   0.00	0	   31.0	NaN	NaN	   40.5	  -0.14	NaN	   0.02	  -0.74	   0.00	GGTCACATG_165/22	0	6.42	+
4:788729	  163.0	0	   20.0	NaN	NaN	   23.2	   0.00	NaN	   0.11	  -1.04	   0.00	0	   57.0	NaN	NaN	   52.7	   0.49	NaN	   0.53	  -0.74	   0.00	0	   53.0	NaN	NaN	   53.8	   0.21	NaN	   0.25	  -0.93	   0.00	0	   33.0	NaN	NaN	   40.5	  -0.15	NaN	   0.05	  -0.78	   0.00	ANGNNACGTG_65/0	0	8.03	+
4:828460	  151.3	0	   16.9	NaN	NaN	   23.2	  -0.04	NaN	   0.03	  -0.79	   0.00	0	   57.5	NaN	NaN	   52.7	   0.56	NaN	   0.60	  -0.72	   0.00	0	   50.0	NaN	NaN	   53.8	   0.12	NaN	   0.15	  -0.82	   0.00	0	   26.8	NaN	NaN	   40.5	  -0.11	NaN	   0.00	  -0.92	   0.00	AGTCACGTTNT_343/19	0	18.32	+
4:866752	  169.0	0	   12.0	NaN	NaN	   23.2	  -0.03	NaN	   0.00	  -0.89	   0.00	0	   69.0	NaN	NaN	   52.7	   1.67	NaN	   1.75	  -0.81	   0.00	0	   70.0	NaN	NaN	   53.8	   1.60	NaN	   1.72	  -0.79	   0.00	0	   18.0	NaN	NaN	   40.5	  -0.03	NaN	   0.00	  -0.58	   0.00	TCANGTGNT_192/1	0	22.79	+
4:908503	  189.0	0	   29.0	NaN	NaN	   23.2	   0.62	NaN	   0.86	  -0.88	   0.00	0	   62.0	NaN	NaN	   52.7	   0.89	NaN	   0.94	  -0.81	   0.00	0	   57.0	NaN	NaN	   53.8	   0.40	NaN	   0.46	  -1.04	   0.00	0	   41.0	NaN	NaN	   40.5	  -0.00	NaN	   0.31	  -0.96	   0.00	CACGTGGTA_234/13	0	13.73	+
4:959059	  156.0	0	   15.6	NaN	NaN	   23.2	  -0.04	NaN	   0.02	  -0.71	   0.00	0	   62.7	NaN	NaN	   52.7	   0.98	NaN	   1.04	  -1.12	   0.00	0	   58.8	NaN	NaN	   53.8	   0.53	NaN	   0.59	  -1.04	   0.00	0	   18.9	NaN	NaN	   40.5	  -0.04	NaN	   0.00	  -0.76	   0.00	TTCACGT_86/8	0	5.80	+
4:1054922	  189.0	0	   26.0	NaN	NaN	   23.2	   0.31	NaN	   0.51	  -0.60	   0.00	0	   55.0	NaN	NaN	   52.7	   0.37	NaN	   0.40	  -0.76	   0.00	0	   68.0	NaN	NaN	   53.8	   1.36	NaN	   1.47	  -0.91	   0.00	0	   40.0	NaN	NaN	   40.5	  -0.04	NaN	   0.26	  -0.94	   0.00	ATCACGTT_226/12	0	13.75	+
4:1239781	  176.1	0	   20.6	NaN	NaN	   23.2	   0.02	NaN	   0.15	  -0.87	   0.00	0	   69.6	NaN	NaN	   52.7	   1.80	NaN	   1.89	  -0.93	   0.00	0	   56.0	NaN	NaN	   53.8	   0.40	NaN	   0.46	  -1.02	   0.00	0	   29.8	NaN	NaN	   40.5	  -0.13	NaN	   0.02	  -1.05	   0.00	CACGTGCTT_369/9	0	31.60	+
4:1282992	  184.0	0	   15.0	NaN	NaN	   23.2	  -0.04	NaN	   0.01	  -1.04	   0.00	0	   67.0	NaN	NaN	   52.7	   1.42	NaN	   1.49	  -0.91	   0.00	0	   68.0	NaN	NaN	   53.8	   1.36	NaN	   1.47	  -0.61	   0.00	0	   34.0	NaN	NaN	   40.5	  -0.15	NaN	   0.06	  -0.57	   0.00	GATCACATG_201/21	0	8.37	+
4:1284781	  163.0	0	   22.0	NaN	NaN	   23.2	   0.06	NaN	   0.20	  -0.79	   0.00	0	   49.0	NaN	NaN	   52.7	   0.13	NaN	   0.15	  -0.87	   0.00	0	   57.0	NaN	NaN	   53.8	   0.40	NaN	   0.46	  -0.80	   0.00	0	   35.0	NaN	NaN	   40.5	  -0.15	NaN	   0.08	  -0.77	   0.00	TATCACATGG_224/23	0	8.96	+
4:1367504	  165.0	0	   21.0	NaN	NaN	   23.2	   0.02	NaN	   0.15	  -0.65	   0.00	0	   68.0	NaN	NaN	   52.7	   1.54	NaN	   1.62	  -0.79	   0.00	0	   45.0	NaN	NaN	   53.8	   0.03	NaN	   0.05	  -0.92	   0.00	0	   31.0	NaN	NaN	   40.5	  -0.14	NaN	   0.02	  -0.78	   0.00	TCANGTGNT_192/1	0	22.79	+
4:1449661	  186.6	0	   12.1	NaN	NaN	   31.5	  -0.01	NaN	   0.00	  -0.39	   0.00	0	   79.1	NaN	NaN	   90.8	   0.04	NaN	   0.05	  -0.43	   0.00	0	   72.1	NaN	NaN	   74.6	   0.20	NaN	   0.23	  -0.41	   0.00	0	   23.3	NaN	NaN	   51.8	  -0.02	NaN	   0.00	  -0.69	   0.00	CACATGCT_140/6	0	10.86	+
5:15677	  157.0	0	   18.0	NaN	NaN	   38.3	  -0.01	NaN	   0.00	  -0.45	   0.41	0	   51.0	NaN	NaN	   78.3	  -0.00	NaN	   0.00	  -0.99	   0.41	0	   34.0	NaN	NaN	   84.2	  -0.00	NaN	   0.00	  -0.80	   0.41	0	   54.0	NaN	NaN	   61.5	  -0.15	NaN	   0.07	  -0.72	   0.41	GATCACATGA_213/30	0	6.90	+
5:36876	  192.0	0	   25.0	NaN	NaN	   38.3	  -0.03	NaN	   0.00	  -0.64	   0.00	0	   66.0	NaN	NaN	   78.3	   0.02	NaN	   0.03	  -0.90	   0.00	0	   67.0	NaN	NaN	   84.2	   0.00	NaN	   0.01	  -0.79	   0.00	0	   34.0	NaN	NaN	   61.5	  -0.04	NaN	   0.00	  -0.60	   0.00	TTCACGTGAA_406/13	0	30.36	+
5:59204	  163.0	0	   21.0	NaN	NaN	   38.3	  -0.02	NaN	   0.00	  -1.08	   0.00	0	   64.0	NaN	NaN	   78.3	   0.01	NaN	   0.02	  -0.91	   0.00	0	   63.0	NaN	NaN	   84.2	  -0.00	NaN	   0.00	  -0.78	   0.00	0	   15.0	NaN	NaN	   61.5	  -0.00	NaN	   0.00	  -0.66	   0.00	TCAGGTGA_127/3	0	12.06	+
5:93549	  184.0	0	   26.0	NaN	NaN	   38.3	  -0.04	NaN	   0.01	  -0.69	   0.00	0	   59.0	NaN	NaN	   78.3	  -0.00	NaN	   0.00	  -0.76	   0.00	0	   69.0	NaN	NaN	   84.2	   0.01	NaN	   0.02	  -0.82	   0.00	0	   30.0	NaN	NaN	   61.5	  -0.02	NaN	   0.00	  -0.85	   0.00	ANCACGTGCG_426/11	0	36.18	+
5:139980	  180.0	0	   24.0	NaN	NaN	   38.3	  -0.03	NaN	   0.00	  -0.75	   0.00	0	   51.0	NaN	NaN	   78.3	  -0.00	NaN	   0.00	  -0.75	   0.00	0	   52.0	NaN	NaN	   84.2	  -0.00	NaN	   0.00	  -0.70	   0.00	0	   53.0	NaN	NaN	   61.5	  -0.15	NaN	   0.06	  -0.93	   0.00	ACGTGCT_102/3	0	9.58	+
5:156629	  259.0	0	   35.0	NaN	NaN	   38.3	   0.02	NaN	   0.14	  -0.96	   0.00	0	   96.0	NaN	NaN	   78.3	   1.46	NaN	   1.53	  -0.73	   0.00	0	   86.0	NaN	NaN	   84.2	   0.31	NaN	   0.36	  -0.84	   0.00	0	   42.0	NaN	NaN	   61.5	  -0.08	NaN	   0.00	  -0.81	   0.00	GGTCACATGCT_261/27	0	9.69	+
5:160233	  196.0	0	   16.0	NaN	NaN	   38.3	  -0.01	NaN	   0.00	  -0.71	   0.00	0	   76.0	NaN	NaN	   78.3	   0.19	NaN	   0.21	  -0.97	   0.00	0	   85.0	NaN	NaN	   84.2	   0.27	NaN	   0.32	  -0.78	   0.00	0	   19.0	NaN	NaN	   61.5	  -0.00	NaN	   0.00	  -0.73	   0.00	--------	-1	0.00	*
5:204765	  184.2	0	   17.6	NaN	NaN	   38.3	  -0.01	NaN	   0.00	  -0.98	   0.00	0	   85.5	NaN	NaN	   78.3	   0.64	NaN	   0.68	  -0.85	   0.00	0	   50.0	NaN	NaN	   84.2	  -0.00	NaN	   0.00	  -0.96	   0.00	0	   31.0	NaN	NaN	   61.5	  -0.03	NaN	   0.00	  -0.89	   0.00	ANANCACGTGT_392/12	0	29.98	+
5:226485	  185.0	0	   15.0	NaN	NaN	   38.3	  -0.00	NaN	   0.00	  -0.56	   0.00	0	   60.0	NaN	NaN	   78.3	   0.00	NaN	   0.01	  -0.96	   0.00	0	   89.0	NaN	NaN	   84.2	   0.44	NaN	   0.50	  -0.77	   0.00	0	   21.0	NaN	NaN	   61.5	  -0.01	NaN	   0.00	  -0.77	   0.00	ACGTGCT_102/3	0	9.58	+
5:243345	  169.2	0	   17.6	NaN	NaN	   38.3	  -0.01	NaN	   0.00	  -0.43	   0.00	0	   63.1	NaN	NaN	   78.3	   0.01	NaN	   0.02	  -0.45	   0.00	0	   78.8	NaN	NaN	   84.2	   0.11	NaN	   0.14	  -0.50	   0.00	0	    9.7	NaN	NaN	   61.5	  -0.00	NaN	  -0.00	  -0.60	   0.00	AATCACGTT_270/12	0	17.32	+
5:254161	  197.7	0	   30.6	NaN	NaN	   38.3	  -0.03	NaN	   0.05	  -0.73	   0.00	0	   70.2	NaN	NaN	   78.3	   0.07	NaN	   0.09	  -0.90	   0.00	0	   60.0	NaN	NaN	   84.2	  -0.00	NaN	   0.00	  -0.84	   0.00	0	   36.9	NaN	NaN	   61.5	  -0.05	NaN	   0.00	  -0.92	   0.00	CATCACATGATT_369/29	0	15.08	+
5:263678	  197.0	0	   20.0	NaN	NaN	   38.3	  -0.01	NaN	   0.00	  -1.20	   0.00	0	   81.0	NaN	NaN	   78.3	   0.37	NaN	   0.40	  -0.87	   0.00	0	   63.0	NaN	NaN	   84.2	  -0.00	NaN	   0.00	  -0.74	   0.00	0	   33.0	NaN	NaN	   61.5	  -0.03	NaN	   0.00	  -0.77	   0.00	GTCAGGTGA_250/7	0	20.35	+
5:274705	  177.0	0	   13.0	NaN	NaN	   38.3	  -0.00	NaN	   0.00	  -0.87	   0.00	0	   64.0	NaN	NaN	   78.3	   0.01	NaN	   0.02	  -0.87	   0.00	0	   68.0	NaN	NaN	   84.2	   0.00	NaN	   0.01	  -0.83	   0.00	0	   32.0	NaN	NaN	   61.5	  -0.03	NaN	   0.00	  -0.63	   0.00	TATCANGTGNT_222/3	0	22.97	+
5:289430	  202.0	0	   26.0	NaN	NaN	   38.3	  -0.04	NaN	   0.01	  -0.69	   0.00	0	   67.0	NaN	NaN	   78.3	   0.03	NaN	   0.04	  -0.85	   0.00	0	   74.0	NaN	NaN	   84.2	   0.04	NaN	   0.06	  -0.75	   0.00	0	   35.0	NaN	NaN	   61.5	  -0.05	NaN	   0.00	  -0.87	   0.00	ATTCACGTGTAA_451/21	0	26.85	+
5:298515	  248.0	0	   29.0	NaN	NaN	   38.3	  -0.04	NaN	   0.02	  -0.74	   0.00	0	   77.0	NaN	NaN	   78.3	   0.21	NaN	   0.24	  -0.83	   0.00	0	   95.0	NaN	NaN	   84.2	   0.80	NaN	   0.88	  -0.59	   0.00	0	   47.0	NaN	NaN	   61.5	  -0.12	NaN	   0.01	  -0.57	   0.00	TCANGTGNCT_177/1	0	20.70	+
5:336445	  200.0	0	   21.0	NaN	NaN	   38.3	  -0.02	NaN	   0.00	  -0.58	   0.00	0	   86.0	NaN	NaN	   78.3	   0.64	NaN	   0.68	  -0.84	   0.00	0	   78.0	NaN	NaN	   84.2	   0.09	NaN	   0.12	  -0.84	   0.00	0	   15.0	NaN	NaN	   61.5	  -0.00	NaN	   0.00	  -0.80	   0.00	--------	-1	0.00	*
5:338875	  209.0	0	   31.0	NaN	NaN	   38.3	  -0.03	NaN	   0.05	  -0.93	   0.00	0	   79.0	NaN	NaN	   78.3	   0.28	NaN	   0.31	  -1.01	   0.00	0	   59.0	NaN	NaN	   84.2	  -0.00	NaN	   0.00	  -0.69	   0.00	0	   40.0	NaN	NaN	   61.5	  -0.07	NaN	   0.00	  -0.83	   0.00	GNCACGTGNG_287/9	0	21.86	+
5:370237	  195.3	0	   21.9	NaN	NaN	   38.3	  -0.02	NaN	   0.00	  -0.71	   0.00	0	   52.7	NaN	NaN	   78.3	  -0.00	NaN	   0.00	  -1.08	   0.00	0	   95.1	NaN	NaN	   84.2	   0.87	NaN	   0.96	  -0.74	   0.00	0	   25.6	NaN	NaN	   61.5	  -0.01	NaN	   0.00	  -0.61	   0.00	CTCACGTGT_424/18	0	26.72	+
5:399767	  206.0	0	   23.0	NaN	NaN	   38.3	  -0.02	NaN	   0.00	  -0.64	   0.00	0	   59.0	NaN	NaN	   78.3	   0.00	NaN	   0.00	  -0.64	   0.00	0	   85.0	NaN	NaN	   84.2	   0.27	NaN	   0.32	  -0.71	   0.00	0	   39.0	NaN	NaN	   61.5	  -0.07	NaN	   0.00	  -0.85	   0.00	AATCACGTTT_279/12	0	18.10	+
5:505112	  209.0	0	   26.0	NaN	NaN	   38.3	  -0.04	NaN	   0.01	  -0.80	   0.00	0	   83.0	NaN	NaN	   78.3	   0.47	NaN	   0.50	  -0.78	   0.00	0	   70.0	NaN	NaN	   84.2	   0.01	NaN	   0.02	  -0.76	   0.00	0	   30.0	NaN	NaN	   61.5	  -0.02	NaN	   0.00	  -0.61	   0.00	AGTCACGTT_258/19	0	12.28	+
5:516512	  153.0	0	   14.0	NaN	NaN	   38.3	  -0.00	NaN	   0.00	  -0.78	   0.00	0	   57.0	NaN	NaN	   78.3	  -0.00	NaN	   0.00	  -0.72	   0.00	0	   50.0	NaN	NaN	   84.2	  -0.00	NaN	   0.00	  -0.92	   0.00	0	   32.0	NaN	NaN	   61.5	  -0.03	NaN	   0.00	  -0.91	   0.00	TCACNTGNC_100/1	0	11.12	+
5:543264	  154.0	0	   23.0	NaN	NaN	   38.3	  -0.02	NaN	   0.00	  -0.76	   0.00	0	   59.0	NaN	NaN	   78.3	   0.00	NaN	   0.00	  -0.83	   0.00	0	   48.0	NaN	NaN	   84.2	  -0.00	NaN	   0.00	  -0.77	   0.00	0	   24.0	NaN	NaN	   61.5	  -0.01	NaN	   0.00	  -0.69	   0.00	GGCACATG_99/6	0	7.53	+
5:559121	  169.0	0	   19.0	NaN	NaN	   38.3	  -0.01	NaN	   0.00	  -0.85	   0.00	0	   62.0	NaN	NaN	   78.3	   0.01	NaN	   0.01	  -0.86	   0.00	0	   52.0	NaN	NaN	   84.2	  -0.00	NaN	   0.00	  -0.82	   0.00	0	   36.0	NaN	NaN	   61.5	  -0.05	NaN	   0.00	  -0.77	   0.00	TATCACATG_182/20	0	7.69	+
5:560028	  174.0	0	   14.0	NaN	NaN	   38.3	  -0.00	NaN	   0.00	  -0.46	   0.00	0	   68.0	NaN	NaN	   78.3	   0.04	NaN	   0.05	  -0.87	   0.00	0	   61.0	NaN	NaN	   84.2	  -0.00	NaN	   0.00	  -0.83	   0.00	0	   31.0	NaN	NaN	   61.5	  -0.03	NaN	   0.00	  -0.73	   0.00	CGTCACGTT_221/18	0	10.44	+
6:7812	  162.0	0	   21.0	NaN	NaN	   32.9	  -0.03	NaN	   0.00	  -0.70	   0.00	0	   47.0	NaN	NaN	   66.6	  -0.00	NaN	   0.00	  -0.85	   0.00	0	   55.0	NaN	NaN	   70.9	   0.00	NaN	   0.01	  -1.06	   0.00	0	   39.0	NaN	NaN	   56.5	  -0.09	NaN	   0.00	  -0.86	   0.00	GTCACGNG_164/4	0	14.85	+
6:84914	  179.0	0	   24.0	NaN	NaN	   32.9	  -0.04	NaN	   0.02	  -0.55	   0.00	0	   53.0	NaN	NaN	   66.6	   0.01	NaN	   0.02	  -0.77	   0.00	0	   61.0	NaN	NaN	   70.9	   0.03	NaN	   0.05	  -0.73	   0.00	0	   41.0	NaN	NaN	   56.5	  -0.11	NaN	   0.01	  -0.71	   0.00	CACGTGGGA_275/9	0	20.62	+
6:98480	  178.0	0	   19.0	NaN	NaN	   32.9	  -0.02	NaN	   0.00	  -0.79	   0.00	0	   64.0	NaN	NaN	   66.6	   0.17	NaN	   0.19	  -0.70	   0.00	0	   59.0	NaN	NaN	   70.9	   0.01	NaN	   0.03	  -0.72	   0.00	0	   36.0	NaN	NaN	   56.5	  -0.08	NaN	   0.00	  -0.93	   0.00	GGTCACATG_165/22	0	6.42	+
6:119874	  170.0	0	   14.0	NaN	NaN	   32.9	  -0.01	NaN	   0.00	  -0.77	   0.00	0	   68.0	NaN	NaN	   66.6	   0.32	NaN	   0.35	  -0.72	   0.00	0	   56.0	NaN	NaN	   70.9	   0.00	NaN	   0.01	  -0.83	   0.00	0	   32.0	NaN	NaN	   56.5	  -0.05	NaN	   0.00	  -0.59	   0.00	TATCACATGATA_346/28	0	14.03	+
6:151416	  166.0	0	   19.0	NaN	NaN	   32.9	  -0.02	NaN	   0.00	  -0.77	   0.00	0	   50.0	NaN	NaN	   66.6	   0.00	NaN	   0.01	  -0.81	   0.00	0	   52.0	NaN	NaN	   70.9	  -0.00	NaN	   0.00	  -0.70	   0.00	0	   45.0	NaN	NaN	   56.5	  -0.13	NaN	   0.02	  -0.76	   0.00	ATCACGTTT_236/12	0	14.53	+
6:197313	  221.6	0	   26.8	NaN	NaN	   32.9	  -0.03	NaN	   0.06	  -0.81	   0.00	0	   72.0	NaN	NaN	   66.6	   0.59	NaN	   0.64	  -0.69	   0.00	0	   78.2	NaN	NaN	   70.9	   0.66	NaN	   0.74	  -0.78	   0.00	0	   44.5	NaN	NaN	   56.5	  -0.13	NaN	   0.02	  -0.61	   0.00	CACGTGGC_132/10	0	8.12	+
6:211591	  155.0	0	   16.0	NaN	NaN	   32.9	  -0.01	NaN	   0.00	  -0.71	   0.00	0	   44.0	NaN	NaN	   76.3	  -0.00	NaN	   0.00	  -0.81	   0.00	0	   51.0	NaN	NaN	   81.4	  -0.00	NaN	   0.00	  -1.00	   0.00	0	   44.0	NaN	NaN	   56.5	  -0.13	NaN	   0.02	  -0.70	   0.00	CNNCACGTGTT_222/17	0	10.90	+
6:236459	  165.0	0	   22.0	NaN	NaN	   32.9	  -0.04	NaN	   0.01	  -0.80	   0.00	0	   56.0	NaN	NaN	   66.6	   0.03	NaN	   0.04	  -0.77	   0.00	0	   48.0	NaN	NaN	   70.9	  -0.00	NaN	   0.00	  -0.78	   0.00	0	   39.0	NaN	NaN	   56.5	  -0.09	NaN	   0.00	  -0.70	   0.00	CGGCACGTGGA_361/21	0	18.49	+
7:52977	  150.0	0	   16.0	NaN	NaN	   24.9	  -0.04	NaN	   0.01	  -1.00	   0.00	0	   51.0	NaN	NaN	   53.0	   0.18	NaN	   0.20	  -0.67	   0.00	0	   42.0	NaN	NaN	   55.2	   0.00	NaN	   0.01	  -0.86	   0.00	0	   41.0	NaN	NaN	   42.6	  -0.08	NaN	   0.21	  -0.81	   0.00	CACGTGCT_259/9	0	19.03	+
7:161206	  169.0	0	   22.0	NaN	NaN	   24.9	   0.01	NaN	   0.13	  -1.08	   0.00	0	   47.0	NaN	NaN	   53.0	   0.07	NaN	   0.09	  -0.78	   0.00	0	   66.0	NaN	NaN	   55.2	   0.97	NaN	   1.06	  -0.70	   0.00	0	   34.0	NaN	NaN	   42.6	  -0.15	NaN	   0.04	  -0.65	   0.00	TANCACGTGNA_391/8	0	36.64	+
7:215163	  158.1	0	   20.7	NaN	NaN	   24.9	  -0.01	NaN	   0.09	  -0.56	   0.00	0	   56.0	NaN	NaN	   53.0	   0.41	NaN	   0.45	  -0.71	   0.00	0	   62.7	NaN	NaN	   55.2	   0.71	NaN	   0.79	  -0.86	   0.00	0	   18.7	NaN	NaN	   42.6	  -0.03	NaN	   0.00	  -0.97	   0.00	GTCACGTTNT_319/18	0	17.06	+
7:228987	  148.5	0	   14.1	NaN	NaN	   24.9	  -0.03	NaN	   0.01	  -0.85	   0.00	0	   48.2	NaN	NaN	   53.0	   0.12	NaN	   0.14	  -0.70	   0.00	0	   52.1	NaN	NaN	   55.2	   0.16	NaN	   0.20	  -0.83	   0.00	0	   34.1	NaN	NaN	   42.6	  -0.15	NaN	   0.05	  -0.62	   0.00	GATCACGTT_313/16	0	17.91	+
7:377892	  158.0	0	   18.0	NaN	NaN	   24.9	  -0.04	NaN	   0.03	  -1.28	   0.00	0	   42.0	NaN	NaN	   53.0	   0.02	NaN	   0.02	  -0.92	   0.00	0	   65.0	NaN	NaN	   55.2	   0.88	NaN	   0.96	  -0.98	   0.00	0	   33.0	NaN	NaN	   42.6	  -0.14	NaN	   0.03	  -0.77	   0.00	AATCACGTTT_279/12	0	18.10	+
7:401787	  155.0	0	   12.0	NaN	NaN	   24.9	  -0.02	NaN	   0.00	  -0.80	   0.00	0	   66.0	NaN	NaN	   53.0	   1.27	NaN	   1.34	  -0.61	   0.00	0	   54.0	NaN	NaN	   55.2	   0.20	NaN	   0.23	  -0.67	   0.00	0	   23.0	NaN	NaN	   42.6	  -0.06	NaN	   0.00	  -0.61	   0.00	GATCACAT_121/13	0	6.41	+
7:437420	  179.6	0	   11.5	NaN	NaN	   24.9	  -0.02	NaN	   0.00	  -0.35	   0.00	0	   66.1	NaN	NaN	   53.0	   1.38	NaN	   1.46	  -0.43	   0.00	0	   65.4	NaN	NaN	   55.2	   0.97	NaN	   1.06	  -0.43	   0.00	0	   36.6	NaN	NaN	   42.6	  -0.15	NaN	   0.08	  -0.59	   0.00	ACGTGCT_102/3	0	9.58	+
7:448041	  173.5	0	   15.4	NaN	NaN	   24.9	  -0.04	NaN	   0.01	  -1.13	   0.00	0	   62.9	NaN	NaN	   53.0	   0.95	NaN	   1.01	  -0.90	   0.00	0	   59.0	NaN	NaN	   55.2	   0.49	NaN	   0.56	  -0.74	   0.00	0	   36.2	NaN	NaN	   42.6	  -0.15	NaN	   0.08	  -0.71	   0.00	TATCACATGATT_367/28	0	15.36	+
7:538631	  180.0	0	   21.0	NaN	NaN	   24.9	  -0.01	NaN	   0.09	  -0.57	   0.00	0	   64.0	NaN	NaN	   53.0	   1.05	NaN	   1.11	  -0.73	   0.00	0	   68.0	NaN	NaN	   55.2	   1.17	NaN	   1.27	  -0.78	   0.00	0	   27.0	NaN	NaN	   42.6	  -0.09	NaN	   0.00	  -0.78	   0.00	GTCACGNG_164/4	0	14.85	+
7:572147	  166.0	0	   13.0	NaN	NaN	   24.9	  -0.02	NaN	   0.00	  -0.89	   0.00	0	   71.0	NaN	NaN	   53.0	   1.90	NaN	   1.99	  -0.73	   0.00	0	   51.0	NaN	NaN	   55.2	   0.11	NaN	   0.13	  -0.88	   0.00	0	   31.0	NaN	NaN	   42.6	  -0.12	NaN	   0.01	  -0.74	   0.00	CACGTGGA_132/11	0	7.72	+
7:772473	  164.0	0	   23.0	NaN	NaN	   25.7	   0.01	NaN	   0.14	  -0.76	   0.00	0	   56.0	NaN	NaN	   57.1	   0.21	NaN	   0.24	  -0.71	   0.00	0	   45.0	NaN	NaN	   55.2	   0.02	NaN	   0.03	  -0.83	   0.00	0	   40.0	NaN	NaN	   53.4	  -0.12	NaN	   0.01	  -0.74	   0.00	CTCACGTGAAA_434/12	0	35.64	+
7:809794	  152.0	0	   12.0	NaN	NaN	   24.9	  -0.02	NaN	   0.00	  -0.90	   0.00	0	   61.0	NaN	NaN	   53.0	   0.77	NaN	   0.82	  -0.49	   0.00	0	   59.0	NaN	NaN	   55.2	   0.43	NaN	   0.49	  -0.33	   0.00	0	   20.0	NaN	NaN	   42.6	  -0.04	NaN	   0.00	  -0.65	   0.00	ACGTGCT_102/3	0	9.58	+
7:849730	  179.2	0	   19.8	NaN	NaN	   24.9	  -0.02	NaN	   0.07	  -0.87	   0.00	0	   64.6	NaN	NaN	   53.0	   1.16	NaN	   1.22	  -1.05	   0.00	0	   55.9	NaN	NaN	   55.2	   0.27	NaN	   0.32	  -0.97	   0.00	0	   38.9	NaN	NaN	   42.6	  -0.12	NaN	   0.14	  -1.06	   0.00	TCANGTGNC_110/1	0	12.27	+
7:856569	  161.0	0	   14.0	NaN	NaN	   24.9	  -0.03	NaN	   0.00	  -1.13	   0.00	0	   56.0	NaN	NaN	   53.0	   0.41	NaN	   0.45	  -0.94	   0.00	0	   62.0	NaN	NaN	   55.2	   0.63	NaN	   0.70	  -0.75	   0.00	0	   29.0	NaN	NaN	   42.6	  -0.11	NaN	   0.01	  -0.63	   0.00	GGTCACGTT_281/21	0	12.85	+
7:874570	  157.0	0	   24.0	NaN	NaN	   24.9	   0.07	NaN	   0.22	  -0.60	   0.00	0	   54.0	NaN	NaN	   53.0	   0.31	NaN	   0.34	  -0.94	   0.00	0	   46.0	NaN	NaN	   55.2	   0.02	NaN	   0.04	  -0.99	   0.00	0	   33.0	NaN	NaN	   42.6	  -0.14	NaN	   0.03	  -1.02	   0.00	AGTCACGTTNT_343/19	0	18.32	+
7:880386	  174.0	0	   19.0	NaN	NaN	   24.9	  -0.03	NaN	   0.04	  -0.90	   0.00	0	   53.0	NaN	NaN	   53.0	   0.26	NaN	   0.29	  -0.81	   0.00	0	   59.0	NaN	NaN	   55.2	   0.43	NaN	   0.49	  -0.80	   0.00	0	   43.0	NaN	NaN	   42.6	  -0.00	NaN	   0.31	  -0.83	   0.00	TTCACGTGAAA_436/13	0	34.33	+
7:1096195	  196.0	0	   25.0	NaN	NaN	   24.9	   0.12	NaN	   0.29	  -0.73	   0.00	0	   71.0	NaN	NaN	   53.0	   1.90	NaN	   1.99	  -0.87	   0.00	0	   64.0	NaN	NaN	   55.2	   0.79	NaN	   0.87	  -0.71	   0.00	0	   36.0	NaN	NaN	   42.6	  -0.15	NaN	   0.06	  -0.81	   0.00	AATCACGTTTTT_327/13	0	21.64	+
8:106336	  168.0	0	   21.0	NaN	NaN	   28.6	  -0.04	NaN	   0.03	  -1.04	   0.00	0	   60.0	NaN	NaN	   63.7	   0.14	NaN	   0.16	  -0.54	   0.00	0	   57.0	NaN	NaN	   66.5	   0.03	NaN	   0.05	  -0.64	   0.00	0	   30.0	NaN	NaN	   46.7	  -0.09	NaN	   0.00	  -0.69	   0.00	GGCACATG_99/6	0	7.53	+
8:110584	  190.8	0	   24.8	NaN	NaN	   28.6	   0.00	NaN	   0.11	  -0.72	   0.00	0	   52.5	NaN	NaN	   63.7	   0.02	NaN	   0.03	  -0.76	   0.00	0	   77.8	NaN	NaN	   66.5	   0.95	NaN	   1.04	  -0.86	   0.00	0	   35.8	NaN	NaN	   46.7	  -0.13	NaN	   0.02	  -0.59	   0.00	ATTCACGTGGG_459/18	0	30.79	+
8:154449	  154.0	0	   21.0	NaN	NaN	   28.6	  -0.04	NaN	   0.03	  -0.86	   0.00	0	   53.0	NaN	NaN	   63.7	   0.02	NaN	   0.03	  -0.77	   0.00	0	   52.0	NaN	NaN	   66.5	   0.00	NaN	   0.01	  -0.73	   0.00	0	   28.0	NaN	NaN	   46.7	  -0.07	NaN	   0.00	  -0.72	   0.00	CTCACGTGTT_467/26	0	24.53	+
8:259245	  190.0	0	   18.0	NaN	NaN	   28.6	  -0.04	NaN	   0.01	  -0.62	   0.00	0	   68.0	NaN	NaN	   63.7	   0.47	NaN	   0.51	  -0.87	   0.00	0	   74.0	NaN	NaN	   66.5	   0.64	NaN	   0.72	  -0.73	   0.00	0	   30.0	NaN	NaN	   46.7	  -0.09	NaN	   0.00	  -0.60	   0.00	TTTCACGTGAAT_438/14	0	33.14	+
8:263609	  216.0	0	   27.0	NaN	NaN	   28.6	   0.05	NaN	   0.19	  -1.00	   0.00	0	   68.0	NaN	NaN	   63.7	   0.47	NaN	   0.51	  -0.63	   0.00	0	   80.0	NaN	NaN	   66.5	   1.14	NaN	   1.24	  -0.73	   0.00	0	   41.0	NaN	NaN	   46.7	  -0.15	NaN	   0.09	  -0.66	   0.00	CTTCACGTGTTT_528/28	0	29.65	+
8:314351	  159.8	0	   15.5	NaN	NaN	   28.6	  -0.03	NaN	   0.00	  -0.01	   0.00	0	   50.7	NaN	NaN	   63.7	   0.01	NaN	   0.02	  -0.12	   0.00	0	   63.8	NaN	NaN	   66.5	   0.16	NaN	   0.20	  -0.15	   0.00	0	   29.9	NaN	NaN	   46.7	  -0.09	NaN	   0.00	  -0.22	   0.00	TTCACGT_86/8	0	5.80	+
8:320712	  185.5	0	   17.7	NaN	NaN	   28.6	  -0.04	NaN	   0.01	  -0.68	   0.00	0	   81.1	NaN	NaN	   63.7	   1.72	NaN	   1.81	  -0.83	   0.00	0	   74.5	NaN	NaN	   66.5	   0.71	NaN	   0.79	  -1.00	   0.00	0	   12.2	NaN	NaN	   46.7	  -0.01	NaN	   0.00	  -0.66	   0.00	GATCACGTTTC_353/17	0	20.59	+
8:328915	  166.0	0	   14.0	NaN	NaN	   28.6	  -0.02	NaN	   0.00	  -0.82	   0.00	0	   62.0	NaN	NaN	   63.7	   0.20	NaN	   0.22	  -0.75	   0.00	0	   62.0	NaN	NaN	   66.5	   0.11	NaN	   0.14	  -0.85	   0.00	0	   28.0	NaN	NaN	   46.7	  -0.07	NaN	   0.00	  -0.66	   0.00	CACGTGGCA_232/11	0	14.91	+
8:446919	  159.0	0	   17.0	NaN	NaN	   28.6	  -0.03	NaN	   0.00	  -0.89	   0.00	0	   58.0	NaN	NaN	   63.7	   0.09	NaN	   0.11	  -1.04	   0.00	0	   53.0	NaN	NaN	   66.5	   0.01	NaN	   0.02	  -0.72	   0.00	0	   31.0	NaN	NaN	   46.7	  -0.09	NaN	   0.00	  -0.60	   0.00	ANCACGTGTT_356/19	0	19.38	+
8:476105	  168.0	0	   25.0	NaN	NaN	   28.6	  -0.00	NaN	   0.11	  -0.74	   0.00	0	   41.0	NaN	NaN	   63.7	  -0.00	NaN	   0.00	  -0.81	   0.00	0	   63.0	NaN	NaN	   66.5	   0.14	NaN	   0.17	  -0.90	   0.00	0	   39.0	NaN	NaN	   46.7	  -0.15	NaN	   0.05	  -0.94	   0.00	ATCACGTT_226/12	0	13.75	+
8:477576	  184.0	0	   20.0	NaN	NaN	   28.6	  -0.04	NaN	   0.02	  -0.64	   0.00	0	   71.0	NaN	NaN	   63.7	   0.66	NaN	   0.71	  -0.74	   0.00	0	   62.0	NaN	NaN	   66.5	   0.11	NaN	   0.14	  -0.86	   0.00	0	   31.0	NaN	NaN	   46.7	  -0.09	NaN	   0.00	  -0.96	   0.00	ATTCACGTGAAT_433/13	0	33.92	+
9:40201	  165.0	0	   25.0	NaN	NaN	   27.4	   0.02	NaN	   0.16	  -0.52	   0.00	0	   62.0	NaN	NaN	   60.9	   0.30	NaN	   0.34	  -0.70	   0.00	0	   52.0	NaN	NaN	   64.0	   0.01	NaN	   0.02	  -0.76	   0.00	0	   26.0	NaN	NaN	   44.4	  -0.07	NaN	   0.00	  -0.99	   0.00	GATCACGTTT_320/16	0	18.49	+
9:50092	  197.0	0	   24.0	NaN	NaN	   27.4	  -0.00	NaN	   0.12	  -0.58	   0.00	0	   75.0	NaN	NaN	   60.9	   1.28	NaN	   1.35	  -0.83	   0.00	0	   74.0	NaN	NaN	   64.0	   0.84	NaN	   0.92	  -0.82	   0.00	0	   24.0	NaN	NaN	   44.4	  -0.05	NaN	   0.00	  -0.76	   0.00	GGTCACATG_165/22	0	6.42	+
9:100685	  153.0	0	   13.0	NaN	NaN	   27.4	  -0.02	NaN	   0.00	  -1.00	   0.00	0	   45.0	NaN	NaN	   60.9	   0.00	NaN	   0.01	  -0.64	   0.00	0	   64.0	NaN	NaN	   64.0	   0.24	NaN	   0.29	  -0.68	   0.00	0	   31.0	NaN	NaN	   44.4	  -0.11	NaN	   0.01	  -0.71	   0.00	AGTCACATG_237/22	0	9.94	+
9:111230	  225.0	0	   25.0	NaN	NaN	   28.4	  -0.00	NaN	   0.12	  -0.90	   0.00	0	   82.0	NaN	NaN	   65.0	   1.55	NaN	   1.63	  -0.74	   0.00	0	   70.0	NaN	NaN	   64.0	   0.55	NaN	   0.62	  -0.79	   0.00	0	   48.0	NaN	NaN	   54.4	  -0.15	NaN	   0.08	  -0.75	   0.00	TTTTCACGTGCTC_522/21	0	35.73	+
9:115546	  177.0	0	   15.0	NaN	NaN	   27.4	  -0.03	NaN	   0.00	  -0.53	   0.00	0	   61.0	NaN	NaN	   60.9	   0.26	NaN	   0.29	  -0.76	   0.00	0	   70.0	NaN	NaN	   64.0	   0.55	NaN	   0.62	  -0.99	   0.00	0	   31.0	NaN	NaN	   44.4	  -0.11	NaN	   0.01	  -0.78	   0.00	GNANCACGTGNAA_406/8	0	39.00	+
9:139688	  152.0	0	   15.0	NaN	NaN	   27.4	  -0.03	NaN	   0.00	  -0.75	   0.00	0	   51.0	NaN	NaN	   60.9	   0.03	NaN	   0.04	  -0.71	   0.00	0	   59.0	NaN	NaN	   64.0	   0.10	NaN	   0.12	  -0.53	   0.00	0	   27.0	NaN	NaN	   44.4	  -0.08	NaN	   0.00	  -0.72	   0.00	ANANCACGTGNA_414/8	0	40.30	+
9:188374	  185.0	0	   24.0	NaN	NaN	   27.4	  -0.00	NaN	   0.12	  -0.89	   0.00	0	   77.0	NaN	NaN	   60.9	   1.51	NaN	   1.58	  -0.74	   0.00	0	   55.0	NaN	NaN	   64.0	   0.03	NaN	   0.05	  -0.96	   0.00	0	   29.0	NaN	NaN	   44.4	  -0.09	NaN	   0.00	  -0.80	   0.00	ANCACGTGGA_373/12	0	27.68	+
9:201482	  217.0	0	   25.0	NaN	NaN	   27.4	   0.02	NaN	   0.16	  -0.59	   0.00	0	   66.0	NaN	NaN	   60.9	   0.52	NaN	   0.56	  -0.69	   0.00	0	   81.0	NaN	NaN	   64.0	   1.53	NaN	   1.65	  -0.68	   0.00	0	   45.0	NaN	NaN	   44.4	   0.00	NaN	   0.31	  -0.71	   0.00	ANCACGTGGCA_394/12	0	30.23	+
9:243796	  150.0	0	   20.0	NaN	NaN	   27.4	  -0.04	NaN	   0.03	  -0.48	   0.00	0	   35.0	NaN	NaN	   60.9	  -0.00	NaN	   0.00	  -0.67	   0.00	0	   51.0	NaN	NaN	   64.0	   0.01	NaN	   0.02	  -0.64	   0.00	0	   44.0	NaN	NaN	   44.4	  -0.04	NaN	   0.26	  -0.65	   0.00	GTCACGNG_164/4	0	14.85	+
9:251546	  173.5	0	   18.3	NaN	NaN	   27.4	  -0.04	NaN	   0.02	  -0.73	   0.00	0	   77.4	NaN	NaN	   60.9	   1.62	NaN	   1.70	  -0.72	   0.00	0	   58.5	NaN	NaN	   64.0	   0.10	NaN	   0.12	  -0.72	   0.00	0	   19.3	NaN	NaN	   44.4	  -0.03	NaN	   0.00	  -0.84	   0.00	TCAGGTGA_127/3	0	12.06	+
9:272390	  192.0	0	   23.0	NaN	NaN	   27.4	  -0.02	NaN	   0.08	  -0.80	   0.00	0	   60.0	NaN	NaN	   60.9	   0.22	NaN	   0.25	  -0.86	   0.00	0	   66.0	NaN	NaN	   64.0	   0.33	NaN	   0.38	  -0.77	   0.00	0	   43.0	NaN	NaN	   44.4	  -0.07	NaN	   0.22	  -1.01	   0.00	AATCACGTTT_279/12	0	18.10	+
9:277734	  184.0	0	   13.0	NaN	NaN	   27.4	  -0.02	NaN	   0.00	  -0.88	   0.00	0	   73.0	NaN	NaN	   60.9	   1.08	NaN	   1.14	  -0.91	   0.00	0	   66.0	NaN	NaN	   64.0	   0.33	NaN	   0.38	  -1.01	   0.00	0	   32.0	NaN	NaN	   44.4	  -0.12	NaN	   0.01	  -0.97	   0.00	CATCACATG_155/20	0	6.39	+
9:331400	  183.0	0	   26.0	NaN	NaN	   27.4	   0.06	NaN	   0.20	  -0.76	   0.53	0	   67.0	NaN	NaN	   60.9	   0.59	NaN	   0.63	  -0.72	   0.53	0	   59.0	NaN	NaN	   64.0	   0.10	NaN	   0.12	  -0.74	   0.53	0	   31.0	NaN	NaN	   44.4	  -0.11	NaN	   0.01	  -0.91	   0.53	CGGCACGT_87/9	0	5.55	+
9:336423	  182.3	0	   28.6	NaN	NaN	   27.4	   0.21	NaN	   0.40	  -0.85	   0.00	0	   49.8	NaN	NaN	   60.9	   0.02	NaN	   0.03	  -1.06	   0.00	0	   63.9	NaN	NaN	   64.0	   0.24	NaN	   0.29	  -0.90	   0.00	0	   39.9	NaN	NaN	   44.4	  -0.13	NaN	   0.12	  -0.80	   0.00	--------	-1	0.00	*
9:419555	  213.0	0	   23.0	NaN	NaN	   27.4	  -0.01	NaN	   0.08	  -0.79	   0.00	0	   80.0	NaN	NaN	   60.9	   1.87	NaN	   1.96	  -0.79	   0.00	0	   78.0	NaN	NaN	   64.0	   1.21	NaN	   1.31	  -0.89	   0.00	0	   32.0	NaN	NaN	   44.4	  -0.12	NaN	   0.01	  -0.79	   0.00	--------	-1	0.00	*
plasmid-2-micron:332	 3763.0	0	  476.0	NaN	NaN	  602.9	  -0.00	NaN	   0.00	  -0.64	   0.86	0	 1133.0	NaN	NaN	 1322.6	  -0.00	NaN	   0.00	  -0.45	   0.86	0	 1139.0	NaN	NaN	 1435.2	  -0.00	NaN	   0.00	  -0.47	   0.86	0	 1015.0	NaN	NaN	 1200.5	  -0.01	NaN	   0.00	  -0.50	   0.86	TCAGGTGA_127/3	0	12.06	+
plasmid-2-micron:1256	 3417.0	0	  467.0	NaN	NaN	  602.9	  -0.00	NaN	   0.00	  -0.64	   0.80	0	  889.0	NaN	NaN	 1322.6	  -0.00	NaN	  -0.00	  -0.59	   0.80	0	  944.0	NaN	NaN	 1435.2	  -0.00	NaN	  -0.00	  -0.55	   0.80	0	 1117.0	NaN	NaN	 1228.6	  -0.06	NaN	   0.00	  -0.57	   0.80	--------	-1	0.00	*
plasmid-2-micron:4432	 3480.7	0	  421.1	NaN	NaN	  602.9	  -0.00	NaN	   0.00	  -0.85	   0.00	0	 1195.8	NaN	NaN	 1322.6	  -0.00	NaN	   0.00	  -0.65	   0.00	0	 1349.1	NaN	NaN	 1435.2	  -0.00	NaN	   0.00	  -0.60	   0.00	0	  514.6	NaN	NaN	 1158.4	  -0.00	NaN	  -0.00	  -0.68	   0.00	--------	-1	0.00	*
plasmid-2-micron:4638	 1815.3	0	  277.9	NaN	NaN	  602.9	  -0.00	NaN	  -0.00	  -0.56	   0.00	0	  396.2	NaN	NaN	 1322.6	  -0.00	NaN	  -0.00	  -0.38	   0.00	0	  523.9	NaN	NaN	 1435.2	  -0.00	NaN	  -0.00	  -0.36	   0.00	0	  617.4	NaN	NaN	 1158.4	  -0.00	NaN	  -0.00	  -0.51	   0.00	--------	-1	0.00	*
