-300	0.0011055788075074566
-299	0.0010952692547655282
-298	0.0010876394311725736
-297	0.001085369065877568
-296	0.001091137888029485
-295	0.0011060714504006232
-294	0.0011250786002565756
-293	0.0011415140084862598
-292	0.001150392724767839
-291	0.0011533713139364632
-290	0.001153766719616529
-289	0.0011541462615788796
-288	0.001154078764180145
-287	0.001152383427923403
-286	0.001148547360545182
-285	0.0011447292987158166
-284	0.0011437558863390924
-283	0.001148600479493335
-282	0.0011628232829550256
-281	0.0011901312136751855
-280	0.0012306462519301106
-279	0.0012701506312971945
-278	0.001290841648679107
-277	0.0012817286602745356
-276	0.001259069259466243
-275	0.00124593309893301
-274	0.0012583315124056137
-273	0.001284042557822808
-272	0.0013037859741753433
-271	0.001304702502859451
-270	0.001299616894893295
-269	0.0013077749037005218
-268	0.0013418306309665306
-267	0.0013880715714237367
-266	0.0014261935680663091
-265	0.0014414857659862332
-264	0.0014416105186667635
-263	0.001439823481688971
-262	0.0014464333179787963
-261	0.0014599607198416567
-260	0.0014759793869278377
-259	0.0014899587525512594
-258	0.0014969511846803748
-257	0.0014919047849472707
-256	0.0014734718103979717
-255	0.001455121139734255
-254	0.0014540258070718352
-253	0.0014812305299413168
-252	0.0015232667595328634
-251	0.0015605376304515287
-250	0.0015790643655544904
-249	0.0015873405407074196
-248	0.001599477820028113
-247	0.001625069213701886
-246	0.001655633116184137
-245	0.0016781692679977839
-244	0.0016837472955476174
-243	0.0016797163687659231
-242	0.0016774955434668607
-241	0.0016860215474882455
-240	0.0017043017967625245
-239	0.0017288613792458022
-238	0.0017562348378621676
-237	0.0017829945354076485
-236	0.0018057222896462567
-235	0.0018224328131237549
-234	0.0018368723975129065
-233	0.0018542202292682257
-232	0.0018775793295186794
-231	0.0019017480580910539
-230	0.0019194486094865888
-229	0.0019266281796590315
-228	0.0019321339703721686
-227	0.0019480381848422936
-226	0.001981847030970747
-225	0.002022802735399053
-224	0.0020555815294537824
-223	0.0020685884385789224
-222	0.0020651436646881255
-221	0.002052296203812459
-220	0.0020375079675784354
-219	0.0020298925299943363
-218	0.002038976380663886
-217	0.002070312427666162
-216	0.0021135592529816535
-215	0.0021544018570662025
-214	0.002181165714524777
-213	0.002192738196558868
-212	0.002190647148519094
-211	0.0021791327228681194
-210	0.0021732843005168034
-209	0.002190903569488052
-208	0.0022419323216668527
-207	0.0023048727643865197
-206	0.002350367208842448
-205	0.002357459743069982
-204	0.002338801562464267
-203	0.0023154456392603965
-202	0.0023043565932608246
-201	0.002306145634537445
-200	0.0023173356207295123
-199	0.0023361829710415068
-198	0.0023678783509388213
-197	0.0024193459874520757
-196	0.0024908135929410623
-195	0.002555722821082268
-194	0.0025808188108813524
-193	0.002547667800838316
-192	0.00249712042743052
-191	0.0024848484266296695
-190	0.002547032542124754
-189	0.0026418895484739214
-188	0.002708145227952607
-187	0.0027025286609062135
-186	0.002653782119960017
-185	0.002608651175809264
-184	0.0026029328248783124
-183	0.0026286297665079946
-182	0.0026667961257682564
-181	0.0027020784717757497
-180	0.002733493149833951
-179	0.002763648949293038
-178	0.0027927304823477973
-177	0.0028112256525714414
-176	0.0028071981863817858
-175	0.0027758098052548157
-174	0.0027406142108991876
-173	0.002732263100081727
-172	0.0027699636092586148
-171	0.0028271446336434673
-170	0.002865790508139254
-169	0.0028599873130403016
-168	0.0028322281102063527
-167	0.0028171077068885014
-166	0.00283911412525029
-165	0.002882308247105054
-164	0.0029206441691785752
-163	0.0029357406674289763
-162	0.002939875234743742
-161	0.0029529900432426993
-160	0.0029885323895821694
-159	0.0030339700685644553
-158	0.0030702759995283563
-157	0.00308409459208947
-156	0.003084756216970594
-155	0.003087262735171323
-154	0.00310388886858372
-153	0.0031360007826697093
-152	0.0031822375037836846
-151	0.0032380268506350435
-150	0.0032859518113532143
-149	0.0033053841664226285
-148	0.003285065729287079
-147	0.0032512184452277953
-146	0.0032394342924853665
-145	0.0032736348054829183
-144	0.0033310597433737314
-143	0.003377278421493626
-142	0.0033867338055929186
-141	0.0033693634630799158
-140	0.003343978611777422
-139	0.003328262854842193
-138	0.0033353893367667926
-137	0.0033774035873777386
-136	0.0034568585583151274
-135	0.0035383368884733812
-134	0.0035769286385605023
-133	0.0035432282116951543
-132	0.0034698473806386446
-131	0.0034049022605629415
-130	0.0033846073873930824
-129	0.0033975709800663865
-128	0.003420499678273241
-127	0.003433977338577493
-126	0.0034340966850368235
-125	0.003420827658582374
-124	0.003395694762740268
-123	0.003366440751416565
-122	0.0033423629411123076
-121	0.0033315301045954695
-120	0.0033370968397017503
-119	0.0033609892005337805
-118	0.0034027009972070745
-117	0.0034519970638886783
-116	0.0034962099907585222
-115	0.0035244738462613715
-114	0.003533128611901338
-113	0.0035203157474473683
-112	0.0034857410757215485
-111	0.0034353678717585247
-110	0.0033767237736460815
-109	0.0033179266937258685
-108	0.003269455641354996
-107	0.00324237990014444
-106	0.0032416373906651347
-105	0.0032476405813278496
-104	0.003234670577503315
-103	0.0031879750934363225
-102	0.0031366682788679105
-101	0.0031208308924131813
-100	0.003165109887762246
-99	0.003232416998905262
-98	0.0032702301549073958
-97	0.0032439222193281184
-96	0.0031904457937041186
-95	0.00316464841406639
-94	0.003204281932283355
-93	0.0032787154635731614
-92	0.0033402224389913887
-91	0.0033518454003657002
-90	0.003319703332612108
-89	0.0032606843314187074
-88	0.003189931903846995
-87	0.00311561120245207
-86	0.003044142791162429
-85	0.0029820580826641963
-84	0.002936331884674005
-83	0.0029140498536661154
-82	0.002918442031388356
-81	0.0029373160006828393
-80	0.0029546237296652427
-79	0.002956712771774365
-78	0.002939513021741473
-77	0.0029013499596209484
-76	0.0028457029943257414
-75	0.002796667250203057
-74	0.002783491780458668
-73	0.002822595643760178
-72	0.002879077920622524
-71	0.002905207697022475
-70	0.002869812951610405
-69	0.002807957233731107
-68	0.0027712629854029823
-67	0.0027956551053828676
-66	0.002854268319381365
-65	0.002904539809847514
-64	0.0029132252217510582
-63	0.0028843540501445586
-62	0.002831274252601279
-61	0.002769437133492106
-60	0.0027227073843784306
-59	0.0027170530436192667
-58	0.0027647762076783767
-57	0.002823515205438522
-56	0.0028372424238872125
-55	0.002769679965830495
-54	0.0026635487973485734
-53	0.0025813196003401867
-52	0.002567824901870892
-51	0.0025973446096735193
-50	0.0026265204766477146
-49	0.002624360172250066
-48	0.0026093350321649217
-47	0.0026122823086335706
-46	0.00265256068305529
-45	0.0027036145534613167
-44	0.0027274097470408793
-43	0.0026971567561155227
-42	0.0026310447335360716
-41	0.0025585074972856708
-40	0.0025058319137167143
-39	0.002486717042658606
-38	0.0025117149923099985
-37	0.002583978592037523
-36	0.002677063555879728
-35	0.0027571263190431378
-34	0.002798257304568422
-33	0.0028062828868328287
-32	0.0027949634280477528
-31	0.0027766989631378873
-30	0.002758448217881138
-29	0.0027458095907687114
-28	0.0027449987230476905
-27	0.002764700226988674
-26	0.002814215957618137
-25	0.0028994782728822255
-24	0.0030129415424057734
-23	0.0031436906387332874
-22	0.0032677359806998663
-21	0.003308790172302985
-20	0.0031774913638307127
-19	0.0028800036865132346
-18	0.002804595195349196
-17	0.003435059926279363
-16	0.005044600787090781
-15	0.007064056172955647
-14	0.008713673350892443
-13	0.009381188982499556
-12	0.009124297307695033
-11	0.008168181960976819
-10	0.0067722922031250524
-9	0.005333139800048632
-8	0.004281502143938645
-7	0.00390769586862596
-6	0.003940194574500586
-5	0.003967011103592314
-4	0.00367694021218562
-3	0.003161904313583709
-2	0.002614607735344467
-1	0.002219394622188648
0	0.0021271683874884754
1	0.0024804722617790364
2	0.003335078659648491
3	0.004399676731897279
4	0.005296184813378908
5	0.005713917400777099
6	0.005611773638096401
7	0.005016048831171583
8	0.0040064825596863194
9	0.0028765914987199464
10	0.001973336597200713
11	0.0015507679413265603
12	0.0014912921663742015
13	0.001584405044890039
14	0.0016552336223707215
15	0.0016714300361138717
16	0.0016362776963673568
17	0.0015588477138434268
18	0.0014713620011118707
19	0.0014118301712068599
20	0.0014064599472016872
21	0.0014342514923261372
22	0.0014624030798491138
23	0.001465221149547814
24	0.001445444807232602
25	0.0014129213252221332
26	0.0013767253514178931
27	0.00134284103605269
28	0.0013164799049421617
29	0.0013024750708167812
30	0.0013041459940663614
31	0.0013244337219955491
32	0.0013609836445227959
33	0.0013902585220217688
34	0.0013834254574799387
35	0.001324772527262898
36	0.0012510717012487321
37	0.0012122159226936487
38	0.0012406287952782676
39	0.0012988565643808642
40	0.001331976135804127
41	0.0013015513766011
42	0.0012350939988262598
43	0.0011766026757844374
44	0.0011592397983210157
45	0.0011728226274435795
46	0.0011963321417002653
47	0.0012114468527865436
48	0.0012106354049872352
49	0.0011890639757344962
50	0.0011464144662200245
51	0.0011004316726736826
52	0.0010733761150848742
53	0.0010797855958056214
54	0.0011033070466384199
55	0.001119864681748384
56	0.0011111746596550365
57	0.0010821209162955381
58	0.001043379331961459
59	0.0010060499125997
60	9.829291667784888E-4
61	9.872377287213849E-4
62	0.0010252499066738076
63	0.001075454704968621
64	0.0011093948019605473
65	0.0011073027872610676
66	0.0010841708955086902
67	0.0010636812725986816
68	0.0010628766724773934
69	0.001072242281295525
70	0.0010756238932548622
71	0.0010626651311627358
72	0.0010462009322486593
73	0.0010448640623476916
74	0.001070330582149917
75	0.001106449731765526
76	0.001130114046159735
77	0.0011256345946027227
78	0.0011069965835845167
79	0.0010956037539001072
80	0.001106375310714599
81	0.0011282923166735564
82	0.0011438512987926583
83	0.0011386304760463981
84	0.0011105348352445233
85	0.0010605510551555954
86	9.927008910484917E-4
87	9.231464041933511E-4
88	8.71084732360629E-4
89	8.497092909369983E-4
90	8.481986057740046E-4
91	8.497274803394128E-4
92	8.417790770596711E-4
93	8.290699941959684E-4
94	8.206251889681772E-4
95	8.219697796267944E-4
96	8.246295285448114E-4
97	8.166303591258435E-4
98	7.911739203226174E-4
99	7.621647632843086E-4
100	7.486831647092038E-4
101	7.63142509151209E-4
102	7.912886125867057E-4
103	8.12200398847694E-4
104	8.106079289182925E-4
105	7.938458123910938E-4
106	7.748997960108086E-4
107	7.635639846526443E-4
108	7.568659157137976E-4
109	7.486414847219617E-4
110	7.343036340146108E-4
111	7.155734931683452E-4
112	6.957492385695453E-4
113	6.783116828950376E-4
114	6.674721839834311E-4
115	6.676247359637809E-4
116	6.801490846817004E-4
117	6.943679828490399E-4
118	6.965899348942083E-4
119	6.785341530275466E-4
120	6.535626805871241E-4
121	6.404482686929414E-4
122	6.514499601073298E-4
123	6.727719641619414E-4
124	6.84104781830758E-4
125	6.709349646964999E-4
126	6.419332667768403E-4
127	6.115664926981911E-4
128	5.917586946071005E-4
129	5.842629147306655E-4
130	5.882894428161194E-4
131	6.013209138726377E-4
132	6.13929343957164E-4
133	6.149590943885833E-4
134	5.971523058083722E-4
135	5.688422361483705E-4
136	5.422599226630097E-4
137	5.273960221333987E-4
138	5.252796694473586E-4
139	5.346996190193884E-4
140	5.529287871258209E-4
141	5.711767374903214E-4
142	5.791371956983896E-4
143	5.699083116678985E-4
144	5.502059326462172E-4
145	5.30150330213089E-4
146	5.176314000021289E-4
147	5.116175338624416E-4
148	5.088467476970036E-4
149	5.061982869082718E-4
150	5.011163148966245E-4
151	4.911862245619206E-4
152	4.757577920133029E-4
153	4.612383261970527E-4
154	4.5579951926873544E-4
155	4.64523265325173E-4
156	4.801322662282126E-4
157	4.922594257809578E-4
158	4.930664674318669E-4
159	4.8483039321081737E-4
160	4.7235702479304193E-4
161	4.5966003280075937E-4
162	4.475844836441359E-4
163	4.3618329268032424E-4
164	4.2629491020428816E-4
165	4.218999262622364E-4
166	4.2776446583818906E-4
167	4.4554125432636014E-4
168	4.644294187617408E-4
169	4.70514686589516E-4
170	4.551152444455558E-4
171	4.3047911572846956E-4
172	4.1408678302755136E-4
173	4.179810615497719E-4
174	4.3245409697280785E-4
175	4.4236036759201226E-4
176	4.3652021791112656E-4
177	4.1961745726744554E-4
178	4.0030176120665195E-4
179	3.861208391891946E-4
180	3.802145363345839E-4
181	3.8462073167709593E-4
182	3.9928396401180073E-4
183	4.157754111769449E-4
184	4.235729107715686E-4
185	4.157918038001161E-4
186	4.0009744488864516E-4
187	3.8779269206861723E-4
188	3.8684086235510736E-4
189	3.918471086976452E-4
190	3.940770430293739E-4
191	3.8722738332663055E-4
192	3.747192717385262E-4
193	3.6240495645736576E-4
194	3.547745475098411E-4
195	3.5086960226019285E-4
196	3.4836953990704893E-4
197	3.45378697195302E-4
198	3.4170108105490414E-4
199	3.375656159620723E-4
200	3.3320122639302356E-4
