-300	0.001011076949603772
-299	0.0010757999922637734
-298	0.0011325583956616513
-297	0.0011733875205352828
-296	0.0011903227276225433
-295	0.0011796026889974063
-294	0.0011542793220782283
-293	0.001131607855619462
-292	0.0011253451226461875
-291	0.001135254373265992
-290	0.0011576004618570903
-289	0.001187439849731267
-288	0.0012149954259345903
-287	0.0012292816864466983
-286	0.0012236220154851177
-285	0.0012085753502189306
-284	0.0011990095160551077
-283	0.0012078862194841407
-282	0.0012405426913306079
-281	0.0013004100435026085
-280	0.0013844913712838063
-279	0.0014640777034601248
-278	0.0015040320521930515
-277	0.0014824352127812104
-276	0.0014302391130717725
-275	0.0013916134640490454
-274	0.0013976235321407273
-273	0.0014269168055480814
-272	0.001445036327915762
-271	0.0014302290917720445
-270	0.001411557885179692
-269	0.0014307894450850888
-268	0.0015133480630176463
-267	0.0016192882488388924
-266	0.00169232206699338
-265	0.0016927666341447223
-264	0.0016473592758327645
-263	0.0015994423698164116
-262	0.001580935068701373
-261	0.0015780636244805807
-260	0.001565631063993772
-259	0.0015285674437691503
-258	0.0014923109390887828
-257	0.0014924267549232012
-256	0.0015505285783348553
-255	0.001632424024753862
-254	0.0016899691917022556
-253	0.0016882921031100436
-252	0.001645608488539129
-251	0.0015934060039593891
-250	0.0015576887025465272
-249	0.0015425262262995592
-248	0.0015465046144233275
-247	0.0015666572802713011
-246	0.0015938071337914545
-245	0.0016172244590803892
-244	0.0016299838799965576
-243	0.0016403773794458226
-242	0.0016605012800958983
-241	0.0016987834773454725
-240	0.0017489781575171315
-239	0.0018011710796644355
-238	0.0018454176245362632
-237	0.0018716516596627738
-236	0.0018697766742694437
-235	0.0018369618390364339
-234	0.0017994390504626366
-233	0.0017907058865016274
-232	0.001833679755840642
-231	0.0019089573901015654
-230	0.0019865553516399416
-229	0.002041367663605628
-228	0.002067798192325729
-227	0.0020651282649216617
-226	0.0020371384097892845
-225	0.0020056059604222384
-224	0.0019968074515886065
-223	0.0020281140191339567
-222	0.0020812752032137944
-221	0.0021291351450611075
-220	0.0021521705690377034
-219	0.002161388532020659
-218	0.0021754286740158697
-217	0.0022064935238843447
-216	0.0022410371659075494
-215	0.0022590765732220662
-214	0.002245202956677124
-213	0.002202304477972559
-212	0.002137843536520855
-211	0.002064844568572048
-210	0.002018580157726385
-209	0.002039884924421665
-208	0.0021509519796410457
-207	0.0022994083965491192
-206	0.002414239738855838
-205	0.0024413759073044815
-204	0.002394524150771643
-203	0.002304336055167243
-202	0.0022023329021567625
-201	0.002123514756427924
-200	0.002103751378424007
-199	0.002165315448421353
-198	0.002276091326028548
-197	0.0023903662906872365
-196	0.002471354671013296
-195	0.0025179789923195223
-194	0.002538088829092944
-193	0.0025430020774965634
-192	0.002557909920397291
-191	0.002611471862338011
-190	0.002716092296336415
-189	0.0028191551693094153
-188	0.0028517893166487332
-187	0.0027702926026270318
-186	0.002631639007040753
-185	0.0025179715385672797
-184	0.0024890781734008566
-183	0.002515326757803166
-182	0.0025447301055527495
-181	0.00254167332255173
-180	0.002536030683196563
-179	0.002574048754007283
-178	0.00267874350581783
-177	0.0027802085267177507
-176	0.0027853068091104965
-175	0.002637715677478393
-174	0.0024283697846192716
-173	0.002285018115409838
-172	0.002297124485043307
-171	0.0024010120299789235
-170	0.0024947187169924415
-169	0.0025046297142495297
-168	0.0024705189954755233
-167	0.002460507735785672
-166	0.002522156111814476
-165	0.0026207803062734294
-164	0.0027011355033932758
-163	0.0027257583070989214
-162	0.002728311000091929
-161	0.0027602372847680226
-160	0.0028535050158165977
-159	0.0029621786571017283
-158	0.0030208468247811594
-157	0.002986280901569563
-156	0.0029039833364093303
-155	0.0028416393447997803
-154	0.002851983116217955
-153	0.0029279447360517842
-152	0.0030475032636669173
-151	0.003182524407501125
-150	0.0032804204722806573
-149	0.0032824904118038825
-148	0.0031582919250417955
-147	0.0029904176916558875
-146	0.002889719136480277
-145	0.002932190405068424
-144	0.003054396525851173
-143	0.003158045247978712
-142	0.0031690492279358726
-141	0.0031101407515460597
-140	0.0030282570119673224
-139	0.0029661045948676085
-138	0.0029494676559544642
-137	0.0029998997434453347
-136	0.0031244019142716633
-135	0.0032717652602208907
-134	0.003376228381794456
-133	0.0033897068799306753
-132	0.003334824357315374
-131	0.0032518814170712537
-130	0.003178261072433192
-129	0.0031396759770847735
-128	0.0031589211948217562
-127	0.0032451605952266167
-126	0.0033530332710287047
-125	0.0034235471207440847
-124	0.003412539640257872
-123	0.0033351667149313768
-122	0.0032214138274949573
-121	0.0031015255671366032
-120	0.0030067829488748276
-119	0.0029687260941857726
-118	0.0030052866149053743
-117	0.0030799620843087443
-116	0.0031426415660307876
-115	0.0031571691334674923
-114	0.003143208899059186
-113	0.0031343799850072802
-112	0.003155698196922652
-111	0.0031977660740540393
-110	0.0032425828390596455
-109	0.003275189223103555
-108	0.003292791991373389
-107	0.0032956394175626506
-106	0.003282230014915787
-105	0.003244063254881035
-104	0.0031708888484575735
-103	0.0030628027624313514
-102	0.0029612859867353984
-101	0.0029181657670895125
-100	0.0029638050117150863
-99	0.0030427092788399075
-98	0.0030779197891933566
-97	0.003018834028653861
-96	0.0029202745436960292
-95	0.0028634201459435123
-94	0.0029050644657253803
-93	0.003004460408192377
-92	0.0030964756972006653
-91	0.0031298199740388754
-90	0.0031085705497255205
-89	0.0030506466527115816
-88	0.0029720039776663055
-87	0.002880744084131998
-86	0.0027830049978692286
-85	0.0026871422058187054
-84	0.00261038103964169
-83	0.0025721642921795827
-82	0.0025852374664256743
-81	0.002635556905980822
-80	0.002702381664597776
-79	0.002764906504769085
-78	0.002802069023946504
-77	0.0027927425283215874
-76	0.0027298757835545313
-75	0.0026627193931800996
-74	0.0026545994202016973
-73	0.0027427795880083077
-72	0.0028602742615312375
-71	0.0029140354660873737
-70	0.002844140020372641
-69	0.0027231639165991297
-68	0.0026568079403579722
-67	0.002715875495386623
-66	0.0028315804580078354
-65	0.002900239322690686
-64	0.0028488212484485942
-63	0.0027269060524723553
-62	0.0026147262164971066
-61	0.002575271289165271
-60	0.0026025590867484187
-59	0.002673364492425404
-58	0.0027629723392933203
-57	0.0028407072601222146
-56	0.0028744038376003708
-55	0.0028471472094861957
-54	0.0028030247338185835
-53	0.0028013743237065513
-52	0.00287442250921928
-51	0.00294595028826662
-50	0.0029126272757185865
-49	0.002714478815037596
-48	0.0024649531640556824
-47	0.0023208543091972826
-46	0.0023897302390425827
-45	0.0025821049507947754
-44	0.0027592464438128033
-43	0.0028157298153873036
-42	0.002779358554535695
-41	0.002711243248207091
-40	0.0026623782295050057
-39	0.0026432928161505523
-38	0.0026544000720192464
-37	0.002695505380638791
-36	0.0027639834041456412
-35	0.002856601124328439
-34	0.002966181123090548
-33	0.0030697683827942174
-32	0.0031404634859164143
-31	0.0031578011973841576
-30	0.0031270530119246734
-29	0.0030599246067152357
-28	0.002975441027985884
-27	0.002921904798177712
-26	0.0029549378087845753
-25	0.003102037820856927
-24	0.0032782060736716127
-23	0.0033703196760620736
-22	0.0033016156192521764
-21	0.0031407704240274904
-20	0.0029928204935640076
-19	0.002978860830295824
-18	0.0032842208336894465
-17	0.004110288502469482
-16	0.005536875632268406
-15	0.007157489206350162
-14	0.008444060004886563
-13	0.008983700687894173
-12	0.008824251434768572
-11	0.008128734304750097
-10	0.007080830461371253
-9	0.005946857485333225
-8	0.005013792061629371
-7	0.00448451948442771
-6	0.004225559484594916
-5	0.0040193404021723255
-4	0.003701632076680113
-3	0.0033215703455537946
-2	0.002981632545707724
-1	0.0027768983097726106
0	0.002772856453244593
1	0.003027598087336167
2	0.003556117259243081
3	0.0042010197600940895
4	0.004761814317001198
5	0.005064833991850165
6	0.005043709185621754
7	0.0046588946340704795
8	0.003919400976602536
9	0.00302846246723084
10	0.0022378692636199865
11	0.0017436485954829368
12	0.0015187759807261262
13	0.001480464009304358
14	0.0015468995723445583
15	0.0016401667656621565
16	0.0016833239862447053
17	0.001625234298191542
18	0.0015179794340491385
19	0.0014394457934757512
20	0.0014450486724045142
21	0.0015003189518680825
22	0.0015483164091739895
23	0.0015460869825629007
24	0.0015066212540080152
25	0.001456895966415664
26	0.001417517755220818
27	0.0013836128259730126
28	0.001343937276750424
29	0.0012936587785747453
30	0.0012535912942417472
31	0.0012509603594907173
32	0.0013005812281270625
33	0.001367628026220665
34	0.0014048645979075254
35	0.0013790704783097282
36	0.0013130879664936955
37	0.001243775052511933
38	0.001200931506600512
39	0.0011861242197297656
40	0.0011938618630535924
41	0.0012159792097178655
42	0.001233615440836362
43	0.0012252358395148334
44	0.0011802225493290559
45	0.0011316251557349037
46	0.0011234101046582754
47	0.001183383451595768
48	0.001274709690326774
49	0.0013443929242013839
50	0.0013536189623892909
51	0.0013203004373386034
52	0.001276531687317033
53	0.001247313350610813
54	0.0012292712655802673
55	0.0012119375706042422
56	0.0011865155198998282
57	0.0011508928310370958
58	0.0011046283374243594
59	0.0010511289704738045
60	0.0010091940536131035
61	0.001001471008273798
62	0.0010408513328692272
63	0.0011012028337399162
64	0.0011466373942081857
65	0.0011513909700847527
66	0.0011301958071339195
67	0.0011079082236083828
68	0.0011025275466792185
69	0.0011046251391910165
70	0.0010979153729067436
71	0.0010714819157297258
72	0.0010358856201247186
73	0.0010070566346968351
74	9.969279922550985E-4
75	0.001001444262424171
76	0.001012552899032624
77	0.0010246350284505129
78	0.001041806467213827
79	0.0010706167044000404
80	0.0011129659309218217
81	0.0011521571450326242
82	0.0011668440468210976
83	0.0011420788302352874
84	0.0010885076646608267
85	0.0010231752133427452
86	9.610661214390641E-4
87	9.089249617597714E-4
88	8.714362890278463E-4
89	8.518791200433909E-4
90	8.479103199149987E-4
91	8.557812158283859E-4
92	8.720980434490549E-4
93	8.94886672361655E-4
94	9.225278806306217E-4
95	9.518896337206066E-4
96	9.737886466971238E-4
97	9.775288220259027E-4
98	9.564806446584413E-4
99	9.202809294893102E-4
100	8.826330738988483E-4
101	8.54579874219505E-4
102	8.365217225921722E-4
103	8.261984101098523E-4
104	8.210522276765146E-4
105	8.173354654399951E-4
106	8.110029133590966E-4
107	7.986548910847623E-4
108	7.794738370364989E-4
109	7.532877193259537E-4
110	7.220743895314454E-4
111	6.96411233097978E-4
112	6.890255189372274E-4
113	7.07325968584386E-4
114	7.374471140687152E-4
115	7.602049400429935E-4
116	7.61260339372975E-4
117	7.456538377763147E-4
118	7.232708691836436E-4
119	7.034354340085589E-4
120	6.932257985965245E-4
121	6.991587957759711E-4
122	7.236301996784259E-4
123	7.525515496478055E-4
124	7.677133263311233E-4
125	7.572643343786939E-4
126	7.347866744540366E-4
127	7.202207712239723E-4
128	7.273836163774124E-4
129	7.455984696916356E-4
130	7.580651579660125E-4
131	7.526271562911244E-4
132	7.357025329224003E-4
133	7.183530044064806E-4
134	7.085998324623894E-4
135	7.023024594986885E-4
136	6.922798730963231E-4
137	6.742917940773678E-4
138	6.558608762284129E-4
139	6.474505065771778E-4
140	6.560092225147116E-4
141	6.744261628853851E-4
142	6.920756168968988E-4
143	7.000241578005663E-4
144	6.961074950221513E-4
145	6.798536220310303E-4
146	6.522426533274768E-4
147	6.200631875353524E-4
148	5.915559443094154E-4
149	5.730751615137174E-4
150	5.634291498494828E-4
151	5.595397382272285E-4
152	5.581756842544473E-4
153	5.554934603265335E-4
154	5.474964675358562E-4
155	5.323263702200119E-4
156	5.166778856975063E-4
157	5.093839945320715E-4
158	5.164072387931023E-4
159	5.322284065726436E-4
160	5.484578474684026E-4
161	5.57716570719845E-4
162	5.566682241334714E-4
163	5.429871151575418E-4
164	5.170826637020334E-4
165	4.903047395237975E-4
166	4.7673832484140257E-4
167	4.845572947670359E-4
168	4.982910959873585E-4
169	4.96558068082649E-4
170	4.662038219885962E-4
171	4.269830540625263E-4
172	4.068777320171752E-4
173	4.2502433113241205E-4
174	4.651773569566406E-4
175	5.022458226053982E-4
176	5.171293722825361E-4
177	5.146901745451633E-4
178	5.057810290387023E-4
179	5.000766013169372E-4
180	5.02539020567098E-4
181	5.169522818847764E-4
182	5.432993046759747E-4
183	5.663587055883407E-4
184	5.671080255799333E-4
185	5.333766600576431E-4
186	4.804014222236879E-4
187	4.302709797291179E-4
188	4.01243502059724E-4
189	3.96255166040263E-4
190	4.144116503302331E-4
191	4.5203797673035433E-4
192	4.943365396062366E-4
193	5.23729076464712E-4
194	5.276917992098187E-4
195	5.139188173344189E-4
196	4.95158714728581E-4
197	4.8171191700237715E-4
198	4.740862166458958E-4
199	4.703412478692296E-4
200	4.6853664488247075E-4
