-300	6.83802839156391E-4
-299	0.001059489234714215
-298	0.0010487618468763222
-297	0.0010391769276499661
-296	0.001034409591089185
-295	0.0010412878156339928
-294	0.001065146200556346
-293	0.00110077261545353
-292	0.0011349919401924286
-291	0.001155680537402537
-290	0.0011615733002630392
-289	0.0011577617734657383
-288	0.0011499980999721603
-287	0.0011426815993272217
-286	0.001139459398864367
-285	0.0011423925355591607
-284	0.0011483673074076171
-283	0.0011557064664264281
-282	0.001165602195148239
-281	0.0011850588699055566
-280	0.00121220873955328
-279	0.0012394620398175297
-278	0.0012514484187499484
-277	0.0012462046669256379
-276	0.0012297493819144172
-275	0.0012198657381863069
-274	0.0012230772706597244
-273	0.0012387162139782112
-272	0.0012554081429964137
-271	0.0012700183624299438
-270	0.0012842867165626984
-269	0.0013059478292062046
-268	0.001337262927990984
-267	0.0013762696896062272
-266	0.0014115919255516217
-265	0.0014296628864371714
-264	0.0014215304325585164
-263	0.0013980351938741127
-262	0.0013806213553399275
-261	0.0013876009192389268
-260	0.0014170184926713474
-259	0.001455453292428743
-258	0.0014892238528328551
-257	0.001511104448431558
-256	0.001518008385672463
-255	0.0015091879307100736
-254	0.0014917150587212629
-253	0.0014789565727418338
-252	0.0014830096669294114
-251	0.0015044923988829667
-250	0.0015345100155528574
-249	0.0015648229479176211
-248	0.0015966353059926812
-247	0.0016325260494824945
-246	0.0016708810102554154
-245	0.0016968499988697485
-244	0.0017015913779044266
-243	0.0016845714507011974
-242	0.0016657908912392483
-241	0.0016600389739978658
-240	0.0016739891221376388
-239	0.0016962763714129228
-238	0.0017237400090965513
-237	0.0017596379776367373
-236	0.0018129404263003206
-235	0.0018700418974780754
-234	0.0019089908204920735
-233	0.0019085311381240398
-232	0.0018793659087019627
-231	0.0018438174154603575
-230	0.0018307542157344353
-229	0.0018480825383896961
-228	0.0018928014895759852
-227	0.001944230750508225
-226	0.0019841835554169317
-225	0.0020015150023226557
-224	0.002004767267575988
-223	0.0020032565209944326
-222	0.0020018248109228524
-221	0.00199547076022043
-220	0.0019903400074308773
-219	0.0019962876239511163
-218	0.0020194664121847027
-217	0.00205001009398735
-216	0.002077269866027425
-215	0.002104138187186153
-214	0.0021390363898083826
-213	0.0021862973760826626
-212	0.0022337554359708033
-211	0.0022731510945138297
-210	0.0023014825726737085
-209	0.0023247825243578784
-208	0.002338479448985145
-207	0.002333548494130043
-206	0.0023040808398412755
-205	0.0022719810228282785
-204	0.0022669620966344773
-203	0.0023090462361183995
-202	0.0023705017430579304
-201	0.002411431590151691
-200	0.0024052030326173774
-199	0.002379395778300231
-198	0.0023735078295201643
-197	0.0024098385023796206
-196	0.0024667034789821888
-195	0.0025136856723090104
-194	0.0025330474138586883
-193	0.002530024396258484
-192	0.002516761108642962
-191	0.002509788760498974
-190	0.0025187675211101636
-189	0.0025460899527641316
-188	0.002576327467715361
-187	0.0025999101018613652
-186	0.002613724811295489
-185	0.0026264447643298294
-184	0.002638289819819192
-183	0.002647593324857862
-182	0.002657795447138151
-181	0.002675461863104307
-180	0.0027037312887659365
-179	0.0027329040656463134
-178	0.0027607266582527394
-177	0.0027898676647924066
-176	0.0028262310055743867
-175	0.0028574527502393636
-174	0.002867918729429521
-173	0.002854760237618375
-172	0.002838537284806876
-171	0.002841181681125053
-170	0.0028639152393175925
-169	0.002885512178929966
-168	0.00288388434555591
-167	0.002858295989380999
-166	0.002837276212822649
-165	0.0028535731389910226
-164	0.002919950135127269
-163	0.0030016532389407916
-162	0.0030519097520791206
-161	0.003036469094343668
-160	0.0029813656368215848
-159	0.002933116661825841
-158	0.0029430375243762637
-157	0.0030030098889218767
-156	0.003080117112235453
-155	0.003122257144435701
-154	0.0031300280891787126
-153	0.003126355521839683
-152	0.003150296325066319
-151	0.003200506555613341
-150	0.003260205005836983
-149	0.003302732975601165
-148	0.0033157461499334333
-147	0.003295778497716291
-146	0.003260143561288034
-145	0.0032432339521326786
-144	0.003274204630214575
-143	0.0033414765011239075
-142	0.003396635728876213
-141	0.0033948156873945833
-140	0.0033421276847676986
-139	0.003288781705208964
-138	0.0032853440209203192
-137	0.003341405565030482
-136	0.003422728364880603
-135	0.003487172856728759
-134	0.0035052540591160603
-133	0.0034822889018847657
-132	0.00343611385195647
-131	0.003395146787289742
-130	0.0033688912367225592
-129	0.0033582474731501167
-128	0.003354393111170993
-127	0.0033524251638196376
-126	0.003348586066993042
-125	0.003340062341812519
-124	0.003336035759398543
-123	0.003349403543681767
-122	0.0033874978033106686
-121	0.003426695308424682
-120	0.00343747839553667
-119	0.0034085627124031564
-118	0.0033717574173999496
-117	0.003366373974978204
-116	0.0034099656327524546
-115	0.003474658911094047
-114	0.0035210233786393003
-113	0.0035161314987108084
-112	0.0034664728972655153
-111	0.003394109678166568
-110	0.003331961615585235
-109	0.0032739577521833122
-108	0.003199093535355887
-107	0.00308828695429214
-106	0.002987329498012169
-105	0.002956804342746943
-104	0.0030266833837469423
-103	0.003140189541707224
-102	0.0032230972311022505
-101	0.0032305515156454898
-100	0.0031805230320741847
-99	0.0031077030047248185
-98	0.0030512695579515887
-97	0.0030394712450470696
-96	0.0030903496773186778
-95	0.0031892432690629035
-94	0.00329557659204567
-93	0.003368402070149547
-92	0.003389150400274406
-91	0.0033633954165283348
-90	0.003303582254654659
-89	0.003227555049100806
-88	0.003145878680417581
-87	0.003064840355442514
-86	0.002987417441911726
-85	0.0029329970425642296
-84	0.0029228255988366734
-83	0.002957339080120933
-82	0.0029947902662782445
-81	0.002988975999194838
-80	0.0029265271751249882
-79	0.0028443276913424414
-78	0.0027859388421505125
-77	0.0027692891723446176
-76	0.0027777932229549147
-75	0.00278877364312626
-74	0.002788760228021111
-73	0.0027800664695986996
-72	0.0027695759461702284
-71	0.0027654427410434062
-70	0.002766279303401919
-69	0.0027676921061791427
-68	0.0027661708415417864
-67	0.002767390680851977
-66	0.0027774212516768247
-65	0.002792042035108521
-64	0.002795813780813201
-63	0.0027738360325437524
-62	0.00272791863252627
-61	0.002684045926349076
-60	0.002673347927825168
-59	0.0027146481814873625
-58	0.0027803470463533004
-57	0.002827448287969382
-56	0.002812453397750885
-55	0.002747417399876612
-54	0.002665026888463263
-53	0.0026097115329629123
-52	0.002586116160285909
-51	0.0025827596338011665
-50	0.0025760510314292513
-49	0.00256496729691659
-48	0.002558397145123777
-47	0.0025733065910901317
-46	0.002612675532609145
-45	0.00267134773492214
-44	0.0027284292408455164
-43	0.0027580954226163494
-42	0.002739991871249621
-41	0.0026814741496735415
-40	0.0026146994669082537
-39	0.0025722933366196447
-38	0.002566222364520211
-37	0.0025902895672772095
-36	0.002634154389160696
-35	0.0026843372825054524
-34	0.0027249608696355925
-33	0.002743785533834104
-32	0.002744757823696535
-31	0.002735550206578136
-30	0.0027213563213931745
-29	0.002702341613080981
-28	0.002694458687022161
-27	0.0027167653024350955
-26	0.002777621376964342
-25	0.0028641949901325224
-24	0.0029638975619674587
-23	0.003077821643932499
-22	0.003184064694741152
-21	0.00323964898955043
-20	0.0031843107878477216
-19	0.0030991085373545044
-18	0.003158198730286151
-17	0.0036938257068197533
-16	0.004856689300176796
-15	0.006611092133457962
-14	0.008409050578567421
-13	0.00956512827865115
-12	0.00952657134688147
-11	0.008377714329300323
-10	0.0067234837891967224
-9	0.005225867036044982
-8	0.00428809218342432
-7	0.003867719004672865
-6	0.003781679638111483
-5	0.0037380121955778896
-4	0.003594679043166838
-3	0.0032956335391131613
-2	0.0029331878196538074
-1	0.002611815294444353
0	0.002436480791703901
1	0.0025306332570419502
2	0.0029845731428490667
3	0.0038159009532758937
4	0.004774305988238567
5	0.005477253864047942
6	0.005584074860599522
7	0.005049311848466513
8	0.004119404576976645
9	0.0031054493296023182
10	0.002297826785115533
11	0.0018065821156570884
12	0.0016530934004785453
13	0.0016990862683809276
14	0.0017970565178771932
15	0.0018316546498608178
16	0.0017893710802985604
17	0.0017044684790408363
18	0.0016146534291042998
19	0.0015451168719534726
20	0.0015085775858121068
21	0.0015096718580270905
22	0.0015305122803296151
23	0.0015469810137301
24	0.0015412969952558627
25	0.0015214268732634463
26	0.0015008784739054429
27	0.0014894370262120756
28	0.0014832781063000894
29	0.0014763946353227903
30	0.0014639260980790836
31	0.0014458308818530246
32	0.0014290235622450441
33	0.0014208538639839045
34	0.0014213965364981752
35	0.0014181050418710646
36	0.0013988624571839138
37	0.001367026473331937
38	0.001338198837412561
39	0.00132577279549478
40	0.0013247060919543657
41	0.001322843590815686
42	0.0013105562475875985
43	0.001290847363276291
44	0.0012693422288975538
45	0.0012512188569611781
46	0.0012396137061338598
47	0.0012340618118409914
48	0.0012308704832388528
49	0.0012194477198602055
50	0.001197656037658317
51	0.0011693735825516608
52	0.0011485987216130833
53	0.001140293632360369
54	0.0011430551022045955
55	0.0011436586400543213
56	0.0011308105130340327
57	0.0010987112128529593
58	0.0010592945988559875
59	0.0010325589435256745
60	0.0010344919845019895
61	0.0010589084889157218
62	0.001085613649414772
63	0.0010960078195063287
64	0.0010892090209639682
65	0.001077413208315121
66	0.0010733265878384197
67	0.0010808569969202216
68	0.0010956590838587178
69	0.0011122474713060786
70	0.001127476273899879
71	0.0011404435714492333
72	0.0011499156282679004
73	0.0011521480374570643
74	0.0011449673083986896
75	0.00112886709573676
76	0.001111956868384687
77	0.0011015965097390184
78	0.0011023567388647884
79	0.0011113556885848541
80	0.001127124455389163
81	0.001149155882837297
82	0.001173976292557276
83	0.0011849241533168993
84	0.0011634524768508675
85	0.0011032333229463926
86	0.0010253119095879142
87	9.564860868744014E-4
88	9.147243639265407E-4
89	8.936619889703429E-4
90	8.80739816982917E-4
91	8.651976242836837E-4
92	8.478830686944275E-4
93	8.327548885499617E-4
94	8.226657619115148E-4
95	8.140105227176799E-4
96	8.021248876437011E-4
97	7.864651953696026E-4
98	7.741317153278067E-4
99	7.728094131260752E-4
100	7.831567763524427E-4
101	7.954110388907616E-4
102	7.984401908357542E-4
103	7.875834811637173E-4
104	7.699453144171856E-4
105	7.547528845947984E-4
106	7.468369731412369E-4
107	7.421902328271547E-4
108	7.359851495579691E-4
109	7.289836218174303E-4
110	7.256515992390105E-4
111	7.289448908945618E-4
112	7.334536134882424E-4
113	7.32184014698283E-4
114	7.202317192018064E-4
115	7.007547290076314E-4
116	6.798501167319508E-4
117	6.632439256016431E-4
118	6.536047362968407E-4
119	6.506306252482038E-4
120	6.527478851903641E-4
121	6.562885767532488E-4
122	6.594600331372477E-4
123	6.617348799968333E-4
124	6.63746539454918E-4
125	6.613875550834909E-4
126	6.496721969183892E-4
127	6.279537098454403E-4
128	6.059910305205782E-4
129	5.947318791753864E-4
130	5.968181346929723E-4
131	6.011203491582233E-4
132	5.949289602984505E-4
133	5.750666517150339E-4
134	5.534073400248635E-4
135	5.435312031203429E-4
136	5.490956306986241E-4
137	5.591456267311113E-4
138	5.614220476837025E-4
139	5.535994628560276E-4
140	5.44122750757505E-4
141	5.414532029218179E-4
142	5.445435888252496E-4
143	5.472139183559318E-4
144	5.446961620749823E-4
145	5.399910886257038E-4
146	5.349727325901349E-4
147	5.290153301820718E-4
148	5.16969950997452E-4
149	5.008162393571847E-4
150	4.8580147386292135E-4
151	4.7905295416477117E-4
152	4.7924101541329546E-4
153	4.8244071809725993E-4
154	4.850123121836701E-4
155	4.876780464327815E-4
156	4.914414451823371E-4
157	4.938993725173675E-4
158	4.919657235445141E-4
159	4.839342320367808E-4
160	4.731942091683952E-4
161	4.6349448006218874E-4
162	4.576235566793466E-4
163	4.5540246754648226E-4
164	4.555294832698127E-4
165	4.563262408223968E-4
166	4.555029984591952E-4
167	4.524504558131452E-4
168	4.476170545181791E-4
169	4.431304204290678E-4
170	4.3930193049901645E-4
171	4.3596437507508563E-4
172	4.337212945980705E-4
173	4.344938491487743E-4
174	4.392008378078378E-4
175	4.4343175320133875E-4
176	4.409940056058357E-4
177	4.278590477224873E-4
178	4.09491360783064E-4
179	3.9506788082926383E-4
180	3.9197017878736886E-4
181	3.985642778762582E-4
182	4.094412779255411E-4
183	4.1928377417913476E-4
184	4.24593083527594E-4
185	4.216888323837245E-4
186	4.0819855711673005E-4
187	3.885350254438354E-4
188	3.7208779757074513E-4
189	3.67212580364481E-4
190	3.7341321710334123E-4
191	3.8341583539686693E-4
192	3.894843309098818E-4
193	3.880108478319118E-4
194	3.805750045357464E-4
195	3.7006658479102556E-4
196	3.596167500439846E-4
197	3.502913397028281E-4
198	3.42387745077385E-4
199	3.353969426383055E-4
200	6.796031667626165E-4
