#Pip2_GEM_1.m9
#KSM version: 1
#84/84
#1.11
#k-mer/r.c.    	Offset	PosCt	wPosCt	NegCt	HgpLg10	CIDs	PosHits (base85 encoding)	NegHits (base85 encoding)
CGCTAAT/ATTAGCG	-1	4	4	0	-2.5	*	!<<<)~	
TAATAAT/ATTATTA	1	4	4	0	-2.2	*	!<<*b!!!!%!<~	
TCTTCAT/ATGAAGA	-2	3	3	0	-1.8	*	!"],1!!!!"!!!-~	
GGCTAAT/ATTAGCC	0	3	3	0	-1.8	*	!!!-'!$D~	
TTTATCT/AGATAAA	7	3	3	0	-1.8	*	!!!!a!!#7b~	
TAATATT/AATATTA	1	2	2	0	-1.5	*	!!!!"!'g~	
$$$
%%%
7 0 0 0 0 0 0 0 0 0 0 0 7 0 0 0 0 7 7 0 0 0 0 0 7 7 0 0 0 0 13 0 0 0 0 0 0 0 0 0 0 0 0 0 0 7 7 0 0 0 0 0 0 0 7 0 7 0 7 0 0 0 0 0 7 0 0 0 0 0 0 0 0 0 0 0 0 0 0 0 0 0 7 0 
0 0 0 0 0 0 0 0 0 0 0 0 0 0 0 0 0 0 0 0 0 0 0 0 0 0 0 0 0 0 0 0 0 0 0 0 0 0 0 0 0 0 0 0 0 0 0 0 0 0 0 0 0 0 0 0 0 0 0 0 0 0 0 0 0 0 0 0 0 0 0 0 0 0 0 0 0 0 0 0 0 0 0 0 
1.3049 1.2932 1.2843 1.1481 1.1434 1.1909 1.1615 0.9669 1.1469 1.1637 1.0964 1.0344 1.0781 1.0382 0.9846 1.1899 1.0634 1.1802 1.0733 1.0457 0.9358 0.9772 1.0494 0.9846 0.9870 1.0204 1.1036 0.9616 1.0781 1.0582 1.0382 1.0600 1.2116 1.0420 1.0634 1.0420 0.9822 1.0363 1.0457 1.1730 0.9233 0.9964 1.0512 0.9447 0.9918 0.7716 0.8687 1.2109 0.8808 0.7716 0.9476 0.7514 0.8959 0.8471 0.7779 0.8072 0.7514 0.7583 0.7901 0.8280 0.8126 0.8516 0.7959 0.7901 0.7959 0.9167 0.8995 0.8016 0.7583 0.8728 0.8126 1.0688 0.9616 0.7651 0.7583 0.9358 0.8516 0.8922 0.8728 1.3671 1.4004 1.4239 1.3723 1.2181 
