#Pip2_GEM_1.m8
#KSM version: 1
#84/84
#1.50
#k-mer/r.c.	Offset	PosCt	wPosCt	NegCt	HgpLg10	CIDs	PosHits (base85 encoding)	NegHits (base85 encoding)
GATAA/TTATC	2	19	19	9	-2.0	*	*[!^5Qj>qXYla~	+92Ba!J1;>!It~
ATGAT/ATCAT	0	14	14	7	-1.7	*	+FsOn;?-[s';,O~	+TMNS#QOi)&H~
TGATA/TATCA	1	14	14	5	-2.2	*	2uipY)?9g?'-[P~	+92Ba#QOii!'g~
AGATA/TATCT	1	12	12	3	-2.6	*	"<[b2"9:\1-%G~	!!!!A5Tg~
ATGNTA/TANCAT	0	11	11	3	-2.3	-0,-1	N.A.	N.A.
ATGCNA/TNGCAT	2	10	10	1	-3.5	2,-0	N.A.	N.A.
TGATG/CATCA	1	9	9	4	-1.6	*	!!,=b!"]/3&:ao~	!<<-#z!.Y+~
GNGATA/TATCNC	0	9	9	1	-3.1	3,4	N.A.	N.A.
ATNCTA/TAGNAT	2	9	9	1	-3.1	-0,-5	N.A.	N.A.
GAGNTA/TANCTC	0	8	8	1	-2.8	4,-6	N.A.	N.A.
$$$
TAGCAT/ATGCTA	0	7	7	1	-2.5	0	+:%rI!!!'#&jQK~	!!i~
TATCAT/ATGATA	0	7	7	2	-1.8	1	+92BA&c_n3'-I~	+92BA#Q~
ATGCAA/TTGCAT	0	3	3	0	-1.8	2	!!!!#&-)\1!!!9~	
GTGATA/TATCAC	0	4	4	0	-2.2	3	z#QOo+!!39~	
GAGATA/TATCTC	0	5	5	1	-1.8	4	"<[\0z,Q~	z!$D~
TAGAAT/ATTCTA	0	3	3	0	-1.8	5	!!#7a!!!'#5Q~	
TACCTC/GAGGTA	0	4	4	0	-2.2	6	!"],1+92BQ+9~	
%%%
0 5 7 5 5 6 0 0 6 0 0 6 5 7 0 5 5 5 0 0 0 0 5 0 0 5 0 0 0 0 7 0 0 6 5 7 7 5 5 5 0 0 0 5 5 0 0 0 5 6 0 0 0 0 6 0 5 5 0 0 5 5 0 0 7 6 6 0 7 7 5 5 5 7 0 0 0 6 6 5 5 6 5 5 
6 0 0 0 0 6 0 0 0 0 0 6 0 0 0 0 6 0 0 0 0 0 0 0 0 0 0 0 5 5 0 0 5 0 0 6 0 0 5 0 0 5 0 0 0 6 0 5 0 0 0 0 0 0 0 0 0 0 5 0 0 0 5 0 5 0 0 0 5 0 0 0 0 0 0 0 0 0 5 5 0 5 0 0 
1.3049 1.2932 1.2843 1.1481 1.1434 1.1909 1.1615 0.9669 1.1469 1.1637 1.0964 1.0344 1.0781 1.0382 0.9846 1.1899 1.0634 1.1802 1.0733 1.0457 0.9358 0.9772 1.0494 0.9846 0.9870 1.0204 1.1036 0.9616 1.0781 1.0582 1.0382 1.0600 1.2116 1.0420 1.0634 1.0420 0.9822 1.0363 1.0457 1.1730 0.9233 0.9964 1.0512 0.9447 0.9918 0.7716 0.8687 1.2109 0.8808 0.7716 0.9476 0.7514 0.8959 0.8471 0.7779 0.8072 0.7514 0.7583 0.7901 0.8280 0.8126 0.8516 0.7959 0.7901 0.7959 0.9167 0.8995 0.8016 0.7583 0.8728 0.8126 1.0688 0.9616 0.7651 0.7583 0.9358 0.8516 0.8922 0.8728 1.3671 1.4004 1.4239 1.3723 1.2181 
