DE Pip2_GEM_1_m0 6.83 0 k7_c54
1 49 0 0 4 A
2 28 0 4 21 A
3 23 23 6 3 C
4 9 13 12 21 T
5 0 50 0 3 C
6 1 52 0 0 C
7 0 8 45 0 G
XX

DE Pip2_GEM_1_m1 7.36 13 k6_c37
1 6 5 0 25 T
2 2 5 5 24 T
3 0 0 0 36 T
4 2 34 0 0 C
5 0 0 36 0 G
6 0 0 36 0 G
XX

DE Pip2_GEM_1_m2 5.61 1 k6_c48
1 2 15 21 10 G
2 1 30 15 2 C
3 6 22 20 1 C
4 2 5 40 1 G
5 5 26 14 3 C
6 6 15 2 25 T
XX

DE Pip2_GEM_1_m3 5.80 1 k5_c55
1 36 4 14 2 A
2 11 43 0 0 C
3 4 8 43 0 G
4 0 2 50 3 G
5 10 29 8 8 C
XX

DE Pip2_GEM_1_m4 5.96 -1 k6_c27
1 22 3 0 2 A
2 24 0 0 2 A
3 26 0 0 0 A
4 24 2 0 0 A
5 4 10 5 8 C
6 0 23 2 2 C
XX

DE Pip2_GEM_1_m5 7.91 11 k6_c30
1 0 27 1 1 C
2 5 14 7 3 C
3 0 29 0 0 C
4 0 0 29 0 G
5 0 0 29 0 G
6 24 1 4 1 A
XX

DE Pip2_GEM_1_m6 4.60 11 k5_c64
1 12 8 40 3 G
2 0 19 8 37 T
3 2 7 50 6 G
4 3 21 26 14 G
5 48 13 2 2 A
XX

DE Pip2_GEM_1_m7 4.83 12 k5_c49
1 3 1 0 45 T
2 0 0 0 48 T
3 0 2 5 41 T
4 21 11 6 12 A
5 0 7 41 0 G
XX

DE Pip2_GEM_1_m8 5.15 -4 k5_c37
1 11 1 7 17 T
2 3 0 33 0 G
3 33 0 0 3 A
4 0 0 3 33 T
5 29 3 4 0 A
XX

DE Pip2_GEM_1_m9 5.06 -1 k7_c20
1 2 4 2 13 T
2 7 8 0 4 C
3 11 7 0 2 A
4 6 0 0 14 T
5 13 2 0 5 A
6 10 1 1 7 A
7 3 3 0 14 T
XX

DE Pip2_GEM_1_m10 10.53 1 k9_c7
1 0 6 0 0 C
2 0 1 5 0 G
3 5 1 0 0 A
4 5 0 0 1 A
5 4 2 0 0 A
6 0 0 6 0 G
7 0 0 6 0 G
8 0 0 0 6 T
9 0 0 6 0 G
XX

