DE Pip2_GEM_2_m0 6.64 7 k8_c331
1 0 0 330 0 G
2 0 0 330 0 G
3 191 40 87 13 A
4 0 0 211 119 G
5 93 25 9 204 T
6 26 22 13 271 T
XX

DE Pip2_GEM_2_m1 6.31 9 k8_c186
1 10 10 7 160 T
2 5 144 5 31 C
3 5 20 147 14 G
4 4 6 174 1 G
5 103 14 53 16 A
6 30 11 71 73 T
XX

DE Pip2_GEM_2_m2 6.33 6 k7_c207
1 63 4 134 6 G
2 93 3 107 3 G
3 48 0 159 0 G
4 64 2 19 122 T
5 42 17 0 148 T
6 111 6 0 89 A
7 60 22 0 124 T
XX

DE Pip2_GEM_2_m3 6.47 6 k9_c106
1 58 14 18 15 A
2 68 11 19 9 A
3 76 8 14 7 A
4 83 13 4 6 A
5 91 6 5 4 A
6 91 7 7 2 A
7 90 4 9 3 A
XX

DE Pip2_GEM_2_m4 6.70 5 k6_c159
1 3 123 32 0 C
2 0 17 15 127 T
3 0 26 2 130 T
4 1 0 12 145 T
5 3 4 0 152 T
6 0 158 0 0 C
XX

DE Pip2_GEM_2_m5 5.15 7 k5_c300
1 2 2 292 3 G
2 0 52 245 2 G
3 74 5 50 170 T
4 0 0 7 292 T
5 2 18 3 277 T
XX

DE Pip2_GEM_2_m6 6.98 7 k8_c86
1 84 0 0 1 A
2 10 4 71 0 G
3 6 66 10 4 C
4 0 8 5 73 T
5 0 73 1 12 C
6 5 3 4 74 T
7 0 5 1 80 T
8 8 36 8 34 C
XX

DE Pip2_GEM_2_m7 8.10 12 k9_c91
1 42 18 24 7 A
2 50 19 15 6 A
3 71 4 10 7 A
4 13 6 70 3 G
5 3 82 6 0 C
6 2 26 61 2 G
7 2 6 83 0 G
8 12 73 6 0 C
9 0 7 82 2 G
XX

DE Pip2_GEM_2_m8 6.88 10 k5_c219
1 0 7 0 212 T
2 0 0 7 212 T
3 2 96 114 7 G
4 0 0 218 0 G
5 68 0 150 0 G
XX

DE Pip2_GEM_2_m9 10.21 31 k11_c16
1 0 15 0 0 C
2 0 0 14 2 G
3 0 0 3 12 T
4 0 13 2 0 C
5 10 0 5 0 A
6 2 14 0 0 C
7 8 3 4 2 A
8 0 2 13 0 G
9 12 2 2 0 A
10 0 10 4 2 C
11 15 0 0 0 A
XX

