-300	9.209821244550318E-24
-299	2.719767366463206E-4
-298	5.736592810745109E-4
-297	7.519786212202283E-4
-296	0.0010146447555443555
-295	9.137336837133837E-4
-294	7.794501554592647E-4
-293	6.932879384484916E-4
-292	6.201778081005686E-4
-291	5.110319278315571E-4
-290	3.849592893949951E-4
-289	3.070241570197858E-4
-288	3.275111088061674E-4
-287	4.050604535673348E-4
-286	4.690549764622854E-4
-285	4.6748308687436657E-4
-284	4.3415672583163253E-4
-283	4.41711772245961E-4
-282	5.435111323230805E-4
-281	6.86036571200166E-4
-280	7.468121002229986E-4
-279	6.326185832930966E-4
-278	4.304585646911405E-4
-277	3.40418647781394E-4
-276	5.179493401578553E-4
-275	8.45083812160444E-4
-274	0.0010518418776219122
-273	9.173238607494165E-4
-272	5.327220414581938E-4
-271	1.6675277810513546E-4
-270	1.5039572424404568E-4
-269	2.515576080962177E-4
-268	5.46447371554553E-4
-267	7.700995679720645E-4
-266	7.992188372353995E-4
-265	6.876499475179234E-4
-264	5.54241810800779E-4
-263	5.694936909784609E-4
-262	7.564124717540787E-4
-261	0.0010568604778529351
-260	0.001288657356070356
-259	0.0013490005534699777
-258	0.0012015987902467275
-257	9.50327679272713E-4
-256	7.036151861625833E-4
-255	5.446302899015501E-4
-254	4.911130879339316E-4
-253	5.560154692750262E-4
-252	7.462144325974499E-4
-251	0.0010165969311255825
-250	0.0012514891392558924
-249	0.001338835729313385
-248	0.0012617804486794485
-247	0.0010997328061695024
-246	9.485110395957266E-4
-245	8.748860857913446E-4
-244	8.731727134021023E-4
-243	9.013940978792931E-4
-242	8.754534061018119E-4
-241	8.263702968047826E-4
-240	8.392120597213476E-4
-239	0.001025848144928978
-238	0.0012972281549094955
-237	0.001503674470202438
-236	0.0015231630453401137
-235	0.0014232109092332378
-234	0.0013089411719864892
-233	0.0012242056501832635
-232	0.0011341904919332008
-231	0.0010078297183332616
-230	8.932093490247963E-4
-229	8.454139226431888E-4
-228	9.026489334003364E-4
-227	0.001046359409821281
-226	0.0012329762614676702
-225	0.00139707799147322
-224	0.001412335210853394
-223	0.00119327704840288
-222	7.413214900247986E-4
-221	3.3881121175639357E-4
-220	3.1279675678002776E-4
-219	8.597559962433885E-4
-218	0.001659948428380828
-217	0.002185256918739845
-216	0.0020311478834155934
-215	0.0014077463862185345
-214	8.127706657714849E-4
-213	6.550717579596386E-4
-212	8.293042989268443E-4
-211	0.0010420594184500284
-210	0.001076650339479082
-209	0.001069966758535227
-208	0.0011843152431041716
-207	0.0014760178118860404
-206	0.001677548349919498
-205	0.0015638474496677494
-204	0.0010503415802410575
-203	4.5700339500495907E-4
-202	1.084170979998519E-4
-201	2.059287099829412E-4
-200	5.752350577607456E-4
-199	0.001001908960029087
-198	0.0013362904648554586
-197	0.0016099206077782966
-196	0.0018227890951526236
-195	0.0019313944506063206
-194	0.0018344556796130677
-193	0.0015445351517322436
-192	0.0011441715283302953
-191	8.317441973617911E-4
-190	7.325040505247976E-4
-189	8.940106392679721E-4
-188	0.0011586541671435259
-187	0.0013051628382449022
-186	0.0011822719549201134
-185	9.612170492589125E-4
-184	0.0010036494485608568
-183	0.0015737417568503856
-182	0.0023928129892552643
-181	0.0029121116055408082
-180	0.002708179757691984
-179	0.0020325322603919668
-178	0.0014197405632688223
-177	0.0012941228391249709
-176	0.0015089269626469561
-175	0.001744172645523817
-174	0.0017661852858477177
-173	0.0016875907521965404
-172	0.0015897891451700247
-171	0.0014771877678213358
-170	0.001233241356437192
-169	9.412828010388814E-4
-168	7.584985495306788E-4
-167	8.283838115102253E-4
-166	0.0010523306568085214
-165	0.0012637054455152377
-164	0.0013267665454780246
-163	0.0012950046809364947
-162	0.0012753343449775874
-161	0.0013650570541256515
-160	0.0015477033037546196
-159	0.0017671979774287337
-158	0.0019425234878165955
-157	0.0020415054331105516
-156	0.0020638661567772255
-155	0.002060252034339372
-154	0.0020268696034207168
-153	0.0019294839577803794
-152	0.0017184236914313646
-151	0.0014702096737191465
-150	0.0013057512054348425
-149	0.0013586741556420856
-148	0.0016678497958859295
-147	0.002208130844595943
-146	0.0027889875653174276
-145	0.0031269037404440332
-144	0.002996896501143025
-143	0.00251097794936361
-142	0.0020445763688561568
-141	0.001955181934956741
-140	0.0022714836574144067
-139	0.002692707266267215
-138	0.002880303561701007
-137	0.0026850847155756147
-136	0.0022928803809732093
-135	0.0019599023023023038
-134	0.0018432225180502046
-133	0.001798331426339625
-132	0.0016272721008136577
-131	0.0012872585577006896
-130	0.0010507115952274719
-129	0.0012234333320314446
-128	0.0018569952027521516
-127	0.0025909822852853864
-126	0.0030086176984110593
-125	0.002936753209347398
-124	0.0026284698228270483
-123	0.0024095865547683853
-122	0.002455524349565228
-121	0.0027103299993465686
-120	0.003082150037607331
-119	0.003517811541666504
-118	0.00388226910611552
-117	0.004018254824408546
-116	0.003843021761009047
-115	0.0035390739067423416
-114	0.0033359522731568787
-113	0.003344590614958594
-112	0.0034824210830745614
-111	0.0036321083525614525
-110	0.0037096236569299115
-109	0.0036302774432895647
-108	0.00332480842738129
-107	0.00283739442816871
-106	0.002398595943979611
-105	0.0022588868272250106
-104	0.0025083690701482916
-103	0.002929048527307741
-102	0.0032271437826684414
-101	0.003168218638241363
-100	0.0028200141365463584
-99	0.0023606007504461124
-98	0.002068367822410428
-97	0.0021174024621846616
-96	0.0025921881508441133
-95	0.0033123504039487485
-94	0.0038646095045431752
-93	0.0038677379760014207
-92	0.0033362814066079443
-91	0.002720331074801446
-90	0.0024712265170906936
-89	0.002627895747940085
-88	0.002907306518292084
-87	0.0030484131779251423
-86	0.0031104260637693443
-85	0.0032283509467781277
-84	0.003477171562523646
-83	0.003725830469032624
-82	0.003902361793811105
-81	0.003980281430785859
-80	0.003980483796219678
-79	0.0038735583548713173
-78	0.0036606527964409344
-77	0.0035013971110428414
-76	0.0034823787879746508
-75	0.003583226735102171
-74	0.003545814107642155
-73	0.0033147174680113263
-72	0.0029503492413068873
-71	0.002658939843164066
-70	0.002541023092611916
-69	0.002651014936217904
-68	0.0029696662087878105
-67	0.003306231008041776
-66	0.0034450540830449194
-65	0.003290495880647904
-64	0.002988298032088047
-63	0.0026909318611249276
-62	0.002384909031192508
-61	0.00213746621634941
-60	0.0021092702463853196
-59	0.0025733182499475637
-58	0.0033393359179723124
-57	0.00404889906328057
-56	0.0043189812399556955
-55	0.004224979089155752
-54	0.003978425426389168
-53	0.0038095477646688802
-52	0.003839604398806782
-51	0.0041360716495196
-50	0.0046308583207756845
-49	0.00506576119066859
-48	0.005187777649205325
-47	0.0049667458034056205
-46	0.004560976862887382
-45	0.004133623981986309
-44	0.00373704347007081
-43	0.0034388267792530725
-42	0.003294802270556344
-41	0.0032480215380195814
-40	0.003138612890021079
-39	0.0028695878229473754
-38	0.002676620947064463
-37	0.0028838751323741895
-36	0.0037060989247960155
-35	0.004889965221533018
-34	0.005972349111222529
-33	0.006541711360655955
-32	0.0065392325251135315
-31	0.006172071555973237
-30	0.005662725362914383
-29	0.005090876094287583
-28	0.004446071274510973
-27	0.0037727164539141335
-26	0.003369934419705411
-25	0.0035151227835352097
-24	0.004333486576564411
-23	0.005499180173751546
-22	0.0068234260934781354
-21	0.008226372028817706
-20	0.009642791903753455
-19	0.010431410175421655
-18	0.009976964206497192
-17	0.008565123414302853
-16	0.0073762677533762725
-15	0.007451191377823532
-14	0.008455472181072734
-13	0.009325520114524763
-12	0.009145841847548528
-11	0.008092087673499011
-10	0.006941576104724421
-9	0.006442392962105394
-8	0.006727105216250729
-7	0.007220224060682262
-6	0.00725876023574583
-5	0.00659005026938237
-4	0.005698536379477182
-3	0.005206481570354262
-2	0.005460334974081527
-1	0.006174075409304407
0	0.006878074478219112
1	0.007061454789959511
2	0.006548383846714554
3	0.005361854920724098
4	0.003956482102071337
5	0.0029124047667319123
6	0.0026876720403658147
7	0.0031779894227212018
8	0.003931521990360114
9	0.004487875972935607
10	0.0046109797087712165
11	0.0042626146076744755
12	0.003510239561978265
13	0.002669175926814932
14	0.0020281228478999653
15	0.001754438775546414
16	0.0016813007268888746
17	0.0017709191169178345
18	0.0020693928382530384
19	0.0026120499477435433
20	0.0029831230193188537
21	0.002728983594738934
22	0.0018770938268289363
23	0.0011535826993103527
24	0.001281962551489826
25	0.0022285796306609055
26	0.0032839421948076663
27	0.0037485244670482846
28	0.003551170641843502
29	0.003038529456788024
30	0.0025669775197358358
31	0.002233477812831177
32	0.0019942689626833705
33	0.0017920280231289428
34	0.001613090780272029
35	0.0015183677444491725
36	0.001584058432784303
37	0.0018319425548264745
38	0.002091425652676478
39	0.002150118751733945
40	0.001892589309970071
41	0.0015030714039414965
42	0.001229024229410598
43	0.0012035771331133085
44	0.0012558733193640196
45	0.0011766266046355472
46	9.5537762067279E-4
47	8.518003572728766E-4
48	0.0011067245272117
49	0.0016169150637324408
50	0.0020672485542027907
51	0.002210524827857109
52	0.002180719679554868
53	0.002114175534686739
54	0.0020435196320856912
55	0.0017904783477734585
56	0.001517192961392115
57	0.0015192931912837728
58	0.0020519633353233402
59	0.002778839906308911
60	0.003219239466589524
61	0.0030664145001895182
62	0.0025484147147301914
63	0.0019991360537100775
64	0.0016002762845278495
65	0.0013022999047367172
66	0.0010303091889136992
67	8.222233925254824E-4
68	7.749281359582839E-4
69	9.662685905977027E-4
70	0.0013281158166014283
71	0.0016170996430132623
72	0.0015834723586849642
73	0.00117292541606051
74	6.53579211605715E-4
75	3.408614595538128E-4
76	3.877717597418223E-4
77	6.822641004058034E-4
78	0.0010547989071134493
79	0.0013557469547436287
80	0.0014797695234377733
81	0.0013598287653414614
82	0.0010747836871836303
83	8.698193057035707E-4
84	9.807206004265713E-4
85	0.0013961547597882236
86	0.0017767255515334132
87	0.001755920110224788
88	0.0012418086433138005
89	5.82407255867552E-4
90	1.860019014615104E-4
91	2.7460987609438284E-4
92	4.724809133080995E-4
93	6.79406203972855E-4
94	7.524036809028636E-4
95	7.64083485033437E-4
96	7.8988837921174E-4
97	8.06460966372962E-4
98	8.240502495689211E-4
99	8.775204464325623E-4
100	0.0010056621349227453
101	0.0011269688759635815
102	0.0011373128953690206
103	0.0010017072095328408
104	8.159335953556395E-4
105	6.92890401515498E-4
106	6.654572903588848E-4
107	6.43624853690996E-4
108	6.015828969761827E-4
109	4.395702734064442E-4
110	2.4754781277054697E-4
111	4.2237374653490424E-4
112	8.167965845768E-4
113	0.001160022016694622
114	0.001186827845859145
115	8.822902019128629E-4
116	4.6810981885247777E-4
117	1.9002270077319916E-4
118	1.8906262902947194E-4
119	3.692835362182606E-4
120	6.904423721567852E-4
121	9.531966369100852E-4
122	0.0010275945399012914
123	8.621508692107634E-4
124	6.306804943714204E-4
125	5.140202219905694E-4
126	6.174684634833492E-4
127	8.082144264012275E-4
128	9.368740975685185E-4
129	9.104711759950428E-4
130	8.054531751697743E-4
131	7.016635046707501E-4
132	6.381330336961711E-4
133	5.511624139086984E-4
134	4.22479302403456E-4
135	2.7731394251100154E-4
136	2.1258736096688627E-4
137	2.4388316386051117E-4
138	3.389781381873768E-4
139	4.0594182837804606E-4
140	4.3407662902224644E-4
141	4.5273779134571735E-4
142	5.173824438823426E-4
143	5.717210180600071E-4
144	5.264206599823079E-4
145	3.309446332090034E-4
146	1.1250128525668233E-4
147	3.471712821268718E-5
148	1.801961431942656E-4
149	4.333639372481328E-4
150	6.372808722470167E-4
151	6.928983227952631E-4
152	6.415194267214622E-4
153	5.594857108253991E-4
154	5.090389781660431E-4
155	4.739623424365494E-4
156	4.5118717273213705E-4
157	3.579696384339585E-4
158	2.3722916502150779E-4
159	2.3407314951952426E-4
160	3.3978904511263196E-4
161	5.168195385986583E-4
162	7.129682281371131E-4
163	8.749570384665607E-4
164	9.387420487020465E-4
165	8.473797558025765E-4
166	6.042167263672665E-4
167	3.052718288231214E-4
168	6.203076290412928E-5
169	7.5090816697079825E-6
170	9.209821244550318E-24
171	4.007701103281605E-5
172	1.613483107520675E-4
173	2.6864736840914987E-4
174	3.282526168244515E-4
175	3.396118729350004E-4
176	3.2085608314386555E-4
177	2.920815449306656E-4
178	2.7180681267009336E-4
179	2.843223359164129E-4
180	3.5118539003854113E-4
181	4.726650507174976E-4
182	6.295405314861311E-4
183	8.055287281999851E-4
184	0.0010023967291302334
185	0.001193375908465359
186	0.0013261991749278495
187	0.001304175981940819
188	0.0011032058949734405
189	7.583342723066929E-4
190	4.382936423024216E-4
191	2.941622249524257E-4
192	4.1397520603401333E-4
193	6.869624439775629E-4
194	9.484735974820474E-4
195	0.001071809365949227
196	0.0010865320706796588
197	4.635923587259755E-4
198	1.6952385215154948E-4
199	6.583640678265915E-5
200	9.209821244550318E-24
