#Pip2_GEM_1.m6
#KSM version: 1
#84/84
#1.34
#k-mer/r.c.	Offset	PosCt	wPosCt	NegCt	HgpLg10	CIDs	PosHits (base85 encoding)	NegHits (base85 encoding)
GGTGC/GCACC	0	12	12	4	-1.9	*	!!iRT+ohcP/1:~	!!!.P!!!!+~
TGCAA/TTGCA	2	11	11	4	-1.6	*	!!!"N&-/OL#QtD~	"98E5!$D7A!"]~
CTGCA/TGCAG	1	10	10	2	-2.6	*	!13bZ!"]8U!"8~	"98E%z!"]~
GTGTA/TACAC	1	9	9	4	-1.6	*	:]L\#JcGcN!!33~	!'gMa#QOi)!$V~
TGTGNA/TNCACA	0	8	9	0	-3.8	0,-1	N.A.	N.A.
GCNCAA/TTGNGC	2	9	9	2	-2.3	2,-3	N.A.	N.A.
TGCAT/ATGCA	2	8	8	2	-2.0	*	!.Y%n&-)\1L^47~	!!iQ)z!$D~
CNTGCA/TGCANG	0	7	7	0	-3.1	4,5	N.A.	N.A.
GNTGCA/TGCANC	0	8	7	2	-1.8	6,-7	N.A.	N.A.
GTGCA/TGCAC	1	7	7	2	-1.5	*	!!iQ)!!!$,L^3~	!!iQ)!!!!#~
ACNGCA/TGCNGT	1	6	6	0	-2.8	8,9	N.A.	N.A.
GTACT/AGTAC	-1	6	6	1	-2.2	*	!/:UV!!!?~	z#Q~
GAGCT/AGCTC	0	6	6	0	-2.8	*	!'gei#S[7?~	
GNGTAA/TTACNC	1	5	6	0	-2.8	-10,-11	N.A.	N.A.
ANTGCA/TGCANT	0	5	5	0	-2.5	12,8	N.A.	N.A.
CGTAC/GTACG	-2	5	5	0	-2.5	*	!!3-#+93N,+9~	
$$$
TGTGGA/TCCACA	0	3	3	0	-2.2	0	!<<Z2z!!!-~	
TACACA/TGTGTA	0	5	5	0	-2.8	1	!!!3(!WW3#!!!'~	
GCTCAA/TTGAGC	0	4	4	1	-1.5	2	!!!9)!"],3!"]~	5Q~
TTGCGC/GCGCAA	0	5	5	1	-1.8	3	!!!!#!.[="!!!-~	z!<~
CGTGCA/TGCACG	0	3	3	0	-1.8	4	z!!!$*J,~	
CCTGCA/TGCAGG	0	4	4	0	-2.2	5	!"],Q!"],1!!E~	
GGTGCA/TGCACC	0	5	5	1	-1.5	6	!!iQ)!!!$*#RC~	z!!!!#~
TGCAGC/GCTGCA	0	4	4	1	-1.5	7	!#P\9!"],Q~	zz!"]~
ACTGCA/TGCAGT	0	3	3	0	-1.8	8	!.Y%L!"],1!!i~	
ACGGCA/TGCCGT	0	3	3	0	-1.8	9	z+92BA!$M~	
TTACAC/GTGTAA	0	3	3	0	-2.2	10	:]LIqz!!!'~	
TTACTC/GAGTAA	0	3	3	0	-2.2	11	5l^lb#Q~	
AGTGCA/TGCACT	0	3	3	0	-1.8	12	!!iQ)!!!!#!!i~	
%%%
5 0 0 0 6 0 6 0 0 5 0 6 5 5 5 6 0 6 6 5 5 0 0 0 6 6 0 5 0 5 5 5 0 6 5 5 5 5 0 5 0 0 5 0 5 0 0 6 6 0 5 5 0 5 6 0 0 5 0 5 0 5 6 5 0 0 5 7 0 5 0 6 0 5 5 7 5 5 0 0 0 7 6 5 
0 0 5 0 0 0 5 0 5 0 0 6 0 5 5 0 0 0 5 0 0 0 0 0 0 0 0 0 0 0 0 5 6 0 0 5 0 0 0 0 0 0 0 0 0 0 0 0 0 0 0 0 0 5 0 0 0 6 0 5 0 0 0 0 0 0 0 0 0 0 0 0 0 5 0 0 5 5 5 0 0 0 0 0 
1.3049 1.2932 1.2843 1.1481 1.1434 1.1909 1.1615 0.9669 1.1469 1.1637 1.0964 1.0344 1.0781 1.0382 0.9846 1.1899 1.0634 1.1802 1.0733 1.0457 0.9358 0.9772 1.0494 0.9846 0.9870 1.0204 1.1036 0.9616 1.0781 1.0582 1.0382 1.0600 1.2116 1.0420 1.0634 1.0420 0.9822 1.0363 1.0457 1.1730 0.9233 0.9964 1.0512 0.9447 0.9918 0.7716 0.8687 1.2109 0.8808 0.7716 0.9476 0.7514 0.8959 0.8471 0.7779 0.8072 0.7514 0.7583 0.7901 0.8280 0.8126 0.8516 0.7959 0.7901 0.7959 0.9167 0.8995 0.8016 0.7583 0.8728 0.8126 1.0688 0.9616 0.7651 0.7583 0.9358 0.8516 0.8922 0.8728 1.3671 1.4004 1.4239 1.3723 1.2181 
