#Pip2_GEM_1.m4
#KSM version: 1
#84/84
#1.23
#k-mer/r.c.  	Offset	PosCt	wPosCt	NegCt	HgpLg10	CIDs	PosHits (base85 encoding)	NegHits (base85 encoding)
AAAACC/GGTTTT	1	11	11	3	-2.1	*	!!%NTJ-)sJ!"o~	!!!!1!'gO7~
AANNCCGA/TCGGNNTT	1	9	9	0	-3.8	-0,-1,2	N.A.	N.A.
CAAAAC/GTTTTG	0	8	8	3	-1.5	*	+9;HJ!!48c!"o~	z!'gO7!!E~
GAAAAG/CTTTTC	0	8	8	3	-1.5	*	!W\<J!!E9)5Q~	!!%NL!!3-#!!*~
AAAAGC/GCTTTT	1	8	8	3	-1.3	*	!!%OG!!E:T6i~	z!<E0#!!!'~
AAAATC/GATTTT	1	7	7	3	-1.3	*	JH,ZM?iY`X!$D~	z!!!!1!?_~
ACAAAA/TTTTGT	-1	7	7	2	-1.8	*	+92BY!!+2B!&+~	z!!",A!$D~
AAAANCC/GGNTTTT	1	7	6	0	-2.8	3,-4	N.A.	N.A.
GCNAAANC/GNTTTNGC	-1	6	6	0	-2.8	5,-6	N.A.	N.A.
AACTCC/GGAGTT	2	5	5	0	-2.5	*	!"8l.":t~	
AAATCT/AGATTT	2	4	4	1	-1.5	*	5l^lb!!%Z~	5Q~
GGTGCT/AGCACC	-3	3	3	0	-1.8	*	z!!!-%,Q~	
CACACC/GGTGTG	6	3	3	0	-1.8	*	!<<*b!W~	
$$$
TCGGATTT/AAATCCGA	0	3	3	0	-1.8	0	+92BA&-*7~	
TCGGAGTT/AACTCCGA	0	3	3	0	-1.8	1	!!iT*"9~	
AAAACCGA/TCGGTTTT	0	3	3	0	-1.8	2	zJ,fQL!"o~	
AAAACCC/GGGTTTT	0	4	4	0	-2.2	3	!!!!)!!3.n~	
GGTTTTT/AAAAACC	0	3	3	0	-1.8	4	!!%NL!!&)~	
GCAAAACC/GGTTTTGC	0	3	3	0	-1.8	5	z!!3-C!"]~	
GATTTAGC/GCTAAATC	0	3	3	0	-1.8	6	?iU0,!!!-~	
%%%
7 6 0 0 0 6 6 6 6 6 7 8 0 0 0 0 8 0 0 6 6 0 0 7 6 0 0 9 6 0 12 0 0 6 8 0 6 6 6 8 6 9 7 0 6 0 0 0 6 0 6 0 6 8 0 7 0 0 6 0 0 9 0 7 0 0 6 0 0 6 7 0 0 6 0 0 10 6 0 0 0 0 0 0 
0 0 0 0 0 0 6 0 0 0 0 0 0 0 0 0 0 0 0 0 0 0 0 6 0 0 0 0 6 0 0 0 6 0 0 0 0 0 0 0 6 6 0 0 0 0 6 0 0 0 0 0 0 6 0 0 0 0 0 0 6 0 0 7 6 0 0 0 0 0 0 0 6 0 6 0 0 6 0 0 0 6 0 0 
1.3049 1.2932 1.2843 1.1481 1.1434 1.1909 1.1615 0.9669 1.1469 1.1637 1.0964 1.0344 1.0781 1.0382 0.9846 1.1899 1.0634 1.1802 1.0733 1.0457 0.9358 0.9772 1.0494 0.9846 0.9870 1.0204 1.1036 0.9616 1.0781 1.0582 1.0382 1.0600 1.2116 1.0420 1.0634 1.0420 0.9822 1.0363 1.0457 1.1730 0.9233 0.9964 1.0512 0.9447 0.9918 0.7716 0.8687 1.2109 0.8808 0.7716 0.9476 0.7514 0.8959 0.8471 0.7779 0.8072 0.7514 0.7583 0.7901 0.8280 0.8126 0.8516 0.7959 0.7901 0.7959 0.9167 0.8995 0.8016 0.7583 0.8728 0.8126 1.0688 0.9616 0.7651 0.7583 0.9358 0.8516 0.8922 0.8728 1.3671 1.4004 1.4239 1.3723 1.2181 
