#Pip2_GEM_1.m5
#KSM version: 1
#84/84
#1.34
#k-mer/r.c.  	Offset	PosCt	wPosCt	NegCt	HgpLg10	CIDs	PosHits (base85 encoding)	NegHits (base85 encoding)
CCCGGA/TCCGGG	1	9	9	4	-1.4	*	6@]%:!!3-g!<N~	"9:+U!!!!%~
CCCGGNT/ANCCGGG	1	8	8	2	-2.0	-0,1	N.A.	N.A.
GCCCGG/CCGGGC	0	7	7	2	-1.8	*	63$uc!!"-,":5~	"98K~
GCACGG/CCGTGC	0	7	7	2	-1.8	*	!0@22!<<-+J,~	!!E9%!"]~
CGCGGA/TCCGCG	1	7	7	3	-1.3	*	!!!(b!!*'""@)~	!!iQ9!<~
CCNCGGA/TCCGNGG	0	7	7	0	-3.1	-2,-3	N.A.	N.A.
CCGCGG/CCGCGG	0	6	6	1	-2.2	*	"98Fd!!*'*~	z!!!!%~
CCCCGG/CCGGGG	0	6	6	0	-2.5	*	z!!%O;J-l~	
TGNNCGGA/TCCGNNCA	-1	6	6	0	-2.8	-4,-5	N.A.	N.A.
CCGGAC/GTCCGG	2	5	5	1	-1.8	*	!!N?&!!!!%!$V~	!!3~
CCACGG/CCGTGG	0	5	5	1	-1.8	*	"98E5"98E%#Qt~	5Q~
TNCNCGGA/TCCGNGNA	-1	5	5	0	-2.5	-6,-5	N.A.	N.A.
GCGGTG/CACCGC	-5	4	4	1	-1.5	*	&HDe2!!!$*~	!!!"L~
CTCGGA/TCCGAG	1	4	4	1	-1.5	*	?jH`45Q~	z!!E~
ACCGTC/GACGGT	6	3	3	0	-1.8	*	!!*'"!!!'%~	
TGCCGT/ACGGCA	6	3	3	0	-1.8	*	z+92BA!$M~	
CCCGGG/CCCGGG	1	3	3	0	-1.8	*	z!!%NL!!r~	
TGCACG/CGTGCA	-1	3	3	0	-1.8	*	z!!!$*J,~	
GAAGGA/TCCTTC	-5	3	3	0	-1.8	*	!!&Yp~	
$$$
AACCGGG/CCCGGTT	0	3	3	0	-1.5	0	z!!!!a"9J~	
CCCGGAT/ATCCGGG	0	6	6	2	-1.5	1	6@]%9!!3-#!<N~	!!",A!!!!%~
TCCGTGG/CCACGGA	0	3	3	0	-1.8	2	"98E%"98E%!!E~	
TCCGCGG/CCGCGGA	0	4	4	0	-2.2	3	!!!"`!!*~	
TCCGGCCA/TGGCCGGA	0	3	3	0	-1.8	4	!!E9(~	
TCCGTGCA/TGCACGGA	0	3	3	0	-1.8	5	z!!!$*J,~	
TCCGCGGA/TCCGCGGA	0	2	2	0	-1.5	6	!!!"\~	
%%%
6 8 7 0 6 6 8 0 0 0 6 6 6 0 0 7 0 6 0 0 0 6 0 6 6 6 7 0 8 0 0 8 6 0 7 0 0 0 6 0 7 7 0 0 0 0 0 0 12 0 0 0 0 6 0 7 0 0 7 12 0 0 7 0 7 0 7 6 0 0 0 8 7 7 7 7 0 0 6 0 0 0 0 0 
0 0 7 0 0 0 6 0 0 0 6 6 0 0 0 0 0 6 0 0 6 7 0 0 0 0 0 0 6 0 0 6 6 0 0 0 0 0 0 0 0 0 6 0 6 0 0 0 0 0 0 0 0 0 0 0 0 0 7 0 0 0 0 0 0 0 0 0 0 0 0 0 0 0 0 0 0 0 0 0 0 0 0 0 
1.3049 1.2932 1.2843 1.1481 1.1434 1.1909 1.1615 0.9669 1.1469 1.1637 1.0964 1.0344 1.0781 1.0382 0.9846 1.1899 1.0634 1.1802 1.0733 1.0457 0.9358 0.9772 1.0494 0.9846 0.9870 1.0204 1.1036 0.9616 1.0781 1.0582 1.0382 1.0600 1.2116 1.0420 1.0634 1.0420 0.9822 1.0363 1.0457 1.1730 0.9233 0.9964 1.0512 0.9447 0.9918 0.7716 0.8687 1.2109 0.8808 0.7716 0.9476 0.7514 0.8959 0.8471 0.7779 0.8072 0.7514 0.7583 0.7901 0.8280 0.8126 0.8516 0.7959 0.7901 0.7959 0.9167 0.8995 0.8016 0.7583 0.8728 0.8126 1.0688 0.9616 0.7651 0.7583 0.9358 0.8516 0.8922 0.8728 1.3671 1.4004 1.4239 1.3723 1.2181 
