DE Sut1_GEM_1_m0 7.03 4 k7_c62
1 9 52 0 0 C
2 6 8 45 3 G
3 0 50 11 1 C
4 0 61 0 0 C
5 3 9 50 0 G
XX

DE Sut1_GEM_1_m1 6.09 16 k6_c59
1 2 2 1 54 T
2 0 0 0 58 T
3 0 15 0 43 T
4 0 2 25 31 T
5 0 37 2 19 C
6 0 32 0 26 C
XX

DE Sut1_GEM_1_m2 5.94 9 k6_c24
1 3 2 2 17 T
2 0 3 2 18 T
3 0 3 0 21 T
4 12 4 0 8 A
5 21 0 0 3 A
6 4 0 19 0 G
XX

DE Sut1_GEM_1_m3 5.11 3 k5_c38
1 0 35 2 0 C
2 37 0 0 0 A
3 0 0 0 37 T
4 6 1 8 23 T
5 0 0 11 26 T
XX

DE Sut1_GEM_1_m4 7.12 -9 k8_c14
1 0 0 5 8 T
2 10 2 0 1 A
3 13 0 0 0 A
4 11 0 2 0 A
5 0 13 0 0 C
6 0 0 0 13 T
7 1 1 1 10 T
8 0 0 0 13 T
XX

DE Sut1_GEM_1_m5 13.11 9 k12_c13
1 0 12 0 0 C
2 0 0 11 1 G
3 0 5 7 0 G
4 0 11 1 0 C
5 0 0 6 7 T
6 0 2 0 10 T
7 0 0 0 12 T
8 1 0 1 10 T
9 6 7 0 0 C
10 7 4 1 1 A
11 0 0 12 0 G
12 0 9 0 3 C
XX

DE Sut1_GEM_1_m6 9.68 -13 k10_c10
1 9 0 0 0 A
2 9 0 0 0 A
3 0 0 9 0 G
4 1 8 0 0 C
5 8 0 1 0 A
6 7 1 1 0 A
7 2 0 7 0 G
8 1 0 7 2 G
9 7 1 0 1 A
10 1 0 0 8 T
XX

DE Sut1_GEM_1_m7 14.08 24 k11_c5
1 3 1 0 0 A
2 0 0 4 0 G
3 0 0 0 4 T
4 1 0 0 3 T
5 0 0 4 0 G
6 0 0 4 0 G
7 0 0 0 4 T
8 4 0 0 0 A
9 0 0 4 0 G
10 3 0 1 0 A
11 0 0 4 0 G
XX

DE Sut1_GEM_1_m8 16.12 17 k12_c5
1 4 0 0 0 A
2 0 0 3 1 G
3 4 0 0 0 A
4 0 0 4 0 G
5 0 4 0 0 C
6 0 0 4 0 G
7 0 0 0 4 T
8 0 1 0 3 T
9 0 3 1 0 C
10 0 0 4 0 G
11 0 0 4 0 G
12 0 4 0 0 C
XX

DE Sut1_GEM_1_m9 10.53 27 k9_c14
1 0 10 3 0 C
2 0 1 12 0 G
3 0 13 0 0 C
4 8 2 2 1 A
5 0 2 3 8 T
6 2 0 2 10 T
7 0 0 2 11 T
8 0 0 13 0 G
9 0 13 0 0 C
XX

