-300	0.0014436788224805803
-299	7.426051192926063E-4
-298	7.642422895205849E-4
-297	8.255620761198122E-4
-296	8.969584358439758E-4
-295	8.87456468627441E-4
-294	7.118285881535049E-4
-293	3.9832108550131505E-4
-292	1.1273284202697881E-4
-291	2.0807643022154124E-4
-290	4.952436869894559E-4
-289	8.354860054390085E-4
-288	0.0014327567066622791
-287	0.0018199175162000555
-286	0.001915260682441521
-285	0.0017572432571274336
-284	0.0015676121886542258
-283	0.0014240508972456875
-282	0.0013215639204775336
-281	0.0011522491244962058
-280	8.772169201059596E-4
-279	5.022484909057148E-4
-278	1.4347768553873343E-4
-277	1.3030354490249513E-23
-276	1.6361770874179384E-4
-275	7.095820949020801E-4
-274	0.001237197933723784
-273	0.0013724970223460708
-272	0.0010420705631659147
-271	5.648961470497172E-4
-270	2.9988027270038667E-4
-269	3.82539278279684E-4
-268	7.248813908570798E-4
-267	0.0011931911005545342
-266	0.001636043275500486
-265	0.001846388066233926
-264	0.0016606305038530033
-263	0.0011889798185734332
-262	7.802495803295422E-4
-261	7.520576455669488E-4
-260	0.0010712024993727697
-259	0.0014497540034876617
-258	0.001603286793665076
-257	0.0014721528415893223
-256	0.0011751467304488765
-255	8.653792341833805E-4
-254	6.78621514781066E-4
-253	6.555365352428319E-4
-252	7.744306430587542E-4
-251	8.867012088722053E-4
-250	9.083657446041691E-4
-249	8.230751629491452E-4
-248	7.499183096343108E-4
-247	7.206242928719604E-4
-246	7.223089612051291E-4
-245	7.27184682611324E-4
-244	8.321719147526608E-4
-243	0.0011337503284073354
-242	0.0015620344692550674
-241	0.0019020260251444146
-240	0.0019867455291708884
-239	0.0019508205249250115
-238	0.00200093761304688
-237	0.0022343095914578812
-236	0.0023526974192972054
-235	0.0021047909590591945
-234	0.0014105942538652854
-233	6.808348304466558E-4
-232	3.025888927698438E-4
-231	5.044393677393923E-4
-230	0.0010386955735650206
-229	0.0015446427749387964
-228	0.001723696167331449
-227	0.0015519179771733263
-226	0.001196186987677539
-225	8.590603801453484E-4
-224	7.083720762767172E-4
-223	7.265061842155944E-4
-222	8.344374285528542E-4
-221	9.518506358366621E-4
-220	0.0012073357991177324
-219	0.0017470735473165643
-218	0.002496284633983198
-217	0.0030694013371919543
-216	0.0031043713509437045
-215	0.0026684494537729487
-214	0.002171193496918056
-213	0.001999407708327304
-212	0.002146756400235488
-211	0.002315553777656705
-210	0.0022054964579086293
-209	0.001785663824054262
-208	0.0013696696244148614
-207	0.0013020353548553684
-206	0.0016574858527403005
-205	0.0020766978035649747
-204	0.0021670963843477015
-203	0.001872359029934859
-202	0.0015135488846637715
-201	0.001425770624172921
-200	0.0016495500955757384
-199	0.002009765442503802
-198	0.0023096437024748826
-197	0.002436582100921853
-196	0.00237141322124274
-195	0.002147108090591973
-194	0.0018963275145247962
-193	0.0016579859997991702
-192	0.0014175067628547013
-191	0.0011262573540072984
-190	9.27077040263455E-4
-189	9.952631584936515E-4
-188	0.0013565523225141695
-187	0.001751509738850731
-186	0.001884534735196729
-185	0.001636502882595135
-184	0.001145558001864118
-183	6.242292906646237E-4
-182	4.12835013139341E-4
-181	3.82691235331578E-4
-180	0.0010483985474520395
-179	0.0021137107828636367
-178	0.003045967094056544
-177	0.003309237724653885
-176	0.0027801418995835178
-175	0.0019175506699159477
-174	0.0012615461394187928
-173	0.0010607896805090648
-172	0.001096552273010531
-171	0.0011012483156904542
-170	0.0010791680065328356
-169	0.0012768126172138091
-168	0.0018669518490526625
-167	0.002522574255869697
-166	0.0027204858523937592
-165	0.0021082787490626182
-164	0.0011221976775086
-163	5.063574096415562E-4
-162	8.228563749712139E-4
-161	0.0017502018216641621
-160	0.0026056089484318536
-159	0.002830785449878027
-158	0.0025352099624180325
-157	0.0020704804348519686
-156	0.0017491707593488704
-155	0.001643353044127333
-154	0.0017491594187974968
-153	0.002023914217609348
-152	0.0022988142446868803
-151	0.0024194049835689997
-150	0.002315195380630777
-149	0.0021810065134964473
-148	0.0021969782900300456
-147	0.002445310947266164
-146	0.0027153785789360294
-145	0.0027703089577090865
-144	0.0024769073110889484
-143	0.002061228951796503
-142	0.0018190085699655236
-141	0.0019366974153203543
-140	0.002194040958978954
-139	0.0023026805882093815
-138	0.002064684631744351
-137	0.0016161096584325632
-136	0.0012068505188235499
-135	0.0010656578379634476
-134	0.001270731304223747
-133	0.0017365951285156635
-132	0.0023042071102675104
-131	0.00268857051612048
-130	0.0027002156806443674
-129	0.002297181489927696
-128	0.0018595430820180397
-127	0.0017509551345197484
-126	0.0021561336746860472
-125	0.0027163398502207062
-124	0.00309537695216464
-123	0.0031109946937390265
-122	0.0029837889216877455
-121	0.002870167137039549
-120	0.002841958227109376
-119	0.0028420365216836603
-118	0.002906537809758747
-117	0.003080358058637033
-116	0.0032890325163481655
-115	0.003351251273608181
-114	0.003120797902269366
-113	0.0026918143532841084
-112	0.0022854539669797344
-111	0.0020937556559908763
-110	0.0021086014599636113
-109	0.00222564952037983
-108	0.0023598910053065484
-107	0.0025380914876984443
-106	0.0027593800416157704
-105	0.002961950147525953
-104	0.0029326070341545996
-103	0.002544316426687089
-102	0.001797258465232694
-101	0.0010586343319212363
-100	7.515433906872134E-4
-99	0.0011434215264393105
-98	0.0018993575233472624
-97	0.0024665756332103686
-96	0.002437787410883252
-95	0.0020636760485649584
-94	0.0017753907132595304
-93	0.001861083380785988
-92	0.0020516082622830745
-91	0.002057478639819338
-90	0.0017532240919634857
-89	0.001496120285659242
-88	0.001590116842247502
-87	0.0021790376013997347
-86	0.0029746900649407415
-85	0.003666652837563704
-84	0.004021809934277261
-83	0.004025922503149434
-82	0.003723779819074095
-81	0.003174639025266694
-80	0.002502095827607402
-79	0.001887317532055668
-78	0.0014986304626596284
-77	0.001378755546363259
-76	0.0014265546880159663
-75	0.0015177760142116483
-74	0.0016029067757370042
-73	0.0018282667027084633
-72	0.0023754390216118837
-71	0.0032807868431163918
-70	0.004179431162208841
-69	0.004616683750504187
-68	0.004309542655839102
-67	0.0035491410346031767
-66	0.0027837368363061383
-65	0.0024086487732930054
-64	0.002375420870437811
-63	0.0025184503718695683
-62	0.0027029402880260874
-61	0.0029523588930364005
-60	0.0032906802588232036
-59	0.003591455203323758
-58	0.00372120985008472
-57	0.00358983480925086
-56	0.0032369408396578855
-55	0.0026928764723566784
-54	0.0019930032910313003
-53	0.0012504040200218536
-52	6.470810969646447E-4
-51	3.5392356549168085E-4
-50	4.414400561210309E-4
-49	9.432761695082576E-4
-48	0.0018537261807581031
-47	0.0029753475852667974
-46	0.0038869489365227217
-45	0.004205815048078735
-44	0.0039580407964844916
-43	0.003524558421386759
-42	0.0032663302929935413
-41	0.0031804453254986194
-40	0.0031185860400120393
-39	0.0029975475008161287
-38	0.0029893943731253998
-37	0.003092829461978157
-36	0.003188116309790914
-35	0.0030404234149485104
-34	0.0027824109973989125
-33	0.0026510810708730765
-32	0.0028115325733921847
-31	0.00316118716367764
-30	0.0035578656053704806
-29	0.003958467083940697
-28	0.0043114118568902205
-27	0.004566962731499242
-26	0.004720085040349797
-25	0.004783921836856227
-24	0.004720422568401203
-23	0.004342343018494028
-22	0.0036615767636530537
-21	0.0028372770091681845
-20	0.0022963278325922104
-19	0.002273387204865715
-18	0.0028010708277072926
-17	0.0035165824850067087
-16	0.004469477028956492
-15	0.006125546956484666
-14	0.009686554141585871
-13	0.0150993894865287
-12	0.021384671113257696
-11	0.025889515486176413
-10	0.027405670880414
-9	0.02580474413763585
-8	0.022958636021034668
-7	0.019994573382311264
-6	0.0173847562870086
-5	0.01451570754134103
-4	0.01127765313908226
-3	0.007957258338987945
-2	0.0054135448039122035
-1	0.003948860847939037
0	0.003469354608941839
1	0.003204880557362736
2	0.002824071337899075
3	0.0023286224391937905
4	0.002235182293776947
5	0.002555674814995531
6	0.003010794589419733
7	0.003006524833962871
8	0.002524592167943262
9	0.0018132214384707916
10	0.0013679014755723596
11	0.0012933886033462453
12	0.0015292496381169624
13	0.0018754891308562275
14	0.002241511181099571
15	0.002569067433473358
16	0.002780693073881687
17	0.002814004736585102
18	0.0026306691178614953
19	0.0022693055392265377
20	0.0017951351450347813
21	0.0012819064685862173
22	8.318786957952215E-4
23	5.62897454969874E-4
24	5.752027943526063E-4
25	8.554837984452291E-4
26	0.001234144514732219
27	0.0015133217351154965
28	0.0015601967062462414
29	0.0014145481431823207
30	0.0011794919187738415
31	0.0010276789427168757
32	0.0010851883240852245
33	0.0014021371049269104
34	0.0017887167544297588
35	0.0019790252163924757
36	0.0017827602400305267
37	0.001340326557462157
38	9.165112224690502E-4
39	7.276722814589629E-4
40	7.426025624004508E-4
41	8.330914338651216E-4
42	8.857854592306039E-4
43	8.874248210365151E-4
44	8.61817637231511E-4
45	8.405542652697392E-4
46	8.700222632509974E-4
47	9.872425217494771E-4
48	0.001183249778511382
49	0.0012975028839909751
50	0.0012006855611465064
51	8.551668868254133E-4
52	4.846207491808084E-4
53	2.59135350558539E-4
54	4.161528604430825E-4
55	4.7965960945921694E-4
56	6.925183816805271E-4
57	0.001034715110518749
58	0.001343812484351961
59	0.0014887136915535315
60	0.0014005802294937211
61	0.0012531255546254952
62	0.0012386813890566126
63	0.0014787828986906606
64	0.0018486563572747109
65	0.0021321619165288394
66	0.0021460567357408505
67	0.0019057343809551677
68	0.0016085233357752858
69	0.0014419163358843471
70	0.0013877099068287913
71	0.0012815552158931928
72	0.001006398313271139
73	7.240980042528708E-4
74	6.238556479692733E-4
75	7.976896112207127E-4
76	0.0010337418563937748
77	0.0011928510734436218
78	0.001228578504417155
79	0.001252003081308652
80	0.0012080995292139012
81	9.946989377075724E-4
82	5.964741580803005E-4
83	2.306851037620429E-4
84	1.2066041870398109E-4
85	3.3300987059304595E-4
86	4.570386645559286E-4
87	5.617316121143618E-4
88	6.349947208178829E-4
89	7.377464035809417E-4
90	8.641449648995592E-4
91	8.490381633043611E-4
92	6.616570386464896E-4
93	3.6396881592187097E-4
94	1.635649991415889E-4
95	1.5633510245305934E-4
96	3.487983229652372E-4
97	5.670217919688502E-4
98	6.633868945887973E-4
99	5.619778102145996E-4
100	3.8392680460091566E-4
101	2.4872565614853957E-4
102	2.1886940779426944E-4
103	2.107043731722573E-4
104	2.2626871945344258E-4
105	2.4821157630547613E-4
106	4.4561508333844103E-4
107	7.700338656734043E-4
108	0.001127616494213147
109	0.0013651565528613931
110	0.0014175690819181776
111	0.001271663067499342
112	0.0010295957930782729
113	8.883493569057503E-4
114	0.001028355396448383
115	0.0014341464778593065
116	0.001818866755552365
117	0.00187307804704105
118	0.0015074743771969312
119	9.623590781854969E-4
120	5.306746883273945E-4
121	3.66718489715054E-4
122	3.7892366901821987E-4
123	4.23097602883691E-4
124	3.985854754162616E-4
125	3.2345972543437035E-4
126	2.4197195150796395E-4
127	2.4783195027779244E-4
128	2.2626871945344258E-4
129	1.7470333802664998E-4
130	3.029232738273209E-4
131	5.453702866749924E-4
132	8.581208423773343E-4
133	0.0010962454128063725
134	0.0011950566646184665
135	0.0011483322567535966
136	0.001045416669574743
137	9.029215579555713E-4
138	7.064463130250413E-4
139	4.5700927960131126E-4
140	2.9599045004966945E-4
141	3.9182120716736127E-4
142	8.019295042877352E-4
143	0.001279986356908526
144	0.0015068070745466442
145	0.0012623580485253438
146	7.120212652270315E-4
147	1.3209324396252782E-4
148	3.463661824460253E-5
149	1.3030354490249513E-23
150	6.807147108994167E-5
151	5.121978861021225E-4
152	8.920400154521658E-4
153	9.97788552668837E-4
154	7.951270803062697E-4
155	4.800667911548899E-4
156	2.6582398861660036E-4
157	2.0637863632242456E-4
158	2.2626871945344258E-4
159	1.733888947420579E-4
160	1.3813207205358016E-4
161	1.5385364097965005E-4
162	2.4452364947393954E-4
163	3.427059128010489E-4
164	4.1668315759105007E-4
165	4.671409415175768E-4
166	5.403500570603738E-4
167	6.131616484211578E-4
168	6.340173291854367E-4
169	5.559765012236197E-4
170	4.534488508706416E-4
171	4.351663606767445E-4
172	5.739356090967698E-4
173	7.64810464547554E-4
174	8.55617416822112E-4
175	7.407883703783625E-4
176	5.345021316345347E-4
177	4.1304631185704017E-4
178	5.178102845378223E-4
179	7.51340592524566E-4
180	9.389542776285153E-4
181	9.014661241697184E-4
182	6.796513172474883E-4
183	3.9656186379279573E-4
184	2.9593988239350245E-4
185	2.4927634457069515E-4
186	4.440863384800912E-4
187	6.982761003345242E-4
188	8.319084749617901E-4
189	6.999023711573244E-4
190	4.342587601317098E-4
191	1.669485322975972E-4
192	3.4961200169897745E-4
193	8.675646984285843E-4
194	0.0013760969997404626
195	0.0015483122083404213
196	0.0013765411810183286
197	0.0010505057512014031
198	7.550621771692781E-4
199	5.301813892871516E-4
200	0.0016262978287972987
