-300	6.373102941931642E-4
-299	8.538392095853441E-4
-298	0.0010462436861983775
-297	0.001190399285253118
-296	0.001262181567970419
-295	0.001243480029924377
-294	0.0011402399041020616
-293	9.644203578437849E-4
-292	7.473306671767039E-4
-291	5.97680542875355E-4
-290	6.435298044011191E-4
-289	9.526893106113032E-4
-288	0.0013519740779469188
-287	0.001607950162244904
-286	0.0015586097057318509
-285	0.001327649196192969
-284	0.0011101912078031245
-283	0.001048013377402474
-282	0.0010695135924923469
-281	0.0010497448032393642
-280	9.036596067854049E-4
-279	7.05809188173378E-4
-278	5.706443794214492E-4
-277	5.838908840655649E-4
-276	7.163738917127923E-4
-275	9.101934634879792E-4
-274	0.0011074558799146585
-273	0.0012502922991111062
-272	0.0012808400985942834
-271	0.001169577021389387
-270	0.001000342272554555
-269	8.853154226561602E-4
-268	9.066604552358165E-4
-267	0.001026479005736103
-266	0.0011768571225748395
-265	0.0012994025035033994
-264	0.0013738094436073704
-263	0.0013892938873058941
-262	0.0013423408874702117
-261	0.0012585119307799621
-260	0.0011706376123668848
-259	0.0011024141540195963
-258	0.001041000284154227
-257	9.644203578437849E-4
-256	8.684782176541642E-4
-255	8.200956561228028E-4
-254	9.039739532800246E-4
-253	0.0011603449204392114
-252	0.0014515624940459773
-251	0.0015955111418289945
-250	0.0014758221455860063
-249	0.0012391140433910448
-248	0.001097752187387215
-247	0.0012008715385564037
-246	0.001444685493235633
-245	0.0016621770566007097
-244	0.00172585426409855
-243	0.0016663252722605203
-242	0.0015537232678890984
-241	0.0014504215429610805
-240	0.001387753810150546
-239	0.0013892938873058941
-238	0.0014608439470982645
-237	0.0015371195814897621
-236	0.0015350647372652342
-235	0.0013995760311252185
-234	0.0011873607594330238
-233	9.830788884676491E-4
-232	8.679164685689997E-4
-231	9.091638863206015E-4
-230	0.0011706376123668848
-229	0.0016556447645171652
-228	0.002125455049240294
-227	0.002280828820170009
-226	0.0019453094696899264
-225	0.0014335725451831824
-224	0.0011830766327827944
-223	0.0014877938099387823
-222	0.0020677501193691783
-221	0.002499485095109019
-220	0.002476421570328463
-219	0.002159515574738168
-218	0.0018266064371839136
-217	0.0016961060017402336
-216	0.0017487161733966755
-215	0.0019057113723715382
-214	0.0020923887617066783
-213	0.002250136475738182
-212	0.0023243653916256925
-211	0.002279988462805828
-210	0.0021599269478231155
-209	0.002026604181499059
-208	0.0019366236260029126
-207	0.0019233092528949383
-206	0.0020141651610831495
-205	0.002208144108169047
-204	0.00238999348652809
-203	0.0024159093472292266
-202	0.002199895861828438
-201	0.0018871896838298379
-200	0.001680835587224574
-199	0.001720316554722419
-198	0.001890868403907645
-197	0.002014165161083149
-196	0.00196238346157569
-195	0.001809710376807475
-194	0.0016808355872245738
-193	0.0016637590256283153
-192	0.0016997216342410737
-191	0.0016932746076404835
-190	0.0015838937609817627
-189	0.0014507533917304724
-188	0.0014079524179297586
-187	0.001524126329175279
-186	0.0016860569012727448
-185	0.0017350624815803796
-184	0.0015751457214109158
-183	0.0013610464878951204
-182	0.0013101889521182698
-181	0.00157134502513212
-180	0.0020186775778543507
-179	0.0024576972211691225
-178	0.0027326779124513126
-177	0.0028429469950386646
-176	0.0028265951587596394
-175	0.0027166556584255572
-174	0.0025259320087791834
-173	0.0022621702895461453
-172	0.001958501446176542
-171	0.0017495958870183807
-170	0.0017955088861441398
-169	0.002172619933977924
-168	0.002622605386350337
-167	0.002803465815443608
-166	0.002494839143697673
-165	0.0019629126945833074
-164	0.0015955111418289945
-163	0.0016714020499299664
-162	0.002033124546448455
-161	0.00241416064971344
-160	0.00260277294440264
-159	0.002606346280588727
-158	0.0024870460746931095
-157	0.0023077512736178227
-156	0.0021341949461874034
-155	0.0020328236917070137
-154	0.0020424746545498608
-153	0.0020915471593613327
-152	0.0020808310758548645
-151	0.0019506833122645549
-150	0.001799728930907173
-149	0.0017661600326201534
-148	0.0019453469633834899
-147	0.0022613730497474146
-146	0.00259549986340472
-145	0.002843768188244432
-144	0.0029613356569405166
-143	0.0029181391143631736
-142	0.0027142439440621968
-141	0.002470229684305753
-140	0.0023368044120416023
-139	0.0024113888708361666
-138	0.002578254470730518
-137	0.0026683852883843903
-136	0.0025806234778551498
-135	0.0024852435027906913
-134	0.0026203779042365395
-133	0.0031184775042927236
-132	0.003689266249277283
-131	0.003936786366562764
-130	0.0035927261835166733
-129	0.002899358427486376
-128	0.002226601925814204
-127	0.0018712186471259414
-126	0.0018373431251811991
-125	0.002055953035023045
-124	0.0024409844546219393
-123	0.0028382070736579206
-122	0.003076348984738423
-121	0.0030407273196914313
-120	0.002843015367227145
-119	0.0026514754552763135
-118	0.002590118361095637
-117	0.00260594865924561
-116	0.002601719373612675
-115	0.002511712805196641
-114	0.0023963283634507787
-113	0.0023474947349417245
-112	0.0024242973221676217
-111	0.0025544483913526386
-110	0.002632816924652449
-109	0.002596008933624766
-108	0.002547578547435462
-107	0.002632816924652449
-106	0.002926711259235991
-105	0.003223032886715764
-104	0.003245249178013794
-103	0.002814811356409274
-102	0.002145106054610053
-101	0.001547503757681144
-100	0.0012712949598944698
-99	0.0013174501923495917
-98	0.0016248599953529808
-97	0.0021105037008199135
-96	0.0026037158071008904
-95	0.0029119196041552187
-94	0.002898509209040665
-93	0.002650762047208832
-92	0.002311926371209783
-91	0.0020062513885231626
-90	0.0017819901263469392
-89	0.0016683965668086644
-88	0.0016946012436978505
-87	0.001889240897451858
-86	0.002280828820170009
-85	0.0028535702734421796
-84	0.0034144383968204607
-83	0.003726098299347497
-82	0.0036380415944012876
-81	0.0033470659127012563
-80	0.0031367953893021838
-79	0.003193706203133492
-78	0.003315682708623182
-77	0.0032034613040738988
-76	0.002671337318308529
-75	0.001987841802230938
-74	0.0015350647372652344
-73	0.0015892597741933145
-72	0.002003335241228234
-71	0.002524363135940838
-70	0.0029411273614154522
-69	0.00320925944279033
-68	0.003326102810717207
-67	0.00330206284307134
-66	0.003199792706622076
-65	0.0030950075153622874
-64	0.0030412611192819784
-63	0.0030034623123596977
-62	0.002924358624571128
-61	0.0027694432521408667
-60	0.0025951920562891566
-59	0.0024808265644851546
-58	0.0024787865050065277
-57	0.0025343844093649814
-56	0.002566151009880734
-55	0.0025090513603203946
-54	0.0023637878002361495
-53	0.002147496990626579
-52	0.0018921189573548967
-51	0.001688807185742856
-50	0.0016435185259768453
-49	0.001822346086425711
-48	0.0021319280081881354
-47	0.0024390386905452587
-46	0.002638796995023241
-45	0.0027396996321283292
-44	0.0027785877746117887
-43	0.002796446543295763
-42	0.0028508368512859075
-41	0.003003463559758753
-40	0.0032786841848810888
-39	0.003551466862780738
-38	0.003659432384575782
-37	0.003498207605105521
-36	0.0031954436340941384
-35	0.0029367976449870383
-34	0.00285872563250924
-33	0.0029008788765042316
-32	0.0029537074780951146
-31	0.0029398278430616143
-30	0.0029105215958099458
-29	0.002949236665402948
-28	0.003105293579029479
-27	0.003291503256382493
-26	0.0033865492152809666
-25	0.0033039273157717463
-24	0.0030963827868131736
-23	0.0028514731995914586
-22	0.0026484187870096697
-21	0.0025330904288383012
-20	0.002543021666564702
-19	0.002704773844579372
-18	0.003001019518885405
-17	0.003403459048389044
-16	0.00400778129656584
-15	0.005405629145168573
-14	0.008312633980519336
-13	0.013002017779032874
-12	0.017977364877494566
-11	0.021299850202782467
-10	0.02160214971441757
-9	0.01980294350249271
-8	0.01739241268974369
-7	0.015520642821570167
-6	0.013977337134027365
-5	0.012212103285834372
-4	0.009869735933123434
-3	0.007375777721679453
-2	0.005350958294700477
-1	0.004232465943210159
0	0.003723323549534545
1	0.0033430126438252837
2	0.0027408196421971507
3	0.0020852505046174514
4	0.001674616077016619
5	0.0017059126311640077
6	0.0019708781421846474
7	0.002159936011042489
8	0.002053355300840674
9	0.0017907877232391234
10	0.0016017306520369492
11	0.0016562577316418805
12	0.0018867476888961092
13	0.0021661555212504438
14	0.00238923144275281
15	0.0025379065338396118
16	0.002615907091544372
17	0.0026191207251948494
18	0.0025120802932957517
19	0.002251479966646023
20	0.0018283940629649387
21	0.0013714174876530924
22	0.0010435252930314093
23	9.577779092539434E-4
24	0.0010275772778072663
25	0.0011164107180110792
26	0.0011226779263091098
27	0.0010844281076411912
28	0.0010746228440711833
29	0.0011460845585197824
30	0.0012710790373350299
31	0.001401732907721804
32	0.0014957498055210273
33	0.0015331414011178065
34	0.0014994963735332932
35	0.00139130717535588
36	0.0012486813534429268
37	0.001122630228219034
38	0.0010553641008896673
39	0.0010538891957837522
40	0.0011164107180110792
41	0.0012289590802135734
42	0.001328865525161696
43	0.0013412865031580434
44	0.001233999239294103
45	0.0011452640578169281
46	0.001255962057762464
47	0.0016610907519987775
48	0.0021121133087224175
49	0.0022746093099620546
50	0.0019306159202366073
51	0.0013280006340259875
52	8.310885283003546E-4
53	7.070823039242604E-4
54	8.346951573398244E-4
55	9.955179088835587E-4
56	0.00103011024597799
57	0.001014907324389705
58	0.0010853131669713053
59	0.0013237999066983163
60	0.0016011121170379594
61	0.0017350624815803792
62	0.0016077017137922024
63	0.0013580326466459808
64	0.001189296142990749
65	0.001243719459246939
66	0.0014194754261205795
67	0.0015537232678890984
68	0.0015279040719057798
69	0.001400586377827334
70	0.0012746205883863286
71	0.001228460140136542
72	0.001242970604916597
73	0.0012746205883863286
74	0.001288675988089067
75	0.001285591869102129
76	0.0012746205883863283
77	0.0012582391085365998
78	0.0012118228146843657
79	0.0011039716975951696
80	9.207981578441926E-4
81	7.184642352451637E-4
82	5.706443794214492E-4
83	5.379128299842836E-4
84	6.284429864963774E-4
85	8.373080385083095E-4
86	0.0011359668381657865
87	0.0014014208879950284
88	0.0014870573531173832
89	0.0012993062835626652
90	9.567692689945574E-4
91	6.310907839852095E-4
92	4.6008397373544917E-4
93	4.4623666596081907E-4
94	5.582053590055396E-4
95	7.513608827605608E-4
96	9.279313933037475E-4
97	9.768593782596942E-4
98	8.309347320611443E-4
99	5.983369763734379E-4
100	4.310930396700643E-4
101	4.3862924895592516E-4
102	5.599695253615723E-4
103	6.915371885489698E-4
104	7.534646655019865E-4
105	7.607208124921093E-4
106	7.519835931127302E-4
107	7.619903076534065E-4
108	8.097156031883605E-4
109	9.101934634879792E-4
110	0.0010608005720533162
111	0.0011882844113080833
112	0.0012017351634066589
113	0.0010466244944173535
114	8.139500060642115E-4
115	6.310907839852095E-4
116	5.897348625878114E-4
117	6.388060713574314E-4
118	6.915371885489698E-4
119	6.81225754098273E-4
120	6.214283546649688E-4
121	5.457663385896301E-4
122	4.824028481064987E-4
123	4.3766820102449295E-4
124	4.124345090462E-4
125	4.113503501132449E-4
126	4.5417016712340474E-4
127	5.644248692134944E-4
128	7.47668973887287E-4
129	9.375514321163888E-4
130	0.0010497448032393644
131	0.0010298623664206663
132	9.432802801283002E-4
133	8.853154226561602E-4
134	9.167543370085097E-4
135	9.602622250310932E-4
136	9.039739532800246E-4
137	6.827437155172222E-4
138	4.183030143278235E-4
139	2.791026795027698E-4
140	3.777360772492015E-4
141	6.033667194390533E-4
142	7.893006543604588E-4
143	8.07946754599568E-4
144	6.88125189934597E-4
145	4.977589544417794E-4
146	3.029454742634531E-4
147	1.6247990380638074E-4
148	1.3333182954343014E-4
149	2.458388535239695E-4
150	4.238106401033678E-4
151	5.644248692134944E-4
152	5.931503298008423E-4
153	5.486202468703998E-4
154	4.977589544417794E-4
155	4.91770589809949E-4
156	5.189785033713014E-4
157	5.519858487975848E-4
158	5.708252701449121E-4
159	5.852473730068539E-4
160	6.124322533613452E-4
161	6.602701060525991E-4
162	6.994915213899398E-4
163	6.915371885489697E-4
164	6.138502577037295E-4
165	5.07883723022016E-4
166	4.310930396700643E-4
167	4.286492596405601E-4
168	4.965858222319923E-4
169	6.186517635692999E-4
170	7.693604983613558E-4
171	8.862829556527659E-4
172	8.977544430720698E-4
173	7.675447373588786E-4
174	6.011614916970905E-4
175	5.395468283816753E-4
176	6.73441767017236E-4
177	8.927829164469068E-4
178	0.0010373057828234548
179	9.920869856047984E-4
180	8.235675974694615E-4
181	6.435298044011191E-4
182	5.412979584262175E-4
183	5.163650757422873E-4
184	5.4576633858963E-4
185	6.055609805508646E-4
186	6.679044405778792E-4
187	7.039762089648793E-4
188	6.922916501536867E-4
189	6.4070962517659E-4
190	5.644248692134944E-4
191	4.815710971497453E-4
192	4.220379426924497E-4
193	4.1865401925415477E-4
194	4.898640109571214E-4
195	5.965768847624651E-4
196	6.853176783410149E-4
197	7.145008831916268E-4
198	6.900988061252648E-4
199	6.299732077809204E-4
200	5.519858487975849E-4
