-300	0.001055422237795893
-299	0.0010742722126533717
-298	0.0010950591213702693
-297	0.0011197198978060044
-296	0.0011501914758199954
-295	0.0011853813566069338
-294	0.0012120793107026
-293	0.0012140456759780472
-292	0.0011807776813265352
-291	0.0011247201197301534
-290	0.0010640546751931987
-289	0.0010176872081196244
-288	0.0010074202845120161
-287	0.0010557806467726169
-286	0.0011695411148875839
-285	0.0012924588191787335
-284	0.001352536967551799
-283	0.0013029696910223656
-282	0.0011977148130454386
-281	0.0011159210801858777
-280	0.001115788370616609
-279	0.0011717210889428268
-278	0.0012371747713777923
-277	0.0012751685095684516
-276	0.0012869756168964912
-275	0.0012834329621772829
-274	0.0012730994288826878
-273	0.0012554219591105226
-272	0.0012275695096150934
-271	0.001189595941404289
-270	0.0011530947325003363
-269	0.0011325442651790455
-268	0.0011382790950948919
-267	0.0011640584714170152
-266	0.0011994978166932186
-265	0.0012360439696336792
-264	0.0012724694335980687
-263	0.0013093781281084298
-262	0.001346654952714789
-261	0.0013813087270791071
-260	0.0014096292508913274
-259	0.0014274168637380014
-258	0.0014285140647921147
-257	0.0014062738931232604
-256	0.0013602780635117936
-255	0.0013150229935811183
-254	0.0013012337766654003
-253	0.0013388364995609735
-252	0.0014045612229128428
-251	0.001464339000828182
-250	0.0014912743111191028
-249	0.001487165326417477
-248	0.0014609836430601153
-247	0.001423221001824536
-246	0.0013904497212510914
-245	0.0013807622643208413
-244	0.0014044528187408143
-243	0.0014406224711219116
-242	0.0014605740328010022
-241	0.0014472760220738642
-240	0.0014303597850719126
-239	0.0014511223748854705
-238	0.0015364021227474653
-237	0.001655202472461244
-236	0.0017620681459727576
-235	0.001817630039288599
-234	0.0018068637446579318
-233	0.0017208310283905602
-232	0.0015686840439122641
-231	0.001431936493112727
-230	0.0014101924649976077
-229	0.0015634106804829223
-228	0.0017929683881261157
-227	0.001960597468394992
-226	0.00196377179732265
-225	0.0018429332332033717
-224	0.001674265629896735
-223	0.0015287113309588056
-222	0.0014562466387316052
-221	0.0015016063452536431
-220	0.0016849848575540155
-219	0.001928415042624166
-218	0.0021293893824461257
-217	0.0022092275313916384
-216	0.0021845578333913084
-215	0.0020958358047654555
-214	0.0019824121897624473
-213	0.0018792186443428525
-212	0.0018200820523952901
-211	0.0018274287621314986
-210	0.0018780829790557027
-209	0.0019374683729952468
-208	0.0019780043295132598
-207	0.0020000930971160115
-206	0.0020111326400455536
-205	0.002018793134213495
-204	0.0020318336022096635
-203	0.0020592852782934422
-202	0.0021075524568477414
-201	0.002172531672749586
-200	0.0022474925209995298
-199	0.0023230546164581013
-198	0.00237923765342574
-197	0.0023934113460628635
-196	0.0023513855618833165
-195	0.002272730781814657
-194	0.0021854576401378716
-193	0.002116427829029951
-192	0.0020879072722519093
-191	0.0021210129514607655
-190	0.0022224081495669634
-189	0.0023409413544946567
-188	0.0024110073554214247
-187	0.002387052088274123
-186	0.002303726075976724
-185	0.002215730988202479
-184	0.002172925296825917
-183	0.0022057946825266915
-182	0.0023399816281857366
-181	0.0025766335551305505
-180	0.002818917638474893
-179	0.0029455059917790883
-178	0.0028757231452492603
-177	0.00269150329567473
-176	0.0025154330564906148
-175	0.002439994828555305
-174	0.0024372541624202763
-173	0.0024491723960602743
-172	0.0024329381692217633
-171	0.0024066493287380683
-170	0.0024036310232142316
-169	0.002449667142554151
-168	0.002540376541857148
-167	0.0026638368175214
-166	0.002799840396552026
-165	0.0028950390283819126
-164	0.0028877992930508903
-163	0.00274684193812464
-162	0.002562304381272256
-161	0.0024546782076886845
-160	0.0025066284782383095
-159	0.002649514156463264
-158	0.0027768676815751224
-157	0.0028087837012823456
-156	0.0027716056972809685
-155	0.0027182393597639204
-154	0.002692861231810378
-153	0.0027047312680445307
-152	0.002754380275976821
-151	0.00283302310436009
-150	0.0028946107669167885
-149	0.002883778318611765
-148	0.002769761981735276
-147	0.0026202026478792007
-146	0.002527342375960824
-145	0.002553405552149748
-144	0.002640545871624845
-143	0.002700899356817305
-142	0.002672510299927843
-141	0.0025970560722352854
-140	0.0025421223147879834
-139	0.002559470658288514
-138	0.0026375666920563506
-137	0.0027490519950651928
-136	0.0028652693644218136
-135	0.002952366469765297
-134	0.0029751921988678005
-133	0.0029132282605503624
-132	0.0028044876478295353
-131	0.0027016161747707526
-130	0.002645875999916187
-129	0.002632994659714979
-128	0.0026473160350930108
-127	0.0026744416924442747
-126	0.0027050039400352073
-125	0.0027308927716003513
-124	0.0027457966275649397
-123	0.0027505977351169448
-122	0.002747976768135022
-121	0.002740730146076869
-120	0.0027321172707163413
-119	0.002725513289406335
-118	0.0027226144699863414
-117	0.0027184015622422493
-116	0.0027061764364465436
-115	0.002684446940957814
-114	0.0026725448364790633
-113	0.0026950078617993967
-112	0.002763152331756205
-111	0.002835408865380011
-110	0.002856986657749618
-109	0.002794683969791363
-108	0.0027016553258217063
-107	0.0026526443160046387
-106	0.0026957146056873025
-105	0.002772210160949446
-104	0.0027967950230539684
-103	0.002715261700947423
-102	0.002597916574310989
-101	0.002546194490509498
-100	0.002632153951097549
-99	0.0028103480743888027
-98	0.003005953632886684
-97	0.00315167042945416
-96	0.0032102903883923614
-95	0.003152128464361963
-94	0.002969156680870404
-93	0.002739975336812196
-92	0.002564841799928616
-91	0.002520259673722483
-90	0.002587717504742787
-89	0.0027249500753000547
-88	0.0028837420342843713
-87	0.002992077496904035
-86	0.0029719904449469004
-85	0.0027822602322814384
-84	0.002528647701098599
-83	0.0023536590656699505
-82	0.0023612746706688044
-81	0.002501371382375449
-80	0.0026853001974719197
-79	0.0028380211223692376
-78	0.0029389302023943814
-77	0.00298103249260332
-76	0.0029624882744546384
-75	0.0029020787350173996
-74	0.0028237402877632823
-73	0.0027490407259440604
-72	0.002690073361931881
-71	0.002656562887878986
-70	0.0026552162454947462
-69	0.0026806693747170565
-68	0.002724540465040941
-67	0.002776962617390568
-66	0.0028221285784066695
-65	0.002842746006159124
-64	0.0028260399771115087
-63	0.002777305241302213
-62	0.0027063539671633254
-61	0.00262661617343478
-60	0.002565993280087876
-59	0.002556004557401754
-58	0.0026146690582828894
-57	0.0027060049661470974
-56	0.0027805302470375244
-55	0.002805581302385955
-54	0.0028157682751787237
-53	0.0028625197437908024
-52	0.00298019439680214
-51	0.0031348713636125927
-50	0.0032755598838269955
-49	0.0033598813293348726
-48	0.003379905601164521
-47	0.003336314732628926
-46	0.003241093280874975
-45	0.003151435898385168
-44	0.0031358397614759045
-43	0.0032361450594324908
-42	0.003387564033415864
-41	0.00349865193755587
-40	0.0034995033029886977
-39	0.003406369768875915
-38	0.00325704225138543
-37	0.0030923912971362873
-36	0.0029656059745520554
-35	0.0029329549825074354
-34	0.003026803658052879
-33	0.0031839038909418408
-32	0.003317104209103528
-31	0.0033589841262766764
-30	0.0033210470994381523
-29	0.0032345275713743546
-28	0.0031408177475151186
-27	0.003121940883864052
-26	0.0032700779990682003
-25	0.0036207232770460616
-24	0.003982623562801948
-23	0.004107838866611624
-22	0.0038459669686397805
-21	0.00343675672860682
-20	0.0032174947761220737
-19	0.0034354173306842036
-18	0.003977558971349202
-17	0.004640903867062394
-16	0.005265332133681004
-15	0.00586230767470988
-14	0.006486190340565768
-13	0.007152630056985573
-12	0.007722437050986844
-11	0.008017711624907293
-10	0.007915797826452579
-9	0.0075150146848001805
-8	0.006968924974495531
-7	0.00641975031369796
-6	0.005964347695022391
-5	0.005688232954697646
-4	0.005632362679252688
-3	0.005659456456417051
-2	0.005587674624220413
-1	0.005287879926933299
0	0.00484174473378963
1	0.004383643820264179
2	0.004016142076433242
3	0.003714564850779237
4	0.0034224276063861076
5	0.003107414772277064
6	0.0028338866412323817
7	0.002690372471971602
8	0.0027237289919612713
9	0.002814122803655964
10	0.002800047978257257
11	0.002577262476982978
12	0.002270579821115946
13	0.0020620774219552284
14	0.002078654132854606
15	0.0022264945753867147
16	0.0023566048131789044
17	0.002359245215362101
18	0.002281693373081535
19	0.002210481182986014
20	0.002211090015222306
21	0.0022647991339290155
22	0.0023318372767427075
23	0.0023719249261303413
24	0.002342749543880456
25	0.0022014903366119848
26	0.0019371945932730387
27	0.0016663819321284452
28	0.0015374400537722089
29	0.0016449449811595177
30	0.0018682260266902903
31	0.0020328008251256293
32	0.0020133691397226545
33	0.0018813592477225638
34	0.0017573815548625736
35	0.0017294137208957122
36	0.0017549024216382578
37	0.0017586615869223012
38	0.0016885943331024227
39	0.0015849605226231657
40	0.001511109204451564
41	0.00150879686642938
42	0.001533409751897291
43	0.001518741543070702
44	0.0014210432655081138
45	0.0012863953181404056
46	0.0011833354432415526
47	0.001162930086268194
48	0.001206360505407628
49	0.0012773366620298181
50	0.001344444085736149
51	0.0013957705790536912
52	0.0014242795127409344
53	0.0014247994691461016
54	0.0013996198769763385
55	0.0013528953765285228
56	0.0012913311080847798
57	0.0012318342118682337
58	0.0011938623280872561
59	0.0011914767777359892
60	0.0012171536049516568
61	0.001257972534657253
62	0.0012982482919472239
63	0.0013112356026018304
64	0.0012674241925727846
65	0.0011541053648934751
66	0.0010257767309239918
67	9.537374791061E-4
68	9.844200276909736E-4
69	0.0010647897141674212
70	0.00111694510583366
71	0.0010875175358013526
72	0.0010212694004359444
73	9.874958619163266E-4
74	0.001031876748542408
75	0.0011056305530981704
76	0.0011363604344886145
77	0.0010758622929461425
78	9.727029940127703E-4
79	8.996421445579147E-4
80	9.095508665624785E-4
81	9.757463424533027E-4
82	0.0010516572697687131
83	0.0010998111705385824
84	0.0011191308647589724
85	0.0011176379969174929
86	0.0011005703481593045
87	0.0010620302462597806
88	9.933361556518456E-4
89	8.946393446365296E-4
90	8.014222969872809E-4
91	7.580003003456522E-4
92	7.913992499678929E-4
93	8.594874715690366E-4
94	9.028438984788143E-4
95	8.812542098275368E-4
96	8.313310679478393E-4
97	8.088938809729379E-4
98	8.521801558165892E-4
99	9.290997945147152E-4
100	9.899807978837787E-4
101	9.991107526613184E-4
102	9.766155892691774E-4
103	9.565808240502759E-4
104	9.627759858348653E-4
105	9.777066534025253E-4
106	9.735624180201674E-4
107	9.315350419365636E-4
108	8.688249713279283E-4
109	8.116348233523355E-4
110	7.810724037370898E-4
111	7.778662724864205E-4
112	7.976501781737871E-4
113	8.319122584355673E-4
114	8.55558207159811E-4
115	8.393481072974867E-4
116	7.704961828571611E-4
117	7.020332220777994E-4
118	7.034441542559649E-4
119	8.147871879774056E-4
120	9.584136489846072E-4
121	0.0010272481423092398
122	9.503248150630116E-4
123	8.011159826777875E-4
124	6.892035026654709E-4
125	6.927464137298353E-4
126	7.64212479342134E-4
127	8.246466441654906E-4
128	8.158269671375392E-4
129	7.624639642939568E-4
130	7.100012659449316E-4
131	6.932849447071956E-4
132	7.047708424236561E-4
133	7.263172432437646E-4
134	7.4266870978572E-4
135	7.501149185427109E-4
136	7.478318244766729E-4
137	7.355581839081514E-4
138	7.152839585921282E-4
139	6.895619116421948E-4
140	6.603132464875677E-4
141	6.269329278199665E-4
142	5.881843606467365E-4
143	5.475218073608031E-4
144	5.271629598974139E-4
145	5.54016367577397E-4
146	6.400546507700754E-4
147	7.375067140387557E-4
148	7.836655329952388E-4
149	7.380596413147824E-4
150	6.49159804926471E-4
151	5.876723478228454E-4
152	6.02524744905799E-4
153	6.555290747146372E-4
154	6.867185666980189E-4
155	6.553159724796677E-4
156	5.973021323835702E-4
157	5.678474089087779E-4
158	6.046255663821423E-4
159	6.753239764417115E-4
160	7.301334125533337E-4
161	7.319811306167572E-4
162	6.947403162673348E-4
163	6.450206375743195E-4
164	6.045336326799043E-4
165	5.753983200180413E-4
166	5.548355880956228E-4
167	5.417239010416813E-4
168	5.415720254738134E-4
169	5.615463036317568E-4
170	6.024590560374517E-4
171	6.39706516341651E-4
172	6.423308964773109E-4
173	5.929606510698701E-4
174	5.285692055146999E-4
175	4.997162278996552E-4
176	5.391666368461858E-4
177	6.085063531101238E-4
178	6.51526547980897E-4
179	6.284163881164943E-4
180	5.649570216491521E-4
181	5.033275920796678E-4
182	4.7642298693297024E-4
183	4.800010698305132E-4
184	5.00535448417881E-4
185	5.253182405746192E-4
186	5.449156051161156E-4
187	5.50712211091719E-4
188	5.380908161430071E-4
189	5.184265322804753E-4
190	5.070925601068477E-4
191	5.146544678026373E-4
192	5.324472938595119E-4
193	5.469984443469282E-4
194	5.483339390518627E-4
195	5.404742526313739E-4
196	5.309384734600408E-4
197	5.257490503656898E-4
198	5.249418739891392E-4
199	5.270561954244558E-4
200	5.30631265765706E-4
