DE Stb5_GEM_2_m0 6.78 1 k8_c817
1 0 0 816 0 G
2 9 9 790 9 G
3 208 106 186 317 T
4 37 0 761 19 G
5 156 86 0 575 T
6 20 6 6 785 T
XX

DE Stb5_GEM_2_m1 4.66 9 k9_c925
1 459 58 253 154 A
2 600 10 282 34 A
3 814 5 68 38 A
4 860 5 36 24 A
5 874 12 21 18 A
XX

DE Stb5_GEM_2_m2 7.18 3 k8_c471
1 153 193 4 121 C
2 25 434 4 8 C
3 8 100 360 3 G
4 7 116 339 9 G
5 4 173 292 2 G
6 0 29 435 6 G
XX

DE Stb5_GEM_2_m3 8.07 3 k7_c305
1 44 50 0 211 T
2 1 300 0 3 C
3 2 298 0 4 C
4 0 52 253 0 G
5 18 133 137 18 G
6 0 108 10 187 T
7 1 10 21 273 T
XX

DE Stb5_GEM_2_m4 5.72 7 k6_c695
1 36 252 53 354 T
2 30 32 125 508 T
3 41 47 178 428 T
4 55 495 43 101 C
5 35 291 338 31 G
6 5 129 556 5 G
XX

DE Stb5_GEM_2_m5 8.46 5 k7_c244
1 29 11 91 113 T
2 49 2 192 2 G
3 5 56 155 27 G
4 6 143 95 0 C
5 2 203 39 0 C
6 13 11 220 0 G
7 27 2 215 0 G
XX

DE Stb5_GEM_2_m6 7.36 9 k9_c248
1 12 154 4 78 C
2 4 83 20 141 T
3 1 218 10 20 C
4 10 144 17 77 C
5 2 11 13 222 T
6 7 3 11 227 T
7 3 125 10 109 C
XX

DE Stb5_GEM_2_m7 8.76 8 k10_c225
1 4 169 5 47 C
2 12 44 1 168 T
3 2 204 5 14 C
4 9 196 1 20 C
5 7 30 69 119 T
6 2 36 21 165 T
7 2 96 41 86 C
8 6 101 90 27 C
9 7 39 169 10 G
10 6 17 192 10 G
XX

DE Stb5_GEM_2_m8 5.88 -1 k5_c687
1 8 10 11 658 T
2 132 3 10 542 T
3 5 15 11 657 T
4 12 633 3 39 C
5 0 270 0 416 T
XX

DE Stb5_GEM_2_m9 15.47 2 k16_c86
1 0 83 0 2 C
2 0 0 85 0 G
3 0 0 85 0 G
4 1 0 84 0 G
5 1 0 84 0 G
6 0 0 0 85 T
7 0 20 0 66 T
8 0 84 1 0 C
9 13 36 37 0 G
10 19 23 44 0 G
11 6 25 34 21 G
12 3 60 0 22 C
13 1 51 3 31 C
14 2 63 12 9 C
15 3 70 7 6 C
16 2 65 13 6 C
XX

