#Stb5_GEM_1.m6
#KSM version: 1
#280/280
#1.00
#k-mer/r.c.              	Offset	PosCt	wPosCt	NegCt	HgpLg10	CIDs	PosHits (base85 encoding)	NegHits (base85 encoding)
AACCCCGAAAGG/CCTTTCGGGGTT	-2	4	4	0	-1.8	*	zzzzzzz!!!"L+G'~	
ACCCCGAAAGGA/TCCTTTCGGGGT	-1	4	4	0	-1.8	*	zzzzzzz!!!"L+G'~	
ACCCCGAAGGAG/CTCCTTCGGGGT	0	3	3	0	-1.8	*	zzzzzz!!!!a!!!Qq~	
CCCCGAAGGAGT/ACTCCTTCGGGG	1	3	3	0	-1.8	*	zzzzzz!!!!a!!!Qq~	
CCGAAGGAGTGA/TCACTCCTTCGG	3	3	3	0	-1.8	*	zzzzzz!!!!a!!!Q15Q~	
CGAAGGAGTGAG/CTCACTCCTTCG	4	3	3	0	-1.8	*	zzzzzz!!!!a!!!Q15Q~	
GACCCCGAAGGA/TCCTTCGGGGTC	-1	3	3	0	-1.8	*	zzzzzz!!!!a!!!Qq~	
GGACCCCGAAGG/CCTTCGGGGTCC	-2	3	3	0	-1.8	*	zzzzzz!!!!a!!!Qq~	
$$$
%%%
0 0 0 0 0 0 0 0 0 0 0 0 0 0 0 0 0 0 0 0 0 0 0 0 0 0 0 0 0 0 0 0 0 0 0 0 0 0 0 0 0 0 0 0 0 0 0 0 0 0 0 0 0 0 0 0 0 0 0 0 0 0 0 0 0 0 0 0 0 0 0 0 0 0 0 0 0 0 0 0 0 0 0 0 0 0 0 0 0 0 0 0 0 0 0 0 0 0 0 0 0 0 0 0 0 0 0 0 0 0 0 0 0 0 0 0 0 0 0 0 0 0 0 0 0 0 0 0 0 0 0 0 0 0 0 0 0 0 0 0 0 0 0 0 0 0 0 0 0 0 0 0 0 0 0 0 0 0 0 0 0 0 0 0 0 0 0 0 0 0 0 0 0 0 0 0 0 0 0 0 0 0 0 0 0 0 0 0 0 0 0 0 0 0 0 0 0 0 0 0 0 0 0 0 0 0 0 0 0 0 0 0 0 0 0 0 0 0 0 0 0 0 18 0 0 0 0 0 0 0 0 0 0 0 0 0 0 0 0 0 0 0 0 0 18 0 0 0 0 0 0 0 0 0 15 13 0 0 0 0 0 13 13 0 0 13 0 0 0 0 0 13 0 0 0 0 0 0 0 0 
0 0 0 0 0 0 0 0 0 0 0 0 0 0 0 0 0 0 0 0 0 0 0 0 0 0 0 0 0 0 0 0 0 0 0 0 0 0 0 0 0 0 0 0 0 0 0 0 0 0 0 0 0 0 0 0 0 0 0 0 0 0 0 0 0 0 0 0 0 0 0 0 0 0 0 0 0 0 0 0 0 0 0 0 0 0 0 0 0 0 0 0 0 0 0 0 0 0 0 0 0 0 0 0 0 0 0 0 0 0 0 0 0 0 0 0 0 0 0 0 0 0 0 0 0 0 0 0 0 0 0 0 0 0 0 0 0 0 0 0 0 0 0 0 0 0 0 0 0 0 0 0 0 0 0 0 0 0 0 0 0 0 0 0 0 0 0 0 0 0 0 0 0 0 0 0 0 0 0 0 0 0 0 0 0 0 0 0 0 0 0 0 0 0 0 0 0 0 0 0 0 0 0 0 0 0 0 0 0 0 0 0 0 0 0 0 0 0 0 0 0 0 0 0 0 0 0 0 0 0 0 0 0 0 0 0 0 0 0 0 0 0 0 0 0 0 0 0 0 0 0 0 0 0 0 0 0 0 0 0 0 0 0 0 0 0 0 0 0 0 0 0 0 0 0 0 0 0 0 0 
1.3945 1.3612 1.3584 1.3544 1.3786 1.3746 1.3170 1.3567 1.3529 1.2929 1.3054 1.2131 1.3113 1.1980 1.2058 1.2403 1.2425 1.1354 1.2128 1.3026 1.1403 1.2017 1.2100 1.1889 1.2682 1.1777 1.1416 1.2989 1.1195 1.1919 1.1685 1.1455 1.1745 1.1367 1.0924 1.0990 1.1515 1.1470 1.1109 1.1164 1.1247 1.4815 1.0799 1.1124 1.2409 1.0844 1.0258 1.0420 1.0867 1.0070 1.0453 1.0028 1.0453 1.1003 1.0651 1.0661 1.0601 1.1183 1.1514 1.0382 1.0220 1.0995 1.1051 1.1470 1.0772 1.0855 0.9936 1.0351 0.9205 1.0760 1.1679 1.0960 1.0738 0.9951 1.0681 1.0574 1.0628 0.9630 0.9763 0.9700 1.0084 1.0431 1.0086 0.9569 1.0347 1.0299 1.0747 1.0588 0.9618 1.0147 0.9563 0.9926 0.9966 0.9235 0.9500 0.9461 1.0116 1.1650 1.0134 0.9936 0.8966 1.0138 0.9316 0.9773 0.9849 1.0814 1.0047 1.0220 0.9294 0.9286 1.0225 1.0578 1.0622 1.0125 0.9838 0.9885 0.9287 0.9294 1.0089 0.9795 0.9778 1.0735 0.9212 0.9854 0.8866 0.9134 0.9373 0.9181 0.9316 0.9557 0.9838 0.8912 0.9757 0.9441 1.0479 1.0687 0.9911 1.0315 1.0651 0.9970 0.9995 0.9330 0.8407 0.8720 0.9751 0.9677 0.9723 0.8770 0.9990 0.9588 0.9189 0.9287 0.8939 0.9235 0.9557 1.0716 0.9506 0.8828 0.9875 0.9197 1.0595 0.9212 0.9630 0.9916 0.8939 0.8525 0.9636 0.9648 0.9373 0.9265 0.9134 0.9576 0.8306 0.9118 0.8809 0.9736 0.8857 0.9878 0.9197 1.0084 0.9729 0.9174 0.9323 0.9784 0.9094 0.8593 0.9576 0.9366 0.9150 0.9706 1.3699 0.9085 0.7776 0.9407 0.9212 1.0525 0.9806 0.9427 0.9454 0.7647 0.8957 0.9544 0.9134 0.9612 0.9035 0.9606 0.7444 0.8636 0.9272 0.8069 0.9885 0.9010 0.9519 0.9102 0.9330 0.9344 0.9487 0.9243 0.8647 0.8760 0.9563 0.8992 0.9500 0.8171 0.8419 0.8799 0.8875 0.9330 0.8332 0.8903 0.9779 0.7609 0.9110 0.8581 0.8828 0.8668 0.9666 0.8018 0.9582 0.8992 0.7977 0.9274 0.7355 0.8491 0.9094 0.8099 0.9197 0.8280 0.8701 0.8199 0.9181 0.8657 0.8678 0.8930 0.8328 0.9118 0.8921 0.8809 0.7139 0.8725 0.9393 0.8603 0.8699 0.8948 0.7887 0.8305 0.7741 0.7707 0.8885 0.8278 0.7884 0.8532 0.7105 0.8280 0.7969 1.3789 1.3079 1.2618 1.2497 1.2641 
