#Hap1_GEM_1.m1
#KSM version: 1
#315/315
#1.21
#k-mer/r.c.      	Offset	PosCt	wPosCt	NegCt	HgpLg10	CIDs	PosHits (base85 encoding)	NegHits (base85 encoding)
GGGTGTGG/CCACACCC	1	15	15	5	-1.8	*	!'gPr"98]2!!3-#!!!'#+9VZE!!!Q1!<<*"+92BA!!3~	z"98E&!!!!)z+92BA!!!Q~
TGTGTGGG/CCCACACA	-4	15	15	5	-1.8	*	!'gPr"98].!!3-+!!!'#+9W5U!!!Q1!<<*"z+9~	!!!$2!!!9*zzz!!!Q~
TGTGGGTG/CACCCACA	-2	14	14	6	-1.3	*	!'gPr"98].!!3-+!!!'#+9VZE!!!Q1!<<*"z+9~	!!!!1"98].zzz!!!Q1!<~
GTGTNNGGGT/ACCCNNACAC	-5	13	11	3	-2.2	0,1	N.A.	N.A.
GGGTGTGNNG/CNNCACACCC	1	12	10	2	-2.5	2,3	N.A.	N.A.
GCGGTGTT/AACACCGC	1	4	4	0	-2.1	*	z!!%NLzzzzz!!!!A!$D7I~	
TGCGGTGT/ACACCGCA	-1	4	4	1	-1.5	*	zzzz!"],1z"98E%!!!!A!!!!)~	zzzz!!!!#~
CGGTCTTG/CAAGACCG	2	4	4	0	-2.4	*	!.Y%L!WWc3zzzz!!!-~	
GCGCGGGG/CCCCGCGC	2	4	4	0	-2.1	*	&-*7Az!'gMazzzzzz!!!9~	
CGGGGCCC/GGGCCCCG	5	4	4	1	-1.5	*	!!!Q1z!!E9%zzz!!!9)zz!!!9~	zzzzzz!!!9~
CGGGGTTT/AAACCCCG	0	4	4	0	-2.1	*	!!%NLzzz!!",A!!iQ)zz!.Y~	
CTGCGCGG/CCGCGCAG	0	4	4	0	-2.1	*	!!*'"zz"98E%zzzz!!!Q1!!!9~	
GGGCGGGG/CCCCGCCC	2	4	4	0	-2.1	*	J,fQL#QOi)zzzz!!3-#z!$D~	
TGGGGCGG/CCGCCCCA	0	4	4	1	-1.5	*	z!'gMazJ,fQLz!!iQ)!!3~	zzzzzz!!*~
CGGTGTTT/AAACACCG	2	3	3	0	-1.8	*	z!!%NLzzzzz5QCca!!!!)~	
AAGGTGGG/CCCACCTT	1	3	3	0	-1.8	*	zzz!!!!Azzz+92BAz!$D~	
CGCGGTGT/ACACCGCG	4	3	3	0	-1.8	*	zzz!!%NLz!!*'"zz!$D~	
GGTTTGGT/ACCAAACC	3	3	3	0	-1.8	*	zzzz!!",Azz!$D8,~	
GTCTGGGT/ACCCAGAC	-3	3	3	0	-1.8	*	!<<*"zzz!!!$"zzz!!3~	
CGTGGGGT/ACCCCACG	-2	3	3	0	-1.8	*	zzz!!!!azz!!iQ)z!!i~	
GGAGGGGT/ACCCCTCC	8	3	3	0	-1.8	*	z!!!$"zzzzzzz&-;~	
GGTGCCGT/ACGGCACC	2	3	3	0	-1.8	*	!!#7azzz!'gMazz!!i~	
AGGGTCTT/AAGACCCT	1	3	3	0	-1.8	*	z!!!$"!=/~	
CGGTGTTG/CAACACCG	1	3	3	0	-1.8	*	!!!'#zzzzzz!!!!A!$D~	
GGCCGTTG/CAACGGCC	-7	3	3	1	-1.5	*	!!#Oizzz!!!!a~	zz!!!!%~
CGCTCTTG/CAAGAGCG	-7	3	3	0	-1.8	*	zz!"],3z!!!!a~	
GCGCGGTG/CACCGCGC	-1	3	3	0	-2.1	*	!!*'"zz!!%NLzzzz!$D~	
CAGGGGTG/CACCCCTG	-1	3	3	0	-1.8	*	z!!!!%z!!!9)zz!!!!)~	
CAGTATCG/CGATACTG	-4	3	3	0	-1.8	*	z!!iQ)zzzz!!!Q1z!!!$~	
TCGGGTGG/CCACCCGA	-1	3	3	0	-1.8	*	!$D7Ezzzz!!!9~	
TGTTTGGG/CCCAAACA	-4	3	3	0	-1.8	*	zz!$D7A!!!!%!!!$~	
AGTATGGG/CCCATACT	-4	3	3	0	-1.8	*	z!WWc3!!3~	
TGCCGCGG/CCGCGGCA	-3	3	3	0	-1.8	*	zzzzzzz!!!9)!X&~	
TCGAGCGG/CCGCTCGA	-4	3	3	0	-1.8	*	z!!!!azz!$D7A!!!!1~	
TCATATCG/CGATATGA	-4	3	3	0	-1.8	*	z!!!Q1zzz!!#8,~	
CGGCACAA/TTGTGCCG	6	3	3	0	-1.8	*	+92BAz!!*'"zzzzz!'g~	
CGGGTGCC/GGCACCCG	0	3	3	0	-1.8	*	zzz!!%NLz!!%NLz!!i~	
CGTTATCG/CGATAACG	8	3	3	1	-1.5	*	!!3-#z!!!$$~	zzzzzz!W~
CTGCCCCT/AGGGGCAG	-2	3	3	0	-1.8	*	!!!!"zz!!!!1zzz!!!$~	
GAATGGAG/CTCCATTC	6	3	3	0	-1.8	*	!!!"Lz!$D7Azzzz!"]~	
GGTGTTGC/GCAACACC	2	3	3	0	-1.8	*	!<<*"zzzzzz!!E9%!$D~	
GGTCTTGC/GCAAGACC	3	3	3	0	-1.8	*	z!WW3#zJ,fQL!!!!A~	
CGCGGTGC/GCACCGCG	0	3	3	0	-1.8	*	!!*'"zzz!!#7azzz!W~	
GCACGGCA/TGCCGTGC	-1	3	3	0	-1.8	*	!!!-%!$D7Azzzzzz!'g~	
GCGGGGGA/TCCCCCGC	4	3	3	0	-1.8	*	z#QOi)zz!!!!)z!!3~	
GCTGCGGA/TCCGCAGC	6	3	3	0	-1.8	*	zJ,fQLzzzzzzz!(6~	
GGCGGGGG/CCCCCGCC	3	3	3	0	-1.8	*	!!!!a#QOi)zzzz!!3~	
GGGGGAAG/CTTCCCCC	6	3	3	0	-1.8	*	z#QOi)z!!!-%zz!!3~	
GGGTCTTT/AAAGACCC	2	3	3	0	-1.8	*	z!!!$"!!iQ)zz!!!!1~	
GGGTGGTC/GACCACCC	1	3	3	0	-1.8	*	!$D7Az!!!!"zzz!!!!)~	
GGGTGTTG/CAACACCC	1	3	3	0	-1.8	*	!<<*"zzzzz&-)\1!!E~	
GTGCGGTG/CACCGCAC	-2	3	3	1	-1.5	*	!!iQ)!!!$"zz!"]~	zzzz!!!!%~
TGGTCTGC/GCAGACCA	5	3	3	0	-1.8	*	!$D7Bzzzzz!!!"L~	
TTCCGTGG/CCACGGAA	-4	3	3	0	-1.8	*	zzzz!!!$""98E%z!$D~	
TTGGGTGC/GCACCCAA	-1	3	3	0	-1.8	*	zz!$D7Az!!!!%z!!!!%~	
$$$
GTGTTAGGGT/ACCCTAACAC	0	3	3	0	-1.5	0	zzzz+92BA!!!Q1!<~	
GTGTGTGGGT/ACCCACACAC	0	13	13	3	-2.2	1	!'gPr"98].!!3-+!!!'#+9VZE!!!Q1!<~	z!!!9*zzz!!!Q~
GGGTGTGGTG/CACCACACCC	0	12	12	2	-2.5	2	!'gPr"98].!!3-#!!!'#+9VZE!!!Q1!<~	z!!!!"zz+9~
GGGTGTGTGG/CCACACACCC	0	5	5	1	-1.5	3	!!!!1"98E&zz+92BA!!!Q~	z!!!!"~
%%%
13 0 0 0 8 8 0 8 11 0 8 0 0 10 15 8 15 8 8 8 8 8 11 8 8 0 8 0 15 0 8 8 0 9 15 12 0 0 0 8 0 0 0 8 8 8 8 0 9 0 0 14 14 0 0 8 15 0 8 8 0 0 8 0 8 0 8 0 0 0 0 0 8 14 8 9 8 11 8 0 0 0 0 0 0 0 0 0 8 8 0 8 0 0 0 0 0 0 8 0 0 0 0 8 0 0 0 0 0 0 0 0 0 15 8 8 8 0 0 8 0 0 8 0 8 8 8 0 0 0 0 0 0 15 0 0 0 0 8 0 8 8 16 0 8 0 0 0 8 8 8 0 0 0 8 8 8 8 8 0 0 0 8 0 0 0 0 0 8 0 0 8 0 0 0 0 0 0 0 8 15 0 8 8 0 0 0 0 8 8 8 0 8 0 8 0 8 0 0 0 0 14 0 8 0 0 0 0 0 0 8 8 8 0 0 0 0 0 8 8 0 0 0 0 0 0 0 0 0 8 8 0 0 0 9 10 8 8 0 0 8 0 0 8 0 0 0 0 0 0 0 0 0 10 10 0 9 11 0 0 0 8 0 0 0 8 8 8 0 9 8 16 8 0 0 8 8 0 0 0 0 0 0 9 0 0 0 0 0 0 0 0 8 0 0 0 0 8 8 0 0 8 8 0 0 0 0 8 0 0 0 0 0 0 0 
0 0 0 0 0 0 0 0 0 0 0 0 0 0 0 0 8 0 0 0 0 0 0 0 0 8 0 0 8 0 0 0 0 0 8 0 0 0 0 0 0 0 0 0 0 0 0 0 0 0 0 11 0 0 0 0 9 0 0 0 0 0 0 0 0 0 0 0 0 0 0 0 0 0 0 0 0 0 0 0 0 0 0 0 0 0 0 0 0 0 8 8 0 0 0 0 0 0 0 0 0 0 0 0 0 0 0 0 0 0 0 0 0 0 0 0 0 0 0 0 0 0 0 8 0 0 0 0 0 0 0 0 0 9 0 0 0 0 0 0 0 0 0 0 8 0 0 0 0 0 0 0 0 8 0 0 0 0 0 0 0 0 0 0 0 0 0 0 0 0 0 0 0 0 0 0 0 0 0 0 8 0 0 0 0 0 0 0 0 0 0 0 8 0 0 0 0 0 0 0 8 0 0 0 0 0 0 0 0 0 0 8 0 0 0 0 0 0 0 0 0 0 0 0 0 0 0 0 0 0 0 0 0 0 0 0 0 0 0 0 0 0 0 0 0 0 0 0 0 0 0 0 0 0 0 0 0 0 0 0 0 0 0 0 0 0 0 0 0 0 0 0 0 0 0 0 0 0 0 0 0 0 0 0 0 0 0 0 0 0 0 0 0 0 0 0 0 0 0 0 0 0 0 0 0 0 0 0 0 0 0 0 0 0 0 
1.4105 1.3441 1.3236 1.3527 1.3188 1.3867 1.2490 1.2954 1.3780 1.3055 1.2073 1.3334 1.3380 1.2464 0.9576 1.2583 0.9048 1.3077 1.3071 1.3146 1.1543 1.1666 1.2721 1.2498 1.1944 1.1936 1.2978 1.1650 0.9664 1.1913 1.1944 1.0807 1.1303 1.2006 0.8994 1.2001 1.0517 1.1182 1.1333 1.2694 1.1925 1.1958 1.1637 1.0757 1.1227 1.1813 1.0738 1.1888 1.1412 1.1383 1.0923 0.9035 1.0947 1.1557 1.0979 1.0836 0.7392 1.0591 1.2164 1.1980 1.0961 0.9739 1.0064 1.0239 1.1039 1.0139 1.0528 1.0667 1.2032 1.1723 1.0334 1.0499 1.1547 0.8511 1.1897 1.1741 1.1420 1.0610 0.9841 1.0294 1.1088 1.0592 1.1371 1.0281 1.0534 1.0260 1.0321 1.0431 1.0095 1.1052 1.1390 1.0942 0.7637 1.0095 1.0918 0.9793 1.0225 0.9826 0.9921 1.0552 1.0655 0.9693 0.8896 1.0970 1.0425 1.0204 1.0169 0.9784 0.9376 0.9626 1.3485 0.9431 1.0546 0.7579 1.0492 0.9635 0.9720 1.0700 1.0649 1.1383 1.0570 0.7488 0.9556 0.9505 1.0632 1.0564 0.9775 1.3130 0.9819 1.0799 1.1030 0.8997 1.0660 0.8263 1.0863 1.1259 0.9201 0.9331 0.7879 0.9409 1.0587 0.9331 1.0190 0.8564 0.9526 0.9114 1.0511 0.9420 1.0041 0.9126 0.9921 1.0321 0.9720 0.9837 0.8924 0.8924 1.0794 1.0190 1.0380 0.8343 0.7456 0.8134 1.1710 0.9453 0.8401 0.8837 0.9546 0.9810 1.0287 0.9556 0.7977 0.9986 0.9442 1.0434 0.9954 0.9913 1.0161 0.8910 1.0041 0.8201 0.8024 0.9711 0.9343 0.9308 0.8822 1.0437 0.9596 0.7904 1.0671 0.8761 0.9748 1.0106 0.8457 1.0528 0.8939 0.7749 0.8529 0.9463 0.9683 0.8439 0.9775 0.9396 0.9626 0.8860 0.8180 0.9810 0.8323 0.9463 0.9201 1.0002 0.9706 1.0012 0.7904 0.8581 0.9536 0.9442 0.7980 0.9192 0.7212 0.9546 0.9369 0.8742 0.8852 0.9862 0.9431 0.7977 0.8776 0.9810 0.8328 0.9879 0.9442 0.8201 0.7666 0.9285 0.9164 0.9970 0.9238 0.9331 0.9976 0.9061 0.8277 0.9603 0.7904 0.8115 0.9720 0.8880 0.9394 1.0176 0.8511 0.8776 0.9343 1.0682 0.7109 0.9626 0.9566 0.7694 0.9682 0.9320 0.7031 1.2526 0.7879 1.0002 0.9365 0.7291 0.8185 0.8897 0.9840 0.8761 0.7994 0.9930 0.8806 0.9594 0.7928 0.9508 0.9048 0.7542 0.9994 0.8529 0.8263 0.9409 1.3221 0.9810 0.9645 0.7727 1.2074 0.9354 0.7802 0.9586 0.8438 0.9495 0.8939 0.8253 0.9398 0.9139 1.0176 0.8546 0.8924 0.8598 0.8438 1.0985 0.7368 0.9505 0.9616 0.8284 0.8808 1.0262 0.7828 0.8246 0.9566 1.0659 0.8867 1.3006 1.1594 0.7666 1.0041 
