#Hap1_GEM_1.m7
#KSM version: 1
#315/315
#1.28
#k-mer/r.c.	Offset	PosCt	wPosCt	NegCt	HgpLg10	CIDs	PosHits (base85 encoding)	NegHits (base85 encoding)
TCGNAT/ATNCGA	0	42	42	18	-3.5	-0,1,-2	N.A.	N.A.
CGCAT/ATGCG	1	41	41	27	-1.6	*	"98E%+<(:`TEP<$!%7hD!['`.&-0S3%"JU+!l+ed!"^7Q8-"/A~	!!tsl!<<*"&HDe2&3pd<#QPEY!'gMiJ,fQL!^M89!!",AJ,fQP~
CGTAT/ATACG	1	30	30	19	-1.6	*	+92rQ;$d4&!WW3#$4-``#QOi)!'gMa!.t7P!(m4k:]LIu!!j,<~	zz!<<*"!!*W2!!*'b!!*'B!$D7A5R7?"!!"D]!W[`~
CGNATA/TATNCG	1	27	28	11	-2.9	3,4	N.A.	N.A.
TCNCAT/ATGNGA	0	22	22	5	-3.9	1,-5	N.A.	N.A.
TCACNT/ANGTGA	0	20	20	6	-3.0	6,-5	N.A.	N.A.
CNCATNC/GNATGNG	1	12	12	3	-2.5	7,-8	N.A.	N.A.
TNCGCNT/ANGCGNA	-1	9	9	2	-2.3	9,-10	N.A.	N.A.
ANCNCAT/ATGNGNT	-1	9	9	1	-3.0	11,-12	N.A.	N.A.
$$$
ATCCGA/TCGGAT	0	17	17	9	-1.5	0	"9:[ez$31&k!([(q!!!!"!.Y%LJ,fU8zz,_?~	zz!"],1+9DO.!!!-'6i[2ezzz!!!'~
TCGCAT/ATGCGA	0	12	12	3	-2.5	1	"98E%!#bh;z!$D7Az&-)c^!!!!A!WW3#z5QCcc~	zzzz!!!!bzJ,~
ATACGA/TCGTAT	0	16	16	6	-2.1	2	+92rQ5R7>i!WW3#!WW6$#QOi)!'gMa!.k1O!"&]+&-)\1!!i~	zzz!!!Q1zzz5QCckz!W[`~
CGTATA/TATACG	0	12	12	3	-2.5	3	z5R7>i!WW3#!W`=Pz!'gMa!.Y%L!'gMa&-)\1!!i~	zzzzzzz!!iQ+z!!%N~
CGCATA/TATGCG	0	15	15	8	-1.4	4	z+9;HFJ-5iX!!!!a!WW3#&-+tG$ig8-!!!"Lz!!%N~	!!*'"zz!!!!1!!!!e!'gMaJ,fQL!^H~
ATGTGA/TCACAT	0	10	10	2	-2.5	5	!'h\-"@*"gz5X5;L!!!!1zzzJ,~	zzz!!!-%zzz!W~
TCACTT/AAGTGA	0	10	10	4	-1.6	6	zzz!#,D5!!!!a+FjFl8,rViz!!!!a"9<r~	z!!!Q1z!!!"Lzzzz!!3-#!!%N~
CACATGC/GCATGTG	0	6	6	2	-1.5	7	!!",A!!",Az5QCca!!!!1z!!E9%&-~	!!3-#zzzzzzzzJ,~
GTATGCG/CGCATAC	0	6	6	1	-2.1	8	z+9;HBz!!!!az&-)\1#QOi)zz!!%N~	zzzz!!!!a~
TTCGCAT/ATGCGAA	0	5	5	1	-1.8	9	z!"],1z!$D7Az!!!"L!!!!A!W~	zzzz!!!!a~
AGGCGCA/TGCGCCT	0	4	4	1	-1.8	10	zz0E;(R!!%N~	#Q~
AGCCCAT/ATGGGCT	0	4	4	0	-2.1	11	z!!E9%!!!!azz!!*'"+9~	
ATGCGAT/ATCGCAT	0	5	5	1	-1.8	12	z!"&]+zzz&-)b3zzz!!!!#~	zzzzzzJ,~
%%%
0 0 6 0 0 6 0 0 0 0 0 0 0 0 6 0 6 0 0 0 6 7 5 0 0 0 0 0 0 0 0 0 5 0 6 0 5 7 7 0 7 7 5 7 7 0 6 0 0 6 0 0 0 5 0 0 0 0 6 0 0 0 0 0 0 7 0 5 5 5 0 6 5 0 6 0 0 0 0 0 0 0 0 0 0 0 0 0 5 0 0 6 0 0 5 0 0 7 0 5 0 0 7 0 6 0 5 5 5 7 6 0 7 0 0 0 0 0 0 5 0 0 0 5 5 0 7 6 0 6 0 6 0 0 0 0 0 0 0 0 0 5 0 0 0 0 0 0 0 0 5 0 5 0 0 0 7 0 5 0 0 0 0 0 9 5 0 0 5 0 0 0 0 0 7 5 0 7 0 0 0 0 6 5 0 0 5 0 5 0 0 8 0 0 6 7 0 5 5 5 5 6 5 0 0 0 0 7 5 0 0 5 0 0 0 0 6 0 0 0 0 7 5 0 0 7 0 0 5 0 0 0 0 6 0 6 0 0 6 5 0 0 0 0 0 0 0 0 0 0 0 0 0 0 0 6 0 0 0 0 7 0 5 6 0 0 0 0 5 0 0 0 0 0 0 0 0 5 0 0 0 0 5 0 0 0 5 0 0 0 5 5 0 5 6 0 0 5 0 7 0 0 0 5 0 0 0 0 5 0 0 7 5 7 0 
0 0 0 5 0 0 0 0 6 5 0 5 0 0 0 0 0 5 0 0 0 0 5 0 0 0 0 0 0 0 0 0 5 0 0 0 0 0 0 0 0 0 0 0 0 0 0 0 0 0 0 0 5 0 0 0 0 0 0 0 0 0 0 0 5 0 0 0 5 0 0 0 0 0 0 0 5 0 0 0 0 0 0 0 0 0 0 0 0 0 0 0 0 0 0 0 0 0 0 0 5 5 0 0 5 5 0 0 0 0 5 0 0 0 6 0 6 0 0 0 0 0 0 0 6 0 5 5 0 0 0 5 0 0 0 0 5 0 0 0 0 0 0 0 0 0 5 0 5 0 0 0 6 5 6 0 5 5 9 0 0 0 5 0 0 0 5 0 5 0 0 0 0 0 6 0 0 0 0 0 0 0 0 0 0 0 0 5 0 5 0 0 0 0 0 0 0 0 0 8 0 0 0 0 0 5 0 0 0 0 0 0 0 0 0 0 0 0 0 0 0 0 0 0 0 6 0 0 0 0 6 0 0 0 0 6 0 0 6 0 0 0 0 0 0 0 0 5 0 7 5 6 0 0 0 0 0 0 0 0 0 0 0 0 0 5 0 0 0 0 0 0 0 0 0 5 0 5 0 0 0 0 5 0 5 0 0 0 0 6 0 0 0 0 0 5 0 0 0 0 0 0 0 0 0 5 0 0 0 0 0 7 0 0 5 
1.4105 1.3441 1.3236 1.3527 1.3188 1.3867 1.2490 1.2954 1.3780 1.3055 1.2073 1.3334 1.3380 1.2464 0.9576 1.2583 0.9048 1.3077 1.3071 1.3146 1.1543 1.1666 1.2721 1.2498 1.1944 1.1936 1.2978 1.1650 0.9664 1.1913 1.1944 1.0807 1.1303 1.2006 0.8994 1.2001 1.0517 1.1182 1.1333 1.2694 1.1925 1.1958 1.1637 1.0757 1.1227 1.1813 1.0738 1.1888 1.1412 1.1383 1.0923 0.9035 1.0947 1.1557 1.0979 1.0836 0.7392 1.0591 1.2164 1.1980 1.0961 0.9739 1.0064 1.0239 1.1039 1.0139 1.0528 1.0667 1.2032 1.1723 1.0334 1.0499 1.1547 0.8511 1.1897 1.1741 1.1420 1.0610 0.9841 1.0294 1.1088 1.0592 1.1371 1.0281 1.0534 1.0260 1.0321 1.0431 1.0095 1.1052 1.1390 1.0942 0.7637 1.0095 1.0918 0.9793 1.0225 0.9826 0.9921 1.0552 1.0655 0.9693 0.8896 1.0970 1.0425 1.0204 1.0169 0.9784 0.9376 0.9626 1.3485 0.9431 1.0546 0.7579 1.0492 0.9635 0.9720 1.0700 1.0649 1.1383 1.0570 0.7488 0.9556 0.9505 1.0632 1.0564 0.9775 1.3130 0.9819 1.0799 1.1030 0.8997 1.0660 0.8263 1.0863 1.1259 0.9201 0.9331 0.7879 0.9409 1.0587 0.9331 1.0190 0.8564 0.9526 0.9114 1.0511 0.9420 1.0041 0.9126 0.9921 1.0321 0.9720 0.9837 0.8924 0.8924 1.0794 1.0190 1.0380 0.8343 0.7456 0.8134 1.1710 0.9453 0.8401 0.8837 0.9546 0.9810 1.0287 0.9556 0.7977 0.9986 0.9442 1.0434 0.9954 0.9913 1.0161 0.8910 1.0041 0.8201 0.8024 0.9711 0.9343 0.9308 0.8822 1.0437 0.9596 0.7904 1.0671 0.8761 0.9748 1.0106 0.8457 1.0528 0.8939 0.7749 0.8529 0.9463 0.9683 0.8439 0.9775 0.9396 0.9626 0.8860 0.8180 0.9810 0.8323 0.9463 0.9201 1.0002 0.9706 1.0012 0.7904 0.8581 0.9536 0.9442 0.7980 0.9192 0.7212 0.9546 0.9369 0.8742 0.8852 0.9862 0.9431 0.7977 0.8776 0.9810 0.8328 0.9879 0.9442 0.8201 0.7666 0.9285 0.9164 0.9970 0.9238 0.9331 0.9976 0.9061 0.8277 0.9603 0.7904 0.8115 0.9720 0.8880 0.9394 1.0176 0.8511 0.8776 0.9343 1.0682 0.7109 0.9626 0.9566 0.7694 0.9682 0.9320 0.7031 1.2526 0.7879 1.0002 0.9365 0.7291 0.8185 0.8897 0.9840 0.8761 0.7994 0.9930 0.8806 0.9594 0.7928 0.9508 0.9048 0.7542 0.9994 0.8529 0.8263 0.9409 1.3221 0.9810 0.9645 0.7727 1.2074 0.9354 0.7802 0.9586 0.8438 0.9495 0.8939 0.8253 0.9398 0.9139 1.0176 0.8546 0.8924 0.8598 0.8438 1.0985 0.7368 0.9505 0.9616 0.8284 0.8808 1.0262 0.7828 0.8246 0.9566 1.0659 0.8867 1.3006 1.1594 0.7666 1.0041 
