-300	8.113850449315985E-4
-299	8.320174729778057E-4
-298	8.50645646244335E-4
-297	8.652653099515088E-4
-296	8.738722093196493E-4
-295	8.753940629958968E-4
-294	8.724864833346649E-4
-293	8.687370561171849E-4
-292	8.673948966812111E-4
-291	8.703552385905897E-4
-290	8.791748449656899E-4
-289	8.933209191347068E-4
-288	9.0390242525714E-4
-287	8.99938767700316E-4
-286	8.774209027604026E-4
-285	8.60225994448934E-4
-284	8.79202758706286E-4
-283	9.504178280296642E-4
-282	0.001030809501143594
-281	0.0010625339933294305
-280	0.0010096617790503425
-279	9.239203694967589E-4
-278	8.789515350409218E-4
-277	9.261657678806879E-4
-276	0.0010280484475163726
-275	0.001124853675273905
-274	0.0011693482554282575
-273	0.0011643498040505781
-272	0.0011251886401610572
-271	0.0010680448528331023
-270	0.0010124976113529856
-269	9.789758550601973E-4
-268	9.816727317011756E-4
-267	0.0010098382226501573
-266	0.0010464865176883283
-265	0.001076122399851031
-264	0.0010892130251902324
-263	0.0010777161430120558
-262	0.0010400151946019026
-261	0.0010001963891622852
-260	9.887716278749938E-4
-259	0.001024182779766052
-258	0.001076591585238417
-257	0.0011040897525392789
-256	0.0010796772128834533
-255	0.0010359867893562594
-254	0.0010205595280106418
-253	0.0010659211726884142
-252	0.0011445362583868664
-251	0.001213854017892159
-250	0.0012406710555409204
-249	0.0012291734618716612
-248	0.0011928946989733609
-247	0.001146811395964527
-246	0.0011116728500817827
-245	0.00110967152559128
-244	0.0011532444771576826
-243	0.0012158071210397123
-242	0.001261019463894604
-241	0.0012628978064278178
-240	0.001236883625537716
-239	0.0012087746921708865
-238	0.0012003387880501872
-237	0.0012172237380035558
-236	0.0012610473776352004
-235	0.0013268235942134167
-234	0.0013831504816628527
-233	0.001392022185572243
-232	0.0013336371155552996
-231	0.001261010737325637
-230	0.0012453627806218465
-229	0.001332443243305959
-228	0.0014661231957337655
-227	0.0015648039763844982
-226	0.0015690594216942152
-225	0.0015081533599262842
-224	0.0014335221173008995
-223	0.0013889156400149752
-222	0.0013873383541723088
-221	0.0014341083058534159
-220	0.001524579067257892
-219	0.001614246315061653
-218	0.0016486412520596916
-217	0.0015932099176487202
-216	0.0014930576976323248
-215	0.0014132048144158095
-214	0.0014004916414321691
-213	0.001429039156225166
-212	0.0014547884873662542
-211	0.0014462081374519483
-210	0.0014218761051790077
-209	0.0014128977632692533
-208	0.0014412769818770558
-207	0.0014926116208869853
-206	0.0015433980376161635
-205	0.0015746912915983048
-204	0.001585781251233503
-203	0.001580516487138448
-202	0.0015680512974214752
-201	0.0015787628901575126
-200	0.0016483342009131355
-199	0.001788500264190715
-198	0.0019152045102358074
-197	0.0019204424682297658
-196	0.0017401502951224417
-195	0.0014860266589376884
-194	0.0013137108554678585
-193	0.0013341767205607181
-192	0.0014797362502856897
-191	0.0016380359807676105
-190	0.001721013708723753
-189	0.0017377722732411394
-188	0.0017217057739992278
-187	0.0017033063355787893
-186	0.001701458182165846
-185	0.0017321435628477328
-184	0.0018021499340437957
-183	0.0018814855815014338
-182	0.0019309639983000589
-181	0.0019266660536352803
-180	0.001905742121167506
-179	0.001920609950673342
-178	0.0020045358547041204
-177	0.00211418039691008
-176	0.0021870527037161835
-175	0.0021774706565760014
-174	0.00210698715705753
-173	0.0020139638617573717
-172	0.0019342255823396538
-171	0.0018934497507386047
-170	0.0019147769539559767
-169	0.0020066807761703396
-168	0.0021189667902675358
-167	0.0021867735663102235
-166	0.0021664050929264007
-165	0.0020988270330054163
-164	0.00204617046800196
-163	0.0020576509569928407
-162	0.0021308219695433546
-161	0.0022503214528409228
-160	0.002394713511886329
-159	0.0025182668829338327
-158	0.0025691764600510583
-157	0.0025171686006279052
-156	0.002418095515343374
-155	0.0023493408781987413
-154	0.0023638342941258283
-153	0.0024166890917786494
-152	0.0024385645307417633
-151	0.002381128194233026
-150	0.002280080960003478
-149	0.002192132029437456
-148	0.0021612140180574595
-147	0.0021801531979386557
-146	0.002228999255294376
-145	0.002291625535480221
-144	0.0023672000204208715
-143	0.002458714351183277
-142	0.00255782407116665
-141	0.0026108403330992527
-140	0.0025527381920416115
-139	0.0023582448555253396
-138	0.002161096140966407
-137	0.0021347800182518694
-136	0.002385878217123557
-135	0.0027533475067423848
-134	0.003009238416124035
-133	0.0029961414447906187
-132	0.00283880697428995
-131	0.0027325253566762653
-130	0.0028147911985246907
-129	0.0029919161244939007
-128	0.0031124160137634576
-127	0.003069657279236531
-126	0.0029364084687107284
-125	0.002830288663707263
-124	0.002833269840657961
-123	0.0028847355556370926
-122	0.0028884222596295374
-121	0.0027815009539516444
-120	0.0026348808412456322
-119	0.0025529056744851876
-118	0.0026076530096983998
-117	0.0027421356151309676
-116	0.002867100062082991
-115	0.00291403316087133
-114	0.002897382677879883
-113	0.002852336618509306
-112	0.002814090797042843
-111	0.0028178722632940917
-110	0.002898915875959235
-109	0.003070883972016016
-108	0.0032611488015684173
-107	0.00337551009300198
-106	0.003351834902674472
-105	0.003256259598832571
-104	0.003186987877695179
-103	0.0032096258988824097
-102	0.0032593896756192126
-101	0.003238897684531745
-100	0.0030933175615681556
-99	0.002938013579964558
-98	0.002930899172279054
-97	0.00316755177752413
-96	0.003494204860529799
-95	0.0036947558925804593
-94	0.0036196619287836925
-93	0.003385618359539826
-92	0.0031758801590723693
-91	0.003127614495719753
-90	0.0031936373142800773
-89	0.0032806767536663613
-88	0.003316647680929623
-87	0.003314211875672883
-86	0.00330721784563716
-85	0.003321267028573044
-84	0.003348972582269408
-83	0.0033747005945246955
-82	0.0033844403744022794
-81	0.0033706741160252573
-80	0.003327507234781654
-79	0.003257131456829965
-78	0.0031940837514105496
-77	0.003180987398534238
-76	0.0032397248373405197
-75	0.0033092151434835388
-74	0.0033076365517461007
-73	0.0031877857374102347
-72	0.003040933137754872
-71	0.0029929676305581647
-70	0.0031287761189215607
-69	0.003369237607239684
-68	0.0035942291252304553
-67	0.003706378620482063
-66	0.0036993177120637783
-65	0.003589428936915143
-64	0.0034079411979957464
-63	0.0032454688623453705
-62	0.003207472663023845
-61	0.0033547953531569627
-60	0.003569807766134377
-59	0.0036902627554117034
-58	0.0036072596454837114
-57	0.003425283645001791
-56	0.003302166433656483
-55	0.0033508671455248053
-54	0.0035048547322296736
-53	0.0036527255997804787
-52	0.00371042670724084
-51	0.00370330722589129
-50	0.0036840668800665896
-49	0.0036946027762049514
-48	0.00373360154915839
-47	0.00378894721588237
-46	0.0038451392122064165
-45	0.0038731386494562825
-44	0.003840522057831783
-43	0.0037319527773793737
-42	0.0036004413875320987
-41	0.003516085277569647
-40	0.003532201708600296
-39	0.0036349874290466907
-38	0.0037938590591600667
-37	0.003969717902094167
-36	0.004089403992612764
-35	0.004071242048382141
-34	0.0038712636059564814
-33	0.003596327477441587
-32	0.0033909992938311617
-31	0.003365855071995673
-30	0.003495512372312644
-29	0.003720599141036358
-28	0.003979378467082488
-27	0.004200654010012243
-26	0.004310864572048223
-25	0.004256799059889428
-24	0.004066646798140471
-23	0.00378894721588237
-22	0.0034886689096672277
-21	0.0032964971459314846
-20	0.003359546358582666
-19	0.003793793433836511
-18	0.004590665067141614
-17	0.005710450406254786
-16	0.0070623868343394425
-15	0.008351504676185449
-14	0.009231782491989278
-13	0.009441003215051983
-12	0.009052167271092938
-11	0.008222079458936086
-10	0.007112964035226043
-9	0.005908723087890088
-8	0.004798678162676162
-7	0.003944189258414064
-6	0.0033947701862610245
-5	0.0031719732104561293
-4	0.003258944358249647
-3	0.003485204708936561
-2	0.003641869104823033
-1	0.0036006916669676205
0	0.0035559836314384566
1	0.003782695513056064
2	0.004449031179108964
3	0.005296207906757656
4	0.00595869632563063
5	0.006146483721747728
6	0.005871624006694185
7	0.005221687748446581
8	0.00431028777877285
9	0.0033552059846063543
10	0.0026002665166718055
11	0.0022186413335913108
12	0.002100893625576548
13	0.002066934390736586
14	0.0019786482227431234
15	0.0018658140975183761
16	0.0018001845865471882
17	0.0018305264326457047
18	0.0019136630639552741
19	0.001983432079948545
20	0.0019920535005836797
21	0.001965277027760897
22	0.0019472347838659294
23	0.0019674912001942883
24	0.001997339943680608
25	0.001993506990169302
26	0.0019271602980052594
27	0.0018272357555352758
28	0.0017371112336066214
29	0.0016911791841761367
30	0.001687890383638946
31	0.0017167101894997436
32	0.001766682006844226
33	0.0018251614310821037
34	0.0018790821052040896
35	0.0019165940476406449
36	0.0019307127785812292
37	0.0019156701936550499
38	0.001867045139995863
39	0.0017858042707556206
40	0.0016742611905908222
41	0.0015431215252330766
42	0.0014366589847144258
43	0.0014075393001420208
44	0.0014852254303585513
45	0.0016063692451488696
46	0.0016844198420333672
47	0.001657868439509003
48	0.001565374739979009
49	0.0014706405668231837
50	0.0014238060697838563
51	0.0014207647040534754
52	0.0014438482511870206
53	0.00147533254932844
54	0.0014972696629775596
55	0.001491655713223174
56	0.0014506224215158608
57	0.0014068439107533244
58	0.0014031299041950527
59	0.0014639465186713533
60	0.0015403854452958137
61	0.0015651947687528424
62	0.0014952429342935866
63	0.001383879829436155
64	0.001308575702265394
65	0.0013215465429182649
66	0.0013739913097401805
67	0.001391854703128667
68	0.0013260713171690244
69	0.0012275353206976551
70	0.0011721307762387345
71	0.0012084716361142325
72	0.0012760914118372917
73	0.0012872535047188474
74	0.0011856164084758565
75	0.0010404189864493595
76	9.522951943864179E-4
77	9.910216044154672E-4
78	0.0011029452541904382
79	0.0012035557977466342
80	0.0012300219680666084
81	0.0012062288139219088
82	0.0011777404630313312
83	0.0011778211314001984
84	0.0011905353881799402
85	0.001187647890808512
86	0.00115187861459302
87	0.0011097688063171744
88	0.0010988150306338344
89	0.0011417758470701712
90	0.001202457794650603
91	0.001229929407273857
92	0.0011873212004720145
93	0.0010940116163105668
94	9.834410784883574E-4
95	8.871888429288297E-4
96	8.293894944538293E-4
97	8.323164501098009E-4
98	9.046931004549398E-4
99	0.0010010427300944432
100	0.0010623385971452583
101	0.0010471552178333498
102	9.844721408207523E-4
103	9.208701728785184E-4
104	8.892713288862264E-4
105	8.679624561575626E-4
106	8.215716101147395E-4
107	7.311911230169468E-4
108	6.437704344712815E-4
109	6.227232609218173E-4
110	7.075880421065599E-4
111	8.424021109392422E-4
112	9.473275236275296E-4
113	9.637718083405702E-4
114	9.181243810934454E-4
115	8.580201298627193E-4
116	8.208211974541452E-4
117	8.027987459902294E-4
118	7.899511924226678E-4
119	7.74720155723771E-4
120	7.75320062948312E-4
121	8.16408543171679E-4
122	9.073054396763641E-4
123	9.959794525732765E-4
124	0.0010150614961804288
125	9.225032509468617E-4
126	7.775394618457265E-4
127	6.647256399812021E-4
128	6.448129533032644E-4
129	6.83335197145076E-4
130	7.220218236855963E-4
131	7.16563989212114E-4
132	6.784996664452362E-4
133	6.333285322138987E-4
134	6.009960838570629E-4
135	5.79231100753791E-4
136	5.602081827931707E-4
137	5.410761423636617E-4
138	5.388806418512166E-4
139	5.7564155614116E-4
140	6.623551431265361E-4
141	7.65923192731264E-4
142	8.422238778869816E-4
143	8.581703358473011E-4
144	8.248155611537298E-4
145	7.642475126697492E-4
146	6.994584027561541E-4
147	6.570574577629924E-4
148	6.645581575376259E-4
149	7.347145201363821E-4
150	8.212427164514519E-4
151	8.630994555839918E-4
152	8.197718993351224E-4
153	7.328690203058212E-4
154	6.6453024379703E-4
155	6.585100564215642E-4
156	6.850231900397375E-4
157	6.958994378237374E-4
158	6.582269507040965E-4
159	6.001273106447273E-4
160	5.649804573678868E-4
161	5.808558059101298E-4
162	6.145806725652006E-4
163	6.176718489411409E-4
164	5.594670383143577E-4
165	4.8058759063471967E-4
166	4.394757675204609E-4
167	4.7626898163030614E-4
168	5.578852497849442E-4
169	6.329377398455543E-4
170	6.635525489572078E-4
171	6.659074914005432E-4
172	6.696933107400905E-4
173	6.938268523321233E-4
174	7.141293686998877E-4
175	6.956482141583732E-4
176	6.185371544603335E-4
177	5.233756011095791E-4
178	4.6584937704768393E-4
179	4.8427652151833287E-4
180	5.475039389736496E-4
181	6.070107501678676E-4
182	6.256854342819909E-4
183	6.120539042041059E-4
184	5.860514312490692E-4
185	5.633532462866628E-4
186	5.425944184063686E-4
187	5.181499762525937E-4
188	4.888525575575981E-4
189	4.7136523640505304E-4
190	4.8680869596648223E-4
191	5.440955747898562E-4
192	6.033063329289308E-4
193	6.123133858139082E-4
194	5.381809144515592E-4
195	4.2474016215492653E-4
196	3.350141378136214E-4
197	3.179079431337806E-4
198	3.6585505108764366E-4
199	4.571710274639761E-4
200	5.701714380515432E-4
