DE Rtg3_GEM_1_m0 5.16 -6 k6_c29
1 4 1 1 23 T
2 0 6 18 5 G
3 22 4 3 0 A
4 5 23 0 0 C
5 7 13 4 5 C
XX

DE Rtg3_GEM_1_m1 5.52 15 k6_c26
1 13 2 4 7 A
2 17 0 8 0 A
3 24 0 0 1 A
4 24 0 1 0 A
5 21 0 4 0 A
6 24 0 1 0 A
XX

DE Rtg3_GEM_1_m2 6.94 2 k7_c11
1 0 1 7 3 G
2 0 1 8 1 G
3 6 2 2 1 A
4 9 0 0 2 A
5 8 1 0 2 A
6 2 2 0 7 T
7 1 2 8 0 G
XX

DE Rtg3_GEM_1_m3 5.28 8 k5_c26
1 24 0 0 1 A
2 8 3 0 15 T
3 22 0 3 0 A
4 0 0 25 0 G
5 1 23 1 1 C
XX

DE Rtg3_GEM_1_m4 6.53 -5 k6_c26
1 5 5 8 8 T
2 0 4 21 0 G
3 25 0 0 0 A
4 0 0 0 25 T
5 0 0 25 0 G
6 18 1 1 5 A
XX

DE Rtg3_GEM_1_m5 5.18 20 k5_c23
1 0 1 1 20 T
2 0 0 20 3 G
3 10 0 12 0 G
4 22 0 0 0 A
5 20 0 0 2 A
XX

DE Rtg3_GEM_1_m6 4.12 19 k5_c28
1 1 9 0 17 T
2 17 0 0 11 A
3 0 0 0 27 T
4 0 27 0 0 C
5 0 0 0 27 T
XX

DE Rtg3_GEM_1_m7 8.04 -5 k8_c15
1 11 4 0 0 A
2 3 1 0 10 T
3 0 1 9 4 G
4 1 0 14 1 G
5 1 3 11 1 G
6 12 0 1 2 A
7 8 0 3 4 A
8 1 0 14 1 G
XX

DE Rtg3_GEM_1_m8 8.24 -13 k8_c11
1 9 0 1 0 A
2 0 5 0 5 C
3 9 0 1 0 A
4 0 0 10 0 G
5 0 3 0 7 T
6 8 0 2 0 A
7 10 0 0 0 A
8 10 0 0 0 A
XX

DE Rtg3_GEM_1_m9 26.79 -5 k16_c2
1 0 0 2 0 G
2 0 0 0 2 T
3 0 0 2 0 G
4 0 0 0 2 T
5 0 0 2 0 G
6 0 0 2 0 G
7 0 0 2 0 G
8 0 0 0 2 T
9 0 0 2 0 G
10 0 0 0 2 T
11 0 0 2 0 G
12 0 0 2 0 G
13 0 0 0 2 T
14 0 0 2 0 G
15 0 0 0 2 T
16 0 0 2 0 G
XX

DE Rtg3_GEM_1_m10 8.74 -1 k8_c10
1 0 2 7 0 G
2 8 1 0 0 A
3 0 0 2 8 T
4 0 0 9 0 G
5 8 2 0 0 A
6 0 2 1 6 T
7 0 1 0 8 T
8 0 9 0 0 C
XX

