Position	IP	CondAna_Present	CondAna_IP	CondAna_Control	CondAna_Fold	CondAna_Expectd	CondAna_Q_-lg10	CondAna_P_-lg10	CondAna_P_poiss	CondAna_IPvsEMP	CondAna_Noise	CondEth_Present	CondEth_IP	CondEth_Control	CondEth_Fold	CondEth_Expectd	CondEth_Q_-lg10	CondEth_P_-lg10	CondEth_P_poiss	CondEth_IPvsEMP	CondEth_Noise	CondGlu_Present	CondGlu_IP	CondGlu_Control	CondGlu_Fold	CondGlu_Expectd	CondGlu_Q_-lg10	CondGlu_P_-lg10	CondGlu_P_poiss	CondGlu_IPvsEMP	CondGlu_Noise	CondNit_Present	CondNit_IP	CondNit_Control	CondNit_Fold	CondNit_Expectd	CondNit_Q_-lg10	CondNit_P_-lg10	CondNit_P_poiss	CondNit_IPvsEMP	CondNit_Noise	KmerGroup	MotifId	KG_score	Strand
1:59386	  115.0	1	   25.0	NaN	NaN	    9.8	   2.99	NaN	   4.48	  -0.53	   0.00	1	   25.0	NaN	NaN	    5.1	   8.60	NaN	   9.70	  -0.55	   0.00	1	   54.0	NaN	NaN	   10.9	  18.80	NaN	  20.03	  -0.73	   0.00	0	   11.0	NaN	NaN	    5.6	   0.67	NaN	   1.54	  -0.61	   0.00	CGGTGCC_2/0	0	1.23	+
10:57687	   74.2	0	    9.4	NaN	NaN	    9.1	   0.08	NaN	   0.37	  -1.04	   0.00	1	   17.2	NaN	NaN	    4.1	   5.49	NaN	   6.45	  -0.85	   0.00	1	   34.1	NaN	NaN	    9.0	   9.39	NaN	  10.38	  -0.86	   0.00	0	   13.6	NaN	NaN	    5.5	   1.55	NaN	   2.80	  -0.86	   0.00	--------	-1	0.00	*
10:125112	  114.0	1	   21.0	NaN	NaN	    8.4	   2.33	NaN	   3.72	  -0.80	   0.00	1	   24.0	NaN	NaN	    5.5	   7.31	NaN	   8.36	  -0.81	   0.00	1	   59.0	NaN	NaN	    8.3	  28.05	NaN	  29.44	  -0.76	   0.00	0	   10.0	NaN	NaN	    5.3	   0.49	NaN	   1.34	  -0.45	   0.00	AGCTCTT_3/0	0	1.34	+
10:277807	   32.0	0	    2.0	NaN	NaN	   10.0	  -0.01	NaN	   0.00	  -1.23	   0.00	0	    6.0	NaN	NaN	    4.4	   0.28	NaN	   0.54	  -0.87	   0.00	1	   19.0	NaN	NaN	    7.9	   2.58	NaN	   3.26	  -0.63	   0.00	0	    5.0	NaN	NaN	    5.2	   0.01	NaN	   0.22	  -0.50	   0.00	AAAACCCA_4/0	0	1.46	+
10:350752	   40.0	0	    9.0	NaN	NaN	    9.5	   0.02	NaN	   0.22	  -0.85	   0.00	0	    7.0	NaN	NaN	    4.2	   0.49	NaN	   0.87	  -0.71	   0.00	0	    9.0	NaN	NaN	    7.9	   0.27	NaN	   0.41	  -0.34	   0.00	1	   15.0	NaN	NaN	    5.1	   2.22	NaN	   3.54	  -0.65	   0.00	GCTCCGA_3/0	0	1.34	+
11:74475	   55.0	0	   10.0	NaN	NaN	   10.7	   0.01	NaN	   0.20	  -0.90	   0.00	1	   15.0	NaN	NaN	    5.8	   2.31	NaN	   3.03	  -0.80	   0.00	1	   23.0	NaN	NaN	   11.7	   2.03	NaN	   2.67	  -0.82	   0.00	0	    7.0	NaN	NaN	    4.8	   0.17	NaN	   0.67	  -1.17	   0.00	AAAACCG_3/0	0	1.34	+
11:75009	   67.0	0	   12.0	NaN	NaN	   10.6	   0.10	NaN	   0.43	  -0.85	   0.00	1	   22.0	NaN	NaN	    6.2	   5.23	NaN	   6.16	  -0.68	   0.00	1	   27.0	NaN	NaN	   11.2	   3.60	NaN	   4.36	  -0.79	   0.00	0	    6.0	NaN	NaN	    5.0	   0.08	NaN	   0.42	  -0.66	   0.00	AAAACCG_3/0	0	1.34	+
11:95502	   44.9	0	    6.9	NaN	NaN	    9.8	  -0.02	NaN	   0.07	  -0.30	   0.00	0	    9.0	NaN	NaN	    5.5	   0.57	NaN	   0.99	  -0.92	   0.00	1	   25.0	NaN	NaN	   10.9	   3.06	NaN	   3.78	  -0.81	   0.00	0	    4.0	NaN	NaN	    6.1	  -0.03	NaN	   0.06	  -1.05	   0.00	TTAACGCCG_10/0	0	2.24	+
11:133669	   85.0	0	   17.0	NaN	NaN	   10.1	   0.55	NaN	   1.53	  -0.58	   0.28	1	   28.0	NaN	NaN	    4.4	  12.07	NaN	  13.28	  -0.78	   0.28	1	   29.0	NaN	NaN	    8.1	   7.02	NaN	   7.96	  -0.79	   0.28	0	   11.0	NaN	NaN	    4.8	   0.97	NaN	   1.97	  -0.95	   0.28	AAAACCC_3/0	0	1.34	+
11:147450	   30.0	0	    4.0	NaN	NaN	    8.9	  -0.02	NaN	   0.01	  -2.38	   0.00	0	    7.0	NaN	NaN	    4.2	   0.49	NaN	   0.86	  -0.70	   0.00	1	   19.0	NaN	NaN	    8.1	   2.43	NaN	   3.11	  -0.66	   0.00	0	    0.0	NaN	NaN	    5.0	  -0.01	NaN	  -0.00	  -4.00	   0.00	AACTCCGA_7/0	0	1.84	+
11:237794	   86.0	0	    5.0	NaN	NaN	    9.4	  -0.02	NaN	   0.02	  -0.56	   0.59	1	   34.0	NaN	NaN	    5.6	  14.02	NaN	  15.34	  -0.56	   0.59	1	   35.0	NaN	NaN	   12.6	   5.93	NaN	   6.82	  -0.57	   0.59	0	   12.0	NaN	NaN	    6.0	   0.75	NaN	   1.69	  -0.66	   0.59	AACGCCG_4/0	0	1.46	+
11:346799	   48.0	0	    9.0	NaN	NaN	    9.6	   0.02	NaN	   0.21	  -0.41	   0.00	1	   14.0	NaN	NaN	    4.2	   3.06	NaN	   3.86	  -1.00	   0.00	1	   20.0	NaN	NaN	    9.6	   2.03	NaN	   2.68	  -0.69	   0.00	0	    5.0	NaN	NaN	    5.4	  -0.00	NaN	   0.21	  -1.15	   0.00	ACTCCGA_3/0	0	1.34	+
11:463291	  203.0	1	   24.0	NaN	NaN	    8.8	   3.26	NaN	   4.78	  -0.85	   0.07	1	   51.0	NaN	NaN	    4.2	  34.29	NaN	  36.05	  -0.76	   0.07	1	   99.0	NaN	NaN	   10.2	  58.62	NaN	  60.38	  -0.71	   0.07	1	   29.0	NaN	NaN	    6.0	   9.16	NaN	  10.87	  -0.57	   0.07	TTAACGCCGT_11/0	0	2.38	+
11:522551	   31.0	0	    7.0	NaN	NaN	    8.8	  -0.00	NaN	   0.11	  -0.46	   0.00	0	    2.0	NaN	NaN	    7.1	  -0.01	NaN	   0.00	  -1.50	   0.00	0	    2.0	NaN	NaN	   10.3	  -0.00	NaN	   0.00	  -0.80	   0.00	1	   20.0	NaN	NaN	    8.4	   2.07	NaN	   3.34	  -0.48	   0.00	CGGGGAA_3/0	0	1.34	+
11:620701	  112.0	0	   12.0	NaN	NaN	    8.8	   0.23	NaN	   0.75	  -0.87	   0.01	1	   34.0	NaN	NaN	    4.6	  16.40	NaN	  17.81	  -0.71	   0.01	1	   56.0	NaN	NaN	    8.1	  26.11	NaN	  27.45	  -0.75	   0.01	0	   10.0	NaN	NaN	    5.6	   0.46	NaN	   1.24	  -1.14	   0.01	CGCCGCT_2/0	0	1.23	+
12:68792	  102.0	0	   19.0	NaN	NaN	   11.9	   0.53	NaN	   1.47	  -0.47	   0.00	1	   22.0	NaN	NaN	    7.3	   4.21	NaN	   5.09	  -0.64	   0.00	1	   52.0	NaN	NaN	   11.4	  16.74	NaN	  17.91	  -0.75	   0.00	0	    9.0	NaN	NaN	    6.5	   0.17	NaN	   0.68	  -0.49	   0.00	AACCCCG_2/0	0	1.23	+
12:73786	   41.0	0	    7.0	NaN	NaN	   10.5	  -0.02	NaN	   0.05	  -0.97	   0.00	1	   14.0	NaN	NaN	    5.1	   2.33	NaN	   3.06	  -0.68	   0.00	0	   13.0	NaN	NaN	    9.7	   0.51	NaN	   0.74	  -0.78	   0.00	0	    7.0	NaN	NaN	    6.4	   0.04	NaN	   0.34	  -0.32	   0.00	TAACTCC_3/0	0	1.34	+
12:349856	   45.2	0	    9.0	NaN	NaN	   10.2	   0.01	NaN	   0.16	  -0.67	   0.00	0	   12.0	NaN	NaN	    4.5	   1.96	NaN	   2.66	  -0.61	   0.00	1	   20.2	NaN	NaN	    9.5	   2.40	NaN	   3.06	  -0.97	   0.00	0	    4.0	NaN	NaN	    5.5	  -0.03	NaN	   0.10	  -0.54	   0.00	AAATCCGA_10/1	0	2.01	+
12:403247	  112.0	1	   21.0	NaN	NaN	    9.1	   2.03	NaN	   3.31	  -0.95	   0.25	1	   30.0	NaN	NaN	    5.9	  10.63	NaN	  11.82	  -0.70	   0.25	1	   42.0	NaN	NaN	   11.9	  10.00	NaN	  11.02	  -0.60	   0.25	1	   19.0	NaN	NaN	    5.1	   4.23	NaN	   5.71	  -0.82	   0.25	TATCTCCG_8/0	0	1.97	+
12:424168	   77.9	0	   10.3	NaN	NaN	    8.7	   0.15	NaN	   0.58	  -0.59	   0.00	1	   23.6	NaN	NaN	    5.6	   7.18	NaN	   8.21	  -0.67	   0.00	1	   42.0	NaN	NaN	   10.1	  12.15	NaN	  13.23	  -0.77	   0.00	0	    2.0	NaN	NaN	    4.7	  -0.03	NaN	   0.02	  -0.94	   0.00	TTANCNCCG_8/0	0	1.97	+
12:605901	   34.9	0	    7.4	NaN	NaN	    9.4	   0.00	NaN	   0.14	  -0.67	   0.00	0	    3.7	NaN	NaN	    4.1	   0.10	NaN	   0.23	  -1.17	   0.00	1	   20.9	NaN	NaN	    8.1	   3.25	NaN	   3.98	  -0.84	   0.00	0	    3.0	NaN	NaN	    5.7	  -0.03	NaN	   0.03	  -0.67	   0.00	AAAACCGA_6/0	0	1.71	+
12:884087	  105.0	1	   21.0	NaN	NaN	    8.7	   2.19	NaN	   3.53	  -0.81	   0.00	1	   33.2	NaN	NaN	    4.1	  17.92	NaN	  19.35	  -0.87	   0.00	1	   42.8	NaN	NaN	    9.3	  14.04	NaN	  15.15	  -0.81	   0.00	0	    8.0	NaN	NaN	    5.0	   0.25	NaN	   0.88	  -1.15	   0.00	GCTCCGA_3/0	0	1.34	+
13:181084	  116.0	1	   24.0	NaN	NaN	    9.7	   2.74	NaN	   4.15	  -0.68	   0.14	1	   19.0	NaN	NaN	    4.2	   5.92	NaN	   6.90	  -0.83	   0.14	1	   60.0	NaN	NaN	    9.6	  25.94	NaN	  27.24	  -0.82	   0.14	0	   13.0	NaN	NaN	    4.9	   1.53	NaN	   2.76	  -0.56	   0.14	TTANCNCCG_8/0	0	1.97	+
13:292760	   79.0	0	   12.0	NaN	NaN	    8.7	   0.23	NaN	   0.76	  -0.61	   0.00	1	   18.0	NaN	NaN	    5.2	   4.12	NaN	   4.99	  -0.64	   0.00	1	   37.0	NaN	NaN	    8.0	  11.96	NaN	  13.03	  -0.99	   0.00	0	   12.0	NaN	NaN	    4.8	   1.27	NaN	   2.41	  -0.74	   0.00	TAACGCCG_6/0	0	1.71	+
13:330051	   50.0	0	    5.0	NaN	NaN	   10.4	  -0.02	NaN	   0.01	  -0.79	   0.00	1	   14.0	NaN	NaN	    5.1	   2.37	NaN	   3.11	  -0.88	   0.00	1	   28.0	NaN	NaN	    8.1	   6.55	NaN	   7.47	  -1.02	   0.00	0	    3.0	NaN	NaN	    4.7	  -0.04	NaN	   0.07	  -1.67	   0.00	TATCTCC_5/0	0	1.58	+
13:379848	   35.0	0	    4.0	NaN	NaN	    8.7	  -0.03	NaN	   0.01	  -0.47	   0.00	1	   13.0	NaN	NaN	    4.5	   2.35	NaN	   3.09	  -0.76	   0.00	0	   18.0	NaN	NaN	    8.6	   1.84	NaN	   2.47	  -0.55	   0.00	0	    0.0	NaN	NaN	    6.0	  -0.00	NaN	  -0.00	  -4.00	   0.00	ACTCCGA_3/0	0	1.34	+
13:444328	  155.0	0	   19.0	NaN	NaN	    8.7	   1.52	NaN	   2.75	  -0.82	   0.00	1	   44.0	NaN	NaN	    5.3	  23.19	NaN	  24.77	  -0.66	   0.00	1	   79.0	NaN	NaN	   10.4	  39.59	NaN	  41.18	  -0.77	   0.00	0	   13.0	NaN	NaN	    5.1	   1.43	NaN	   2.61	  -0.86	   0.00	--------	-1	0.00	*
13:517743	   64.5	0	    7.8	NaN	NaN	   10.8	  -0.02	NaN	   0.07	  -0.50	   0.00	1	   24.0	NaN	NaN	    4.8	   8.38	NaN	   9.47	  -0.87	   0.00	1	   27.7	NaN	NaN	   10.1	   4.73	NaN	   5.56	  -0.66	   0.00	0	    5.0	NaN	NaN	    5.7	  -0.02	NaN	   0.17	  -1.26	   0.00	AACTCCG_4/0	0	1.46	+
13:664788	   69.0	0	   14.0	NaN	NaN	    9.7	   0.27	NaN	   0.94	  -0.55	   0.17	0	   12.0	NaN	NaN	    4.5	   1.92	NaN	   2.61	  -0.91	   0.17	1	   29.0	NaN	NaN	   10.7	   4.75	NaN	   5.59	  -0.86	   0.17	1	   14.0	NaN	NaN	    4.7	   2.12	NaN	   3.40	  -0.62	   0.17	AACCCCG_2/0	0	1.23	+
13:678616	   43.5	0	    5.5	NaN	NaN	    9.1	  -0.02	NaN	   0.05	  -1.17	   0.00	0	    7.6	NaN	NaN	    5.5	   0.39	NaN	   0.73	  -1.12	   0.00	1	   22.5	NaN	NaN	    9.8	   2.92	NaN	   3.63	  -0.99	   0.00	0	    7.9	NaN	NaN	    5.8	   0.18	NaN	   0.65	  -0.91	   0.00	AGCTCTT_3/0	0	1.34	+
13:678736	   62.1	0	   13.4	NaN	NaN	    9.2	   0.31	NaN	   1.07	  -1.03	   0.00	1	   14.0	NaN	NaN	    5.5	   2.48	NaN	   3.24	  -0.71	   0.00	1	   24.0	NaN	NaN	    9.7	   3.77	NaN	   4.54	  -0.94	   0.00	0	   10.7	NaN	NaN	    5.9	   0.56	NaN	   1.41	  -0.74	   0.00	--------	-1	0.00	*
13:881221	   88.0	0	   18.0	NaN	NaN	    8.7	   1.21	NaN	   2.40	  -0.84	   0.00	1	   21.0	NaN	NaN	    4.7	   6.46	NaN	   7.46	  -0.76	   0.00	1	   29.0	NaN	NaN	    8.0	   7.10	NaN	   8.05	  -0.83	   0.00	1	   20.0	NaN	NaN	    5.4	   4.41	NaN	   5.96	  -0.62	   0.00	AGCTCTT_3/0	0	1.34	+
14:188218	   61.0	0	    8.0	NaN	NaN	    9.3	   0.00	NaN	   0.15	  -0.53	   0.00	1	   17.0	NaN	NaN	    4.2	   4.82	NaN	   5.73	  -0.91	   0.00	1	   33.0	NaN	NaN	   10.4	   6.83	NaN	   7.76	  -0.81	   0.00	0	    3.0	NaN	NaN	    4.7	  -0.04	NaN	   0.07	  -0.38	   0.00	TATCTCCG_8/0	0	1.97	+
14:207423	  125.8	1	   20.9	NaN	NaN	    8.6	   2.28	NaN	   3.64	  -0.87	   0.00	1	   28.6	NaN	NaN	    4.5	  12.62	NaN	  13.87	  -0.94	   0.00	1	   65.3	NaN	NaN	   11.6	  26.14	NaN	  27.50	  -0.78	   0.00	0	   11.0	NaN	NaN	    5.2	   0.80	NaN	   1.76	  -0.74	   0.00	AACTCCGA_7/0	0	1.84	+
14:249322	   71.8	0	    5.4	NaN	NaN	    8.6	  -0.02	NaN	   0.07	  -0.76	   0.00	1	   18.1	NaN	NaN	    4.9	   5.11	NaN	   6.03	  -0.92	   0.00	1	   35.3	NaN	NaN	    8.2	  11.02	NaN	  12.06	  -0.91	   0.00	1	   13.0	NaN	NaN	    4.7	   2.13	NaN	   3.43	  -0.59	   0.00	TTAACGCCGT_11/0	0	2.38	+
14:283341	   33.0	0	    7.0	NaN	NaN	    9.1	  -0.01	NaN	   0.10	  -0.65	   0.00	1	   12.0	NaN	NaN	    4.2	   2.19	NaN	   2.90	  -0.43	   0.00	0	    6.0	NaN	NaN	    8.7	   0.04	NaN	   0.06	  -0.43	   0.00	0	    8.0	NaN	NaN	    4.7	   0.30	NaN	   0.99	  -0.68	   0.00	AGCTCTT_3/0	0	1.34	+
14:345460	  226.0	1	   39.0	NaN	NaN	    9.7	  10.10	NaN	  11.92	  -1.10	   0.00	1	   63.0	NaN	NaN	    5.3	  41.96	NaN	  43.84	  -0.87	   0.00	1	  102.0	NaN	NaN	    9.3	  65.47	NaN	  67.29	  -0.83	   0.00	1	   22.0	NaN	NaN	    6.5	   4.31	NaN	   5.83	  -0.78	   0.00	--------	-1	0.00	*
14:604214	  226.0	1	   53.0	NaN	NaN	   10.5	  18.07	NaN	  20.04	  -0.66	   0.25	1	   57.0	NaN	NaN	    5.5	  35.12	NaN	  36.94	  -0.67	   0.25	1	   80.0	NaN	NaN	   10.9	  39.00	NaN	  40.52	  -0.70	   0.25	1	   36.0	NaN	NaN	    6.0	  14.32	NaN	  16.14	  -0.56	   0.25	TAAATCCGA_12/1	0	2.27	+
14:621403	   50.0	0	   11.0	NaN	NaN	    8.6	   0.16	NaN	   0.61	  -0.65	   0.00	1	   14.0	NaN	NaN	    4.8	   2.52	NaN	   3.28	  -0.57	   0.00	1	   21.0	NaN	NaN	    8.9	   2.69	NaN	   3.39	  -0.67	   0.00	0	    4.0	NaN	NaN	    5.5	  -0.03	NaN	   0.10	  -0.32	   0.00	TAAATCCGA_12/1	0	2.27	+
15:48647	   62.0	0	   13.0	NaN	NaN	   10.2	   0.16	NaN	   0.63	  -0.52	   0.50	1	   15.0	NaN	NaN	    4.6	   3.24	NaN	   4.05	  -0.58	   0.50	1	   28.0	NaN	NaN	    8.6	   6.00	NaN	   6.90	  -0.49	   0.50	0	    6.0	NaN	NaN	    5.4	   0.04	NaN	   0.34	  -0.53	   0.50	AAAACCG_3/0	0	1.34	+
15:83217	  242.6	0	   15.4	NaN	NaN	    9.4	   0.53	NaN	   1.50	  -1.14	   0.00	1	   57.3	NaN	NaN	    6.1	  33.59	NaN	  35.30	  -0.85	   0.00	1	  161.8	NaN	NaN	    8.5	 140.00	NaN	 142.19	  -0.86	   0.00	0	    8.2	NaN	NaN	    7.0	   0.15	NaN	   0.57	  -1.36	   0.00	--------	-1	0.00	*
15:155814	   89.0	0	   17.0	NaN	NaN	   10.9	   0.41	NaN	   1.29	  -0.69	   0.00	1	   23.0	NaN	NaN	    8.6	   3.62	NaN	   4.46	  -0.83	   0.00	1	   41.0	NaN	NaN	   11.6	   9.76	NaN	  10.77	  -0.82	   0.00	0	    8.0	NaN	NaN	    6.3	   0.12	NaN	   0.53	  -0.66	   0.00	AACTCCG_4/0	0	1.46	+
15:226250	   43.0	0	    5.0	NaN	NaN	    8.9	  -0.02	NaN	   0.03	  -1.02	   0.00	0	   10.0	NaN	NaN	    5.1	   0.96	NaN	   1.47	  -0.83	   0.00	1	   24.0	NaN	NaN	    9.3	   3.63	NaN	   4.40	  -0.62	   0.00	0	    4.0	NaN	NaN	    6.0	  -0.03	NaN	   0.07	  -1.79	   0.00	AAAACCG_3/0	0	1.34	+
15:240972	   52.0	0	   10.0	NaN	NaN	    9.6	   0.05	NaN	   0.31	  -0.70	   0.00	0	    9.0	NaN	NaN	    4.3	   1.00	NaN	   1.52	  -0.59	   0.00	1	   28.0	NaN	NaN	    8.1	   6.48	NaN	   7.39	  -0.75	   0.00	0	    5.0	NaN	NaN	    6.1	  -0.01	NaN	   0.14	  -0.71	   0.00	ACTCCGA_3/0	0	1.34	+
15:250202	   43.5	0	    7.0	NaN	NaN	   10.2	  -0.02	NaN	   0.05	  -0.86	   0.00	1	   16.2	NaN	NaN	    5.5	   3.41	NaN	   4.23	  -0.82	   0.00	0	   16.2	NaN	NaN	   11.7	   0.71	NaN	   1.05	  -0.73	   0.00	0	    4.0	NaN	NaN	    6.0	  -0.03	NaN	   0.07	  -0.63	   0.00	AAATCCGA_10/1	0	2.01	+
15:324345	  110.0	1	   22.0	NaN	NaN	    9.5	   2.13	NaN	   3.43	  -0.79	   0.15	1	   30.0	NaN	NaN	    4.3	  13.98	NaN	  15.28	  -0.63	   0.15	1	   45.0	NaN	NaN	    8.1	  17.45	NaN	  18.65	  -0.67	   0.15	0	   13.0	NaN	NaN	    5.8	   1.07	NaN	   2.16	  -0.79	   0.15	AACCCCG_2/0	0	1.23	+
15:334135	   45.0	1	   23.0	NaN	NaN	    8.9	   2.81	NaN	   4.27	  -0.60	   0.00	0	    5.0	NaN	NaN	    4.9	   0.13	NaN	   0.27	  -0.69	   0.00	0	   11.0	NaN	NaN	    9.0	   0.36	NaN	   0.54	  -0.41	   0.00	0	    6.0	NaN	NaN	    5.3	   0.05	NaN	   0.36	  -0.32	   0.00	CGCGGCT_3/0	0	1.34	+
15:480357	  105.0	0	   10.0	NaN	NaN	    9.3	   0.07	NaN	   0.35	  -0.56	   0.23	1	   25.0	NaN	NaN	    4.3	   9.91	NaN	  11.04	  -0.70	   0.23	1	   50.0	NaN	NaN	   11.2	  15.74	NaN	  16.89	  -0.69	   0.23	1	   20.0	NaN	NaN	    5.0	   4.90	NaN	   6.48	  -0.61	   0.23	TAACTCCGA_14/0	0	2.82	+
15:514489	  126.0	1	   31.0	NaN	NaN	    8.9	   6.62	NaN	   8.24	  -0.68	   0.00	1	   39.0	NaN	NaN	    5.1	  19.51	NaN	  21.06	  -0.76	   0.00	1	   44.0	NaN	NaN	    8.1	  16.75	NaN	  17.91	  -0.79	   0.00	0	   12.0	NaN	NaN	    5.2	   1.07	NaN	   2.14	  -0.66	   0.00	ATATCCG_3/0	0	1.34	+
15:520667	   40.0	0	    1.0	NaN	NaN	    8.9	  -0.00	NaN	   0.00	  -4.00	   0.00	1	   13.0	NaN	NaN	    4.3	   2.54	NaN	   3.31	  -0.66	   0.00	1	   23.0	NaN	NaN	    8.1	   4.05	NaN	   4.84	  -0.71	   0.00	0	    3.0	NaN	NaN	    5.4	  -0.03	NaN	   0.04	  -0.57	   0.00	ACGCCGT_3/0	0	1.34	+
15:669643	   74.6	0	   13.1	NaN	NaN	    9.2	   0.31	NaN	   1.07	  -0.71	   0.00	1	   13.5	NaN	NaN	    4.3	   3.04	NaN	   3.83	  -0.96	   0.00	1	   34.4	NaN	NaN	    9.5	   8.79	NaN	   9.76	  -0.57	   0.00	0	   13.7	NaN	NaN	    5.7	   1.44	NaN	   2.61	  -0.39	   0.00	AACTCCGA_7/0	0	1.84	+
15:831061	   75.6	1	   22.7	NaN	NaN	    8.9	   2.83	NaN	   4.27	  -0.91	   0.00	0	    9.2	NaN	NaN	    5.8	   0.69	NaN	   1.13	  -0.87	   0.00	1	   27.3	NaN	NaN	    8.5	   6.12	NaN	   7.02	  -1.07	   0.00	1	   16.4	NaN	NaN	    5.9	   2.47	NaN	   3.81	  -1.08	   0.00	TAANTCCG_7/0	0	1.84	+
15:831212	   68.4	0	    7.3	NaN	NaN	    8.9	   0.02	NaN	   0.18	  -0.61	   0.00	1	   19.8	NaN	NaN	    5.9	   4.49	NaN	   5.38	  -0.86	   0.00	1	   33.7	NaN	NaN	    8.4	   9.60	NaN	  10.60	  -0.98	   0.00	0	    7.6	NaN	NaN	    5.9	   0.17	NaN	   0.61	  -0.59	   0.00	--------	-1	0.00	*
15:906784	   82.0	0	   16.0	NaN	NaN	    8.9	   0.65	NaN	   1.71	  -0.71	   0.00	1	   15.0	NaN	NaN	    5.2	   2.71	NaN	   3.49	  -0.66	   0.00	1	   25.0	NaN	NaN	    8.3	   4.80	NaN	   5.64	  -0.55	   0.00	1	   26.0	NaN	NaN	    4.9	   9.12	NaN	  10.78	  -0.54	   0.00	TTAACGCCGT_11/0	0	2.38	+
15:1017602	   94.0	0	   20.0	NaN	NaN	   10.2	   1.18	NaN	   2.35	  -0.60	   0.64	1	   15.0	NaN	NaN	    4.3	   3.55	NaN	   4.39	  -0.85	   0.64	1	   46.0	NaN	NaN	   10.0	  15.00	NaN	  16.13	  -0.58	   0.64	0	   13.0	NaN	NaN	    5.7	   1.10	NaN	   2.21	  -0.71	   0.64	TATCTCC_5/0	0	1.58	+
16:305576	   55.0	0	    6.0	NaN	NaN	    8.6	  -0.02	NaN	   0.07	  -0.96	   0.00	0	   12.0	NaN	NaN	    4.8	   1.74	NaN	   2.41	  -0.60	   0.00	1	   28.0	NaN	NaN	   11.5	   3.81	NaN	   4.58	  -0.85	   0.00	0	    9.0	NaN	NaN	    4.9	   0.44	NaN	   1.20	  -0.38	   0.00	TATCTCCG_8/0	0	1.97	+
16:377968	  384.6	1	   78.8	NaN	NaN	    9.6	  41.46	NaN	  43.64	  -0.83	   0.00	1	   77.7	NaN	NaN	    4.9	  60.84	NaN	  63.20	  -0.79	   0.00	1	  146.7	NaN	NaN	   12.4	  98.79	NaN	 100.75	  -0.82	   0.00	1	   81.4	NaN	NaN	    5.7	  60.29	NaN	  62.96	  -0.82	   0.00	--------	-1	0.00	*
16:500190	   36.0	0	    1.0	NaN	NaN	    8.6	  -0.00	NaN	   0.00	  -4.00	   0.36	0	   11.0	NaN	NaN	    4.8	   1.37	NaN	   1.99	  -0.81	   0.36	1	   20.0	NaN	NaN	    8.1	   2.81	NaN	   3.52	  -0.63	   0.36	0	    4.0	NaN	NaN	    4.9	  -0.01	NaN	   0.14	  -0.52	   0.36	AAAACCG_3/0	0	1.34	+
16:594444	   49.0	0	    4.0	NaN	NaN	    8.6	  -0.03	NaN	   0.01	  -0.63	   0.00	1	   18.0	NaN	NaN	    4.2	   5.31	NaN	   6.25	  -0.81	   0.00	1	   23.0	NaN	NaN	   10.1	   2.76	NaN	   3.47	  -0.53	   0.00	0	    4.0	NaN	NaN	    4.8	  -0.02	NaN	   0.15	  -0.39	   0.00	AAAACCCA_4/0	0	1.46	+
16:687049	   35.8	0	    5.7	NaN	NaN	    8.9	  -0.02	NaN	   0.06	  -0.54	   0.00	0	    8.3	NaN	NaN	    4.7	   0.80	NaN	   1.29	  -0.82	   0.00	1	   18.7	NaN	NaN	    8.1	   2.44	NaN	   3.11	  -0.73	   0.00	0	    3.1	NaN	NaN	    5.2	  -0.02	NaN	   0.12	  -1.02	   0.00	AACGCCG_4/0	0	1.46	+
16:687286	   65.2	0	   10.3	NaN	NaN	    9.4	   0.11	NaN	   0.47	  -0.77	   0.00	1	   20.7	NaN	NaN	    4.7	   6.49	NaN	   7.50	  -0.86	   0.00	1	   32.3	NaN	NaN	    8.1	   9.35	NaN	  10.33	  -0.93	   0.00	0	    1.9	NaN	NaN	    5.3	  -0.02	NaN	   0.01	  -1.96	   0.00	--------	-1	0.00	*
16:800478	   57.2	0	    5.7	NaN	NaN	   10.1	  -0.02	NaN	   0.03	  -0.81	   0.00	0	    6.9	NaN	NaN	    4.9	   0.33	NaN	   0.65	  -0.98	   0.00	1	   26.6	NaN	NaN	    8.3	   5.79	NaN	   6.66	  -0.76	   0.00	1	   17.9	NaN	NaN	    5.3	   3.49	NaN	   4.92	  -0.73	   0.00	TAAATCCGA_12/1	0	2.27	+
16:836975	   52.0	0	    7.7	NaN	NaN	    8.6	   0.02	NaN	   0.21	  -1.20	   0.00	1	   16.4	NaN	NaN	    5.3	   3.54	NaN	   4.37	  -0.73	   0.00	1	   27.9	NaN	NaN	   10.5	   4.49	NaN	   5.30	  -0.58	   0.00	0	    0.0	NaN	NaN	    5.9	  -0.01	NaN	   0.00	  -2.79	   0.00	TTAACGCCGT_11/0	0	2.38	+
16:921220	   43.0	0	    8.0	NaN	NaN	    9.3	   0.00	NaN	   0.15	  -0.84	   0.00	1	   15.0	NaN	NaN	    4.7	   3.10	NaN	   3.92	  -0.52	   0.00	0	   17.0	NaN	NaN	    8.5	   1.58	NaN	   2.16	  -0.75	   0.00	0	    3.0	NaN	NaN	    4.8	  -0.03	NaN	   0.07	  -0.70	   0.00	ATATCCG_3/0	0	1.34	+
16:932597	   49.0	0	   14.0	NaN	NaN	    8.6	   0.41	NaN	   1.27	  -0.52	   0.00	1	   14.0	NaN	NaN	    4.2	   3.06	NaN	   3.86	  -0.55	   0.00	0	   17.0	NaN	NaN	    8.1	   1.76	NaN	   2.37	  -0.63	   0.00	0	    4.0	NaN	NaN	    5.0	  -0.02	NaN	   0.13	  -0.42	   0.00	TAACTCCG_14/0	0	2.82	+
2:101572	   34.5	0	    4.3	NaN	NaN	    9.7	  -0.03	NaN	   0.02	  -0.80	   0.00	0	    5.0	NaN	NaN	    4.0	   0.20	NaN	   0.42	  -0.56	   0.00	1	   17.4	NaN	NaN	    8.1	   2.11	NaN	   2.77	  -0.65	   0.00	0	    7.8	NaN	NaN	    6.0	   0.16	NaN	   0.59	  -0.69	   0.00	ATCTCCG_3/0	0	1.34	+
2:371188	   47.0	0	    7.0	NaN	NaN	    9.6	  -0.02	NaN	   0.08	  -0.33	   0.36	1	   17.0	NaN	NaN	    5.1	   3.72	NaN	   4.58	  -0.63	   0.36	0	   19.0	NaN	NaN	    9.4	   1.78	NaN	   2.40	  -0.76	   0.36	0	    4.0	NaN	NaN	    5.2	  -0.03	NaN	   0.12	  -0.51	   0.36	TAACTCCG_14/0	0	2.82	+
2:500609	   43.0	0	    6.0	NaN	NaN	    9.8	  -0.03	NaN	   0.03	  -1.35	   0.00	1	   13.0	NaN	NaN	    4.5	   2.37	NaN	   3.12	  -0.80	   0.00	1	   20.0	NaN	NaN	    7.7	   3.06	NaN	   3.78	  -1.05	   0.00	0	    4.0	NaN	NaN	    4.6	  -0.02	NaN	   0.17	  -0.70	   0.00	TAACTCCG_14/0	0	2.82	+
2:546229	   66.5	0	   14.0	NaN	NaN	    9.4	   0.29	NaN	   1.01	  -0.74	   0.00	1	   15.0	NaN	NaN	    4.0	   3.78	NaN	   4.65	  -0.72	   0.00	1	   28.5	NaN	NaN	    8.1	   7.03	NaN	   7.96	  -0.76	   0.00	0	    9.0	NaN	NaN	    5.3	   0.33	NaN	   1.04	  -0.93	   0.00	AAATCCGA_10/1	0	2.01	+
3:171644	   65.0	0	   11.0	NaN	NaN	    9.4	   0.11	NaN	   0.46	  -0.53	   0.00	1	   18.0	NaN	NaN	    4.2	   5.31	NaN	   6.26	  -0.94	   0.00	1	   24.0	NaN	NaN	    8.1	   4.56	NaN	   5.38	  -0.76	   0.00	0	   12.0	NaN	NaN	    5.5	   0.97	NaN	   1.98	  -0.78	   0.00	CGCGGCT_3/0	0	1.34	+
4:156009	  458.0	1	   86.0	NaN	NaN	   10.4	  44.83	NaN	  47.50	  -0.88	   0.00	1	  119.0	NaN	NaN	    4.3	 120.56	NaN	 123.22	  -0.92	   0.00	1	  229.0	NaN	NaN	    8.2	 234.35	NaN	 237.02	  -0.82	   0.00	1	   24.0	NaN	NaN	    8.3	   3.68	NaN	   5.14	  -0.82	   0.00	--------	-1	0.00	*
4:264025	  100.0	0	   21.0	NaN	NaN	   10.7	   1.25	NaN	   2.45	  -1.04	   0.00	1	   22.0	NaN	NaN	    4.6	   7.35	NaN	   8.42	  -1.17	   0.00	1	   47.0	NaN	NaN	    8.2	  18.82	NaN	  20.07	  -0.74	   0.00	0	   10.0	NaN	NaN	    4.7	   0.73	NaN	   1.63	  -0.79	   0.00	TATCTCCG_8/0	0	1.97	+
4:264618	  186.0	1	   37.0	NaN	NaN	    9.3	   9.44	NaN	  11.20	  -0.78	   0.24	1	   38.0	NaN	NaN	    5.0	  18.67	NaN	  20.19	  -0.75	   0.24	1	   72.0	NaN	NaN	    8.2	  39.90	NaN	  41.52	  -0.58	   0.24	1	   39.0	NaN	NaN	    4.7	  19.96	NaN	  22.02	  -0.76	   0.24	--------	-1	0.00	*
4:316426	  144.0	0	   18.0	NaN	NaN	    9.2	   1.05	NaN	   2.20	  -0.73	   0.00	1	   35.0	NaN	NaN	    4.3	  18.25	NaN	  19.71	  -0.86	   0.00	1	   66.0	NaN	NaN	    8.7	  32.93	NaN	  34.39	  -0.81	   0.00	1	   25.0	NaN	NaN	    6.6	   5.88	NaN	   7.50	  -0.80	   0.00	TAACTCCG_14/0	0	2.82	+
4:465074	   40.1	0	    4.3	NaN	NaN	   10.2	  -0.02	NaN	   0.01	  -0.91	   0.00	0	    9.9	NaN	NaN	    4.3	   1.29	NaN	   1.89	  -0.82	   0.00	1	   18.9	NaN	NaN	    8.2	   2.39	NaN	   3.07	  -0.69	   0.00	0	    7.0	NaN	NaN	    4.7	   0.17	NaN	   0.70	  -0.77	   0.00	TAANTCCG_7/0	0	1.84	+
4:555238	   30.0	0	    4.0	NaN	NaN	    9.0	  -0.02	NaN	   0.01	  -0.78	   0.00	0	    4.0	NaN	NaN	    4.3	   0.10	NaN	   0.21	  -0.49	   0.00	1	   21.0	NaN	NaN	    8.3	   3.06	NaN	   3.79	  -0.71	   0.00	0	    1.0	NaN	NaN	    5.1	  -0.01	NaN	   0.00	  -4.00	   0.00	AACCCCG_2/0	0	1.23	+
4:577984	  133.0	1	   21.0	NaN	NaN	    8.7	   2.20	NaN	   3.52	  -0.78	   0.00	1	   31.0	NaN	NaN	    4.5	  14.18	NaN	  15.52	  -0.78	   0.00	1	   70.0	NaN	NaN	    8.2	  38.26	NaN	  39.74	  -0.83	   0.00	0	   11.0	NaN	NaN	    4.9	   0.93	NaN	   1.91	  -0.75	   0.00	TTANCNCCG_8/0	0	1.97	+
4:701326	   82.0	0	    7.0	NaN	NaN	    8.7	  -0.01	NaN	   0.11	  -0.91	   0.00	1	   30.0	NaN	NaN	    4.9	  12.53	NaN	  13.76	  -0.95	   0.00	1	   38.0	NaN	NaN	    8.2	  12.39	NaN	  13.49	  -0.76	   0.00	0	    7.0	NaN	NaN	    4.9	   0.18	NaN	   0.67	  -0.72	   0.00	TAANTCCG_7/0	0	1.84	+
4:873736	   41.9	0	    8.0	NaN	NaN	    8.8	   0.02	NaN	   0.19	  -0.64	   0.00	0	    6.0	NaN	NaN	    5.6	   0.16	NaN	   0.32	  -0.86	   0.00	1	   27.0	NaN	NaN	   10.2	   4.22	NaN	   5.01	  -0.84	   0.00	0	    1.0	NaN	NaN	    4.7	  -0.02	NaN	   0.00	  -4.00	   0.00	AACTCCGA_7/0	0	1.84	+
4:929982	  125.0	0	   14.0	NaN	NaN	    9.2	   0.31	NaN	   1.09	  -0.61	   0.07	1	   34.0	NaN	NaN	    5.2	  15.02	NaN	  16.41	  -0.77	   0.07	1	   59.0	NaN	NaN	    9.2	  26.07	NaN	  27.39	  -0.78	   0.07	1	   18.0	NaN	NaN	    6.1	   2.75	NaN	   4.12	  -0.73	   0.07	TAACTCCGA_14/0	0	2.82	+
4:935087	  215.0	1	   28.0	NaN	NaN	    8.7	   5.18	NaN	   6.77	  -0.76	   0.06	1	   63.0	NaN	NaN	    4.3	  47.29	NaN	  49.25	  -0.80	   0.06	1	  107.0	NaN	NaN	    8.7	  73.25	NaN	  75.13	  -0.78	   0.06	1	   17.0	NaN	NaN	    4.9	   3.41	NaN	   4.79	  -0.76	   0.06	CGCGGCT_3/0	0	1.34	+
4:949445	  103.0	0	   15.0	NaN	NaN	   10.0	   0.31	NaN	   1.09	  -0.54	   0.24	1	   26.0	NaN	NaN	    4.6	  10.06	NaN	  11.20	  -0.75	   0.24	1	   49.0	NaN	NaN	    9.3	  18.17	NaN	  19.39	  -0.76	   0.24	0	   13.0	NaN	NaN	    5.5	   1.23	NaN	   2.35	  -0.83	   0.24	AACTCCGA_7/0	0	1.84	+
4:993408	   41.0	0	   11.0	NaN	NaN	   12.3	   0.01	NaN	   0.17	  -0.37	   0.00	1	   16.0	NaN	NaN	    6.3	   2.36	NaN	   3.09	  -0.60	   0.00	0	   10.0	NaN	NaN	   10.9	   0.13	NaN	   0.19	  -0.41	   0.00	0	    4.0	NaN	NaN	    6.3	  -0.03	NaN	   0.06	  -0.72	   0.00	AAAACCGA_6/0	0	1.71	+
4:1035677	   74.0	0	    8.0	NaN	NaN	   11.0	  -0.02	NaN	   0.07	  -0.71	   0.00	1	   22.0	NaN	NaN	    4.3	   7.81	NaN	   8.89	  -0.91	   0.00	1	   35.0	NaN	NaN	    8.2	  10.48	NaN	  11.51	  -0.70	   0.00	0	    9.0	NaN	NaN	    4.7	   0.46	NaN	   1.28	  -0.78	   0.00	AAAACCG_3/0	0	1.34	+
4:1258255	  125.0	1	   24.0	NaN	NaN	    8.7	   3.26	NaN	   4.81	  -0.86	   0.00	1	   34.0	NaN	NaN	    5.3	  14.81	NaN	  16.17	  -0.88	   0.00	1	   55.0	NaN	NaN	    8.5	  24.47	NaN	  25.73	  -0.80	   0.00	0	   12.0	NaN	NaN	    5.8	   0.86	NaN	   1.82	  -0.80	   0.00	CGGTGCC_2/0	0	1.23	+
4:1413715	   88.0	0	    6.0	NaN	NaN	    8.7	  -0.02	NaN	   0.06	  -0.44	   0.00	1	   26.0	NaN	NaN	    4.4	  10.62	NaN	  11.77	  -0.99	   0.00	1	   46.0	NaN	NaN	    8.6	  17.29	NaN	  18.48	  -0.76	   0.00	0	   10.0	NaN	NaN	    4.9	   0.69	NaN	   1.57	  -0.56	   0.00	TAAATCCGA_12/1	0	2.27	+
4:1448016	   34.0	0	    2.0	NaN	NaN	    9.3	  -0.01	NaN	   0.00	  -1.07	   0.00	0	    8.0	NaN	NaN	    4.7	   0.55	NaN	   0.97	  -0.92	   0.00	1	   23.0	NaN	NaN	    9.2	   3.30	NaN	   4.05	  -0.64	   0.00	0	    1.0	NaN	NaN	    6.0	  -0.01	NaN	   0.00	  -4.00	   0.00	TAACGCCG_6/0	0	1.71	+
5:43257	   67.9	0	    8.9	NaN	NaN	    9.8	   0.02	NaN	   0.19	  -1.29	   0.00	1	   21.0	NaN	NaN	    4.5	   6.76	NaN	   7.78	  -0.55	   0.00	1	   38.0	NaN	NaN	    8.5	  11.93	NaN	  12.98	  -0.69	   0.00	0	    0.0	NaN	NaN	    5.3	  -0.01	NaN	   0.00	  -4.00	   0.00	ACCCCGG_2/0	0	1.23	+
5:118725	   37.4	0	    3.6	NaN	NaN	    9.0	  -0.02	NaN	   0.01	  -1.01	   0.00	0	    6.9	NaN	NaN	    4.5	   0.43	NaN	   0.77	  -0.95	   0.00	1	   22.8	NaN	NaN	   11.5	   2.10	NaN	   2.75	  -0.83	   0.00	0	    4.2	NaN	NaN	    6.3	  -0.02	NaN	   0.12	  -0.68	   0.00	AACTCCG_4/0	0	1.46	+
5:185271	  187.4	0	   21.6	NaN	NaN	   10.0	   1.91	NaN	   3.17	  -0.56	   0.00	1	   51.0	NaN	NaN	    6.3	  26.41	NaN	  28.07	  -0.72	   0.00	1	   86.0	NaN	NaN	    8.4	  52.90	NaN	  54.61	  -0.84	   0.00	1	   28.8	NaN	NaN	    5.4	  10.25	NaN	  12.01	  -0.84	   0.00	TTAACGCCG_10/0	0	2.24	+
5:198650	   32.7	0	    8.0	NaN	NaN	    8.8	   0.02	NaN	   0.19	  -0.51	   0.00	1	   12.7	NaN	NaN	    4.6	   2.31	NaN	   3.02	  -0.60	   0.00	0	    8.0	NaN	NaN	    8.2	   0.17	NaN	   0.24	  -0.54	   0.00	0	    4.0	NaN	NaN	    5.7	  -0.03	NaN	   0.09	  -0.92	   0.00	TAACGCC_4/0	0	1.46	+
5:243110	   44.0	0	    5.0	NaN	NaN	    9.2	  -0.02	NaN	   0.02	  -1.37	   0.00	1	   12.0	NaN	NaN	    4.4	   2.02	NaN	   2.72	  -0.61	   0.00	1	   27.0	NaN	NaN	    8.2	   5.92	NaN	   6.80	  -0.65	   0.00	0	    0.0	NaN	NaN	    4.9	  -0.02	NaN	   0.00	  -0.54	   0.00	TAACTCCGA_14/0	0	2.82	+
5:287846	   93.0	0	   14.0	NaN	NaN	   12.2	   0.11	NaN	   0.47	  -0.41	   0.00	1	   21.0	NaN	NaN	    7.4	   3.66	NaN	   4.51	  -0.69	   0.00	1	   49.0	NaN	NaN	   11.6	  14.36	NaN	  15.47	  -0.65	   0.00	0	    9.0	NaN	NaN	    5.6	   0.29	NaN	   0.94	  -0.55	   0.00	AAAACCC_3/0	0	1.34	+
5:423310	   73.2	0	    9.5	NaN	NaN	    9.7	   0.04	NaN	   0.30	  -0.73	   0.00	1	   22.0	NaN	NaN	    5.7	   5.76	NaN	   6.73	  -0.85	   0.00	1	   29.9	NaN	NaN	    8.6	   7.03	NaN	   7.98	  -0.65	   0.00	0	   11.7	NaN	NaN	    5.2	   1.08	NaN	   2.14	  -0.50	   0.00	TTAACGCCG_10/0	0	2.24	+
5:442243	   41.0	0	   11.0	NaN	NaN	    9.4	   0.11	NaN	   0.47	  -0.58	   0.00	0	    2.0	NaN	NaN	    4.7	   0.00	NaN	   0.02	  -1.57	   0.00	1	   23.0	NaN	NaN	    8.8	   3.55	NaN	   4.30	  -0.65	   0.00	0	    5.0	NaN	NaN	    4.9	   0.03	NaN	   0.26	  -0.47	   0.00	CGCGGCT_3/0	0	1.34	+
5:570486	   48.7	0	   12.3	NaN	NaN	    8.8	   0.28	NaN	   0.97	  -0.70	   0.00	1	   16.2	NaN	NaN	    4.3	   4.65	NaN	   5.55	  -0.54	   0.00	0	   12.9	NaN	NaN	    8.2	   0.79	NaN	   1.14	  -0.91	   0.00	0	    7.3	NaN	NaN	    4.8	   0.30	NaN	   0.94	  -0.68	   0.00	AACTCCG_4/0	0	1.46	+
6:31867	   60.0	0	    8.0	NaN	NaN	   10.8	  -0.02	NaN	   0.07	  -0.69	   0.00	1	   21.0	NaN	NaN	    4.2	   7.31	NaN	   8.37	  -0.85	   0.00	1	   25.0	NaN	NaN	    8.6	   4.56	NaN	   5.39	  -0.74	   0.00	0	    6.0	NaN	NaN	    4.9	   0.08	NaN	   0.43	  -0.83	   0.00	TAAATCCGA_12/1	0	2.27	+
6:99698	   41.5	0	    3.2	NaN	NaN	   10.1	  -0.02	NaN	   0.00	  -0.70	   0.00	0	    9.0	NaN	NaN	    4.7	   0.82	NaN	   1.31	  -0.63	   0.00	1	   22.1	NaN	NaN	    9.6	   3.05	NaN	   3.78	  -0.78	   0.00	0	    7.2	NaN	NaN	    5.9	   0.18	NaN	   0.62	  -0.88	   0.00	AACTCCGA_7/0	0	1.84	+
6:265575	  199.0	1	   50.0	NaN	NaN	    9.6	  17.72	NaN	  19.61	  -0.81	   0.00	1	   40.0	NaN	NaN	    4.2	  23.21	NaN	  24.83	  -0.65	   0.00	1	   75.0	NaN	NaN	    8.1	  43.27	NaN	  44.93	  -0.74	   0.00	1	   34.0	NaN	NaN	    5.2	  14.55	NaN	  16.44	  -0.52	   0.00	TAANTCCG_7/0	0	1.84	+
7:29797	   57.0	0	    9.0	NaN	NaN	    8.5	   0.05	NaN	   0.32	  -0.81	   0.00	1	   22.0	NaN	NaN	    4.6	   7.26	NaN	   8.30	  -0.82	   0.00	1	   25.0	NaN	NaN	    7.8	   5.25	NaN	   6.10	  -0.92	   0.00	0	    1.0	NaN	NaN	    4.7	  -0.02	NaN	   0.00	  -4.00	   0.00	CGGTGCC_2/0	0	1.23	+
7:120085	  130.0	0	   16.0	NaN	NaN	   10.0	   0.41	NaN	   1.30	  -0.87	   0.00	1	   27.0	NaN	NaN	    5.7	   8.90	NaN	  10.01	  -0.74	   0.00	1	   68.0	NaN	NaN	    9.5	  32.62	NaN	  34.06	  -0.77	   0.00	1	   19.0	NaN	NaN	    5.9	   3.40	NaN	   4.81	  -0.82	   0.00	AACTCCGA_7/0	0	1.84	+
7:342895	   54.0	0	    9.0	NaN	NaN	    8.5	   0.05	NaN	   0.32	  -0.83	   0.00	0	   11.0	NaN	NaN	    4.0	   1.84	NaN	   2.53	  -0.72	   0.00	1	   26.0	NaN	NaN	    9.7	   4.19	NaN	   4.97	  -0.88	   0.00	0	    8.0	NaN	NaN	    5.2	   0.21	NaN	   0.81	  -0.42	   0.00	AAAACCC_3/0	0	1.34	+
7:415950	   96.0	0	   15.0	NaN	NaN	   13.8	   0.09	NaN	   0.39	  -1.06	   0.00	1	   28.0	NaN	NaN	    4.1	  12.78	NaN	  14.05	  -0.81	   0.00	1	   44.0	NaN	NaN	   11.2	  11.94	NaN	  13.00	  -0.74	   0.00	0	    9.0	NaN	NaN	    6.1	   0.20	NaN	   0.79	  -0.58	   0.00	TAACTCCGA_14/0	0	2.82	+
7:501494	   52.1	0	   11.9	NaN	NaN	   11.2	   0.07	NaN	   0.35	  -0.69	   0.00	0	   12.5	NaN	NaN	    6.3	   1.29	NaN	   1.88	  -0.76	   0.00	1	   25.4	NaN	NaN	   13.8	   2.03	NaN	   2.68	  -0.67	   0.00	0	    2.2	NaN	NaN	    6.0	  -0.03	NaN	   0.03	  -0.45	   0.00	CGGGGAA_3/0	0	1.34	+
7:575780	  348.9	1	   75.3	NaN	NaN	    8.5	  41.97	NaN	  44.34	  -0.85	   0.00	1	   70.3	NaN	NaN	    4.8	  53.61	NaN	  55.67	  -0.86	   0.00	1	  151.6	NaN	NaN	    9.3	 122.08	NaN	 124.14	  -0.84	   0.00	1	   51.7	NaN	NaN	    4.8	  32.29	NaN	  34.65	  -1.00	   0.00	--------	-1	0.00	*
7:615997	   45.0	0	    4.0	NaN	NaN	    9.0	  -0.02	NaN	   0.01	  -0.50	   0.00	0	    8.0	NaN	NaN	    4.3	   0.70	NaN	   1.13	  -0.58	   0.00	1	   26.0	NaN	NaN	    9.4	   4.43	NaN	   5.24	  -0.68	   0.00	0	    7.0	NaN	NaN	    4.7	   0.16	NaN	   0.71	  -0.55	   0.00	ATATCCG_3/0	0	1.34	+
7:616545	   47.0	0	    2.7	NaN	NaN	    8.5	  -0.02	NaN	   0.00	  -0.87	   0.00	1	   13.4	NaN	NaN	    5.0	   2.44	NaN	   3.19	  -0.85	   0.00	1	   27.3	NaN	NaN	    9.0	   5.61	NaN	   6.47	  -0.92	   0.00	0	    3.7	NaN	NaN	    4.7	  -0.02	NaN	   0.16	  -1.37	   0.00	--------	-1	0.00	*
7:633516	   62.9	0	    9.0	NaN	NaN	    9.8	   0.02	NaN	   0.19	  -0.91	   0.00	1	   19.4	NaN	NaN	    4.6	   5.97	NaN	   6.96	  -0.69	   0.00	1	   25.6	NaN	NaN	    8.3	   5.27	NaN	   6.13	  -1.09	   0.00	0	    8.9	NaN	NaN	    6.6	   0.17	NaN	   0.67	  -1.36	   0.00	--------	-1	0.00	*
7:875144	   54.0	0	   12.0	NaN	NaN	    9.3	   0.16	NaN	   0.65	  -1.09	   0.22	1	   18.0	NaN	NaN	    4.0	   5.60	NaN	   6.57	  -0.76	   0.22	1	   21.0	NaN	NaN	    9.0	   2.69	NaN	   3.39	  -0.68	   0.22	0	    3.0	NaN	NaN	    7.0	  -0.02	NaN	   0.01	  -0.45	   0.22	AGCTCTT_3/0	0	1.34	+
7:1003374	   46.0	0	    6.0	NaN	NaN	   10.4	  -0.02	NaN	   0.02	  -0.42	   0.00	1	   19.0	NaN	NaN	    5.1	   4.85	NaN	   5.76	  -0.64	   0.00	1	   19.0	NaN	NaN	    8.6	   2.18	NaN	   2.84	  -0.67	   0.00	0	    2.0	NaN	NaN	    6.2	  -0.02	NaN	   0.01	  -2.43	   0.00	AAAACCGA_6/0	0	1.71	+
7:1013767	   64.9	0	   16.1	NaN	NaN	    8.6	   0.99	NaN	   2.12	  -0.67	   0.00	1	   25.7	NaN	NaN	    4.0	  11.36	NaN	  12.56	  -0.69	   0.00	0	   17.0	NaN	NaN	   10.2	   1.27	NaN	   1.75	  -0.89	   0.00	0	    6.0	NaN	NaN	    4.7	   0.09	NaN	   0.49	  -0.79	   0.00	ATATCCG_3/0	0	1.34	+
8:47729	  114.0	0	   16.0	NaN	NaN	    8.3	   0.83	NaN	   1.93	  -0.71	   0.10	1	   25.0	NaN	NaN	    4.0	  10.63	NaN	  11.80	  -0.77	   0.10	1	   61.0	NaN	NaN	    7.8	  31.39	NaN	  32.79	  -0.77	   0.10	0	   12.0	NaN	NaN	    6.3	   0.69	NaN	   1.56	  -0.61	   0.10	AACTCCGA_7/0	0	1.84	+
8:112964	   46.0	0	    4.0	NaN	NaN	   12.3	  -0.01	NaN	   0.00	  -0.65	   0.00	0	   11.0	NaN	NaN	    4.9	   1.33	NaN	   1.95	  -0.79	   0.00	1	   26.0	NaN	NaN	   11.1	   3.30	NaN	   4.05	  -0.56	   0.00	0	    5.0	NaN	NaN	    5.3	  -0.00	NaN	   0.21	  -0.55	   0.00	--------	-1	0.00	*
8:171683	   33.0	0	    9.0	NaN	NaN	    9.3	   0.02	NaN	   0.24	  -0.66	   0.00	1	   13.0	NaN	NaN	    4.0	   2.77	NaN	   3.56	  -0.60	   0.00	0	   11.0	NaN	NaN	   10.2	   0.24	NaN	   0.35	  -0.52	   0.00	0	    0.0	NaN	NaN	    4.8	  -0.00	NaN	  -0.00	  -4.00	   0.00	GCTCCGA_3/0	0	1.34	+
8:280793	   40.0	0	   14.0	NaN	NaN	   10.1	   0.24	NaN	   0.84	  -0.59	   0.00	0	    4.0	NaN	NaN	    4.0	   0.11	NaN	   0.25	  -0.49	   0.00	1	   20.0	NaN	NaN	    9.2	   2.23	NaN	   2.89	  -0.58	   0.00	0	    2.0	NaN	NaN	    5.7	  -0.02	NaN	   0.01	  -1.59	   0.00	AAAACCG_3/0	0	1.34	+
8:524137	   53.0	0	   13.0	NaN	NaN	    8.3	   0.31	NaN	   1.09	  -0.60	   0.00	0	    7.0	NaN	NaN	    5.6	   0.24	NaN	   0.48	  -0.57	   0.00	1	   23.0	NaN	NaN	    7.8	   4.35	NaN	   5.15	  -0.79	   0.00	0	   10.0	NaN	NaN	    4.6	   0.75	NaN	   1.68	  -0.50	   0.00	TAACTCCGA_14/0	0	2.82	+
9:35925	  179.0	1	   42.0	NaN	NaN	   12.3	   8.87	NaN	  10.58	  -0.73	   0.37	1	   32.0	NaN	NaN	    5.0	  13.90	NaN	  15.18	  -0.71	   0.37	1	   70.0	NaN	NaN	    7.9	  39.14	NaN	  40.69	  -0.73	   0.37	1	   35.0	NaN	NaN	    5.3	  14.94	NaN	  16.90	  -0.58	   0.37	TTANCNCCG_8/0	0	1.97	+
9:124401	   45.0	0	    9.0	NaN	NaN	    8.6	   0.05	NaN	   0.31	  -0.49	   0.00	1	   13.0	NaN	NaN	    4.2	   2.62	NaN	   3.40	  -0.59	   0.00	1	   20.0	NaN	NaN	    8.3	   2.69	NaN	   3.38	  -0.79	   0.00	0	    3.0	NaN	NaN	    5.7	  -0.03	NaN	   0.03	  -0.77	   0.00	ATCTCCG_3/0	0	1.34	+
9:237450	  370.8	1	   69.6	NaN	NaN	    9.1	  34.78	NaN	  36.84	  -0.87	   0.00	1	   74.2	NaN	NaN	    4.9	  57.45	NaN	  59.63	  -0.88	   0.00	1	  176.9	NaN	NaN	    9.5	 151.63	NaN	 153.99	  -0.78	   0.00	1	   50.1	NaN	NaN	    5.8	  27.75	NaN	  29.94	  -0.82	   0.00	ATATCCG_3/0	0	1.34	+
9:237566	  139.2	1	   34.4	NaN	NaN	    9.7	   7.92	NaN	   9.58	  -1.03	   0.00	1	   37.8	NaN	NaN	    5.2	  18.31	NaN	  19.79	  -1.03	   0.00	1	   57.1	NaN	NaN	    9.4	  24.76	NaN	  26.04	  -0.79	   0.00	0	    9.9	NaN	NaN	    5.9	   0.37	NaN	   1.12	  -0.91	   0.00	TTANCNCCG_8/0	0	1.97	+
9:381042	   33.0	0	    3.0	NaN	NaN	    8.6	  -0.02	NaN	   0.00	  -0.53	   0.00	1	   14.0	NaN	NaN	    5.1	   2.37	NaN	   3.11	  -0.76	   0.00	0	   13.0	NaN	NaN	    8.3	   0.75	NaN	   1.09	  -0.45	   0.00	0	    3.0	NaN	NaN	    5.4	  -0.03	NaN	   0.04	  -0.79	   0.00	TATCTCCG_8/0	0	1.97	+
plasmid-2-micron:2186	  890.0	0	  221.0	NaN	NaN	  268.3	  -0.01	NaN	   0.00	  -0.36	   0.91	1	  158.0	NaN	NaN	  109.5	   4.22	NaN	   5.10	  -0.55	   0.91	1	  355.0	NaN	NaN	  248.3	   8.97	NaN	   9.94	  -0.51	   0.91	0	  156.0	NaN	NaN	  150.7	   0.09	NaN	   0.46	  -0.51	   0.91	TATCTCCG_8/0	0	1.97	+
