Position	IP	CondAna_Present	CondAna_IP	CondAna_Control	CondAna_Fold	CondAna_Expectd	CondAna_Q_-lg10	CondAna_P_-lg10	CondAna_P_poiss	CondAna_IPvsEMP	CondAna_Noise	CondEth_Present	CondEth_IP	CondEth_Control	CondEth_Fold	CondEth_Expectd	CondEth_Q_-lg10	CondEth_P_-lg10	CondEth_P_poiss	CondEth_IPvsEMP	CondEth_Noise	CondGlu_Present	CondGlu_IP	CondGlu_Control	CondGlu_Fold	CondGlu_Expectd	CondGlu_Q_-lg10	CondGlu_P_-lg10	CondGlu_P_poiss	CondGlu_IPvsEMP	CondGlu_Noise	CondNit_Present	CondNit_IP	CondNit_Control	CondNit_Fold	CondNit_Expectd	CondNit_Q_-lg10	CondNit_P_-lg10	CondNit_P_poiss	CondNit_IPvsEMP	CondNit_Noise	KmerGroup	MotifId	KG_score	Strand
1:173337	   75.3	0	   18.5	NaN	NaN	    8.4	   1.55	NaN	   2.96	  -0.61	   0.00	1	   12.6	NaN	NaN	    4.2	   2.16	NaN	   3.33	  -0.81	   0.00	1	   39.0	NaN	NaN	   11.9	   8.06	NaN	   9.40	  -0.83	   0.00	0	    5.2	NaN	NaN	    5.9	   0.04	NaN	   0.27	  -1.28	   0.00	GCCCGG_7/3	0	1.39	+
10:15197	   66.6	0	   16.4	NaN	NaN	    8.7	   0.89	NaN	   2.10	  -0.88	   0.00	1	   12.5	NaN	NaN	    4.3	   2.13	NaN	   3.30	  -1.10	   0.00	1	   32.7	NaN	NaN	   10.7	   6.21	NaN	   7.44	  -0.81	   0.00	0	    5.0	NaN	NaN	    6.7	  -0.00	NaN	   0.10	  -0.72	   0.00	CGGGGA_2/0	0	1.24	+
10:203956	   41.0	0	    7.9	NaN	NaN	   10.1	   0.02	NaN	   0.10	  -1.14	   0.00	1	   16.1	NaN	NaN	    4.3	   4.13	NaN	   5.57	  -1.10	   0.00	0	   13.2	NaN	NaN	   10.9	   0.36	NaN	   0.68	  -0.86	   0.00	0	    3.9	NaN	NaN	    7.0	  -0.01	NaN	   0.04	  -1.33	   0.00	CGGAGT_6/1	0	1.57	+
10:248917	   52.1	0	   15.0	NaN	NaN	    9.1	   0.47	NaN	   1.35	  -0.49	   0.00	0	    8.1	NaN	NaN	    5.7	   0.34	NaN	   0.90	  -1.11	   0.00	1	   25.3	NaN	NaN	   10.9	   3.09	NaN	   4.17	  -0.62	   0.00	0	    3.8	NaN	NaN	    6.7	  -0.01	NaN	   0.05	  -1.08	   0.00	TCCGAT_8/2	0	1.65	+
10:338755	   55.0	0	   12.0	NaN	NaN	    8.8	   0.21	NaN	   0.75	  -0.78	   0.00	0	    9.0	NaN	NaN	    4.3	   0.72	NaN	   1.51	  -0.68	   0.00	1	   24.8	NaN	NaN	   10.9	   2.70	NaN	   3.75	  -0.91	   0.00	0	    9.3	NaN	NaN	    6.7	   0.23	NaN	   0.86	  -0.73	   0.00	CGGGGT_9/1	0	1.96	+
10:604179	  162.3	0	   21.0	NaN	NaN	    9.8	   1.49	NaN	   2.88	  -0.78	   0.00	1	   33.9	NaN	NaN	    7.2	  10.48	NaN	  12.28	  -0.72	   0.00	1	   96.4	NaN	NaN	   16.4	  39.53	NaN	  41.29	  -0.81	   0.00	0	   11.0	NaN	NaN	    6.7	   0.29	NaN	   1.12	  -0.89	   0.00	GCCCGGAGAA_24/5	0	3.22	+
10:642234	   47.3	0	    9.4	NaN	NaN	   10.1	   0.07	NaN	   0.25	  -0.88	   0.00	0	    2.0	NaN	NaN	    4.9	  -0.00	NaN	   0.02	  -1.34	   0.00	1	   27.1	NaN	NaN	   13.1	   2.59	NaN	   3.62	  -0.65	   0.00	0	    8.8	NaN	NaN	    8.4	   0.04	NaN	   0.33	  -0.44	   0.00	TCGCCG_4/1	0	1.33	+
11:74382	   73.3	0	   17.7	NaN	NaN	   11.1	   0.51	NaN	   1.47	  -0.73	   0.00	1	   17.6	NaN	NaN	    5.9	   3.01	NaN	   4.29	  -0.75	   0.00	1	   30.6	NaN	NaN	   15.7	   2.39	NaN	   3.39	  -0.75	   0.00	0	    7.4	NaN	NaN	    7.4	   0.04	NaN	   0.33	  -0.58	   0.00	TCGCCG_4/1	0	1.33	+
11:133716	   86.0	0	    9.2	NaN	NaN	   10.8	   0.05	NaN	   0.20	  -0.83	   0.00	1	   16.4	NaN	NaN	    5.2	   3.16	NaN	   4.46	  -0.89	   0.00	1	   52.5	NaN	NaN	   13.1	  14.59	NaN	  16.15	  -0.80	   0.00	0	    7.8	NaN	NaN	    7.8	   0.05	NaN	   0.29	  -0.97	   0.00	CCCGGAAC_15/6	0	1.82	+
11:237556	  245.4	0	    9.1	NaN	NaN	   10.8	   0.05	NaN	   0.20	  -0.47	   0.00	1	   44.1	NaN	NaN	    6.1	  21.44	NaN	  23.43	  -0.89	   0.00	1	  178.1	NaN	NaN	   14.4	 123.93	NaN	 125.97	  -0.72	   0.00	0	   14.1	NaN	NaN	    7.6	   0.71	NaN	   1.93	  -0.84	   0.00	CCGGGGC_9/2	0	1.77	+
11:237790	  564.6	1	   56.9	NaN	NaN	   10.8	  20.53	NaN	  22.45	  -0.79	   0.00	1	   74.9	NaN	NaN	    6.3	  50.11	NaN	  52.25	  -0.78	   0.00	1	  402.9	NaN	NaN	   14.8	 999.00	NaN	 999.00	  -0.75	   0.00	1	   29.9	NaN	NaN	    7.9	   6.60	NaN	   8.79	  -0.83	   0.00	GCCGGGGTA_22/2	0	3.80	+
11:265175	   58.8	0	   17.4	NaN	NaN	   11.2	   0.49	NaN	   1.42	  -0.98	   0.00	0	    9.3	NaN	NaN	    6.8	   0.31	NaN	   0.82	  -0.85	   0.00	1	   26.4	NaN	NaN	   13.1	   2.32	NaN	   3.31	  -0.83	   0.00	0	    5.7	NaN	NaN	    7.4	   0.01	NaN	   0.13	  -0.68	   0.00	GCCGGAAC_13/5	0	1.75	+
11:391176	  250.1	1	   89.1	NaN	NaN	   13.0	  41.64	NaN	  43.68	  -0.81	   0.00	1	   28.3	NaN	NaN	    6.2	   8.86	NaN	  10.58	  -0.99	   0.00	1	  117.8	NaN	NaN	   13.1	  66.81	NaN	  68.64	  -0.87	   0.00	0	   14.9	NaN	NaN	    7.4	   0.76	NaN	   2.02	  -0.92	   0.00	CGGAAC_7/2	0	1.53	+
11:391266	   75.9	0	   17.9	NaN	NaN	   12.8	   0.32	NaN	   1.01	  -0.33	   0.00	0	   11.7	NaN	NaN	    5.8	   0.90	NaN	   1.80	  -0.45	   0.00	1	   34.2	NaN	NaN	   13.1	   5.23	NaN	   6.43	  -0.56	   0.00	0	   12.1	NaN	NaN	    7.4	   0.41	NaN	   1.40	  -0.52	   0.00	--------	-1	0.00	*
11:636322	 1612.3	1	  767.2	NaN	NaN	   15.4	 999.00	NaN	 999.00	  -0.57	   0.04	1	  264.7	NaN	NaN	    7.5	 296.50	NaN	 299.54	  -0.72	   0.04	1	  495.0	NaN	NaN	   18.0	 999.00	NaN	 999.00	  -0.59	   0.04	1	   85.5	NaN	NaN	   12.5	  38.91	NaN	  41.47	  -0.68	   0.04	CACCGGAGAA_20/3	0	3.11	+
11:636338	 1692.0	1	  755.4	NaN	NaN	   15.6	 999.00	NaN	 999.00	  -0.58	   0.04	1	  110.0	NaN	NaN	    7.5	  83.73	NaN	  86.17	  -0.73	   0.04	1	  526.8	NaN	NaN	   18.1	 999.00	NaN	 999.00	  -0.57	   0.04	1	  299.7	NaN	NaN	   12.5	 287.76	NaN	 290.80	  -0.68	   0.04	--------	-1	0.00	*
11:636372	  909.6	1	  251.4	NaN	NaN	   16.0	 198.28	NaN	 200.62	  -0.56	   0.04	1	  215.3	NaN	NaN	    7.7	 221.19	NaN	 223.92	  -0.70	   0.04	1	  326.2	NaN	NaN	   18.1	 276.05	NaN	 278.39	  -0.55	   0.04	1	  116.8	NaN	NaN	   12.3	  67.52	NaN	  70.26	  -0.60	   0.04	--------	-1	0.00	*
12:69144	   72.8	0	   18.5	NaN	NaN	    9.6	   1.03	NaN	   2.33	  -0.86	   0.00	0	    7.6	NaN	NaN	    4.5	   0.44	NaN	   1.06	  -1.48	   0.00	1	   38.5	NaN	NaN	   12.8	   7.18	NaN	   8.48	  -0.75	   0.00	0	    8.1	NaN	NaN	    6.9	   0.16	NaN	   0.60	  -1.43	   0.00	CGGGGT_9/1	0	1.96	+
12:213743	  124.8	1	   36.7	NaN	NaN	   10.5	   7.92	NaN	   9.75	  -0.95	   0.00	1	   17.6	NaN	NaN	    5.2	   3.66	NaN	   5.04	  -0.89	   0.00	1	   51.6	NaN	NaN	   16.2	  10.50	NaN	  11.93	  -0.90	   0.00	0	   18.8	NaN	NaN	   15.6	   0.17	NaN	   0.65	  -0.95	   0.00	CCCGCT_2/0	0	1.24	+
12:232598	  108.0	0	   16.0	NaN	NaN	   11.4	   0.37	NaN	   1.15	  -1.03	   0.00	1	   25.5	NaN	NaN	    5.5	   7.93	NaN	   9.59	  -0.86	   0.00	1	   58.5	NaN	NaN	   17.9	  12.35	NaN	  13.87	  -0.86	   0.00	0	    8.0	NaN	NaN	    6.6	   0.16	NaN	   0.66	  -0.89	   0.00	CCGGGGT_16/2	0	2.74	+
12:349551	   40.4	0	    7.7	NaN	NaN	   12.0	   0.01	NaN	   0.04	  -0.55	   0.00	1	   17.0	NaN	NaN	    6.5	   2.60	NaN	   3.82	  -0.76	   0.00	0	   13.1	NaN	NaN	   16.0	   0.07	NaN	   0.14	  -0.83	   0.00	0	    2.6	NaN	NaN	   13.2	  -0.00	NaN	   0.00	  -1.30	   0.00	CGGAGT_6/1	0	1.57	+
12:424230	   48.7	0	    3.9	NaN	NaN	    9.0	  -0.00	NaN	   0.01	  -0.56	   0.00	0	    8.8	NaN	NaN	    5.6	   0.37	NaN	   0.94	  -1.05	   0.00	1	   30.4	NaN	NaN	   12.3	   4.14	NaN	   5.29	  -0.67	   0.00	0	    5.7	NaN	NaN	    8.1	  -0.00	NaN	   0.09	  -0.98	   0.00	CGGGGT_9/1	0	1.96	+
12:427511	   35.2	0	    3.9	NaN	NaN	    9.0	  -0.00	NaN	   0.01	  -0.58	   0.00	1	   14.2	NaN	NaN	    5.5	   2.04	NaN	   3.19	  -0.60	   0.00	0	   12.8	NaN	NaN	   11.3	   0.25	NaN	   0.46	  -0.50	   0.00	0	    4.3	NaN	NaN	    6.6	  -0.00	NaN	   0.11	  -0.50	   0.00	TCAGGA_2/0	0	1.24	+
12:464183	   75.9	0	   11.8	NaN	NaN	    9.0	   0.21	NaN	   0.71	  -0.81	   0.00	1	   21.3	NaN	NaN	    4.6	   6.71	NaN	   8.30	  -0.67	   0.00	1	   33.1	NaN	NaN	   13.9	   4.25	NaN	   5.41	  -0.66	   0.00	0	    9.7	NaN	NaN	    6.7	   0.25	NaN	   0.85	  -0.57	   0.00	CCCGGAGT_21/5	0	2.76	+
12:683028	   64.0	0	   15.0	NaN	NaN	   10.5	   0.28	NaN	   0.95	  -0.74	   0.00	1	   19.0	NaN	NaN	    7.5	   2.31	NaN	   3.51	  -0.59	   0.00	0	   25.0	NaN	NaN	   13.1	   1.74	NaN	   2.65	  -0.68	   0.00	0	    5.0	NaN	NaN	    7.6	  -0.01	NaN	   0.06	  -0.69	   0.00	AANGGAG_8/0	0	2.04	+
12:718690	   68.0	0	    9.8	NaN	NaN	   12.0	   0.03	NaN	   0.12	  -0.76	   0.00	1	   21.5	NaN	NaN	    4.6	   6.69	NaN	   8.30	  -0.75	   0.00	1	   30.1	NaN	NaN	   11.5	   4.68	NaN	   5.86	  -0.84	   0.00	0	    6.5	NaN	NaN	    8.3	   0.01	NaN	   0.14	  -0.52	   0.00	CACCGGGGTA_19/3	0	2.94	+
12:834707	  418.0	1	   23.4	NaN	NaN	    9.0	   3.07	NaN	   4.62	  -0.66	   0.03	1	   95.8	NaN	NaN	    5.0	  82.48	NaN	  84.82	  -0.89	   0.03	1	  286.5	NaN	NaN	   13.4	 262.52	NaN	 264.78	  -0.67	   0.03	0	   12.4	NaN	NaN	    6.9	   0.50	NaN	   1.59	  -0.76	   0.03	CCCGGAGT_21/5	0	2.76	+
12:834747	  309.3	1	   27.8	NaN	NaN	    9.0	   4.89	NaN	   6.53	  -1.08	   0.03	1	   64.7	NaN	NaN	    5.0	  45.41	NaN	  47.49	  -0.86	   0.03	1	  201.3	NaN	NaN	   13.4	 155.55	NaN	 157.68	  -0.69	   0.03	0	   15.5	NaN	NaN	    6.9	   1.11	NaN	   2.65	  -0.66	   0.03	CCCGGAGG_19/4	0	2.69	+
12:834782	  313.6	1	   23.8	NaN	NaN	    9.0	   3.06	NaN	   4.62	  -0.99	   0.03	1	   78.6	NaN	NaN	    5.1	  60.98	NaN	  63.24	  -0.89	   0.03	1	  201.2	NaN	NaN	   13.2	 156.48	NaN	 158.67	  -0.68	   0.03	0	   10.1	NaN	NaN	    7.1	   0.25	NaN	   0.98	  -0.84	   0.03	CCGGAAAAGAG_10/3	0	1.72	+
12:884181	   58.8	0	   17.9	NaN	NaN	    9.0	   1.03	NaN	   2.28	  -0.77	   0.00	0	    9.8	NaN	NaN	    5.6	   0.53	NaN	   1.23	  -1.06	   0.00	1	   24.1	NaN	NaN	   11.3	   2.50	NaN	   3.52	  -0.89	   0.00	0	    7.0	NaN	NaN	    6.6	   0.04	NaN	   0.32	  -1.91	   0.00	CGGGNGG_7/1	0	1.70	+
12:916566	   61.0	0	    9.0	NaN	NaN	    9.0	   0.08	NaN	   0.27	  -0.56	   0.00	1	   17.0	NaN	NaN	    4.5	   3.90	NaN	   5.28	  -0.76	   0.00	0	   20.0	NaN	NaN	   12.1	   0.96	NaN	   1.64	  -0.61	   0.00	0	   15.0	NaN	NaN	    6.8	   0.90	NaN	   2.35	  -0.64	   0.00	ACGGAGT_7/1	0	1.70	+
13:85807	  121.9	1	   63.7	NaN	NaN	    9.8	  27.90	NaN	  29.90	  -0.93	   0.00	0	   13.2	NaN	NaN	    7.4	   0.85	NaN	   1.69	  -1.15	   0.00	1	   39.7	NaN	NaN	   11.1	   9.34	NaN	  10.73	  -1.14	   0.00	0	    5.3	NaN	NaN	    8.4	  -0.01	NaN	   0.07	  -1.05	   0.00	GCCGGAGGAA_20/2	0	3.42	+
13:118872	   51.0	0	   14.0	NaN	NaN	    9.0	   0.35	NaN	   1.12	  -0.70	   0.00	0	    6.0	NaN	NaN	    4.5	   0.20	NaN	   0.53	  -0.95	   0.00	1	   24.0	NaN	NaN	   11.1	   2.27	NaN	   3.25	  -0.55	   0.00	0	    7.0	NaN	NaN	    7.8	   0.02	NaN	   0.18	  -0.69	   0.00	CACCGGA_7/3	0	1.39	+
13:184681	   50.8	0	   12.8	NaN	NaN	    9.7	   0.21	NaN	   0.74	  -0.79	   0.00	0	    6.0	NaN	NaN	    4.5	   0.20	NaN	   0.53	  -1.82	   0.00	1	   24.0	NaN	NaN	   11.1	   2.28	NaN	   3.25	  -0.90	   0.00	0	    8.0	NaN	NaN	    6.6	   0.10	NaN	   0.46	  -0.70	   0.00	TCAGGA_2/0	0	1.24	+
13:250901	   81.0	0	   17.0	NaN	NaN	    9.1	   0.76	NaN	   1.92	  -0.67	   0.00	0	   10.0	NaN	NaN	    4.6	   0.84	NaN	   1.68	  -0.62	   0.00	1	   33.0	NaN	NaN	   11.2	   5.79	NaN	   7.01	  -0.67	   0.00	0	   21.0	NaN	NaN	    8.7	   1.78	NaN	   3.52	  -1.29	   0.00	TCGGAAC_11/3	0	1.84	+
13:330019	   93.2	0	   16.8	NaN	NaN	    9.5	   0.66	NaN	   1.75	  -0.94	   0.00	1	   20.0	NaN	NaN	    5.7	   4.17	NaN	   5.61	  -0.97	   0.00	1	   45.5	NaN	NaN	   13.9	   9.63	NaN	  11.03	  -0.94	   0.00	0	   10.9	NaN	NaN	    6.6	   0.27	NaN	   1.13	  -0.81	   0.00	GCCGGAGT_20/4	0	2.84	+
13:379662	   52.4	0	    7.6	NaN	NaN	    9.0	   0.04	NaN	   0.17	  -0.75	   0.00	1	   14.8	NaN	NaN	    4.6	   2.72	NaN	   3.98	  -0.68	   0.00	1	   28.0	NaN	NaN	   11.5	   3.86	NaN	   4.99	  -0.89	   0.00	0	    1.9	NaN	NaN	    7.1	  -0.01	NaN	   0.00	  -0.26	   0.00	CCCGGAG_17/4	0	2.41	+
13:517752	   93.4	0	   15.5	NaN	NaN	   11.6	   0.29	NaN	   0.89	  -0.47	   0.00	0	   11.8	NaN	NaN	    4.6	   1.50	NaN	   2.55	  -0.73	   0.00	1	   63.8	NaN	NaN	   13.3	  21.29	NaN	  22.95	  -0.84	   0.00	0	    2.3	NaN	NaN	    8.4	  -0.01	NaN	   0.00	  -0.38	   0.00	CCCGGAGT_21/5	0	2.76	+
13:518221	   65.4	0	   10.5	NaN	NaN	   10.8	   0.07	NaN	   0.29	  -0.92	   0.00	0	    6.5	NaN	NaN	    4.5	   0.31	NaN	   0.77	  -1.08	   0.00	1	   39.5	NaN	NaN	   13.0	   7.53	NaN	   8.84	  -0.81	   0.00	0	    8.9	NaN	NaN	    8.6	   0.04	NaN	   0.31	  -1.00	   0.00	GCCCGG_7/3	0	1.39	+
13:630538	   94.9	1	   29.0	NaN	NaN	   10.4	   4.60	NaN	   6.22	  -0.76	   0.00	1	   18.9	NaN	NaN	    6.6	   2.90	NaN	   4.17	  -0.87	   0.00	1	   34.7	NaN	NaN	   12.8	   5.41	NaN	   6.62	  -0.66	   0.00	0	   12.2	NaN	NaN	    8.4	   0.30	NaN	   1.08	  -0.65	   0.00	TCCGAT_8/2	0	1.65	+
13:751284	   65.8	0	   15.6	NaN	NaN	    9.3	   0.54	NaN	   1.53	  -0.74	   0.00	1	   16.4	NaN	NaN	    6.5	   2.20	NaN	   3.38	  -0.95	   0.00	1	   27.1	NaN	NaN	   13.6	   2.39	NaN	   3.38	  -0.92	   0.00	0	    6.7	NaN	NaN	    6.7	   0.05	NaN	   0.30	  -1.18	   0.00	TCGGAA_6/1	0	1.57	+
13:907117	   59.0	1	   23.0	NaN	NaN	    9.0	   2.63	NaN	   4.15	  -1.02	   0.00	0	    4.0	NaN	NaN	    4.5	   0.06	NaN	   0.18	  -1.22	   0.00	0	   14.0	NaN	NaN	   11.1	   0.33	NaN	   0.63	  -1.07	   0.00	0	   18.0	NaN	NaN	    6.6	   1.95	NaN	   3.73	  -1.23	   0.00	--------	-1	0.00	*
14:291271	  152.0	0	   20.0	NaN	NaN	   10.4	   1.04	NaN	   2.30	  -0.85	   0.61	1	   28.0	NaN	NaN	    7.2	   6.79	NaN	   8.43	  -0.47	   0.61	1	   93.0	NaN	NaN	   16.7	  35.94	NaN	  37.67	  -0.66	   0.61	0	   11.0	NaN	NaN	    8.5	   0.18	NaN	   0.63	  -0.85	   0.61	GCCGGAAC_13/5	0	1.75	+
14:345592	   60.4	0	   21.4	NaN	NaN	   10.4	   1.55	NaN	   2.96	  -0.65	   0.00	0	    5.7	NaN	NaN	    4.4	   0.19	NaN	   0.55	  -0.67	   0.00	1	   29.7	NaN	NaN	   11.0	   4.61	NaN	   5.79	  -0.64	   0.00	0	    3.7	NaN	NaN	    9.0	  -0.01	NaN	   0.01	  -1.03	   0.00	CCGGGGC_9/2	0	1.77	+
14:347457	   41.9	0	    8.0	NaN	NaN	   10.4	   0.02	NaN	   0.09	  -1.05	   0.00	0	    1.0	NaN	NaN	    4.4	  -0.01	NaN	   0.01	  -4.00	   0.00	0	    8.0	NaN	NaN	   11.1	   0.03	NaN	   0.06	  -0.71	   0.00	1	   24.9	NaN	NaN	   10.4	   2.22	NaN	   4.06	  -0.68	   0.00	CCGATA_5/1	0	1.45	+
14:395745	   76.0	0	    7.0	NaN	NaN	   10.4	   0.01	NaN	   0.05	  -0.72	   0.00	1	   22.0	NaN	NaN	    5.3	   5.75	NaN	   7.27	  -0.92	   0.00	1	   36.0	NaN	NaN	   11.6	   6.84	NaN	   8.12	  -0.75	   0.00	0	   11.0	NaN	NaN	    6.8	   0.29	NaN	   1.06	  -0.92	   0.00	TCGCCG_4/1	0	1.33	+
14:492766	   60.0	1	   41.0	NaN	NaN	   15.5	   5.53	NaN	   7.23	  -0.59	   0.00	0	    2.0	NaN	NaN	    5.4	  -0.01	NaN	   0.01	  -2.93	   0.00	0	   13.0	NaN	NaN	   12.3	   0.17	NaN	   0.33	  -0.97	   0.00	0	    4.0	NaN	NaN	    9.6	  -0.01	NaN	   0.01	  -1.31	   0.00	AAAGAG_3/0	0	1.36	+
14:493071	 1150.2	1	  951.9	NaN	NaN	   16.1	 999.00	NaN	 999.00	  -0.53	   0.01	1	   14.8	NaN	NaN	    4.9	   2.54	NaN	   3.75	  -0.97	   0.01	1	  145.0	NaN	NaN	   12.3	  98.47	NaN	 100.46	  -0.86	   0.01	1	   38.5	NaN	NaN	    9.2	  10.17	NaN	  12.61	  -0.86	   0.01	TCCGATACCGGAACA_17/8	0	1.76	+
14:493122	 1161.8	1	  998.1	NaN	NaN	   15.9	 999.00	NaN	 999.00	  -0.56	   0.01	1	   40.2	NaN	NaN	    4.8	  21.55	NaN	  23.59	  -0.89	   0.01	1	   85.0	NaN	NaN	   12.2	  39.66	NaN	  41.45	  -0.94	   0.01	1	   38.5	NaN	NaN	    9.2	  10.27	NaN	  12.61	  -0.97	   0.01	CGGAAC_7/2	0	1.53	+
14:549339	   47.3	0	   11.7	NaN	NaN	   10.4	   0.13	NaN	   0.46	  -0.81	   0.00	0	    7.0	NaN	NaN	    5.9	   0.16	NaN	   0.43	  -0.76	   0.00	1	   23.5	NaN	NaN	   11.0	   2.35	NaN	   3.35	  -0.70	   0.00	0	    5.1	NaN	NaN	    9.0	  -0.01	NaN	   0.05	  -0.92	   0.00	GAGGAA_2/0	0	1.24	+
14:651930	   56.3	0	   12.4	NaN	NaN	   12.7	   0.07	NaN	   0.30	  -0.68	   0.00	0	    8.7	NaN	NaN	    5.5	   0.38	NaN	   0.96	  -0.65	   0.00	1	   27.6	NaN	NaN	   11.0	   3.79	NaN	   4.92	  -0.60	   0.00	0	    7.5	NaN	NaN	    7.6	   0.04	NaN	   0.31	  -0.52	   0.00	GCCCGGAGT_24/6	0	2.98	+
14:653619	   83.9	0	   17.9	NaN	NaN	   11.5	   0.45	NaN	   1.33	  -0.91	   0.00	1	   15.6	NaN	NaN	    4.7	   3.16	NaN	   4.46	  -0.77	   0.00	1	   37.1	NaN	NaN	   11.9	   7.57	NaN	   8.89	  -0.87	   0.00	0	   13.3	NaN	NaN	    6.8	   0.74	NaN	   1.99	  -1.21	   0.00	GCCCGG_7/3	0	1.39	+
15:24696	   58.5	0	   10.2	NaN	NaN	    8.9	   0.15	NaN	   0.55	  -0.68	   0.00	0	    9.9	NaN	NaN	    4.5	   0.89	NaN	   1.77	  -1.02	   0.00	1	   34.7	NaN	NaN	   11.3	   6.65	NaN	   7.91	  -0.84	   0.00	0	    3.7	NaN	NaN	    6.7	  -0.01	NaN	   0.05	  -1.51	   0.00	ACGGAG_3/0	0	1.36	+
15:83158	   94.9	0	   12.5	NaN	NaN	    9.6	   0.22	NaN	   0.77	  -0.92	   0.00	1	   30.1	NaN	NaN	    6.5	   9.71	NaN	  11.49	  -0.93	   0.00	1	   42.6	NaN	NaN	   13.5	   8.52	NaN	   9.87	  -0.76	   0.00	0	    9.7	NaN	NaN	    7.7	   0.17	NaN	   0.61	  -0.86	   0.00	ACCGGAAC_14/5	0	1.86	+
15:83285	   52.1	0	    8.5	NaN	NaN	    9.4	   0.06	NaN	   0.22	  -0.46	   0.00	1	   17.9	NaN	NaN	    6.5	   2.62	NaN	   3.84	  -0.96	   0.00	0	   25.4	NaN	NaN	   13.4	   1.91	NaN	   2.85	  -0.89	   0.00	0	    0.3	NaN	NaN	    7.8	  -0.01	NaN	   0.00	  -0.76	   0.00	GCCGGGGA_14/2	0	2.44	+
15:153409	   57.0	0	   13.0	NaN	NaN	   10.6	   0.15	NaN	   0.57	  -0.58	   0.00	0	    6.0	NaN	NaN	    6.6	   0.05	NaN	   0.19	  -0.37	   0.00	0	   18.0	NaN	NaN	   11.3	   0.79	NaN	   1.40	  -0.49	   0.00	1	   20.0	NaN	NaN	    7.4	   2.20	NaN	   4.00	  -0.44	   0.00	AAAGAG_3/0	0	1.36	+
15:155823	   84.3	0	   15.2	NaN	NaN	   11.3	   0.29	NaN	   0.95	  -0.74	   0.00	0	    7.4	NaN	NaN	    8.3	   0.06	NaN	   0.23	  -1.50	   0.00	1	   54.7	NaN	NaN	   14.3	  13.97	NaN	  15.52	  -0.84	   0.00	0	    7.0	NaN	NaN	    6.7	   0.10	NaN	   0.45	  -0.94	   0.00	CGGAGT_6/1	0	1.57	+
15:226226	   57.6	0	   10.0	NaN	NaN	   10.3	   0.06	NaN	   0.24	  -0.88	   0.00	1	   16.0	NaN	NaN	    5.2	   2.70	NaN	   3.95	  -0.89	   0.00	0	   21.6	NaN	NaN	   12.0	   1.41	NaN	   2.21	  -0.75	   0.00	0	   10.0	NaN	NaN	    7.1	   0.19	NaN	   0.74	  -0.52	   0.00	CCCGGAACA_18/6	0	2.16	+
15:304228	  113.3	0	   16.9	NaN	NaN	   11.6	   0.35	NaN	   1.09	  -0.84	   0.00	1	   34.1	NaN	NaN	    4.5	  17.13	NaN	  19.08	  -0.70	   0.00	1	   56.3	NaN	NaN	   15.6	  13.77	NaN	  15.30	  -0.80	   0.00	0	    6.0	NaN	NaN	    6.7	   0.02	NaN	   0.18	  -0.97	   0.00	CCTGCC_4/1	0	1.33	+
15:424414	   62.0	0	   11.6	NaN	NaN	    9.8	   0.15	NaN	   0.54	  -0.98	   0.00	0	    9.9	NaN	NaN	    5.2	   0.66	NaN	   1.38	  -0.71	   0.00	1	   37.0	NaN	NaN	   11.9	   7.08	NaN	   8.37	  -0.73	   0.00	0	    3.5	NaN	NaN	    8.3	  -0.01	NaN	   0.01	  -0.74	   0.00	CCGGAA_8/3	0	1.50	+
15:586361	   60.0	0	   15.0	NaN	NaN	    9.0	   0.48	NaN	   1.38	  -0.62	   0.00	0	   11.0	NaN	NaN	    4.5	   1.19	NaN	   2.18	  -0.74	   0.00	1	   28.0	NaN	NaN	   11.3	   3.59	NaN	   4.70	  -0.78	   0.00	0	    6.0	NaN	NaN	    6.7	   0.02	NaN	   0.18	  -0.72	   0.00	GCCCGGA_12/4	0	1.79	+
15:613532	   44.2	0	    7.8	NaN	NaN	   10.2	   0.02	NaN	   0.10	  -0.91	   0.00	0	    4.7	NaN	NaN	    4.5	   0.12	NaN	   0.33	  -1.65	   0.00	1	   27.1	NaN	NaN	   12.6	   2.83	NaN	   3.89	  -1.03	   0.00	0	    4.7	NaN	NaN	    8.6	  -0.01	NaN	   0.03	  -1.32	   0.00	GAGGAA_2/0	0	1.24	+
15:981203	   56.3	0	   13.8	NaN	NaN	   10.1	   0.26	NaN	   0.84	  -0.68	   0.00	0	    4.3	NaN	NaN	    4.8	   0.09	NaN	   0.28	  -0.68	   0.00	0	   18.7	NaN	NaN	   11.6	   0.88	NaN	   1.54	  -0.60	   0.00	1	   19.5	NaN	NaN	    6.7	   2.66	NaN	   4.62	  -0.85	   0.00	CACCGG_4/1	0	1.33	+
15:981867	   92.6	0	   17.3	NaN	NaN	   11.0	   0.53	NaN	   1.49	  -0.68	   0.00	0	   12.2	NaN	NaN	    6.5	   0.91	NaN	   1.82	  -0.81	   0.00	1	   53.0	NaN	NaN	   15.3	  11.84	NaN	  13.32	  -0.70	   0.00	0	   10.1	NaN	NaN	    6.7	   0.31	NaN	   1.11	  -0.81	   0.00	TCCGAT_8/2	0	1.65	+
15:983623	   58.4	0	   13.2	NaN	NaN	   10.5	   0.22	NaN	   0.76	  -0.74	   0.00	1	   14.4	NaN	NaN	    5.5	   2.09	NaN	   3.24	  -0.57	   0.00	0	   26.7	NaN	NaN	   14.0	   1.94	NaN	   2.89	  -0.56	   0.00	0	    4.0	NaN	NaN	    6.7	  -0.01	NaN	   0.05	  -0.77	   0.00	GCCCGGG_10/3	0	1.72	+
16:391452	   39.0	0	    6.0	NaN	NaN	    8.9	   0.01	NaN	   0.06	  -0.70	   0.00	0	    4.0	NaN	NaN	    5.9	   0.02	NaN	   0.08	  -0.87	   0.00	1	   24.0	NaN	NaN	   11.1	   2.28	NaN	   3.27	  -0.70	   0.00	0	    5.0	NaN	NaN	    6.6	  -0.00	NaN	   0.10	  -0.54	   0.00	CCCGGAG_17/4	0	2.41	+
16:440124	   88.6	1	   25.0	NaN	NaN	   10.2	   3.08	NaN	   4.61	  -0.63	   0.00	1	   18.4	NaN	NaN	    7.5	   2.31	NaN	   3.50	  -0.91	   0.00	1	   36.2	NaN	NaN	   18.2	   3.05	NaN	   4.13	  -0.89	   0.00	0	    9.0	NaN	NaN	    6.6	   0.16	NaN	   0.66	  -0.85	   0.00	GCCCGGG_10/3	0	1.72	+
16:461652	   79.2	0	   14.9	NaN	NaN	   10.6	   0.29	NaN	   0.92	  -0.64	   0.00	0	   12.9	NaN	NaN	    5.9	   1.16	NaN	   2.11	  -0.74	   0.00	1	   43.0	NaN	NaN	   17.2	   6.09	NaN	   7.32	  -0.89	   0.00	0	    8.4	NaN	NaN	    9.4	   0.02	NaN	   0.22	  -0.78	   0.00	CCCGGGG_15/2	0	2.58	+
16:461762	   57.9	0	    6.0	NaN	NaN	   10.4	   0.01	NaN	   0.05	  -0.52	   0.00	0	   13.5	NaN	NaN	    5.7	   1.57	NaN	   2.66	  -0.54	   0.00	1	   38.3	NaN	NaN	   16.7	   4.45	NaN	   5.62	  -0.72	   0.00	0	    0.0	NaN	NaN	    9.4	  -0.00	NaN	   0.00	  -0.52	   0.00	CGGGGA_2/0	0	1.24	+
16:510756	   52.6	0	   10.0	NaN	NaN	   12.2	   0.03	NaN	   0.11	  -0.87	   0.00	0	   11.8	NaN	NaN	    5.3	   1.13	NaN	   2.07	  -0.53	   0.00	1	   28.5	NaN	NaN	   13.9	   2.54	NaN	   3.56	  -0.70	   0.00	0	    2.3	NaN	NaN	    7.8	  -0.01	NaN	   0.01	  -0.58	   0.00	TCGGAAC_11/3	0	1.84	+
16:528531	   77.6	0	   15.6	NaN	NaN	    9.6	   0.51	NaN	   1.45	  -0.92	   0.00	1	   14.7	NaN	NaN	    4.6	   2.79	NaN	   4.05	  -0.91	   0.00	1	   40.6	NaN	NaN	   11.9	   9.10	NaN	  10.47	  -0.88	   0.00	0	    6.8	NaN	NaN	    7.4	   0.02	NaN	   0.21	  -0.55	   0.00	TCGCCGGAGGAA_22/3	0	3.46	+
16:649658	   89.4	0	   15.8	NaN	NaN	   11.1	   0.31	NaN	   1.00	  -1.08	   0.00	0	    9.9	NaN	NaN	    4.5	   0.89	NaN	   1.76	  -1.13	   0.00	1	   47.0	NaN	NaN	   13.4	  10.66	NaN	  12.10	  -0.79	   0.00	0	   16.7	NaN	NaN	   10.0	   0.49	NaN	   1.58	  -1.01	   0.00	CCCGGGGA_17/2	0	2.90	+
16:653727	   98.2	0	   25.5	NaN	NaN	   13.9	   1.28	NaN	   2.62	  -0.99	   0.00	1	   22.5	NaN	NaN	    5.1	   6.69	NaN	   8.31	  -0.70	   0.00	1	   46.4	NaN	NaN	   14.9	   9.24	NaN	  10.61	  -0.88	   0.00	0	    3.8	NaN	NaN	    7.9	  -0.02	NaN	   0.02	  -1.28	   0.00	CCCGGA_8/3	0	1.50	+
16:837330	   49.3	0	   11.7	NaN	NaN	   10.5	   0.12	NaN	   0.45	  -1.35	   0.00	0	    3.6	NaN	NaN	    6.1	   0.02	NaN	   0.07	  -1.37	   0.00	1	   26.0	NaN	NaN	   12.5	   2.57	NaN	   3.60	  -0.74	   0.00	0	    7.9	NaN	NaN	   10.1	  -0.00	NaN	   0.10	  -0.98	   0.00	ACCGGA_7/2	0	1.53	+
16:923301	   62.4	0	   14.7	NaN	NaN	    9.2	   0.45	NaN	   1.32	  -0.90	   0.00	0	    9.1	NaN	NaN	    4.4	   0.90	NaN	   1.80	  -0.79	   0.00	1	   30.6	NaN	NaN	   13.3	   3.53	NaN	   4.63	  -0.82	   0.00	0	    8.1	NaN	NaN	    8.2	   0.05	NaN	   0.36	  -0.68	   0.00	AACGGAG_8/0	0	2.04	+
2:101581	   81.9	0	    9.6	NaN	NaN	   10.8	   0.05	NaN	   0.20	  -1.07	   0.00	1	   18.5	NaN	NaN	    4.5	   5.09	NaN	   6.57	  -1.43	   0.00	1	   46.4	NaN	NaN	   12.3	  11.92	NaN	  13.41	  -0.97	   0.00	0	    7.4	NaN	NaN	    7.2	   0.05	NaN	   0.36	  -0.99	   0.00	CCCGGAG_17/4	0	2.41	+
2:165433	  212.5	1	  102.9	NaN	NaN	    9.3	  66.26	NaN	  68.40	  -0.86	   0.00	1	   19.6	NaN	NaN	    4.6	   5.59	NaN	   7.09	  -0.96	   0.00	1	   66.1	NaN	NaN	   13.5	  23.01	NaN	  24.69	  -0.90	   0.00	1	   23.9	NaN	NaN	    8.1	   3.23	NaN	   5.31	  -1.17	   0.00	AACGGAGT_12/1	0	2.39	+
2:165538	  225.7	1	  122.7	NaN	NaN	    9.4	  87.09	NaN	  89.28	  -0.83	   0.00	1	   23.2	NaN	NaN	    4.7	   7.94	NaN	   9.61	  -0.87	   0.00	1	   68.5	NaN	NaN	   13.5	  24.40	NaN	  26.10	  -0.85	   0.00	0	   11.3	NaN	NaN	    8.3	   0.23	NaN	   0.87	  -1.20	   0.00	CCCGGAG_17/4	0	2.41	+
2:313855	   54.3	0	   13.5	NaN	NaN	   11.1	   0.18	NaN	   0.65	  -0.86	   0.00	0	   10.8	NaN	NaN	    4.7	   1.08	NaN	   2.02	  -0.75	   0.00	1	   23.6	NaN	NaN	   11.2	   2.24	NaN	   3.21	  -0.75	   0.00	0	    6.4	NaN	NaN	    6.5	   0.04	NaN	   0.33	  -0.46	   0.00	TCGGAA_6/1	0	1.57	+
2:328210	   61.0	0	    8.0	NaN	NaN	   10.9	   0.02	NaN	   0.07	  -0.58	   0.64	1	   16.0	NaN	NaN	    6.0	   2.12	NaN	   3.28	  -0.70	   0.64	0	   24.0	NaN	NaN	   13.4	   1.42	NaN	   2.23	  -0.71	   0.64	0	   13.0	NaN	NaN	    7.1	   0.47	NaN	   1.52	  -0.76	   0.64	TCGGAA_6/1	0	1.57	+
2:362910	   58.4	0	    9.8	NaN	NaN	   11.6	   0.03	NaN	   0.14	  -0.67	   0.00	0	   15.9	NaN	NaN	    8.0	   1.15	NaN	   2.10	  -0.70	   0.00	1	   28.2	NaN	NaN	   13.6	   2.67	NaN	   3.72	  -0.79	   0.00	0	    4.5	NaN	NaN	    7.5	  -0.01	NaN	   0.06	  -0.77	   0.00	AANGGAG_8/0	0	2.04	+
2:371179	   52.5	0	    6.8	NaN	NaN	   10.6	   0.01	NaN	   0.04	  -0.81	   0.00	1	   17.0	NaN	NaN	    4.9	   3.46	NaN	   4.81	  -0.88	   0.00	0	   23.8	NaN	NaN	   13.0	   1.55	NaN	   2.41	  -0.76	   0.00	0	    4.9	NaN	NaN	    6.5	  -0.00	NaN	   0.11	  -1.19	   0.00	ACGGAGT_7/1	0	1.70	+
2:395626	   60.0	0	   10.0	NaN	NaN	   10.7	   0.05	NaN	   0.21	  -0.56	   0.00	0	    6.0	NaN	NaN	    4.6	   0.20	NaN	   0.51	  -0.75	   0.00	1	   32.0	NaN	NaN	   13.0	   4.08	NaN	   5.22	  -0.58	   0.00	0	   12.0	NaN	NaN	    6.8	   0.38	NaN	   1.34	  -0.47	   0.00	CGGGGT_9/1	0	1.96	+
2:440096	  361.2	1	  192.6	NaN	NaN	   10.4	 164.95	NaN	 167.21	  -0.77	   0.00	1	   29.0	NaN	NaN	    4.5	  12.12	NaN	  13.98	  -1.05	   0.00	1	  116.7	NaN	NaN	   11.5	  71.70	NaN	  73.60	  -0.87	   0.00	1	   22.9	NaN	NaN	    8.3	   2.68	NaN	   4.67	  -1.10	   0.00	CACCGGAACA_15/6	0	1.82	+
2:673772	   58.8	0	   11.8	NaN	NaN	    9.1	   0.20	NaN	   0.68	  -0.63	   0.00	1	   14.7	NaN	NaN	    4.7	   2.64	NaN	   3.88	  -0.80	   0.00	1	   26.8	NaN	NaN	   11.2	   3.25	NaN	   4.34	  -0.79	   0.00	0	    5.6	NaN	NaN	    8.5	  -0.01	NaN	   0.07	  -0.73	   0.00	GCCNGGG_6/0	0	1.75	+
3:128759	   59.5	0	   18.8	NaN	NaN	   11.4	   0.61	NaN	   1.62	  -0.49	   0.00	0	   11.2	NaN	NaN	    5.7	   0.93	NaN	   1.85	  -0.67	   0.00	1	   29.5	NaN	NaN	   12.4	   3.67	NaN	   4.78	  -0.72	   0.00	0	    0.0	NaN	NaN	    8.8	  -0.00	NaN	   0.00	  -4.00	   0.00	CGGGAGG_10/2	0	1.89	+
3:171753	   49.0	0	    6.0	NaN	NaN	   10.0	   0.01	NaN	   0.03	  -1.09	   0.00	1	   16.0	NaN	NaN	    6.1	   2.04	NaN	   3.18	  -0.93	   0.00	0	   19.0	NaN	NaN	   13.5	   0.54	NaN	   1.03	  -0.63	   0.00	0	    8.0	NaN	NaN	   10.1	  -0.00	NaN	   0.10	  -0.81	   0.00	CCCGGA_8/3	0	1.50	+
4:366098	   68.3	0	   19.0	NaN	NaN	    8.9	   1.31	NaN	   2.67	  -0.78	   0.00	0	   11.8	NaN	NaN	    4.5	   1.55	NaN	   2.62	  -0.92	   0.00	1	   32.2	NaN	NaN	   13.7	   4.04	NaN	   5.18	  -0.92	   0.00	0	    5.5	NaN	NaN	    8.9	  -0.01	NaN	   0.06	  -1.27	   0.00	TCCGAT_8/2	0	1.65	+
4:368689	  189.4	1	   31.7	NaN	NaN	    8.9	   6.96	NaN	   8.77	  -0.89	   0.00	1	   21.4	NaN	NaN	    4.8	   6.54	NaN	   8.08	  -0.89	   0.00	1	  127.0	NaN	NaN	   13.3	  75.51	NaN	  77.44	  -0.83	   0.00	0	    9.2	NaN	NaN	    7.4	   0.16	NaN	   0.67	  -0.86	   0.00	GCCGGAGGAA_20/2	0	3.42	+
4:386588	   68.7	0	   15.3	NaN	NaN	    9.4	   0.54	NaN	   1.50	  -0.73	   0.00	1	   15.2	NaN	NaN	    5.3	   2.62	NaN	   3.85	  -0.72	   0.00	1	   29.3	NaN	NaN	   11.2	   4.43	NaN	   5.59	  -0.61	   0.00	0	    8.9	NaN	NaN	    6.8	   0.17	NaN	   0.60	  -0.70	   0.00	TCCGAT_8/2	0	1.65	+
4:416639	   67.7	0	   16.7	NaN	NaN	   10.1	   0.54	NaN	   1.53	  -0.53	   0.00	0	   11.3	NaN	NaN	    5.0	   1.27	NaN	   2.27	  -0.59	   0.00	1	   27.9	NaN	NaN	   12.3	   3.02	NaN	   4.09	  -0.75	   0.00	0	   11.8	NaN	NaN	    7.1	   0.31	NaN	   1.24	  -0.71	   0.00	GCCCGGG_10/3	0	1.72	+
4:449491	   75.2	0	   17.2	NaN	NaN	    8.9	   1.05	NaN	   2.32	  -0.88	   0.00	0	   12.0	NaN	NaN	    4.5	   1.54	NaN	   2.62	  -0.66	   0.00	0	   15.0	NaN	NaN	   12.1	   0.41	NaN	   0.79	  -0.89	   0.00	1	   31.0	NaN	NaN	    7.9	   7.12	NaN	   9.38	  -0.92	   0.00	--------	-1	0.00	*
4:525394	   56.7	0	   12.6	NaN	NaN	    9.0	   0.29	NaN	   0.90	  -0.65	   0.00	0	   10.6	NaN	NaN	    4.5	   1.19	NaN	   2.18	  -0.72	   0.00	1	   25.7	NaN	NaN	   11.9	   2.55	NaN	   3.57	  -0.68	   0.00	0	    7.9	NaN	NaN	    7.6	   0.04	NaN	   0.30	  -0.36	   0.00	TCGCCG_4/1	0	1.33	+
4:537833	   55.4	0	    9.8	NaN	NaN	    8.9	   0.12	NaN	   0.40	  -0.47	   0.00	0	   10.0	NaN	NaN	    4.5	   0.88	NaN	   1.77	  -0.59	   0.00	1	   25.7	NaN	NaN	   11.5	   2.75	NaN	   3.80	  -0.71	   0.00	0	    9.8	NaN	NaN	    7.5	   0.17	NaN	   0.65	  -0.79	   0.00	CGGGGT_9/1	0	1.96	+
4:578022	   64.9	0	   15.1	NaN	NaN	   11.3	   0.29	NaN	   0.95	  -0.78	   0.00	0	   11.9	NaN	NaN	    6.6	   0.67	NaN	   1.43	  -0.73	   0.00	1	   27.0	NaN	NaN	   12.7	   2.48	NaN	   3.48	  -0.91	   0.00	0	   11.0	NaN	NaN	    7.8	   0.21	NaN	   0.78	  -1.12	   0.00	CGGAAC_7/2	0	1.53	+
4:622373	  119.9	0	   14.2	NaN	NaN	    8.9	   0.50	NaN	   1.42	  -0.98	   0.00	1	   27.4	NaN	NaN	    4.5	  11.25	NaN	  13.09	  -1.08	   0.00	1	   71.6	NaN	NaN	   12.8	  27.83	NaN	  29.55	  -0.89	   0.00	0	    6.6	NaN	NaN	    6.7	   0.05	NaN	   0.30	  -0.63	   0.00	CCTGCCGGGGT_18/3	0	2.79	+
4:873745	  153.7	1	   34.7	NaN	NaN	   10.9	   6.54	NaN	   8.30	  -0.99	   0.00	1	   16.1	NaN	NaN	    4.9	   3.47	NaN	   4.83	  -1.30	   0.00	1	   93.7	NaN	NaN	   13.8	  43.04	NaN	  44.84	  -0.90	   0.00	0	    9.2	NaN	NaN	    9.5	   0.04	NaN	   0.32	  -1.05	   0.00	CGGAGT_6/1	0	1.57	+
4:873838	   64.3	0	    1.3	NaN	NaN	   10.7	  -0.00	NaN	   0.00	  -0.81	   0.00	1	   13.9	NaN	NaN	    4.6	   2.31	NaN	   3.50	  -0.78	   0.00	1	   46.3	NaN	NaN	   14.0	  10.11	NaN	  11.52	  -0.66	   0.00	0	    2.8	NaN	NaN	    9.6	  -0.01	NaN	   0.00	  -1.00	   0.00	GCCGGAGG_19/2	0	3.24	+
4:991250	   64.8	0	    9.0	NaN	NaN	   13.1	   0.01	NaN	   0.04	  -0.85	   0.00	0	   10.5	NaN	NaN	    5.5	   0.77	NaN	   1.58	  -1.11	   0.00	1	   41.4	NaN	NaN	   15.6	   6.36	NaN	   7.60	  -0.84	   0.00	0	    4.0	NaN	NaN	   10.9	  -0.01	NaN	   0.00	  -1.11	   0.00	TCGCCG_4/1	0	1.33	+
4:1141193	   55.1	0	    7.6	NaN	NaN	    8.9	   0.04	NaN	   0.18	  -0.54	   0.00	1	   15.9	NaN	NaN	    4.5	   3.38	NaN	   4.70	  -0.80	   0.00	0	   22.8	NaN	NaN	   11.2	   1.92	NaN	   2.86	  -0.49	   0.00	0	    8.8	NaN	NaN	    7.0	   0.14	NaN	   0.56	  -0.58	   0.00	AACGGAG_8/0	0	2.04	+
4:1221855	   81.0	0	   17.0	NaN	NaN	    8.9	   0.81	NaN	   2.00	  -0.75	   0.00	0	   12.0	NaN	NaN	    4.5	   1.54	NaN	   2.62	  -0.95	   0.00	1	   45.0	NaN	NaN	   11.2	  12.05	NaN	  13.56	  -0.71	   0.00	0	    7.0	NaN	NaN	    6.7	   0.04	NaN	   0.30	  -0.29	   0.00	ACCGGAGG_19/2	0	3.24	+
4:1258265	   62.9	0	   12.9	NaN	NaN	    9.2	   0.28	NaN	   0.86	  -0.80	   0.00	0	    6.2	NaN	NaN	    4.5	   0.29	NaN	   0.77	  -0.94	   0.00	1	   34.7	NaN	NaN	   11.7	   6.30	NaN	   7.53	  -0.73	   0.00	0	    9.0	NaN	NaN	    6.7	   0.17	NaN	   0.64	  -0.52	   0.00	GCCGGGGT_18/2	0	3.07	+
4:1469433	   94.8	0	   27.9	NaN	NaN	   13.4	   1.99	NaN	   3.48	  -0.77	   0.00	1	   23.3	NaN	NaN	    4.5	   8.30	NaN	  10.00	  -0.87	   0.00	1	   39.0	NaN	NaN	   13.5	   6.66	NaN	   7.93	  -0.66	   0.00	0	    4.6	NaN	NaN	    7.8	  -0.02	NaN	   0.05	  -0.97	   0.00	TCGGAA_6/1	0	1.57	+
4:1469585	  114.2	0	   24.1	NaN	NaN	   13.6	   1.14	NaN	   2.45	  -1.06	   0.00	1	   16.7	NaN	NaN	    4.5	   3.89	NaN	   5.29	  -0.93	   0.00	1	   61.0	NaN	NaN	   13.2	  20.07	NaN	  21.69	  -0.85	   0.00	0	   12.4	NaN	NaN	    8.1	   0.27	NaN	   1.17	  -0.66	   0.00	CCCGGGGC_15/2	0	2.58	+
5:327	  116.7	1	   32.7	NaN	NaN	    9.4	   6.97	NaN	   8.76	  -0.99	   0.00	1	   26.0	NaN	NaN	    4.8	   9.12	NaN	  10.86	  -0.78	   0.00	1	   36.0	NaN	NaN	   12.1	   6.92	NaN	   8.20	  -0.77	   0.00	1	   22.0	NaN	NaN	    7.0	   3.21	NaN	   5.34	  -0.94	   0.00	--------	-1	0.00	*
5:17420	   41.9	1	   21.2	NaN	NaN	    9.4	   2.00	NaN	   3.50	  -0.90	   0.00	0	    5.0	NaN	NaN	    4.8	   0.09	NaN	   0.28	  -1.13	   0.00	0	   10.5	NaN	NaN	   12.1	   0.09	NaN	   0.18	  -0.64	   0.00	0	    5.2	NaN	NaN	    8.1	  -0.00	NaN	   0.09	  -1.14	   0.00	TCGGAA_6/1	0	1.57	+
5:34802	   53.0	0	    9.0	NaN	NaN	    9.4	   0.06	NaN	   0.22	  -0.64	   0.00	0	    7.0	NaN	NaN	    4.8	   0.24	NaN	   0.67	  -0.33	   0.00	1	   29.0	NaN	NaN	   12.1	   3.51	NaN	   4.61	  -0.70	   0.00	0	    8.0	NaN	NaN	    7.0	   0.07	NaN	   0.40	  -0.78	   0.00	CCCGGAA_13/5	0	1.75	+
5:43202	  461.6	0	   22.6	NaN	NaN	   10.7	   1.67	NaN	   3.11	  -0.92	   0.00	1	  119.8	NaN	NaN	    5.4	 110.86	NaN	 113.42	  -0.84	   0.00	1	  309.2	NaN	NaN	   14.4	 283.78	NaN	 286.21	  -0.66	   0.00	0	   10.0	NaN	NaN	    8.0	   0.19	NaN	   0.74	  -0.65	   0.00	CCCGGAG_17/4	0	2.41	+
5:43253	  340.4	1	   40.4	NaN	NaN	   10.9	   9.73	NaN	  11.59	  -0.92	   0.00	1	   76.2	NaN	NaN	    5.3	  57.55	NaN	  59.74	  -0.75	   0.00	1	  203.8	NaN	NaN	   14.6	 150.90	NaN	 152.98	  -0.68	   0.00	0	   20.0	NaN	NaN	    7.9	   1.91	NaN	   3.67	  -0.96	   0.00	CCCGGG_6/0	0	1.75	+
5:70112	  103.2	1	   28.2	NaN	NaN	    9.4	   4.98	NaN	   6.64	  -0.96	   0.00	1	   17.6	NaN	NaN	    4.8	   4.07	NaN	   5.48	  -0.95	   0.00	1	   45.0	NaN	NaN	   12.1	  11.64	NaN	  13.11	  -0.91	   0.00	0	   12.3	NaN	NaN	    7.0	   0.50	NaN	   1.57	  -0.66	   0.00	CCCGGAA_13/5	0	1.75	+
5:81043	   60.0	0	   13.0	NaN	NaN	    9.6	   0.22	NaN	   0.77	  -0.68	   0.00	0	    8.0	NaN	NaN	    4.8	   0.37	NaN	   0.94	  -0.75	   0.00	1	   26.0	NaN	NaN	   12.1	   2.47	NaN	   3.48	  -0.64	   0.00	0	   13.0	NaN	NaN	    7.0	   0.49	NaN	   1.57	  -0.46	   0.00	AAAGAG_3/0	0	1.36	+
5:118823	   85.7	0	   19.4	NaN	NaN	    9.4	   1.37	NaN	   2.75	  -0.59	   0.00	1	   16.1	NaN	NaN	    4.9	   3.45	NaN	   4.79	  -0.74	   0.00	1	   44.9	NaN	NaN	   12.1	  11.08	NaN	  12.52	  -0.77	   0.00	0	    5.3	NaN	NaN	    7.7	  -0.00	NaN	   0.11	  -1.04	   0.00	CCCGGAGG_19/4	0	2.69	+
5:124280	   60.6	0	    9.4	NaN	NaN	    9.4	   0.09	NaN	   0.33	  -0.61	   0.00	1	   14.0	NaN	NaN	    4.9	   2.12	NaN	   3.27	  -0.77	   0.00	1	   28.2	NaN	NaN	   12.1	   3.51	NaN	   4.61	  -0.73	   0.00	0	    9.0	NaN	NaN	    8.1	   0.06	NaN	   0.38	  -0.58	   0.00	GCCCGGG_10/3	0	1.72	+
5:132139	   47.0	0	   10.0	NaN	NaN	   10.2	   0.07	NaN	   0.24	  -0.60	   0.00	1	   15.3	NaN	NaN	    5.6	   2.41	NaN	   3.61	  -0.90	   0.00	0	   16.8	NaN	NaN	   12.1	   0.50	NaN	   0.98	  -0.68	   0.00	0	    4.9	NaN	NaN	    7.0	  -0.00	NaN	   0.08	  -0.70	   0.00	CACCGG_4/1	0	1.33	+
5:423245	   46.6	0	    3.4	NaN	NaN	   11.3	  -0.00	NaN	   0.00	  -0.80	   0.00	0	    4.2	NaN	NaN	    4.8	   0.10	NaN	   0.28	  -0.50	   0.00	1	   32.2	NaN	NaN	   12.1	   5.11	NaN	   6.30	  -0.74	   0.00	0	    6.7	NaN	NaN	    9.8	  -0.01	NaN	   0.07	  -0.53	   0.00	AANGGAG_8/0	0	2.04	+
5:442357	   99.6	1	   24.4	NaN	NaN	    9.4	   3.16	NaN	   4.74	  -0.67	   0.00	0	   12.9	NaN	NaN	    4.8	   1.72	NaN	   2.83	  -0.74	   0.00	1	   42.0	NaN	NaN	   12.1	   9.98	NaN	  11.38	  -0.75	   0.00	1	   20.1	NaN	NaN	    7.1	   2.71	NaN	   4.75	  -0.60	   0.00	GCCCGGAGG_22/5	0	2.90	+
5:462304	   54.1	0	    7.8	NaN	NaN	   10.1	   0.02	NaN	   0.10	  -0.94	   0.00	0	   11.2	NaN	NaN	    5.2	   1.17	NaN	   2.14	  -1.03	   0.00	1	   29.4	NaN	NaN	   12.1	   3.88	NaN	   5.01	  -0.85	   0.00	0	    5.7	NaN	NaN	    8.6	  -0.01	NaN	   0.07	  -0.23	   0.00	CCCGGA_8/3	0	1.50	+
5:570495	   60.0	0	   12.0	NaN	NaN	    9.4	   0.18	NaN	   0.62	  -0.96	   0.00	0	    9.0	NaN	NaN	    4.8	   0.55	NaN	   1.25	  -0.65	   0.00	0	   19.0	NaN	NaN	   12.1	   0.80	NaN	   1.41	  -0.75	   0.00	1	   20.0	NaN	NaN	    7.0	   2.46	NaN	   4.35	  -0.72	   0.00	CCCGGAGT_21/5	0	2.76	+
6:23568	   53.0	0	    9.0	NaN	NaN	    8.9	   0.08	NaN	   0.27	  -0.77	   0.00	0	    5.0	NaN	NaN	    4.7	   0.11	NaN	   0.30	  -0.66	   0.00	1	   31.0	NaN	NaN	   11.4	   4.69	NaN	   5.88	  -0.72	   0.00	0	    8.0	NaN	NaN	    6.6	   0.09	NaN	   0.46	  -0.78	   0.00	CCGGGGTA_19/2	0	3.24	+
6:96415	   76.6	0	   14.3	NaN	NaN	    8.9	   0.50	NaN	   1.40	  -0.84	   0.00	1	   19.0	NaN	NaN	    4.5	   5.00	NaN	   6.47	  -0.76	   0.00	1	   34.2	NaN	NaN	   11.4	   6.52	NaN	   7.77	  -0.72	   0.00	0	    9.1	NaN	NaN	    8.3	   0.10	NaN	   0.49	  -0.98	   0.00	CCCGGA_8/3	0	1.50	+
6:107415	  214.0	1	   29.0	NaN	NaN	    9.3	   5.03	NaN	   6.71	  -0.67	   0.00	1	   32.0	NaN	NaN	    7.1	   9.37	NaN	  11.13	  -0.81	   0.00	1	  139.0	NaN	NaN	   14.1	  83.48	NaN	  85.44	  -0.75	   0.00	0	   14.0	NaN	NaN	    6.6	   0.75	NaN	   2.07	  -0.64	   0.00	CCCGCTCCCGGAG_18/4	0	2.55	+
6:169294	   47.8	0	    9.0	NaN	NaN	    9.6	   0.05	NaN	   0.21	  -0.60	   0.00	0	    2.0	NaN	NaN	    4.7	  -0.00	NaN	   0.02	  -1.12	   0.00	1	   24.9	NaN	NaN	   11.3	   2.53	NaN	   3.55	  -0.96	   0.00	0	   12.0	NaN	NaN	    6.7	   0.42	NaN	   1.39	  -0.64	   0.00	CCCGGGG_15/2	0	2.58	+
7:215978	   65.8	0	    9.8	NaN	NaN	    9.2	   0.10	NaN	   0.36	  -0.68	   0.00	0	    8.4	NaN	NaN	    4.6	   0.61	NaN	   1.33	  -1.02	   0.00	1	   36.8	NaN	NaN	   11.5	   7.42	NaN	   8.72	  -0.82	   0.00	0	   10.7	NaN	NaN	    7.2	   0.24	NaN	   0.96	  -0.62	   0.00	CCGGAA_8/3	0	1.50	+
7:415971	  196.0	1	   30.0	NaN	NaN	   12.2	   3.36	NaN	   4.95	  -0.83	   0.00	1	   37.0	NaN	NaN	    6.1	  14.70	NaN	  16.63	  -0.76	   0.00	1	  120.0	NaN	NaN	   13.4	  67.58	NaN	  69.44	  -0.77	   0.00	0	    9.0	NaN	NaN	    9.8	   0.02	NaN	   0.19	  -0.82	   0.00	CCCGGGGT_20/2	0	3.42	+
7:501401	  228.0	1	  117.0	NaN	NaN	   17.3	  53.06	NaN	  55.14	  -0.68	   0.55	1	   27.0	NaN	NaN	    7.8	   5.71	NaN	   7.21	  -0.69	   0.55	1	   73.0	NaN	NaN	   20.2	  17.51	NaN	  19.11	  -0.63	   0.55	0	   11.0	NaN	NaN	   14.6	  -0.01	NaN	   0.06	  -0.50	   0.55	ACCGGAA_11/4	0	1.68	+
7:565439	   89.6	0	   10.2	NaN	NaN	   10.7	   0.07	NaN	   0.30	  -0.71	   0.00	1	   15.6	NaN	NaN	    4.3	   3.53	NaN	   4.90	  -0.80	   0.00	1	   55.8	NaN	NaN	   13.2	  16.19	NaN	  17.76	  -0.82	   0.00	0	    8.0	NaN	NaN	    7.9	   0.04	NaN	   0.27	  -0.53	   0.00	CCCGGAG_17/4	0	2.41	+
7:616443	  137.7	1	   59.3	NaN	NaN	    9.6	  25.29	NaN	  27.24	  -0.75	   0.00	1	   22.7	NaN	NaN	    7.5	   3.95	NaN	   5.36	  -0.75	   0.00	1	   39.8	NaN	NaN	   11.7	   8.71	NaN	  10.07	  -0.59	   0.00	0	   15.9	NaN	NaN	    7.6	   0.87	NaN	   2.31	  -0.71	   0.00	CGGAAC_7/2	0	1.53	+
7:648838	   60.1	0	   14.0	NaN	NaN	    8.7	   0.40	NaN	   1.24	  -0.74	   0.00	1	   20.2	NaN	NaN	    6.3	   4.11	NaN	   5.53	  -0.80	   0.00	0	   18.7	NaN	NaN	   12.0	   0.80	NaN	   1.42	  -0.75	   0.00	0	    7.2	NaN	NaN	    6.6	   0.10	NaN	   0.47	  -0.67	   0.00	CGGGGT_9/1	0	1.96	+
7:803071	   57.2	0	   10.7	NaN	NaN	    9.0	   0.15	NaN	   0.53	  -0.76	   0.00	0	    3.8	NaN	NaN	    5.2	   0.04	NaN	   0.12	  -0.82	   0.00	0	   23.8	NaN	NaN	   12.4	   1.73	NaN	   2.64	  -0.67	   0.00	1	   18.9	NaN	NaN	    6.7	   2.27	NaN	   4.13	  -0.76	   0.00	GCCNGGG_6/0	0	1.75	+
7:1005828	  129.0	1	   30.0	NaN	NaN	   11.1	   4.11	NaN	   5.72	  -0.75	   0.10	1	   31.0	NaN	NaN	    4.8	  12.80	NaN	  14.69	  -0.78	   0.10	1	   59.0	NaN	NaN	   11.9	  20.24	NaN	  21.88	  -0.79	   0.10	0	    9.0	NaN	NaN	    6.6	   0.16	NaN	   0.66	  -0.63	   0.10	CGGGGA_2/0	0	1.24	+
7:1020239	   87.7	0	   15.3	NaN	NaN	    8.7	   0.67	NaN	   1.79	  -0.75	   0.00	1	   21.8	NaN	NaN	    4.7	   6.61	NaN	   8.19	  -0.60	   0.00	1	   37.0	NaN	NaN	   11.6	   7.81	NaN	   9.15	  -0.69	   0.00	0	   13.6	NaN	NaN	    6.6	   0.78	NaN	   2.11	  -0.58	   0.00	TCCGAT_8/2	0	1.65	+
8:52992	   42.5	0	    6.5	NaN	NaN	   11.1	   0.01	NaN	   0.03	  -1.12	   0.00	0	    9.6	NaN	NaN	    7.0	   0.29	NaN	   0.78	  -0.88	   0.00	1	   24.6	NaN	NaN	   11.1	   2.59	NaN	   3.63	  -1.07	   0.00	0	    1.9	NaN	NaN	    8.1	  -0.01	NaN	   0.00	  -1.36	   0.00	CCCGGAG_17/4	0	2.41	+
8:85490	   71.0	0	   17.0	NaN	NaN	    8.8	   0.83	NaN	   2.04	  -0.68	   0.00	0	    8.0	NaN	NaN	    5.7	   0.24	NaN	   0.67	  -0.68	   0.00	1	   27.0	NaN	NaN	   10.5	   3.74	NaN	   4.86	  -0.67	   0.00	1	   19.0	NaN	NaN	    6.3	   2.56	NaN	   4.49	  -0.61	   0.00	TCGGAA_6/1	0	1.57	+
8:112957	   69.4	0	   16.0	NaN	NaN	   12.0	   0.23	NaN	   0.80	  -0.75	   0.00	1	   20.7	NaN	NaN	    4.3	   6.55	NaN	   8.11	  -0.67	   0.00	0	   26.7	NaN	NaN	   15.4	   1.49	NaN	   2.33	  -0.75	   0.00	0	    6.0	NaN	NaN	    9.8	  -0.01	NaN	   0.03	  -0.68	   0.00	CCGGGG_8/2	0	1.65	+
8:183837	   41.0	1	   20.7	NaN	NaN	    8.6	   2.11	NaN	   3.61	  -0.75	   0.00	0	    6.9	NaN	NaN	    4.3	   0.31	NaN	   0.83	  -0.52	   0.00	0	    7.4	NaN	NaN	   10.5	   0.04	NaN	   0.08	  -1.16	   0.00	0	    6.0	NaN	NaN	    6.8	   0.02	NaN	   0.17	  -0.83	   0.00	CACCGG_4/1	0	1.33	+
8:203891	   43.0	0	    7.9	NaN	NaN	    8.6	   0.05	NaN	   0.20	  -0.68	   0.00	0	    8.4	NaN	NaN	    5.6	   0.37	NaN	   0.94	  -1.15	   0.00	1	   24.6	NaN	NaN	   12.0	   2.18	NaN	   3.15	  -1.00	   0.00	0	    2.0	NaN	NaN	    6.3	  -0.01	NaN	   0.01	  -0.62	   0.00	CCCGGGGT_20/2	0	3.42	+
8:280725	   66.5	0	    8.7	NaN	NaN	    8.7	   0.07	NaN	   0.30	  -0.47	   0.00	1	   17.0	NaN	NaN	    5.1	   3.33	NaN	   4.64	  -0.78	   0.00	1	   26.9	NaN	NaN	   11.7	   2.95	NaN	   4.02	  -0.70	   0.00	0	   13.8	NaN	NaN	    6.3	   0.85	NaN	   2.28	  -0.79	   0.00	ACGGAGT_7/1	0	1.70	+
8:294071	   73.0	0	   17.0	NaN	NaN	    9.2	   0.74	NaN	   1.89	  -0.50	   0.00	1	   25.5	NaN	NaN	    6.6	   6.55	NaN	   8.10	  -0.73	   0.00	0	   23.6	NaN	NaN	   12.8	   1.59	NaN	   2.47	  -0.73	   0.00	0	    6.9	NaN	NaN	    7.2	   0.02	NaN	   0.23	  -1.05	   0.00	GCCGGAA_11/4	0	1.68	+
8:297538	   46.1	0	    4.0	NaN	NaN	    9.8	  -0.00	NaN	   0.01	  -1.13	   0.00	0	    9.2	NaN	NaN	    6.2	   0.40	NaN	   0.99	  -1.44	   0.00	1	   28.4	NaN	NaN	   13.3	   2.81	NaN	   3.87	  -1.00	   0.00	0	    4.5	NaN	NaN	    6.7	  -0.00	NaN	   0.10	  -1.14	   0.00	CCCGGAGG_19/4	0	2.69	+
9:237557	  139.0	1	   43.0	NaN	NaN	   10.4	  11.58	NaN	  13.47	  -0.69	   0.39	1	   23.0	NaN	NaN	    8.2	   3.45	NaN	   4.78	  -0.90	   0.39	1	   58.0	NaN	NaN	   13.2	  17.45	NaN	  19.04	  -0.59	   0.39	0	   15.0	NaN	NaN	    7.4	   0.75	NaN	   2.06	  -0.62	   0.39	GCCGGGGA_14/2	0	2.44	+
9:311255	   42.0	0	    6.2	NaN	NaN	    8.7	   0.03	NaN	   0.12	  -0.69	   0.00	0	    4.0	NaN	NaN	    4.2	   0.06	NaN	   0.22	  -0.73	   0.00	1	   21.1	NaN	NaN	   10.2	   2.09	NaN	   3.05	  -0.69	   0.00	0	   10.8	NaN	NaN	    7.1	   0.25	NaN	   0.97	  -0.71	   0.00	GAGGAA_2/0	0	1.24	+
9:382603	   53.0	0	   18.0	NaN	NaN	    9.8	   0.77	NaN	   1.94	  -0.44	   0.00	0	    5.0	NaN	NaN	    4.2	   0.12	NaN	   0.38	  -0.43	   0.00	1	   22.0	NaN	NaN	   10.2	   2.08	NaN	   3.05	  -0.50	   0.00	0	    8.0	NaN	NaN	    6.6	   0.10	NaN	   0.47	  -0.38	   0.00	CCGGGGTA_19/2	0	3.24	+
9:389120	   38.1	0	    6.5	NaN	NaN	    8.7	   0.03	NaN	   0.12	  -0.38	   0.00	1	   13.3	NaN	NaN	    4.2	   2.63	NaN	   3.87	  -0.73	   0.00	0	   10.5	NaN	NaN	   10.2	   0.18	NaN	   0.35	  -0.62	   0.00	0	    7.9	NaN	NaN	    6.6	   0.10	NaN	   0.47	  -1.04	   0.00	TCGGAA_6/1	0	1.57	+
mit:11666	  142.0	1	   25.0	NaN	NaN	    6.2	   6.21	NaN	   7.94	  -0.63	   0.63	1	   16.0	NaN	NaN	    4.9	   3.02	NaN	   4.31	  -0.63	   0.63	1	   92.0	NaN	NaN	   38.4	  11.36	NaN	  12.81	  -0.60	   0.63	0	    9.0	NaN	NaN	    4.5	   0.40	NaN	   1.40	  -0.56	   0.63	TCAGGA_2/0	0	1.24	+
mit:23698	  101.0	0	   15.0	NaN	NaN	    7.0	   1.03	NaN	   2.26	  -0.72	   0.00	0	    8.0	NaN	NaN	    4.9	   0.36	NaN	   0.92	  -0.79	   0.00	1	   71.0	NaN	NaN	   44.6	   2.74	NaN	   3.79	  -0.73	   0.00	0	    7.0	NaN	NaN	    6.8	   0.05	NaN	   0.29	  -0.90	   0.00	GAGGAA_2/0	0	1.24	+
mit:71893	  120.0	0	   14.3	NaN	NaN	    8.1	   0.64	NaN	   1.72	  -0.74	   0.00	1	   18.0	NaN	NaN	    4.9	   4.58	NaN	   6.03	  -0.75	   0.00	1	   80.0	NaN	NaN	   45.3	   4.75	NaN	   5.95	  -0.74	   0.00	0	    7.7	NaN	NaN	    4.7	   0.25	NaN	   0.98	  -1.09	   0.00	CGGGGA_2/0	0	1.24	+
plasmid-2-micron:3509	 2233.0	1	  680.0	NaN	NaN	  544.5	   6.19	NaN	   7.91	  -0.46	   0.87	0	  291.0	NaN	NaN	  265.0	   0.53	NaN	   1.22	  -0.52	   0.87	0	  813.0	NaN	NaN	  756.9	   0.96	NaN	   1.65	  -0.41	   0.87	0	  449.0	NaN	NaN	  407.7	   0.53	NaN	   1.64	  -0.44	   0.87	AAAGAG_3/0	0	1.36	+
