DE Leu3_GEM_1_m0 5.08 14 k6_c31
1 4 4 4 20 T
2 3 5 3 20 T
3 1 3 1 25 T
4 13 0 0 17 T
5 5 2 0 23 T
6 2 1 3 25 T
XX

DE Leu3_GEM_1_m1 4.79 -3 k6_c21
1 6 1 10 4 G
2 3 0 14 3 G
3 12 2 4 3 A
4 14 2 3 2 A
5 14 1 1 5 A
6 14 2 1 4 A
XX

DE Leu3_GEM_1_m2 7.53 6 k6_c31
1 0 0 29 2 G
2 3 0 0 27 T
3 4 10 1 16 T
4 0 30 0 0 C
5 2 23 6 0 C
6 0 0 30 0 G
XX

DE Leu3_GEM_1_m3 8.48 12 k8_c25
1 0 22 0 2 C
2 0 5 4 15 T
3 0 17 7 0 C
4 0 24 0 0 C
5 0 10 14 0 G
6 0 0 24 0 G
7 2 0 8 14 T
8 11 4 7 3 A
XX

DE Leu3_GEM_1_m4 6.46 1 k6_c17
1 6 1 9 1 G
2 12 1 3 0 A
3 2 1 14 0 G
4 2 0 15 0 G
5 12 1 3 0 A
6 4 0 12 0 G
XX

DE Leu3_GEM_1_m5 8.48 9 k8_c15
1 11 1 1 2 A
2 12 2 1 0 A
3 2 12 1 0 C
4 0 13 0 2 C
5 3 9 2 0 C
6 2 13 0 0 C
7 1 2 6 6 G
8 2 5 2 6 T
XX

DE Leu3_GEM_1_m6 10.95 19 k10_c12
1 0 9 1 1 C
2 0 7 4 0 C
3 0 11 0 0 C
4 0 6 5 0 C
5 0 4 0 7 T
6 5 0 3 3 A
7 2 0 8 1 G
8 0 11 0 0 C
9 0 11 0 0 C
10 0 0 11 0 G
XX

DE Leu3_GEM_1_m7 9.77 18 k9_c13
1 3 1 3 6 T
2 10 1 1 2 A
3 1 2 7 3 G
4 0 9 4 0 C
5 3 10 0 0 C
6 1 0 11 0 G
7 0 11 1 0 C
8 0 12 0 0 C
9 0 5 7 0 G
XX

DE Leu3_GEM_1_m8 13.64 17 k15_c11
1 0 10 0 0 C
2 7 3 0 0 A
3 3 0 7 0 G
4 9 0 1 0 A
5 1 3 6 0 G
6 0 10 0 0 C
7 0 10 0 0 C
8 0 0 9 2 G
9 0 0 10 0 G
10 2 0 0 9 T
11 5 5 0 1 C
12 0 9 0 2 C
13 0 10 0 0 C
14 0 0 10 0 G
15 0 6 5 0 C
XX

DE Leu3_GEM_1_m9 6.70 -11 k9_c14
1 13 0 0 0 A
2 3 2 0 9 T
3 13 0 0 0 A
4 13 0 0 0 A
5 11 3 0 0 A
6 8 1 4 0 A
7 0 0 13 0 G
8 7 3 0 3 A
9 9 0 4 0 A
XX

DE Leu3_GEM_1_m10 26.79 -5 k16_c3
1 2 0 0 0 A
2 0 0 2 0 G
3 0 2 0 0 C
4 2 0 0 0 A
5 2 0 0 0 A
6 0 0 0 2 T
7 0 2 0 0 C
8 0 2 0 0 C
9 0 0 0 2 T
10 0 0 2 0 G
11 0 0 2 0 G
12 0 0 2 0 G
13 0 0 2 0 G
14 0 2 0 0 C
15 0 0 0 2 T
16 0 0 2 0 G
XX

DE Leu3_GEM_1_m11 20.65 -11 k13_c3
1 0 2 0 0 C
2 0 0 0 2 T
3 0 0 0 2 T
4 0 0 2 0 G
5 0 0 2 0 G
6 0 2 0 0 C
7 0 0 0 2 T
8 0 0 0 2 T
9 0 2 0 0 C
10 2 0 0 0 A
11 0 0 2 0 G
12 0 0 0 2 T
13 0 0 0 2 T
XX

