DE Leu3_GEM_2_m0 6.17 -6 k10_c824
1 613 62 94 54 A
2 823 0 0 0 A
3 228 0 0 595 T
4 821 0 0 2 A
5 822 0 0 1 A
6 750 0 0 73 A
XX

DE Leu3_GEM_2_m1 8.70 11 k8_c174
1 0 0 3 170 T
2 4 0 0 169 T
3 4 15 0 155 T
4 12 0 14 148 T
5 1 16 0 157 T
6 0 166 7 0 C
7 157 8 9 0 A
8 125 6 22 21 A
XX

DE Leu3_GEM_2_m2 8.70 9 k7_c168
1 9 127 12 20 C
2 4 8 0 156 T
3 0 15 3 150 T
4 0 159 0 8 C
5 1 5 2 161 T
6 0 2 5 160 T
7 11 118 16 23 C
XX

DE Leu3_GEM_2_m3 6.89 3 k7_c156
1 11 25 80 40 G
2 5 6 69 76 T
3 2 3 43 108 T
4 8 21 8 119 T
5 10 120 1 25 C
6 29 81 22 23 C
7 16 28 106 6 G
XX

DE Leu3_GEM_2_m4 6.69 4 k6_c351
1 71 179 9 91 C
2 6 0 3 342 T
3 5 0 346 0 G
4 345 0 6 0 A
5 320 3 0 28 A
6 296 6 30 19 A
XX

DE Leu3_GEM_2_m5 6.65 2 k7_c398
1 36 107 176 78 G
2 236 24 85 53 A
3 345 12 18 23 A
4 365 6 13 14 A
5 233 9 154 2 A
6 16 13 337 32 G
7 267 6 115 10 A
XX

DE Leu3_GEM_2_m6 6.98 1 k6_c223
1 134 16 22 51 A
2 0 176 46 0 C
3 0 211 6 6 C
4 216 3 3 0 A
5 207 4 8 4 A
6 0 0 0 222 T
XX

DE Leu3_GEM_2_m7 7.00 5 k5_c312
1 311 0 0 0 A
2 0 306 5 0 C
3 0 311 0 0 C
4 115 0 32 165 T
5 4 9 0 299 T
XX

DE Leu3_GEM_2_m8 5.46 3 k5_c487
1 13 54 11 409 T
2 0 480 6 0 C
3 374 92 6 15 A
4 296 71 120 0 A
5 0 486 0 0 C
XX

DE Leu3_GEM_2_m9 5.75 5 k5_c482
1 55 10 3 413 T
2 1 3 104 374 T
3 0 481 0 0 C
4 161 0 0 320 T
5 0 0 473 8 G
XX

DE Leu3_GEM_2_m10 8.76 0 k9_c88
1 2 3 40 43 T
2 10 1 2 75 T
3 6 60 1 21 C
4 1 82 3 2 C
5 6 13 62 7 G
6 3 7 71 7 G
7 1 53 13 21 C
8 3 38 9 39 T
9 5 54 8 21 C
XX

DE Leu3_GEM_2_m11 5.61 4 k5_c433
1 1 418 1 14 C
2 0 366 0 66 C
3 412 8 3 10 A
4 13 301 112 8 C
5 235 110 40 48 A
XX

DE Leu3_GEM_2_m12 9.05 13 k11_c78
1 8 7 51 12 G
2 1 43 15 19 C
3 2 63 8 5 C
4 1 35 41 2 G
5 4 16 56 2 G
6 16 13 30 19 G
7 27 25 3 23 A
8 6 66 2 4 C
9 1 75 1 2 C
10 1 56 20 2 C
11 1 47 30 1 C
XX

