-300	4.702922563949405E-4
-299	4.101566183527248E-4
-298	3.857293025143795E-4
-297	4.2408865588744227E-4
-296	5.486848361080048E-4
-295	7.615704222055746E-4
-294	0.0010001966231450701
-293	0.0011751510931333744
-292	0.0011945674680308763
-291	0.0010996436706281877
-290	9.594937865389678E-4
-289	8.752610790728571E-4
-288	8.798227661471749E-4
-287	8.227749137547263E-4
-286	9.819608625686606E-4
-285	0.0011738131750897193
-284	0.001290470330279579
-283	0.0012576403235159302
-282	0.0011353092158405164
-281	0.0010170325847110957
-280	9.753773578934306E-4
-279	9.989558643853068E-4
-278	0.0010553917834925143
-277	0.001114370670370152
-276	0.0011538255835705476
-275	0.0011537514574953374
-274	0.001104570959793859
-273	0.001038417691106259
-272	9.978529853203865E-4
-271	0.0010099162726148374
-270	0.0010395593683311987
-269	0.001036212184101805
-268	9.68542648043546E-4
-267	8.821707542115338E-4
-266	8.419545131454357E-4
-265	8.894264825246151E-4
-264	9.728174085872203E-4
-263	0.0010170325847110957
-262	9.742297770181141E-4
-261	9.055766426062643E-4
-260	8.994933113175634E-4
-259	0.001017967534047855
-258	0.0012172575459082837
-257	0.0014271892030638202
-256	0.001584463781817509
-255	0.0016532842390246853
-254	0.0016047289516787572
-253	0.0014317207186707662
-252	0.0012145600264822838
-251	0.0010553917834925143
-250	0.0010269705508209512
-249	0.0010844895005482453
-248	0.0011537514574953374
-247	0.0011763136405146162
-246	0.0011567508445842656
-245	0.001115392258713919
-244	0.001073766294422985
-243	0.0010581982532699833
-242	0.0010962126593232094
-241	0.0012012671256013525
-240	0.0013305516209246716
-239	0.0014271892030638207
-238	0.0014497547578194115
-237	0.0014186304831118979
-236	0.0013696504048916927
-235	0.0013325646350725879
-234	0.0013127876294218908
-233	0.0013096499296702882
-232	0.0013273772921391972
-231	0.0013897763315129583
-230	0.0015255488770666435
-229	0.001730082001789982
-228	0.0018655037535313312
-227	0.0017606274238537083
-226	0.001329989752632025
-225	8.310212729887805E-4
-224	6.068759663583709E-4
-223	8.845318067070119E-4
-222	0.0014262627381281972
-221	0.0018781666972472405
-220	0.001979170200052649
-219	0.0018395140799857053
-218	0.0016622677498508852
-217	0.0016012060789191397
-216	0.0016129257623273216
-215	0.0016047289516787572
-214	0.0015054633981059615
-213	0.0013301592508581982
-212	0.001115392258713919
-211	9.044745533122242E-4
-210	7.676637977348125E-4
-209	7.81954037924031E-4
-208	9.896184636493798E-4
-207	0.001294046839988969
-206	0.001563908075848062
-205	0.0016992728919481192
-204	0.0017258192562753859
-203	0.0017006269486323038
-202	0.0016652251047450139
-201	0.0015989402840344486
-200	0.001465548401845239
-199	0.0012503003428581201
-198	0.0010243468690982406
-197	8.803137119268541E-4
-196	8.924435268287511E-4
-195	0.0010614466657828713
-194	0.0013696504048916927
-193	0.0017827703268808476
-192	0.002200075240968588
-191	0.002504222262996321
-190	0.002619165293969469
-189	0.002634045375549521
-188	0.002679300334561981
-187	0.0028303430520137374
-186	0.002942486625637215
-185	0.002816019207346222
-184	0.0023343503791054434
-183	0.0017133754430830683
-182	0.0012521111314981604
-181	0.0011748422268318683
-180	0.0014069257126136702
-179	0.0017989866226351266
-178	0.0022032706731897464
-177	0.0024785063105788262
-176	0.0024850426636056117
-175	0.0021569785786192948
-174	0.0017234117721528564
-173	0.001487189678285225
-172	0.0016626061846836773
-171	0.0021097409933688847
-170	0.002600120259949867
-169	0.002939563892493552
-168	0.003071066808898499
-167	0.0029719176795211734
-166	0.00265535408024256
-165	0.0022784092090417096
-164	0.0020340651694221914
-163	0.0020567026838760037
-162	0.0022462969508488632
-161	0.0024442217877749164
-160	0.0025246274971619806
-159	0.0024927703218125498
-158	0.002386682989602789
-157	0.0022462455409362598
-156	0.002118727266326114
-155	0.002053244768812901
-154	0.002087983696589905
-153	0.002217405878461353
-152	0.002425042188384207
-151	0.0026781951394012895
-150	0.002879253800898862
-149	0.0029143788813490454
-148	0.002723098600084884
-147	0.0024584112198831106
-146	0.002326682514381384
-145	0.0024726082560782136
-144	0.0027942042129155318
-143	0.003127816151696124
-142	0.0033350176131992306
-141	0.0033782932341099056
-140	0.0032453554250896567
-139	0.002971559284024882
-138	0.0027828306577015365
-137	0.002952738080130464
-136	0.003624423460148031
-135	0.004419322205892693
-134	0.004828443100328428
-133	0.004514459733659898
-132	0.003826704925054509
-131	0.0032861763009203516
-130	0.0032647717336499256
-129	0.003537990079573366
-128	0.0037322304410052185
-127	0.0035801624652627585
-126	0.0032395379796741905
-125	0.00297437935657045
-124	0.002978896941115617
-123	0.00316805296980635
-122	0.0033869976519724523
-121	0.00351074668802727
-120	0.003533777742718335
-119	0.0034804339718767213
-118	0.0033846796835952046
-117	0.0033189637950133606
-116	0.0033653563755324657
-115	0.0035541700610949548
-114	0.003708687753807899
-113	0.0036004349223195307
-112	0.003096453195443362
-111	0.0024458488426540408
-110	0.0019932442935914965
-109	0.0019916762683694243
-108	0.002327838648996587
-107	0.002796839607955513
-106	0.003230063457966212
-105	0.0036039990726986167
-104	0.003931411466060142
-103	0.004195626745691485
-102	0.004262215394166489
-101	0.003967308987792284
-100	0.0032572253589564725
-99	0.0025190273643685645
-98	0.002249964116818547
-97	0.0027589430532486844
-96	0.0036015049072103556
-95	0.00414484873640722
-94	0.003960509686508908
-93	0.003437367255048942
-92	0.0031686370275268196
-91	0.003551875774954483
-90	0.004202005010393657
-89	0.004538287432418513
-88	0.0041688197749154745
-87	0.003457034913019985
-86	0.0029551997571797403
-85	0.0030555875228869545
-84	0.0035104966458119166
-83	0.003912231866669433
-82	0.003956885889165839
-81	0.0037557032689735956
-80	0.003523716524756694
-79	0.0034172989592072553
-78	0.0033581870111299332
-77	0.0032094579033575144
-76	0.002908991815477233
-75	0.0026938807540941127
-74	0.002876019682567627
-73	0.0036258019524877463
-72	0.004547614468366443
-71	0.005104342522946188
-70	0.0049357631651885565
-69	0.004389220468931549
-68	0.0039889502642322695
-67	0.004117596900536846
-66	0.004591438804847501
-65	0.005085162923555479
-64	0.005350658528547298
-63	0.005448624193690573
-62	0.00551696081834819
-61	0.0056392639278123255
-60	0.005681907551092316
-59	0.005456960343126785
-58	0.004856638888163347
-57	0.004093751487685571
-56	0.0034612543724860125
-55	0.003171843384684012
-54	0.0031171728117060566
-53	0.003108636552305415
-52	0.0030037895632832315
-51	0.0028448310336321473
-50	0.002720121210392676
-49	0.002700957114939456
-48	0.0027903828659836256
-47	0.00297437935657045
-46	0.003239526311923046
-45	0.003574798785975952
-44	0.00396977066484156
-43	0.0044014167016609845
-42	0.004796315117690236
-41	0.005068445001214046
-40	0.005144606591990181
-39	0.005002884735668542
-38	0.004634185429372059
-37	0.0040908742752677986
-36	0.0036711552956993645
-35	0.0037346921180544954
-34	0.004468825540718633
-33	0.00537160504606804
-32	0.005768757287476687
-31	0.005214156997477603
-30	0.004174271225240084
-29	0.00334371509909248
-28	0.003224530309882577
-27	0.003548464798535876
-26	0.003854693068497305
-25	0.0038179114230278434
-24	0.0036549033646526828
-23	0.003717974195713063
-22	0.004224465836061624
-21	0.004851866675596596
-20	0.005142701721727607
-19	0.004803704533519993
-18	0.004198442876661931
-17	0.003854693068497304
-16	0.004149956645099585
-15	0.004860636017460592
-14	0.005612858815301736
-13	0.006088630230529586
-12	0.006193465703791374
-11	0.005888758237919496
-10	0.005207015805475128
-9	0.004465206257934583
-8	0.004051412416502951
-7	0.004215671650071151
-6	0.004655839518273416
-5	0.004931726128429804
-4	0.004719788082819008
-3	0.0041630679635542575
-2	0.0035212548477074166
-1	0.0030191175352536964
0	0.0027417437177817017
1	0.0027393008097833854
2	0.0030267947981788253
3	0.003478585959600601
4	0.0039338731431094185
5	0.00426181335307383
6	0.0044513962150937855
7	0.004521569510077081
8	0.004472528603910672
9	0.004229459202398172
10	0.0036987945963223535
11	0.002862583899419415
12	0.0020053395172392615
13	0.0014871896782852252
14	0.0015417076013199919
15	0.0018962464661436706
16	0.002151604442815724
17	0.0020385512848752102
18	0.0018077430797795652
19	0.0018398074984658222
20	0.0023711441986920324
21	0.00306124078550033
22	0.0034253568507538706
23	0.0031322545515765133
24	0.002464706306134939
25	0.0018589870978565316
26	0.0016469938820792382
27	0.0017431115017832587
28	0.0019573467718593546
29	0.0021308597473312808
30	0.0022294234437547703
31	0.002249964116818547
32	0.0021874790174378133
33	0.0020292493774336736
34	0.0017606274238537083
35	0.0013941647822563199
36	0.001051210672243198
37	8.803137119268541E-4
38	9.745920784567917E-4
39	0.0012054421851304853
40	0.0013888300042824019
41	0.0013882153304459362
42	0.0012570332469501945
43	0.0010962126593232098
44	9.94467040936674E-4
45	9.91648136536915E-4
46	0.001115392258713919
47	0.0013629921169123465
48	0.001610366007995556
49	0.0017030886256815803
50	0.0015360998021183981
51	0.0012017999231737782
52	8.419545131454357E-4
53	5.798437464129755E-4
54	4.648063976835639E-4
55	5.276958917462571E-4
56	7.638883267059298E-4
57	0.0010268504939307311
58	0.0011345718581046282
59	9.754378167707664E-4
60	7.194174989090024E-4
61	6.068759663583709E-4
62	7.936722229036298E-4
63	0.0010976410401124339
64	0.0012521111314981602
65	0.0010776963997039986
66	7.4415150389238E-4
67	5.085162923555478E-4
68	5.471819760378867E-4
69	7.139452164923492E-4
70	7.81954037924031E-4
71	5.988670068584307E-4
72	3.103848591026617E-4
73	1.367188727842416E-4
74	2.284256927722E-4
75	4.574434309016158E-4
76	6.260555657490802E-4
77	5.943353789954406E-4
78	4.5351536473856984E-4
79	3.52617820180597E-4
80	3.9722774584354046E-4
81	5.191809555289765E-4
82	6.068759663583709E-4
83	5.792076081437946E-4
84	4.770559614597403E-4
85	3.7179741957130624E-4
86	3.2946510207794834E-4
87	3.9471903391655465E-4
88	6.068759663583709E-4
89	9.641444034027012E-4
90	0.0013002998599610828
91	0.001408009603673111
92	0.001156440183143329
93	7.207552708360652E-4
94	3.52617820180597E-4
95	3.0730270505925335E-4
96	4.029630632384145E-4
97	7.435948391426125E-4
98	0.0011888252714800395
99	0.001580391789190865
100	0.001741447824462999
101	0.001567144780861563
102	0.0012406259474605327
103	0.0010170325847110957
104	0.0010727508448940023
105	0.0012691464476082509
106	0.0013888300042824019
107	0.0012704247579523936
108	9.76604478083677E-4
109	6.260555657490802E-4
110	3.2693915639572617E-4
111	1.453153229679151E-4
112	1.367188727842416E-4
113	3.3051465354983324E-4
114	6.513876745159503E-4
115	9.978529853203865E-4
116	0.0012705359459330055
117	0.0013785031576519545
118	0.001232931532107451
119	8.098115410996698E-4
120	3.4438789710861345E-4
121	1.367188727842416E-4
122	3.748401459539576E-4
123	7.986970151549384E-4
124	0.001036212184101805
125	8.297552258956989E-4
126	3.794831911838475E-4
127	7.627744385333217E-24
128	7.627744385333217E-24
129	1.3442591226582124E-4
130	2.734377455684832E-4
131	3.9994049454901155E-4
132	4.628227923424121E-4
133	5.085162923555478E-4
134	5.751257405190609E-4
135	6.674482528587095E-4
136	7.81954037924031E-4
137	9.038318152178543E-4
138	9.731443480561731E-4
139	9.186729107082727E-4
140	7.052384154185629E-4
141	4.4182032633195467E-4
142	2.734377455684832E-4
143	2.976957833199731E-4
144	4.225435820654049E-4
145	5.085162923555478E-4
146	4.58182485021414E-4
147	3.422444120149845E-4
148	2.734377455684832E-4
149	3.368719219489454E-4
150	4.468377609391146E-4
151	5.276958917462571E-4
152	5.034270931634643E-4
153	4.246592966521461E-4
154	3.7179741957130624E-4
155	4.0135746865937707E-4
156	4.742998081725031E-4
157	5.276958917462571E-4
158	5.159814498742013E-4
159	4.630493204818544E-4
160	4.101566183527248E-4
161	3.884378951437391E-4
162	3.8853745000549673E-4
163	3.909770189620155E-4
164	3.827014435307094E-4
165	3.763479872025777E-4
166	3.909770189620155E-4
167	4.366545951914129E-4
168	4.874695218651366E-4
169	5.085162923555478E-4
170	4.7774067479469293E-4
171	4.2449353635335834E-4
172	3.909770189620155E-4
173	4.060349120023018E-4
174	4.450775946605177E-4
175	4.701570935741293E-4
176	4.547639637043072E-4
177	4.1814287330703865E-4
178	3.909770189620155E-4
179	3.9279235952796555E-4
180	3.9848590297976E-4
181	3.7179741957130624E-4
182	2.913511744476491E-4
183	1.953094123183834E-4
184	1.367188727842416E-4
185	1.9676817098373742E-4
186	2.531821102469483E-4
187	2.734377455684832E-4
188	3.022189637667052E-4
189	3.226330253679132E-4
190	3.7179741957130624E-4
191	4.7170858095634314E-4
192	5.838787256235203E-4
193	6.546990150535935E-4
194	6.50095747903185E-4
195	3.693414752684122E-4
196	3.1394516558124993E-4
197	3.5851103386973503E-4
198	4.543624246818372E-4
199	5.276958917462571E-4
200	5.245451121477067E-4
