Position	IP	CondAna_Present	CondAna_IP	CondAna_Control	CondAna_Fold	CondAna_Expectd	CondAna_Q_-lg10	CondAna_P_-lg10	CondAna_P_poiss	CondAna_IPvsEMP	CondAna_Noise	CondEth_Present	CondEth_IP	CondEth_Control	CondEth_Fold	CondEth_Expectd	CondEth_Q_-lg10	CondEth_P_-lg10	CondEth_P_poiss	CondEth_IPvsEMP	CondEth_Noise	CondGlu_Present	CondGlu_IP	CondGlu_Control	CondGlu_Fold	CondGlu_Expectd	CondGlu_Q_-lg10	CondGlu_P_-lg10	CondGlu_P_poiss	CondGlu_IPvsEMP	CondGlu_Noise	CondNit_Present	CondNit_IP	CondNit_Control	CondNit_Fold	CondNit_Expectd	CondNit_Q_-lg10	CondNit_P_-lg10	CondNit_P_poiss	CondNit_IPvsEMP	CondNit_Noise	KmerGroup	MotifId	KG_score	Strand
10:15257	  709.0	1	  116.0	NaN	NaN	   11.7	  70.77	NaN	  71.72	  -0.64	   0.17	1	  240.0	NaN	NaN	   21.5	 157.19	NaN	 158.04	  -0.77	   0.17	1	  285.0	NaN	NaN	   14.1	 255.40	NaN	 256.34	  -0.77	   0.17	1	   68.0	NaN	NaN	   11.4	  28.74	NaN	  29.42	  -0.72	   0.17	--------	-1	0.00	*
10:93621	  159.0	1	   24.0	NaN	NaN	   13.2	   2.16	NaN	   2.30	  -1.36	   0.00	1	   64.0	NaN	NaN	   23.6	  11.13	NaN	  11.27	  -0.78	   0.00	1	   47.0	NaN	NaN	   14.3	  11.02	NaN	  11.13	  -1.01	   0.00	0	   24.0	NaN	NaN	   15.4	   1.46	NaN	   1.59	  -0.82	   0.00	--------	-1	0.00	*
10:248938	  364.0	1	   45.0	NaN	NaN	   14.9	   9.22	NaN	   9.60	  -0.72	   0.25	1	  134.0	NaN	NaN	   27.7	  46.55	NaN	  46.99	  -0.74	   0.25	1	  137.0	NaN	NaN	   16.0	  76.23	NaN	  76.74	  -0.77	   0.25	1	   48.0	NaN	NaN	   13.4	  12.23	NaN	  12.64	  -0.81	   0.25	--------	-1	0.00	*
10:396874	  211.0	1	   25.0	NaN	NaN	   12.6	   2.73	NaN	   2.89	  -0.49	   0.19	1	   97.0	NaN	NaN	   21.5	  31.70	NaN	  32.03	  -0.77	   0.19	1	   62.0	NaN	NaN	   14.5	  19.66	NaN	  19.82	  -0.78	   0.19	1	   27.0	NaN	NaN	   13.1	   3.08	NaN	   3.29	  -0.66	   0.19	--------	-1	0.00	*
10:407638	   87.0	0	   12.0	NaN	NaN	   11.7	   0.24	NaN	   0.30	  -0.69	   0.00	0	   30.0	NaN	NaN	   21.5	   1.25	NaN	   1.31	  -0.59	   0.00	1	   32.0	NaN	NaN	   14.1	   4.48	NaN	   4.55	  -0.98	   0.00	0	   13.0	NaN	NaN	   11.4	   0.36	NaN	   0.44	  -0.55	   0.00	--------	-1	0.00	*
10:461875	  233.0	1	   49.0	NaN	NaN	   11.7	  14.87	NaN	  15.39	  -0.89	   0.00	1	   69.0	NaN	NaN	   21.5	  15.28	NaN	  15.44	  -0.82	   0.00	1	   75.0	NaN	NaN	   14.1	  29.16	NaN	  29.39	  -0.81	   0.00	1	   40.0	NaN	NaN	   11.4	  10.04	NaN	  10.42	  -0.83	   0.00	--------	-1	0.00	*
10:601882	  344.0	1	   34.0	NaN	NaN	   18.7	   2.86	NaN	   3.04	  -0.54	   0.38	1	  138.0	NaN	NaN	   30.6	  44.69	NaN	  45.10	  -0.70	   0.38	1	  102.0	NaN	NaN	   24.1	  31.23	NaN	  31.47	  -0.70	   0.38	1	   70.0	NaN	NaN	   15.9	  22.29	NaN	  22.86	  -0.72	   0.38	--------	-1	0.00	*
10:604279	 1456.0	1	   40.0	NaN	NaN	   16.5	   5.91	NaN	   6.18	  -0.65	   0.21	1	  761.0	NaN	NaN	   37.2	 999.00	NaN	 999.00	  -0.67	   0.21	1	  552.0	NaN	NaN	   31.5	 999.00	NaN	 999.00	  -0.69	   0.21	1	  103.0	NaN	NaN	   16.9	  44.02	NaN	  44.80	  -0.64	   0.21	--------	-1	0.00	*
10:618179	  190.0	1	   24.0	NaN	NaN	   11.7	   2.80	NaN	   2.98	  -0.75	   0.00	1	   61.0	NaN	NaN	   21.5	  11.41	NaN	  11.56	  -0.70	   0.00	1	   71.0	NaN	NaN	   14.3	  25.84	NaN	  26.04	  -0.64	   0.00	1	   34.0	NaN	NaN	   14.1	   5.06	NaN	   5.32	  -0.71	   0.00	--------	-1	0.00	*
11:74479	  282.0	1	   40.0	NaN	NaN	   23.2	   2.84	NaN	   3.01	  -0.76	   0.00	1	  101.0	NaN	NaN	   34.7	  19.28	NaN	  19.48	  -0.95	   0.00	1	  115.0	NaN	NaN	   28.3	  33.58	NaN	  33.84	  -0.68	   0.00	0	   26.0	NaN	NaN	   16.7	   1.55	NaN	   1.69	  -0.65	   0.00	--------	-1	0.00	*
11:107567	  237.0	0	   26.0	NaN	NaN	   16.5	   1.62	NaN	   1.73	  -0.62	   0.43	1	   56.0	NaN	NaN	   39.6	   2.03	NaN	   2.09	  -0.78	   0.43	1	   97.0	NaN	NaN	   37.7	  15.10	NaN	  15.24	  -0.94	   0.43	1	   58.0	NaN	NaN	   17.3	  13.45	NaN	  13.88	  -0.66	   0.43	--------	-1	0.00	*
11:153479	  178.0	1	   24.0	NaN	NaN	   12.4	   2.49	NaN	   2.65	  -0.64	   0.00	1	   81.0	NaN	NaN	   22.7	  20.59	NaN	  20.79	  -0.64	   0.00	1	   61.0	NaN	NaN	   19.1	  13.55	NaN	  13.68	  -0.69	   0.00	0	   12.0	NaN	NaN	   12.0	   0.19	NaN	   0.27	  -0.48	   0.00	--------	-1	0.00	*
11:223362	  244.0	1	   39.0	NaN	NaN	   14.3	   6.94	NaN	   7.26	  -0.56	   0.54	1	   85.0	NaN	NaN	   23.6	  21.79	NaN	  22.01	  -0.78	   0.54	1	   96.0	NaN	NaN	   15.2	  42.92	NaN	  43.24	  -0.75	   0.54	1	   24.0	NaN	NaN	   12.6	   2.40	NaN	   2.57	  -0.64	   0.54	--------	-1	0.00	*
11:265082	  213.0	1	   39.0	NaN	NaN	   14.6	   6.75	NaN	   7.06	  -0.75	   0.00	1	   80.0	NaN	NaN	   30.6	  12.93	NaN	  13.08	  -0.70	   0.00	1	   66.0	NaN	NaN	   22.7	  12.82	NaN	  12.94	  -0.77	   0.00	1	   28.0	NaN	NaN	   13.1	   3.42	NaN	   3.63	  -0.97	   0.00	--------	-1	0.00	*
11:310807	  114.0	0	   17.0	NaN	NaN	   12.4	   0.82	NaN	   0.90	  -0.66	   0.00	1	   40.0	NaN	NaN	   24.3	   2.59	NaN	   2.66	  -0.90	   0.00	1	   37.0	NaN	NaN	   15.3	   5.66	NaN	   5.73	  -0.77	   0.00	0	   20.0	NaN	NaN	   12.6	   1.37	NaN	   1.49	  -0.54	   0.00	--------	-1	0.00	*
11:314153	  172.0	1	   25.0	NaN	NaN	   12.4	   2.79	NaN	   2.96	  -0.66	   0.00	1	   58.0	NaN	NaN	   22.9	   9.07	NaN	   9.20	  -0.63	   0.00	1	   55.0	NaN	NaN	   16.5	  13.00	NaN	  13.13	  -0.71	   0.00	1	   34.0	NaN	NaN	   12.8	   5.89	NaN	   6.16	  -0.70	   0.00	--------	-1	0.00	*
11:323473	  181.0	1	   28.0	NaN	NaN	   13.5	   3.23	NaN	   3.42	  -0.66	   0.14	1	   65.0	NaN	NaN	   22.6	  12.38	NaN	  12.53	  -0.97	   0.14	1	   59.0	NaN	NaN	   17.2	  14.42	NaN	  14.56	  -0.71	   0.14	1	   29.0	NaN	NaN	   15.2	   2.80	NaN	   3.00	  -0.77	   0.14	--------	-1	0.00	*
11:328480	  352.0	1	   59.0	NaN	NaN	   16.7	  14.62	NaN	  15.14	  -0.84	   0.54	1	  120.0	NaN	NaN	   30.3	  33.84	NaN	  34.18	  -0.82	   0.54	1	  133.0	NaN	NaN	   20.8	  59.58	NaN	  59.99	  -0.87	   0.54	1	   40.0	NaN	NaN	   16.7	   5.78	NaN	   6.06	  -0.86	   0.54	--------	-1	0.00	*
11:361689	  519.0	1	  112.0	NaN	NaN	   19.5	  45.39	NaN	  46.21	  -0.64	   0.69	1	  136.0	NaN	NaN	   29.1	  45.69	NaN	  46.12	  -0.68	   0.69	1	  179.0	NaN	NaN	   23.2	  92.08	NaN	  92.64	  -0.66	   0.69	1	   92.0	NaN	NaN	   19.8	  30.69	NaN	  31.39	  -0.67	   0.69	--------	-1	0.00	*
11:388348	  589.0	1	   75.0	NaN	NaN	   12.4	  32.06	NaN	  32.78	  -0.87	   0.13	1	  208.0	NaN	NaN	   33.2	  90.78	NaN	  91.42	  -0.84	   0.13	1	  217.0	NaN	NaN	   18.1	 148.59	NaN	 149.31	  -0.76	   0.13	1	   89.0	NaN	NaN	   15.0	  37.26	NaN	  38.01	  -0.99	   0.13	--------	-1	0.00	*
11:434697	  278.0	1	   35.4	NaN	NaN	   14.5	   5.59	NaN	   5.85	  -0.71	   0.00	1	  111.7	NaN	NaN	   22.6	  40.06	NaN	  40.45	  -0.90	   0.00	1	   94.0	NaN	NaN	   15.2	  42.12	NaN	  42.43	  -0.88	   0.00	1	   36.9	NaN	NaN	   15.0	   5.64	NaN	   5.91	  -0.57	   0.00	--------	-1	0.00	*
11:434896	   94.0	0	    8.6	NaN	NaN	   14.7	  -0.02	NaN	   0.02	  -0.29	   0.00	1	   36.3	NaN	NaN	   22.6	   2.41	NaN	   2.48	  -0.46	   0.00	1	   46.0	NaN	NaN	   15.2	   9.75	NaN	   9.85	  -0.65	   0.00	0	    3.1	NaN	NaN	   14.0	  -0.02	NaN	   0.00	  -0.29	   0.00	--------	-1	0.00	*
11:463316	  549.0	1	   80.0	NaN	NaN	   15.0	  30.53	NaN	  31.23	  -0.74	   0.17	1	  204.0	NaN	NaN	   23.8	 112.99	NaN	 113.75	  -1.03	   0.17	1	  209.0	NaN	NaN	   16.5	 147.56	NaN	 148.27	  -0.80	   0.17	1	   56.0	NaN	NaN	   13.0	  17.65	NaN	  18.15	  -0.79	   0.17	--------	-1	0.00	*
11:523202	  239.0	0	   16.0	NaN	NaN	   17.2	   0.13	NaN	   0.19	  -0.60	   0.00	1	  101.0	NaN	NaN	   36.9	  17.56	NaN	  17.75	  -0.68	   0.00	1	   98.0	NaN	NaN	   21.3	  32.78	NaN	  33.03	  -0.79	   0.00	0	   24.0	NaN	NaN	   20.9	   0.47	NaN	   0.56	  -0.67	   0.00	--------	-1	0.00	*
11:577304	  193.0	0	   21.0	NaN	NaN	   12.4	   1.69	NaN	   1.80	  -0.84	   0.00	1	   57.0	NaN	NaN	   22.6	   8.90	NaN	   9.03	  -0.78	   0.00	1	   67.0	NaN	NaN	   15.2	  21.86	NaN	  22.04	  -0.71	   0.00	1	   48.0	NaN	NaN	   11.9	  14.13	NaN	  14.58	  -0.66	   0.00	--------	-1	0.00	*
11:582094	  347.0	1	   46.0	NaN	NaN	   12.4	  12.27	NaN	  12.70	  -0.66	   0.19	1	  133.0	NaN	NaN	   22.6	  55.38	NaN	  55.89	  -0.84	   0.19	1	  114.0	NaN	NaN	   15.2	  57.99	NaN	  58.39	  -0.81	   0.19	1	   54.0	NaN	NaN	   13.4	  15.86	NaN	  16.34	  -0.68	   0.19	--------	-1	0.00	*
11:620717	  226.0	1	   39.0	NaN	NaN	   12.4	   8.54	NaN	   8.90	  -0.74	   0.31	1	   80.0	NaN	NaN	   22.6	  20.14	NaN	  20.34	  -0.86	   0.31	1	   77.0	NaN	NaN	   15.2	  28.61	NaN	  28.83	  -0.77	   0.31	1	   30.0	NaN	NaN	   11.9	   4.89	NaN	   5.15	  -0.73	   0.31	--------	-1	0.00	*
12:39033	  239.0	1	   25.0	NaN	NaN	   13.5	   2.34	NaN	   2.49	  -0.58	   0.12	1	  114.0	NaN	NaN	   24.6	  38.19	NaN	  38.56	  -0.79	   0.12	1	   64.0	NaN	NaN	   17.0	  17.56	NaN	  17.71	  -0.86	   0.12	1	   36.0	NaN	NaN	   13.1	   6.55	NaN	   6.84	  -0.89	   0.12	--------	-1	0.00	*
12:93332	  307.0	1	   37.0	NaN	NaN	   13.5	   6.69	NaN	   6.99	  -0.78	   0.20	1	  114.0	NaN	NaN	   24.7	  37.96	NaN	  38.33	  -0.99	   0.20	1	  119.0	NaN	NaN	   17.0	  57.25	NaN	  57.65	  -0.90	   0.20	1	   37.0	NaN	NaN	   13.1	   6.98	NaN	   7.30	  -0.65	   0.20	--------	-1	0.00	*
12:232599	  207.0	1	   36.0	NaN	NaN	   14.6	   5.52	NaN	   5.77	  -0.71	   0.13	1	   67.0	NaN	NaN	   24.6	  11.73	NaN	  11.88	  -0.78	   0.13	1	   80.0	NaN	NaN	   17.0	  27.56	NaN	  27.77	  -0.73	   0.13	1	   24.0	NaN	NaN	   13.1	   2.19	NaN	   2.36	  -0.62	   0.13	--------	-1	0.00	*
12:261679	  155.0	1	   24.0	NaN	NaN	   13.5	   2.07	NaN	   2.21	  -0.69	   0.18	1	   53.0	NaN	NaN	   24.6	   6.24	NaN	   6.34	  -0.67	   0.18	1	   53.0	NaN	NaN	   17.0	  11.50	NaN	  11.62	  -0.75	   0.18	1	   25.0	NaN	NaN	   13.1	   2.48	NaN	   2.65	  -0.55	   0.18	--------	-1	0.00	*
12:268854	  322.0	1	   48.0	NaN	NaN	   13.5	  12.13	NaN	  12.56	  -0.72	   0.14	1	  133.0	NaN	NaN	   24.6	  51.44	NaN	  51.91	  -0.83	   0.14	1	  102.0	NaN	NaN	   17.0	  43.48	NaN	  43.81	  -0.76	   0.14	1	   39.0	NaN	NaN	   13.7	   7.45	NaN	   7.78	  -0.77	   0.14	--------	-1	0.00	*
12:350342	  986.0	1	  116.0	NaN	NaN	   25.4	  37.82	NaN	  38.59	  -0.78	   0.23	1	  355.0	NaN	NaN	   45.9	 181.96	NaN	 182.84	  -0.73	   0.23	1	  369.0	NaN	NaN	   44.7	 198.40	NaN	 199.22	  -0.75	   0.23	1	  146.0	NaN	NaN	   22.8	  64.77	NaN	  65.69	  -0.81	   0.23	--------	-1	0.00	*
12:419033	  209.0	1	   38.0	NaN	NaN	   15.2	   5.94	NaN	   6.23	  -0.79	   0.21	1	   81.0	NaN	NaN	   24.6	  18.62	NaN	  18.81	  -0.76	   0.21	1	   69.0	NaN	NaN	   17.0	  20.51	NaN	  20.69	  -0.76	   0.21	0	   21.0	NaN	NaN	   13.9	   1.22	NaN	   1.34	  -0.61	   0.21	--------	-1	0.00	*
12:423979	 1131.9	1	   97.8	NaN	NaN	   22.9	  29.95	NaN	  30.63	  -0.73	   0.18	1	  384.9	NaN	NaN	   42.7	 219.83	NaN	 220.81	  -0.65	   0.18	1	  316.0	NaN	NaN	   42.0	 159.78	NaN	 160.52	  -0.64	   0.18	1	  333.1	NaN	NaN	   28.1	 226.54	NaN	 227.81	  -0.82	   0.18	--------	-1	0.00	*
12:424018	 2047.1	1	  341.2	NaN	NaN	   22.5	 265.71	NaN	 267.08	  -0.72	   0.18	1	  770.1	NaN	NaN	   42.1	 999.00	NaN	 999.00	  -0.67	   0.18	1	  740.0	NaN	NaN	   41.4	 999.00	NaN	 999.00	  -0.67	   0.18	1	  195.9	NaN	NaN	   27.7	  94.02	NaN	  95.01	  -0.73	   0.18	--------	-1	0.00	*
12:447620	   96.0	0	   19.0	NaN	NaN	   13.5	   0.95	NaN	   1.04	  -0.94	   0.00	0	   31.0	NaN	NaN	   24.6	   0.87	NaN	   0.93	  -1.21	   0.00	0	   22.0	NaN	NaN	   17.0	   0.80	NaN	   0.85	  -0.86	   0.00	1	   24.0	NaN	NaN	   13.1	   2.20	NaN	   2.36	  -0.95	   0.00	--------	-1	0.00	*
12:464186	  839.4	1	   83.5	NaN	NaN	   13.5	  36.67	NaN	  37.43	  -0.69	   0.00	1	  368.1	NaN	NaN	   26.4	 274.72	NaN	 275.79	  -0.80	   0.00	1	  281.8	NaN	NaN	   17.0	 229.47	NaN	 230.37	  -0.77	   0.00	1	  106.0	NaN	NaN	   14.3	  53.06	NaN	  53.92	  -0.71	   0.00	--------	-1	0.00	*
12:464397	  110.6	0	    1.5	NaN	NaN	   13.5	  -0.02	NaN	   0.00	   0.11	   0.00	1	   59.9	NaN	NaN	   26.6	   7.64	NaN	   7.76	  -0.21	   0.00	1	   36.2	NaN	NaN	   17.0	   4.66	NaN	   4.73	  -0.15	   0.00	0	   13.0	NaN	NaN	   14.3	   0.17	NaN	   0.24	  -0.09	   0.00	--------	-1	0.00	*
12:685343	  633.0	1	   59.0	NaN	NaN	   17.5	  13.78	NaN	  14.27	  -0.85	   0.17	1	  220.0	NaN	NaN	   37.3	  91.15	NaN	  91.80	  -0.91	   0.17	1	  221.0	NaN	NaN	   30.5	 108.38	NaN	 109.02	  -0.78	   0.17	1	  133.0	NaN	NaN	   19.5	  62.29	NaN	  63.17	  -0.82	   0.17	--------	-1	0.00	*
12:688077	  312.0	1	   36.0	NaN	NaN	   15.4	   5.05	NaN	   5.30	  -0.82	   0.39	1	  116.0	NaN	NaN	   27.1	  35.70	NaN	  36.05	  -0.68	   0.39	1	  131.0	NaN	NaN	   22.9	  53.38	NaN	  53.77	  -0.75	   0.39	1	   29.0	NaN	NaN	   15.8	   2.56	NaN	   2.75	  -0.58	   0.39	--------	-1	0.00	*
12:697502	  306.0	1	   47.0	NaN	NaN	   13.5	  11.59	NaN	  12.01	  -0.84	   0.10	1	  127.0	NaN	NaN	   24.6	  47.12	NaN	  47.56	  -0.76	   0.10	1	   97.0	NaN	NaN	   17.0	  39.67	NaN	  39.97	  -0.79	   0.10	1	   35.0	NaN	NaN	   13.1	   6.11	NaN	   6.40	  -0.65	   0.10	--------	-1	0.00	*
12:707120	  176.0	0	   15.0	NaN	NaN	   14.1	   0.30	NaN	   0.36	  -1.10	   0.27	1	   93.0	NaN	NaN	   24.6	  25.17	NaN	  25.42	  -0.72	   0.27	1	   61.0	NaN	NaN	   17.0	  15.86	NaN	  16.01	  -0.90	   0.27	0	    7.0	NaN	NaN	   13.1	  -0.02	NaN	   0.01	  -0.85	   0.27	--------	-1	0.00	*
12:797163	 3267.8	1	  627.5	NaN	NaN	   23.2	 999.00	NaN	 999.00	  -0.70	   0.03	1	  998.4	NaN	NaN	   37.1	 999.00	NaN	 999.00	  -0.66	   0.03	1	  934.3	NaN	NaN	   33.1	 999.00	NaN	 999.00	  -0.62	   0.03	1	  707.7	NaN	NaN	   28.2	 999.00	NaN	 999.00	  -0.64	   0.03	--------	-1	0.00	*
12:797208	 2950.2	1	  500.5	NaN	NaN	   23.2	 999.00	NaN	 999.00	  -0.67	   0.03	1	  748.6	NaN	NaN	   36.8	 999.00	NaN	 999.00	  -0.64	   0.03	1	  905.7	NaN	NaN	   33.1	 999.00	NaN	 999.00	  -0.59	   0.03	1	  795.3	NaN	NaN	   28.3	 999.00	NaN	 999.00	  -0.62	   0.03	--------	-1	0.00	*
12:831032	  422.0	1	   49.0	NaN	NaN	   13.5	  12.68	NaN	  13.12	  -0.91	   0.10	1	  150.0	NaN	NaN	   24.6	  64.31	NaN	  64.86	  -0.88	   0.10	1	  162.0	NaN	NaN	   17.0	  96.48	NaN	  97.06	  -0.91	   0.10	1	   61.0	NaN	NaN	   14.9	  18.12	NaN	  18.63	  -0.78	   0.10	--------	-1	0.00	*
12:834706	  386.0	1	   59.0	NaN	NaN	   13.5	  18.72	NaN	  19.31	  -0.59	   0.00	1	  145.0	NaN	NaN	   24.6	  60.42	NaN	  60.96	  -0.82	   0.00	1	  123.0	NaN	NaN	   17.0	  60.64	NaN	  61.06	  -0.77	   0.00	1	   59.0	NaN	NaN	   14.7	  17.18	NaN	  17.67	  -0.75	   0.00	--------	-1	0.00	*
12:884112	  832.0	1	  150.0	NaN	NaN	   15.8	  88.61	NaN	  89.66	  -0.80	   0.10	1	  243.0	NaN	NaN	   24.9	 146.59	NaN	 147.41	  -0.84	   0.10	1	  314.0	NaN	NaN	   17.0	 269.18	NaN	 270.17	  -0.76	   0.10	1	  125.0	NaN	NaN	   15.0	  67.97	NaN	  68.90	  -0.79	   0.10	--------	-1	0.00	*
13:13380	  360.0	1	   39.0	NaN	NaN	   12.5	   8.45	NaN	   8.80	  -0.64	   0.28	1	  129.0	NaN	NaN	   25.3	  47.29	NaN	  47.74	  -0.76	   0.28	1	  107.0	NaN	NaN	   17.5	  46.36	NaN	  46.72	  -0.78	   0.28	1	   85.0	NaN	NaN	   14.8	  34.78	NaN	  35.50	  -0.73	   0.28	--------	-1	0.00	*
13:32434	  258.0	1	   52.0	NaN	NaN	   12.5	  15.77	NaN	  16.30	  -0.64	   0.16	1	   46.0	NaN	NaN	   23.1	   4.67	NaN	   4.75	  -0.77	   0.16	1	  109.0	NaN	NaN	   15.8	  52.03	NaN	  52.41	  -0.73	   0.16	1	   51.0	NaN	NaN	   12.2	  15.64	NaN	  16.10	  -0.92	   0.16	--------	-1	0.00	*
13:85833	  218.0	1	   42.0	NaN	NaN	   14.3	   8.35	NaN	   8.70	  -0.70	   0.38	1	   86.0	NaN	NaN	   25.6	  20.16	NaN	  20.35	  -0.77	   0.38	1	   65.0	NaN	NaN	   15.8	  19.72	NaN	  19.89	  -0.86	   0.38	1	   25.0	NaN	NaN	   12.8	   2.61	NaN	   2.79	  -0.89	   0.38	--------	-1	0.00	*
13:98822	  133.0	0	   22.0	NaN	NaN	   12.5	   1.90	NaN	   2.03	  -0.52	   0.00	1	   54.0	NaN	NaN	   23.1	   7.40	NaN	   7.51	  -0.57	   0.00	1	   43.0	NaN	NaN	   15.8	   7.84	NaN	   7.92	  -0.76	   0.00	0	   14.0	NaN	NaN	   12.2	   0.38	NaN	   0.47	  -0.85	   0.00	--------	-1	0.00	*
13:113927	  348.0	1	   33.0	NaN	NaN	   12.5	   5.71	NaN	   5.98	  -0.77	   0.64	1	  120.0	NaN	NaN	   24.0	  43.15	NaN	  43.55	  -0.73	   0.64	1	  160.0	NaN	NaN	   16.8	  95.36	NaN	  95.92	  -0.70	   0.64	1	   35.0	NaN	NaN	   12.4	   6.63	NaN	   6.93	  -0.53	   0.64	--------	-1	0.00	*
13:181103	  301.0	1	   40.0	NaN	NaN	   12.8	   8.63	NaN	   8.98	  -0.84	   0.09	1	  135.0	NaN	NaN	   23.7	  54.60	NaN	  55.09	  -0.83	   0.09	1	   93.0	NaN	NaN	   15.8	  39.19	NaN	  39.49	  -0.74	   0.09	1	   33.0	NaN	NaN	   12.2	   5.93	NaN	   6.21	  -0.69	   0.09	--------	-1	0.00	*
13:265649	  302.0	0	   28.0	NaN	NaN	   17.5	   1.78	NaN	   1.90	  -0.63	   0.33	1	  116.0	NaN	NaN	   30.8	  30.89	NaN	  31.21	  -0.68	   0.33	1	  124.0	NaN	NaN	   25.1	  44.14	NaN	  44.47	  -0.70	   0.33	1	   34.0	NaN	NaN	   19.3	   2.64	NaN	   2.82	  -0.77	   0.33	--------	-1	0.00	*
13:285551	  281.0	1	   33.0	NaN	NaN	   15.5	   3.93	NaN	   4.15	  -0.64	   0.28	1	   93.0	NaN	NaN	   25.6	  23.93	NaN	  24.17	  -0.77	   0.28	1	  133.0	NaN	NaN	   20.1	  61.06	NaN	  61.48	  -0.90	   0.28	0	   22.0	NaN	NaN	   13.5	   1.55	NaN	   1.68	  -0.50	   0.28	--------	-1	0.00	*
13:317794	  140.0	1	   24.0	NaN	NaN	   12.5	   2.45	NaN	   2.61	  -0.77	   0.00	1	   54.0	NaN	NaN	   23.1	   7.39	NaN	   7.51	  -0.78	   0.00	1	   46.0	NaN	NaN	   15.8	   9.21	NaN	   9.30	  -0.91	   0.00	0	   16.0	NaN	NaN	   12.2	   0.68	NaN	   0.77	  -1.14	   0.00	--------	-1	0.00	*
13:379946	  336.0	1	   33.0	NaN	NaN	   14.2	   4.63	NaN	   4.85	  -0.69	   0.18	1	  123.0	NaN	NaN	   23.8	  45.59	NaN	  46.01	  -0.79	   0.18	1	  144.0	NaN	NaN	   16.0	  82.60	NaN	  83.13	  -0.81	   0.18	1	   36.0	NaN	NaN	   12.7	   6.84	NaN	   7.15	  -0.93	   0.18	--------	-1	0.00	*
13:534665	  685.0	1	   80.0	NaN	NaN	   15.2	  30.18	NaN	  30.88	  -0.72	   0.27	1	  228.0	NaN	NaN	   32.0	 110.24	NaN	 110.99	  -0.86	   0.27	1	  276.0	NaN	NaN	   23.4	 186.92	NaN	 187.70	  -0.84	   0.27	1	  101.0	NaN	NaN	   16.0	  44.40	NaN	  45.20	  -0.84	   0.27	--------	-1	0.00	*
13:601785	  293.0	1	   42.0	NaN	NaN	   17.4	   6.09	NaN	   6.38	  -0.65	   0.30	1	   88.0	NaN	NaN	   25.6	  21.23	NaN	  21.43	  -0.76	   0.30	1	  119.0	NaN	NaN	   21.8	  46.51	NaN	  46.88	  -0.77	   0.30	1	   44.0	NaN	NaN	   18.8	   6.00	NaN	   6.28	  -0.86	   0.30	--------	-1	0.00	*
13:603000	  635.0	1	  106.0	NaN	NaN	   18.4	  43.28	NaN	  44.08	  -0.81	   0.29	1	  254.0	NaN	NaN	   27.4	 148.12	NaN	 148.94	  -0.80	   0.29	1	  196.0	NaN	NaN	   21.8	 112.08	NaN	 112.73	  -0.81	   0.29	1	   79.0	NaN	NaN	   16.1	  27.89	NaN	  28.54	  -0.68	   0.29	--------	-1	0.00	*
13:630972	  196.0	0	   26.0	NaN	NaN	   16.0	   1.77	NaN	   1.89	  -0.81	   0.00	1	   60.0	NaN	NaN	   28.7	   6.55	NaN	   6.65	  -0.83	   0.00	1	   89.0	NaN	NaN	   23.2	  24.55	NaN	  24.74	  -0.83	   0.00	0	   21.0	NaN	NaN	   16.1	   0.76	NaN	   0.86	  -0.55	   0.00	--------	-1	0.00	*
13:775064	  223.0	1	   49.0	NaN	NaN	   12.5	  13.85	NaN	  14.35	  -0.93	   0.00	1	   86.0	NaN	NaN	   23.1	  22.89	NaN	  23.11	  -0.76	   0.00	1	   66.0	NaN	NaN	   15.8	  20.34	NaN	  20.51	  -0.81	   0.00	0	   22.0	NaN	NaN	   12.2	   1.99	NaN	   2.14	  -0.61	   0.00	--------	-1	0.00	*
13:787852	  341.0	1	   61.0	NaN	NaN	   16.1	  16.50	NaN	  17.06	  -0.69	   0.03	1	  110.0	NaN	NaN	   23.1	  37.82	NaN	  38.18	  -0.81	   0.03	1	  100.0	NaN	NaN	   15.8	  44.67	NaN	  45.01	  -0.85	   0.03	1	   70.0	NaN	NaN	   13.4	  26.45	NaN	  27.07	  -0.81	   0.03	--------	-1	0.00	*
13:803594	  245.0	1	   31.0	NaN	NaN	   12.5	   4.89	NaN	   5.13	  -0.82	   0.22	1	   90.0	NaN	NaN	   23.1	  25.18	NaN	  25.44	  -0.72	   0.22	1	   86.0	NaN	NaN	   15.8	  33.93	NaN	  34.20	  -0.92	   0.22	1	   38.0	NaN	NaN	   12.2	   8.24	NaN	   8.58	  -0.93	   0.22	--------	-1	0.00	*
13:829266	  322.0	1	   51.0	NaN	NaN	   13.9	  13.30	NaN	  13.76	  -0.69	   0.34	1	   96.0	NaN	NaN	   23.1	  28.78	NaN	  29.08	  -0.82	   0.34	1	  132.0	NaN	NaN	   19.5	  61.72	NaN	  62.15	  -0.73	   0.34	1	   43.0	NaN	NaN	   12.8	  10.16	NaN	  10.54	  -0.57	   0.34	--------	-1	0.00	*
13:857595	  192.0	1	   32.0	NaN	NaN	   12.5	   5.30	NaN	   5.55	  -0.86	   0.00	1	   70.0	NaN	NaN	   23.1	  14.30	NaN	  14.46	  -0.73	   0.00	1	   69.0	NaN	NaN	   15.8	  22.23	NaN	  22.41	  -0.72	   0.00	0	   21.0	NaN	NaN	   12.2	   1.72	NaN	   1.87	  -0.45	   0.00	--------	-1	0.00	*
13:879468	 1235.0	1	  186.0	NaN	NaN	   17.9	 116.51	NaN	 117.65	  -0.88	   0.12	1	  391.0	NaN	NaN	   27.5	 293.72	NaN	 294.85	  -0.89	   0.12	1	  399.0	NaN	NaN	   24.3	 999.00	NaN	 999.00	  -0.75	   0.12	1	  259.0	NaN	NaN	   19.5	 187.20	NaN	 188.34	  -0.83	   0.12	--------	-1	0.00	*
13:889580	  790.0	1	  121.0	NaN	NaN	   14.3	  66.26	NaN	  67.19	  -0.82	   0.11	1	  297.0	NaN	NaN	   23.1	 211.01	NaN	 211.94	  -0.87	   0.11	1	  245.0	NaN	NaN	   15.8	 193.05	NaN	 193.84	  -0.83	   0.11	1	  127.0	NaN	NaN	   16.9	  63.87	NaN	  64.77	  -0.82	   0.11	--------	-1	0.00	*
14:97218	  297.0	1	   48.0	NaN	NaN	   12.3	  13.55	NaN	  14.03	  -0.65	   0.11	1	  106.0	NaN	NaN	   22.7	  35.89	NaN	  36.24	  -0.71	   0.11	1	   80.0	NaN	NaN	   18.2	  25.72	NaN	  25.92	  -0.71	   0.11	1	   63.0	NaN	NaN	   14.0	  20.63	NaN	  21.17	  -0.83	   0.11	--------	-1	0.00	*
14:112299	 2902.0	1	  401.0	NaN	NaN	   14.6	 999.00	NaN	 999.00	  -0.85	   0.12	1	  841.0	NaN	NaN	   31.0	 999.00	NaN	 999.00	  -0.69	   0.12	1	  874.0	NaN	NaN	   28.0	 999.00	NaN	 999.00	  -0.70	   0.12	1	  786.0	NaN	NaN	   25.5	 999.00	NaN	 999.00	  -0.65	   0.12	--------	-1	0.00	*
14:188202	  932.8	1	  108.0	NaN	NaN	   15.3	  52.87	NaN	  53.74	  -0.83	   0.09	1	  322.6	NaN	NaN	   29.9	 207.44	NaN	 208.35	  -0.70	   0.09	1	  439.6	NaN	NaN	   25.9	 999.00	NaN	 999.00	  -0.68	   0.09	1	   62.6	NaN	NaN	   18.7	  14.67	NaN	  15.12	  -0.72	   0.09	--------	-1	0.00	*
14:188235	 1237.2	1	  163.0	NaN	NaN	   15.3	 103.84	NaN	 104.94	  -0.79	   0.09	1	  366.4	NaN	NaN	   29.7	 254.78	NaN	 255.79	  -0.73	   0.09	1	  325.4	NaN	NaN	   25.9	 229.14	NaN	 230.03	  -0.73	   0.09	1	  382.4	NaN	NaN	   18.6	 999.00	NaN	 999.00	  -0.74	   0.09	--------	-1	0.00	*
14:362222	  456.0	1	   49.0	NaN	NaN	   17.3	   9.05	NaN	   9.41	  -0.70	   0.20	1	  205.0	NaN	NaN	   31.3	  92.82	NaN	  93.49	  -0.81	   0.20	1	  122.0	NaN	NaN	   31.6	  33.56	NaN	  33.82	  -0.90	   0.20	1	   80.0	NaN	NaN	   23.4	  19.00	NaN	  19.53	  -0.66	   0.20	--------	-1	0.00	*
14:390776	  379.0	1	   44.0	NaN	NaN	   13.5	   9.99	NaN	  10.38	  -0.70	   0.41	1	  139.0	NaN	NaN	   27.6	  50.23	NaN	  50.70	  -0.84	   0.41	1	  142.0	NaN	NaN	   18.4	  73.21	NaN	  73.70	  -0.72	   0.41	1	   54.0	NaN	NaN	   13.8	  15.35	NaN	  15.81	  -0.62	   0.41	--------	-1	0.00	*
14:468083	  129.0	0	   21.0	NaN	NaN	   13.2	   1.45	NaN	   1.55	  -0.99	   0.00	1	   47.0	NaN	NaN	   22.7	   5.20	NaN	   5.29	  -0.84	   0.00	1	   51.0	NaN	NaN	   15.4	  12.06	NaN	  12.18	  -0.58	   0.00	0	   10.0	NaN	NaN	   12.6	   0.04	NaN	   0.09	  -0.94	   0.00	--------	-1	0.00	*
14:491029	  230.0	0	   33.0	NaN	NaN	   21.7	   1.73	NaN	   1.84	  -0.72	   0.37	1	   93.0	NaN	NaN	   30.7	  18.87	NaN	  19.06	  -0.78	   0.37	1	   69.0	NaN	NaN	   26.2	  11.42	NaN	  11.53	  -0.93	   0.37	1	   35.0	NaN	NaN	   17.9	   3.44	NaN	   3.65	  -0.81	   0.37	--------	-1	0.00	*
14:508765	  497.0	1	   76.0	NaN	NaN	   12.3	  33.10	NaN	  33.84	  -0.86	   0.05	1	  191.0	NaN	NaN	   22.7	 104.53	NaN	 105.26	  -0.90	   0.05	1	  187.0	NaN	NaN	   15.4	 129.18	NaN	 129.85	  -0.85	   0.05	1	   43.0	NaN	NaN	   12.6	  10.40	NaN	  10.79	  -0.93	   0.05	--------	-1	0.00	*
15:38778	  369.0	1	   26.0	NaN	NaN	   13.0	   2.84	NaN	   3.02	  -0.62	   0.27	1	   92.0	NaN	NaN	   23.7	  25.63	NaN	  25.89	  -0.83	   0.27	1	  166.0	NaN	NaN	   16.6	 101.83	NaN	 102.44	  -0.87	   0.27	1	   85.0	NaN	NaN	   13.7	  37.08	NaN	  37.82	  -0.70	   0.27	--------	-1	0.00	*
15:55200	  288.0	1	   43.0	NaN	NaN	   13.0	  10.00	NaN	  10.39	  -0.85	   0.02	1	  114.0	NaN	NaN	   23.7	  39.58	NaN	  39.96	  -0.93	   0.02	1	  103.0	NaN	NaN	   16.6	  45.08	NaN	  45.43	  -0.84	   0.02	1	   28.0	NaN	NaN	   13.0	   3.46	NaN	   3.68	  -0.70	   0.02	--------	-1	0.00	*
15:83207	  241.0	1	   29.0	NaN	NaN	   15.0	   2.87	NaN	   3.05	  -1.13	   0.22	1	  112.0	NaN	NaN	   28.3	  31.69	NaN	  32.02	  -0.78	   0.22	1	   81.0	NaN	NaN	   16.6	  28.84	NaN	  29.06	  -0.86	   0.22	0	   19.0	NaN	NaN	   13.0	   1.04	NaN	   1.15	  -0.98	   0.22	--------	-1	0.00	*
15:92960	  372.0	1	   67.0	NaN	NaN	   17.6	  18.16	NaN	  18.73	  -0.80	   0.13	1	  107.0	NaN	NaN	   29.5	  27.34	NaN	  27.63	  -0.77	   0.13	1	  130.0	NaN	NaN	   19.8	  59.42	NaN	  59.83	  -0.70	   0.13	1	   68.0	NaN	NaN	   16.5	  20.20	NaN	  20.73	  -0.87	   0.13	--------	-1	0.00	*
15:155827	  285.0	1	   37.0	NaN	NaN	   13.0	   7.08	NaN	   7.40	  -0.72	   0.00	1	  122.0	NaN	NaN	   23.7	  45.12	NaN	  45.55	  -0.74	   0.00	1	   97.0	NaN	NaN	   16.6	  40.44	NaN	  40.74	  -0.86	   0.00	1	   29.0	NaN	NaN	   13.0	   3.80	NaN	   4.04	  -0.66	   0.00	--------	-1	0.00	*
15:211134	  187.0	0	   24.0	NaN	NaN	   14.5	   1.76	NaN	   1.87	  -0.79	   0.00	1	   67.0	NaN	NaN	   24.4	  11.82	NaN	  11.97	  -0.85	   0.00	1	   58.0	NaN	NaN	   19.1	  12.06	NaN	  12.18	  -0.81	   0.00	1	   38.0	NaN	NaN	   13.1	   7.44	NaN	   7.77	  -0.81	   0.00	--------	-1	0.00	*
15:279735	  404.0	1	   66.0	NaN	NaN	   13.7	  23.10	NaN	  23.73	  -0.75	   0.12	1	  151.0	NaN	NaN	   23.7	  67.04	NaN	  67.61	  -0.76	   0.12	1	  142.0	NaN	NaN	   16.6	  78.70	NaN	  79.23	  -0.73	   0.12	1	   45.0	NaN	NaN	   13.0	  11.03	NaN	  11.43	  -0.59	   0.12	--------	-1	0.00	*
15:472370	  160.0	1	   27.0	NaN	NaN	   16.0	   2.00	NaN	   2.13	  -0.80	   0.00	1	   54.0	NaN	NaN	   23.9	   6.96	NaN	   7.06	  -0.99	   0.00	1	   61.0	NaN	NaN	   18.7	  13.94	NaN	  14.07	  -0.74	   0.00	0	   18.0	NaN	NaN	   13.4	   0.77	NaN	   0.88	  -0.57	   0.00	--------	-1	0.00	*
15:487453	  522.0	1	   64.0	NaN	NaN	   16.1	  18.26	NaN	  18.84	  -0.58	   0.55	1	  199.0	NaN	NaN	   29.1	  93.26	NaN	  93.93	  -0.75	   0.55	1	  171.0	NaN	NaN	   21.9	  88.97	NaN	  89.52	  -0.83	   0.55	1	   88.0	NaN	NaN	   18.2	  30.65	NaN	  31.34	  -0.68	   0.55	--------	-1	0.00	*
15:511396	  271.0	1	   44.0	NaN	NaN	   13.0	  10.52	NaN	  10.93	  -0.76	   0.04	1	   98.0	NaN	NaN	   27.3	  24.84	NaN	  25.09	  -0.81	   0.04	1	  107.0	NaN	NaN	   18.2	  44.91	NaN	  45.25	  -0.78	   0.04	0	   22.0	NaN	NaN	   13.0	   1.70	NaN	   1.84	  -0.58	   0.04	--------	-1	0.00	*
15:520665	  253.0	1	   37.0	NaN	NaN	   13.0	   7.09	NaN	   7.40	  -0.74	   0.26	1	   99.0	NaN	NaN	   23.7	  29.84	NaN	  30.15	  -0.81	   0.26	1	   91.0	NaN	NaN	   16.6	  35.95	NaN	  36.22	  -0.74	   0.26	0	   26.0	NaN	NaN	   15.6	   1.87	NaN	   2.02	  -0.61	   0.26	--------	-1	0.00	*
15:550609	 2126.0	1	  160.0	NaN	NaN	   13.0	 111.05	NaN	 112.17	  -0.83	   0.16	1	  604.0	NaN	NaN	   26.0	 999.00	NaN	 999.00	  -0.74	   0.16	1	  905.0	NaN	NaN	   23.6	 999.00	NaN	 999.00	  -0.70	   0.16	1	  457.0	NaN	NaN	   19.3	 999.00	NaN	 999.00	  -0.76	   0.16	--------	-1	0.00	*
15:577919	  108.0	0	    8.0	NaN	NaN	   13.0	  -0.01	NaN	   0.02	  -0.81	   0.00	1	   41.0	NaN	NaN	   23.7	   3.03	NaN	   3.10	  -0.55	   0.00	1	   47.0	NaN	NaN	   16.6	   8.96	NaN	   9.06	  -0.77	   0.00	0	   12.0	NaN	NaN	   13.0	   0.12	NaN	   0.19	  -0.57	   0.00	--------	-1	0.00	*
15:584050	  234.0	0	   19.0	NaN	NaN	   13.0	   1.07	NaN	   1.16	  -0.73	   0.30	1	   93.0	NaN	NaN	   23.7	  26.22	NaN	  26.49	  -0.75	   0.30	1	   79.0	NaN	NaN	   16.6	  27.49	NaN	  27.70	  -0.85	   0.30	1	   43.0	NaN	NaN	   13.0	   9.98	NaN	  10.35	  -0.73	   0.30	--------	-1	0.00	*
15:633381	  656.0	1	   76.0	NaN	NaN	   13.0	  31.58	NaN	  32.30	  -0.85	   0.15	1	  257.0	NaN	NaN	   23.7	 165.40	NaN	 166.27	  -0.81	   0.15	1	  252.0	NaN	NaN	   16.6	 195.96	NaN	 196.76	  -0.80	   0.15	1	   71.0	NaN	NaN	   13.0	  27.80	NaN	  28.44	  -0.87	   0.15	--------	-1	0.00	*
15:636628	  183.0	1	   25.0	NaN	NaN	   13.5	   2.33	NaN	   2.48	  -0.68	   0.54	1	   85.0	NaN	NaN	   23.7	  21.66	NaN	  21.87	  -0.72	   0.54	1	   54.0	NaN	NaN	   16.6	  12.36	NaN	  12.49	  -0.69	   0.54	0	   19.0	NaN	NaN	   15.0	   0.65	NaN	   0.74	  -0.43	   0.54	--------	-1	0.00	*
15:666829	  213.0	0	   29.0	NaN	NaN	   25.7	   0.48	NaN	   0.55	  -0.81	   0.48	1	   86.0	NaN	NaN	   42.8	   8.28	NaN	   8.40	  -0.67	   0.48	1	   69.0	NaN	NaN	   40.6	   4.45	NaN	   4.52	  -0.78	   0.48	0	   29.0	NaN	NaN	   18.7	   1.65	NaN	   1.79	  -0.52	   0.48	--------	-1	0.00	*
15:673413	  512.0	1	   74.0	NaN	NaN	   14.6	  26.96	NaN	  27.63	  -0.84	   0.13	1	  182.0	NaN	NaN	   28.7	  80.32	NaN	  80.93	  -0.83	   0.13	1	  185.0	NaN	NaN	   19.8	 108.85	NaN	 109.49	  -0.84	   0.13	1	   71.0	NaN	NaN	   17.3	  21.04	NaN	  21.59	  -0.77	   0.13	--------	-1	0.00	*
15:762448	  175.0	0	   27.0	NaN	NaN	   17.3	   1.61	NaN	   1.72	  -0.74	   0.21	1	   73.0	NaN	NaN	   30.5	  10.20	NaN	  10.34	  -0.76	   0.21	1	   52.0	NaN	NaN	   24.7	   5.86	NaN	   5.94	  -0.80	   0.21	0	   23.0	NaN	NaN	   18.4	   0.68	NaN	   0.77	  -0.45	   0.21	--------	-1	0.00	*
15:831133	  226.0	1	   51.0	NaN	NaN	   14.1	  13.08	NaN	  13.53	  -0.75	   0.25	1	   55.0	NaN	NaN	   24.2	   7.17	NaN	   7.28	  -0.71	   0.25	1	   67.0	NaN	NaN	   16.6	  19.79	NaN	  19.96	  -0.73	   0.25	1	   53.0	NaN	NaN	   13.0	  15.74	NaN	  16.21	  -0.75	   0.25	--------	-1	0.00	*
15:902132	  276.0	0	   50.0	NaN	NaN	   37.6	   1.41	NaN	   1.51	  -0.75	   0.28	1	  105.0	NaN	NaN	   52.8	   9.66	NaN	   9.79	  -0.82	   0.28	1	   84.0	NaN	NaN	   40.9	   8.52	NaN	   8.61	  -0.82	   0.28	1	   37.0	NaN	NaN	   22.2	   2.43	NaN	   2.60	  -0.67	   0.28	--------	-1	0.00	*
15:902930	  545.0	1	   54.0	NaN	NaN	   37.0	   2.14	NaN	   2.29	  -0.61	   0.45	1	  235.0	NaN	NaN	   51.6	  76.11	NaN	  76.71	  -0.69	   0.45	1	  201.0	NaN	NaN	   41.5	  69.48	NaN	  69.95	  -0.80	   0.45	1	   55.0	NaN	NaN	   20.8	   9.06	NaN	   9.42	  -0.71	   0.45	--------	-1	0.00	*
15:997988	  553.0	1	   78.0	NaN	NaN	   15.3	  28.62	NaN	  29.30	  -0.73	   0.26	1	  198.0	NaN	NaN	   29.1	  92.44	NaN	  93.10	  -0.74	   0.26	1	  193.0	NaN	NaN	   24.4	 100.91	NaN	 101.52	  -0.87	   0.26	1	   84.0	NaN	NaN	   20.5	  24.65	NaN	  25.25	  -0.71	   0.26	--------	-1	0.00	*
15:1023225	 1185.0	1	  154.0	NaN	NaN	   14.5	  97.94	NaN	  99.03	  -0.90	   0.11	1	  354.0	NaN	NaN	   26.8	 255.48	NaN	 256.51	  -0.85	   0.11	1	  387.0	NaN	NaN	   20.4	 999.00	NaN	 999.00	  -0.74	   0.11	1	  290.0	NaN	NaN	   19.9	 220.26	NaN	 221.51	  -0.73	   0.11	--------	-1	0.00	*
15:1033802	  539.0	1	   60.0	NaN	NaN	   14.0	  18.64	NaN	  19.23	  -0.75	   0.19	1	  208.0	NaN	NaN	   27.3	 105.73	NaN	 106.46	  -0.81	   0.19	1	  235.0	NaN	NaN	   23.1	 145.67	NaN	 146.37	  -0.75	   0.19	1	   36.0	NaN	NaN	   16.0	   4.69	NaN	   4.94	  -0.90	   0.19	--------	-1	0.00	*
15:1073961	  121.0	0	   14.0	NaN	NaN	   13.0	   0.31	NaN	   0.37	  -1.13	   0.00	1	   48.0	NaN	NaN	   23.7	   5.03	NaN	   5.11	  -0.62	   0.00	1	   42.0	NaN	NaN	   16.6	   6.79	NaN	   6.87	  -0.90	   0.00	0	   17.0	NaN	NaN	   13.0	   0.68	NaN	   0.78	  -0.63	   0.00	--------	-1	0.00	*
16:204221	  504.0	1	   51.0	NaN	NaN	   13.7	  13.54	NaN	  14.01	  -0.68	   0.11	1	  185.0	NaN	NaN	   25.4	  91.18	NaN	  91.83	  -0.82	   0.11	1	  193.0	NaN	NaN	   17.8	 124.56	NaN	 125.23	  -0.85	   0.11	1	   75.0	NaN	NaN	   13.5	  29.84	NaN	  30.53	  -0.75	   0.11	--------	-1	0.00	*
16:236063	  462.0	1	   58.0	NaN	NaN	   14.1	  17.31	NaN	  17.88	  -0.56	   0.47	1	  142.0	NaN	NaN	   27.0	  53.33	NaN	  53.82	  -0.72	   0.47	1	  178.0	NaN	NaN	   21.4	  96.55	NaN	  97.13	  -0.68	   0.47	1	   84.0	NaN	NaN	   13.5	  36.76	NaN	  37.49	  -0.78	   0.47	--------	-1	0.00	*
16:279651	  403.0	1	   51.0	NaN	NaN	   14.1	  13.13	NaN	  13.59	  -0.78	   0.12	1	  164.0	NaN	NaN	   26.6	  70.86	NaN	  71.44	  -0.74	   0.12	1	  135.0	NaN	NaN	   17.8	  68.89	NaN	  69.35	  -0.91	   0.12	1	   53.0	NaN	NaN	   16.1	  12.06	NaN	  12.47	  -0.67	   0.12	--------	-1	0.00	*
16:281593	  496.0	1	   61.0	NaN	NaN	   13.7	  19.68	NaN	  20.28	  -0.77	   0.20	1	  191.0	NaN	NaN	   27.7	  90.19	NaN	  90.82	  -0.82	   0.20	1	  176.0	NaN	NaN	   19.6	 100.71	NaN	 101.31	  -0.83	   0.20	1	   68.0	NaN	NaN	   15.3	  21.85	NaN	  22.41	  -0.67	   0.20	--------	-1	0.00	*
16:305484	  500.0	1	  102.0	NaN	NaN	   14.3	  49.63	NaN	  50.46	  -0.86	   0.27	1	  154.0	NaN	NaN	   25.4	  65.69	NaN	  66.24	  -0.68	   0.27	1	  187.0	NaN	NaN	   17.8	 118.40	NaN	 119.05	  -0.79	   0.27	1	   57.0	NaN	NaN	   13.5	  17.58	NaN	  18.08	  -0.80	   0.27	--------	-1	0.00	*
16:348047	  201.0	0	   32.0	NaN	NaN	   20.5	   1.83	NaN	   1.95	  -0.80	   0.00	1	   77.0	NaN	NaN	   51.2	   3.26	NaN	   3.33	  -0.76	   0.00	1	   65.0	NaN	NaN	   28.5	   8.37	NaN	   8.46	  -0.91	   0.00	0	   27.0	NaN	NaN	   17.5	   1.55	NaN	   1.68	  -0.66	   0.00	--------	-1	0.00	*
16:414611	  219.0	1	   40.0	NaN	NaN	   16.0	   6.21	NaN	   6.50	  -0.58	   0.12	1	   64.0	NaN	NaN	   27.6	   8.52	NaN	   8.64	  -0.86	   0.12	1	   70.0	NaN	NaN	   20.6	  16.88	NaN	  17.03	  -0.84	   0.12	1	   45.0	NaN	NaN	   16.7	   7.80	NaN	   8.14	  -0.83	   0.12	--------	-1	0.00	*
16:433634	  210.0	1	   40.0	NaN	NaN	   13.7	   7.86	NaN	   8.20	  -0.78	   0.29	1	   64.0	NaN	NaN	   25.4	   9.90	NaN	  10.03	  -0.56	   0.29	1	   89.0	NaN	NaN	   17.8	  32.41	NaN	  32.66	  -0.74	   0.29	0	   17.0	NaN	NaN	   15.3	   0.36	NaN	   0.44	  -0.68	   0.29	--------	-1	0.00	*
16:439888	 1214.7	1	  276.5	NaN	NaN	   18.3	 214.70	NaN	 216.04	  -0.75	   0.47	1	  350.6	NaN	NaN	   36.9	 207.55	NaN	 208.47	  -0.65	   0.47	1	  366.4	NaN	NaN	   33.7	 236.78	NaN	 237.70	  -0.69	   0.47	1	  221.2	NaN	NaN	   28.5	 114.41	NaN	 115.47	  -0.88	   0.47	--------	-1	0.00	*
16:439917	 1709.3	1	  212.5	NaN	NaN	   18.0	 144.21	NaN	 145.43	  -0.69	   0.47	1	  711.4	NaN	NaN	   37.6	 999.00	NaN	 999.00	  -0.60	   0.47	1	  568.6	NaN	NaN	   33.7	 999.00	NaN	 999.00	  -0.61	   0.47	1	  216.8	NaN	NaN	   28.6	 109.55	NaN	 110.59	  -0.75	   0.47	--------	-1	0.00	*
16:440449	 2092.0	1	  336.0	NaN	NaN	   18.8	 283.24	NaN	 284.74	  -0.66	   0.17	1	  790.0	NaN	NaN	   39.0	 999.00	NaN	 999.00	  -0.61	   0.17	1	  705.0	NaN	NaN	   34.4	 999.00	NaN	 999.00	  -0.65	   0.17	1	  261.0	NaN	NaN	   29.4	 147.29	NaN	 148.42	  -0.82	   0.17	--------	-1	0.00	*
16:594399	  585.0	1	  124.0	NaN	NaN	   26.5	  41.41	NaN	  42.21	  -0.73	   0.22	1	  178.0	NaN	NaN	   35.1	  64.42	NaN	  64.97	  -0.73	   0.22	1	  186.0	NaN	NaN	   36.5	  67.75	NaN	  68.20	  -0.80	   0.22	1	   97.0	NaN	NaN	   24.9	  26.79	NaN	  27.42	  -0.78	   0.22	--------	-1	0.00	*
16:599586	 1157.0	1	  178.0	NaN	NaN	   14.3	 124.31	NaN	 125.48	  -0.79	   0.11	1	  376.0	NaN	NaN	   28.7	 270.00	NaN	 271.05	  -0.77	   0.11	1	  411.0	NaN	NaN	   21.0	 999.00	NaN	 999.00	  -0.68	   0.11	1	  192.0	NaN	NaN	   18.3	 121.01	NaN	 122.09	  -0.85	   0.11	--------	-1	0.00	*
16:649834	  736.0	1	   96.0	NaN	NaN	   14.1	  45.06	NaN	  45.87	  -0.69	   0.23	1	  259.0	NaN	NaN	   25.4	 160.61	NaN	 161.47	  -0.80	   0.23	1	  276.0	NaN	NaN	   17.8	 217.18	NaN	 218.05	  -0.72	   0.23	1	  105.0	NaN	NaN	   15.7	  48.44	NaN	  49.26	  -0.71	   0.23	--------	-1	0.00	*
16:653760	  274.0	1	   49.0	NaN	NaN	   14.8	  11.36	NaN	  11.77	  -0.72	   0.24	1	  113.0	NaN	NaN	   25.4	  36.32	NaN	  36.68	  -0.79	   0.24	1	   94.0	NaN	NaN	   17.8	  35.95	NaN	  36.22	  -0.77	   0.24	0	   18.0	NaN	NaN	   13.5	   0.76	NaN	   0.86	  -0.57	   0.24	--------	-1	0.00	*
16:703373	  783.7	1	  158.6	NaN	NaN	   20.2	  82.51	NaN	  83.55	  -0.67	   0.08	1	  216.1	NaN	NaN	   32.7	  99.12	NaN	  99.83	  -0.59	   0.08	1	  158.4	NaN	NaN	   28.3	  63.46	NaN	  63.89	  -0.54	   0.08	1	  250.6	NaN	NaN	   17.6	 188.72	NaN	 189.89	  -0.68	   0.08	--------	-1	0.00	*
16:703393	 2810.3	1	  548.4	NaN	NaN	   20.2	 999.00	NaN	 999.00	  -0.72	   0.08	1	  790.9	NaN	NaN	   32.9	 999.00	NaN	 999.00	  -0.69	   0.08	1	  982.6	NaN	NaN	   28.6	 999.00	NaN	 999.00	  -0.63	   0.08	1	  488.4	NaN	NaN	   17.6	 999.00	NaN	 999.00	  -0.76	   0.08	--------	-1	0.00	*
16:762696	  298.0	1	   30.0	NaN	NaN	   13.7	   3.80	NaN	   4.01	  -0.75	   0.18	1	  122.0	NaN	NaN	   25.4	  42.29	NaN	  42.69	  -0.81	   0.18	1	  121.0	NaN	NaN	   18.7	  54.71	NaN	  55.11	  -0.79	   0.18	1	   25.0	NaN	NaN	   13.7	   2.26	NaN	   2.43	  -0.71	   0.18	--------	-1	0.00	*
16:789967	  237.0	1	   29.0	NaN	NaN	   13.7	   3.46	NaN	   3.66	  -0.88	   0.22	1	   92.0	NaN	NaN	   25.4	  23.68	NaN	  23.92	  -0.80	   0.22	1	   77.0	NaN	NaN	   17.8	  24.42	NaN	  24.61	  -0.80	   0.22	1	   39.0	NaN	NaN	   13.5	   7.60	NaN	   7.93	  -0.61	   0.22	--------	-1	0.00	*
16:836992	  381.0	1	   35.0	NaN	NaN	   18.7	   3.12	NaN	   3.31	  -0.72	   0.41	1	  161.0	NaN	NaN	   31.7	  58.48	NaN	  59.00	  -0.68	   0.41	1	  137.0	NaN	NaN	   32.9	  40.80	NaN	  41.11	  -0.66	   0.41	1	   48.0	NaN	NaN	   15.4	  10.20	NaN	  10.59	  -0.53	   0.41	--------	-1	0.00	*
16:897927	  275.0	1	   35.0	NaN	NaN	   13.7	   5.69	NaN	   5.96	  -0.72	   0.31	1	   91.0	NaN	NaN	   25.4	  23.13	NaN	  23.36	  -0.85	   0.31	1	   88.0	NaN	NaN	   17.8	  31.71	NaN	  31.96	  -0.76	   0.31	1	   61.0	NaN	NaN	   14.5	  18.67	NaN	  19.19	  -0.66	   0.31	--------	-1	0.00	*
2:136459	  325.0	1	   53.0	NaN	NaN	   13.8	  14.56	NaN	  15.07	  -0.85	   0.61	1	  128.0	NaN	NaN	   27.2	  43.40	NaN	  43.80	  -0.75	   0.61	1	  103.0	NaN	NaN	   19.0	  40.26	NaN	  40.56	  -0.83	   0.61	1	   41.0	NaN	NaN	   13.0	   9.01	NaN	   9.36	  -0.82	   0.61	--------	-1	0.00	*
2:165425	  267.0	1	   36.0	NaN	NaN	   14.2	   5.77	NaN	   6.05	  -0.62	   0.40	1	  107.0	NaN	NaN	   32.9	  23.79	NaN	  24.02	  -0.95	   0.40	1	  100.0	NaN	NaN	   25.3	  28.47	NaN	  28.68	  -0.93	   0.40	0	   24.0	NaN	NaN	   16.4	   1.22	NaN	   1.34	  -1.00	   0.40	--------	-1	0.00	*
2:371185	  274.0	0	    8.0	NaN	NaN	   12.8	  -0.01	NaN	   0.03	  -0.42	   0.38	1	   50.0	NaN	NaN	   23.2	   5.92	NaN	   6.02	  -0.84	   0.38	1	  159.0	NaN	NaN	   22.4	  76.98	NaN	  77.51	  -0.70	   0.38	1	   57.0	NaN	NaN	   14.5	  16.25	NaN	  16.73	  -0.70	   0.38	--------	-1	0.00	*
2:423646	  223.0	1	   27.0	NaN	NaN	   12.8	   3.25	NaN	   3.45	  -0.79	   0.00	1	   92.0	NaN	NaN	   21.8	  28.14	NaN	  28.43	  -0.92	   0.00	1	   64.0	NaN	NaN	   15.7	  19.19	NaN	  19.35	  -0.67	   0.00	1	   40.0	NaN	NaN	   12.4	   9.02	NaN	   9.38	  -0.78	   0.00	--------	-1	0.00	*
2:440080	  250.0	1	   41.0	NaN	NaN	   12.8	   9.12	NaN	   9.49	  -0.89	   0.15	1	   96.0	NaN	NaN	   23.2	  28.66	NaN	  28.96	  -0.75	   0.15	1	   89.0	NaN	NaN	   15.2	  37.43	NaN	  37.72	  -0.73	   0.15	1	   24.0	NaN	NaN	   13.1	   2.20	NaN	   2.36	  -0.72	   0.15	--------	-1	0.00	*
2:466906	  167.0	1	   30.0	NaN	NaN	   12.1	   4.77	NaN	   5.00	  -0.66	   0.00	1	   54.0	NaN	NaN	   21.8	   8.22	NaN	   8.34	  -0.79	   0.00	1	   50.0	NaN	NaN	   20.9	   7.25	NaN	   7.33	  -0.80	   0.00	1	   33.0	NaN	NaN	   11.7	   6.33	NaN	   6.62	  -0.68	   0.00	--------	-1	0.00	*
2:520143	  223.0	1	   39.0	NaN	NaN	   13.0	   8.02	NaN	   8.36	  -0.56	   0.24	1	   87.0	NaN	NaN	   21.8	  25.10	NaN	  25.35	  -0.77	   0.24	1	   68.0	NaN	NaN	   15.3	  22.30	NaN	  22.48	  -0.80	   0.24	1	   29.0	NaN	NaN	   12.6	   4.04	NaN	   4.28	  -0.64	   0.24	--------	-1	0.00	*
2:527568	  679.0	1	   71.0	NaN	NaN	   15.0	  24.26	NaN	  24.90	  -0.78	   0.26	1	  241.0	NaN	NaN	   27.9	 134.04	NaN	 134.84	  -0.83	   0.26	1	  257.0	NaN	NaN	   20.6	 179.72	NaN	 180.50	  -0.75	   0.26	1	  110.0	NaN	NaN	   15.8	  52.25	NaN	  53.10	  -0.74	   0.26	--------	-1	0.00	*
2:535019	  339.0	1	   36.0	NaN	NaN	   14.9	   5.35	NaN	   5.60	  -0.70	   0.28	1	  124.0	NaN	NaN	   27.7	  39.92	NaN	  40.30	  -0.81	   0.28	1	  119.0	NaN	NaN	   18.8	  52.79	NaN	  53.17	  -0.77	   0.28	1	   60.0	NaN	NaN	   16.1	  16.00	NaN	  16.48	  -0.66	   0.28	--------	-1	0.00	*
2:543697	  324.0	1	   54.0	NaN	NaN	   13.0	  16.34	NaN	  16.89	  -0.65	   0.43	1	  129.0	NaN	NaN	   24.0	  49.53	NaN	  49.99	  -0.76	   0.43	1	   90.0	NaN	NaN	   21.7	  27.15	NaN	  27.35	  -0.74	   0.43	1	   51.0	NaN	NaN	   14.5	  12.64	NaN	  13.06	  -0.79	   0.43	--------	-1	0.00	*
2:546290	  341.0	1	   51.0	NaN	NaN	   12.8	  14.71	NaN	  15.23	  -0.64	   0.05	1	  136.0	NaN	NaN	   27.5	  48.37	NaN	  48.83	  -0.79	   0.05	1	  101.0	NaN	NaN	   23.8	  30.99	NaN	  31.22	  -0.87	   0.05	1	   53.0	NaN	NaN	   14.1	  14.22	NaN	  14.67	  -0.66	   0.05	--------	-1	0.00	*
2:577068	  265.0	1	   29.0	NaN	NaN	   12.1	   4.37	NaN	   4.60	  -0.90	   0.23	1	  104.0	NaN	NaN	   21.8	  35.93	NaN	  36.29	  -0.78	   0.23	1	   99.0	NaN	NaN	   14.5	  47.03	NaN	  47.40	  -0.65	   0.23	1	   33.0	NaN	NaN	   14.1	   4.68	NaN	   4.93	  -0.79	   0.23	--------	-1	0.00	*
2:793925	  146.0	1	   28.0	NaN	NaN	   12.1	   3.99	NaN	   4.21	  -0.77	   0.00	1	   70.0	NaN	NaN	   21.8	  15.43	NaN	  15.60	  -0.76	   0.00	1	   38.0	NaN	NaN	   14.5	   6.64	NaN	   6.72	  -0.86	   0.00	0	   10.0	NaN	NaN	   11.7	   0.08	NaN	   0.14	  -1.32	   0.00	--------	-1	0.00	*
3:132978	  443.0	1	   69.0	NaN	NaN	   16.8	  20.36	NaN	  20.96	  -0.84	   0.15	1	  166.0	NaN	NaN	   33.3	  59.15	NaN	  59.67	  -0.79	   0.15	1	  134.0	NaN	NaN	   18.9	  64.96	NaN	  65.40	  -0.71	   0.15	1	   74.0	NaN	NaN	   13.8	  28.48	NaN	  29.14	  -0.78	   0.15	--------	-1	0.00	*
3:171660	  163.0	0	   26.0	NaN	NaN	   15.8	   1.81	NaN	   1.93	  -0.92	   0.14	1	   69.0	NaN	NaN	   23.4	  13.63	NaN	  13.78	  -0.75	   0.14	1	   58.0	NaN	NaN	   13.8	  18.10	NaN	  18.26	  -0.67	   0.14	0	   10.0	NaN	NaN	   15.3	  -0.02	NaN	   0.03	  -0.66	   0.14	--------	-1	0.00	*
3:206429	  221.0	1	   35.0	NaN	NaN	   11.1	   7.74	NaN	   8.07	  -0.79	   0.08	1	   93.0	NaN	NaN	   21.0	  29.85	NaN	  30.16	  -0.68	   0.08	1	   68.0	NaN	NaN	   11.9	  28.23	NaN	  28.44	  -0.85	   0.08	1	   25.0	NaN	NaN	    9.7	   4.27	NaN	   4.51	  -0.75	   0.08	--------	-1	0.00	*
3:215738	  234.0	1	   35.0	NaN	NaN	   10.6	   8.23	NaN	   8.57	  -0.69	   0.09	1	   80.0	NaN	NaN	   18.9	  24.76	NaN	  25.00	  -0.70	   0.09	1	   74.0	NaN	NaN	   11.6	  33.51	NaN	  33.76	  -0.78	   0.09	1	   45.0	NaN	NaN	   12.8	  11.22	NaN	  11.63	  -0.59	   0.09	--------	-1	0.00	*
3:335983	   79.0	0	    9.0	NaN	NaN	   10.6	   0.09	NaN	   0.14	  -0.74	   0.00	1	   31.0	NaN	NaN	   18.9	   2.13	NaN	   2.20	  -0.82	   0.00	1	   22.0	NaN	NaN	   11.5	   2.35	NaN	   2.41	  -0.83	   0.00	0	   17.0	NaN	NaN	    9.7	   1.53	NaN	   1.66	  -0.75	   0.00	--------	-1	0.00	*
4:34084	  435.0	1	   48.0	NaN	NaN	   13.2	  12.50	NaN	  12.94	  -0.70	   0.13	1	  189.0	NaN	NaN	   24.4	  97.33	NaN	  98.01	  -0.79	   0.13	1	  130.0	NaN	NaN	   17.2	  66.36	NaN	  66.80	  -0.77	   0.13	1	   68.0	NaN	NaN	   13.2	  25.38	NaN	  25.99	  -0.89	   0.13	--------	-1	0.00	*
4:62107	  233.0	1	   27.0	NaN	NaN	   13.2	   3.08	NaN	   3.26	  -0.70	   0.37	1	   77.0	NaN	NaN	   24.4	  16.73	NaN	  16.91	  -0.76	   0.37	1	   94.0	NaN	NaN	   18.3	  35.04	NaN	  35.31	  -0.85	   0.37	1	   35.0	NaN	NaN	   14.6	   5.11	NaN	   5.37	  -0.69	   0.37	--------	-1	0.00	*
4:76876	  186.0	0	   19.4	NaN	NaN	   13.2	   1.23	NaN	   1.32	  -0.69	   0.00	1	   78.0	NaN	NaN	   24.4	  17.23	NaN	  17.41	  -0.71	   0.00	1	   73.9	NaN	NaN	   17.2	  23.44	NaN	  23.63	  -0.85	   0.00	0	   14.7	NaN	NaN	   13.2	   0.38	NaN	   0.47	  -0.40	   0.00	--------	-1	0.00	*
4:77009	  221.0	0	   22.6	NaN	NaN	   13.2	   1.93	NaN	   2.06	  -0.90	   0.00	1	   76.0	NaN	NaN	   24.4	  16.73	NaN	  16.91	  -0.88	   0.00	1	   97.1	NaN	NaN	   17.2	  40.16	NaN	  40.46	  -1.00	   0.00	1	   25.3	NaN	NaN	   13.2	   2.75	NaN	   2.94	  -0.68	   0.00	--------	-1	0.00	*
4:104692	  412.0	1	   38.0	NaN	NaN	   15.4	   5.77	NaN	   6.04	  -0.87	   0.12	1	  147.0	NaN	NaN	   27.2	  56.69	NaN	  57.20	  -0.80	   0.12	1	  132.0	NaN	NaN	   17.2	  67.94	NaN	  68.40	  -0.94	   0.12	1	   95.0	NaN	NaN	   15.3	  41.35	NaN	  42.12	  -0.71	   0.12	--------	-1	0.00	*
4:212547	  273.0	1	   32.0	NaN	NaN	   13.2	   4.86	NaN	   5.10	  -0.86	   0.45	1	  104.0	NaN	NaN	   24.4	  31.95	NaN	  32.29	  -0.86	   0.45	1	  102.0	NaN	NaN	   17.2	  43.21	NaN	  43.53	  -0.82	   0.45	1	   35.0	NaN	NaN	   15.2	   4.79	NaN	   5.04	  -0.66	   0.45	--------	-1	0.00	*
4:366029	 2874.0	1	  613.0	NaN	NaN	   21.2	 999.00	NaN	 999.00	  -0.76	   0.09	1	  762.0	NaN	NaN	   34.8	 999.00	NaN	 999.00	  -0.80	   0.09	1	  985.0	NaN	NaN	   33.1	 999.00	NaN	 999.00	  -0.67	   0.09	1	  514.0	NaN	NaN	   25.3	 999.00	NaN	 999.00	  -0.74	   0.09	--------	-1	0.00	*
4:464905	  372.5	1	   54.9	NaN	NaN	   14.3	  14.99	NaN	  15.52	  -0.82	   0.08	1	   86.9	NaN	NaN	   26.2	  20.14	NaN	  20.34	  -0.65	   0.08	1	  170.3	NaN	NaN	   17.2	 104.85	NaN	 105.47	  -0.73	   0.08	1	   60.4	NaN	NaN	   14.5	  18.66	NaN	  19.19	  -0.86	   0.08	--------	-1	0.00	*
4:464988	  861.5	1	  151.1	NaN	NaN	   14.5	  95.91	NaN	  96.98	  -0.89	   0.08	1	  326.1	NaN	NaN	   26.0	 229.32	NaN	 230.33	  -0.68	   0.08	1	  269.7	NaN	NaN	   17.2	 214.15	NaN	 215.00	  -0.74	   0.08	1	  114.6	NaN	NaN	   14.2	  61.25	NaN	  62.12	  -0.87	   0.08	--------	-1	0.00	*
4:549342	  383.0	1	   48.0	NaN	NaN	   13.7	  11.96	NaN	  12.39	  -0.67	   0.30	1	  136.0	NaN	NaN	   25.1	  52.57	NaN	  53.05	  -0.76	   0.30	1	  145.0	NaN	NaN	   18.3	  76.27	NaN	  76.79	  -0.74	   0.30	1	   54.0	NaN	NaN	   14.5	  14.41	NaN	  14.85	  -0.73	   0.30	--------	-1	0.00	*
4:560100	 1005.0	1	  109.0	NaN	NaN	   15.8	  51.54	NaN	  52.39	  -0.95	   0.13	1	  407.0	NaN	NaN	   25.3	 999.00	NaN	 999.00	  -0.85	   0.13	1	  330.0	NaN	NaN	   18.6	 277.73	NaN	 278.76	  -0.84	   0.13	1	  159.0	NaN	NaN	   14.7	 102.21	NaN	 103.23	  -0.80	   0.13	--------	-1	0.00	*
4:578104	  948.9	1	  134.6	NaN	NaN	   16.4	  72.59	NaN	  73.55	  -0.63	   0.00	1	  333.0	NaN	NaN	   30.8	 214.69	NaN	 215.65	  -0.63	   0.00	1	  405.1	NaN	NaN	   21.9	 999.00	NaN	 999.00	  -0.61	   0.00	1	   76.1	NaN	NaN	   17.4	  24.62	NaN	  25.21	  -0.56	   0.00	--------	-1	0.00	*
4:578253	  701.1	1	   55.4	NaN	NaN	   16.0	  13.77	NaN	  14.25	  -0.69	   0.00	1	  251.0	NaN	NaN	   29.8	 136.92	NaN	 137.72	  -0.66	   0.00	1	  283.9	NaN	NaN	   21.5	 205.17	NaN	 206.01	  -0.69	   0.00	1	  110.9	NaN	NaN	   17.4	  49.29	NaN	  50.13	  -0.78	   0.00	--------	-1	0.00	*
4:612457	  220.0	1	   27.0	NaN	NaN	   14.8	   2.42	NaN	   2.57	  -0.73	   0.28	1	   86.0	NaN	NaN	   24.4	  21.43	NaN	  21.64	  -0.70	   0.28	1	   70.0	NaN	NaN	   17.2	  20.95	NaN	  21.12	  -0.76	   0.28	1	   37.0	NaN	NaN	   15.5	   5.34	NaN	   5.60	  -0.74	   0.28	--------	-1	0.00	*
4:614985	  238.0	1	   31.0	NaN	NaN	   16.1	   3.00	NaN	   3.19	  -0.76	   0.16	1	   94.0	NaN	NaN	   24.4	  25.92	NaN	  26.19	  -0.82	   0.16	1	   81.0	NaN	NaN	   17.2	  28.02	NaN	  28.23	  -0.70	   0.16	1	   32.0	NaN	NaN	   17.9	   2.60	NaN	   2.79	  -0.51	   0.16	--------	-1	0.00	*
4:659123	  510.0	0	   18.0	NaN	NaN	   13.2	   0.84	NaN	   0.92	  -1.15	   0.17	1	  223.0	NaN	NaN	   25.5	 124.90	NaN	 125.67	  -0.84	   0.17	1	  225.0	NaN	NaN	   17.9	 158.28	NaN	 159.02	  -0.82	   0.17	1	   44.0	NaN	NaN	   13.2	  10.35	NaN	  10.74	  -0.61	   0.17	--------	-1	0.00	*
4:701316	  303.3	1	   64.1	NaN	NaN	   14.4	  21.24	NaN	  21.85	  -0.86	   0.03	1	   98.1	NaN	NaN	   27.7	  24.94	NaN	  25.19	  -0.79	   0.03	1	  115.1	NaN	NaN	   20.8	  46.36	NaN	  46.71	  -0.82	   0.03	1	   26.0	NaN	NaN	   13.2	   3.06	NaN	   3.26	  -0.97	   0.03	--------	-1	0.00	*
4:701464	  329.7	1	   33.9	NaN	NaN	   14.7	   4.71	NaN	   4.93	  -0.84	   0.03	1	  144.9	NaN	NaN	   27.6	  54.54	NaN	  55.03	  -0.88	   0.03	1	  124.9	NaN	NaN	   20.5	  53.83	NaN	  54.22	  -0.85	   0.03	1	   26.0	NaN	NaN	   13.2	   2.74	NaN	   2.94	  -0.88	   0.03	--------	-1	0.00	*
4:751593	  310.0	1	   41.0	NaN	NaN	   15.2	   7.18	NaN	   7.51	  -0.74	   0.04	1	  109.0	NaN	NaN	   30.7	  27.08	NaN	  27.36	  -0.89	   0.04	1	  111.0	NaN	NaN	   25.4	  35.06	NaN	  35.33	  -0.80	   0.04	1	   49.0	NaN	NaN	   13.5	  12.67	NaN	  13.10	  -0.71	   0.04	--------	-1	0.00	*
4:850493	  123.0	0	   15.0	NaN	NaN	   13.2	   0.40	NaN	   0.47	  -0.66	   0.00	1	   48.0	NaN	NaN	   24.4	   4.71	NaN	   4.79	  -0.66	   0.00	1	   50.0	NaN	NaN	   17.2	   9.94	NaN	  10.04	  -0.71	   0.00	0	   10.0	NaN	NaN	   13.2	   0.02	NaN	   0.07	  -0.49	   0.00	--------	-1	0.00	*
4:873751	  861.0	1	  125.0	NaN	NaN	   15.9	  65.23	NaN	  66.14	  -0.75	   0.11	1	  328.0	NaN	NaN	   28.3	 219.67	NaN	 220.64	  -0.80	   0.11	1	  328.0	NaN	NaN	   24.4	 239.24	NaN	 240.17	  -0.76	   0.11	1	   80.0	NaN	NaN	   16.1	  28.60	NaN	  29.27	  -0.91	   0.11	--------	-1	0.00	*
4:906598	 2276.0	1	  322.0	NaN	NaN	   18.0	 271.29	NaN	 272.74	  -0.83	   0.18	1	  672.0	NaN	NaN	   31.8	 999.00	NaN	 999.00	  -0.69	   0.18	1	  723.0	NaN	NaN	   22.4	 999.00	NaN	 999.00	  -0.74	   0.18	1	  559.0	NaN	NaN	   26.9	 999.00	NaN	 999.00	  -0.71	   0.18	--------	-1	0.00	*
4:930005	  149.0	0	   17.0	NaN	NaN	   13.4	   0.63	NaN	   0.71	  -0.72	   0.00	1	   54.0	NaN	NaN	   24.4	   6.68	NaN	   6.78	  -0.76	   0.00	1	   49.0	NaN	NaN	   17.2	   9.47	NaN	   9.57	  -0.83	   0.00	1	   29.0	NaN	NaN	   13.2	   3.73	NaN	   3.96	  -0.55	   0.00	--------	-1	0.00	*
4:935100	  546.0	1	   92.0	NaN	NaN	   21.6	  28.10	NaN	  28.77	  -0.78	   0.24	1	  177.0	NaN	NaN	   37.2	  60.23	NaN	  60.77	  -0.79	   0.24	1	  192.0	NaN	NaN	   29.6	  86.33	NaN	  86.88	  -0.86	   0.24	1	   85.0	NaN	NaN	   21.6	  23.88	NaN	  24.46	  -0.71	   0.24	--------	-1	0.00	*
4:938070	 1976.0	1	  251.0	NaN	NaN	   24.9	 154.19	NaN	 155.44	  -0.74	   0.36	1	  678.0	NaN	NaN	   51.4	 999.00	NaN	 999.00	  -0.61	   0.36	1	  589.0	NaN	NaN	   40.2	 999.00	NaN	 999.00	  -0.68	   0.36	1	  458.0	NaN	NaN	   32.6	 999.00	NaN	 999.00	  -0.65	   0.36	--------	-1	0.00	*
4:956040	 1092.0	1	  144.0	NaN	NaN	   17.1	  78.69	NaN	  79.70	  -0.86	   0.14	1	  398.0	NaN	NaN	   30.3	 285.92	NaN	 287.03	  -0.72	   0.14	1	  424.0	NaN	NaN	   29.4	 320.89	NaN	 321.96	  -0.71	   0.14	1	  126.0	NaN	NaN	   13.7	  73.29	NaN	  74.24	  -0.82	   0.14	--------	-1	0.00	*
4:995715	  622.0	1	   91.0	NaN	NaN	   16.8	  35.16	NaN	  35.92	  -0.79	   0.26	1	  185.0	NaN	NaN	   34.3	  70.93	NaN	  71.51	  -0.86	   0.26	1	  269.0	NaN	NaN	   26.5	 166.29	NaN	 167.05	  -0.74	   0.26	1	   77.0	NaN	NaN	   17.5	  24.49	NaN	  25.07	  -0.85	   0.26	--------	-1	0.00	*
4:1144466	  182.0	0	   24.0	NaN	NaN	   15.2	   1.56	NaN	   1.66	  -0.56	   0.27	1	   52.0	NaN	NaN	   25.7	   5.39	NaN	   5.48	  -0.64	   0.27	1	   53.0	NaN	NaN	   21.0	   8.35	NaN	   8.44	  -0.84	   0.27	1	   53.0	NaN	NaN	   19.8	   8.96	NaN	   9.31	  -0.68	   0.27	--------	-1	0.00	*
4:1148350	  566.0	1	   79.0	NaN	NaN	   14.5	  30.83	NaN	  31.54	  -0.70	   0.19	1	  199.0	NaN	NaN	   27.0	  98.66	NaN	  99.36	  -0.80	   0.19	1	  177.0	NaN	NaN	   20.4	  99.17	NaN	  99.76	  -0.87	   0.19	1	  111.0	NaN	NaN	   18.7	  46.36	NaN	  47.17	  -0.76	   0.19	--------	-1	0.00	*
4:1221848	  571.0	1	   51.0	NaN	NaN	   13.2	  14.18	NaN	  14.68	  -1.13	   0.05	1	  156.0	NaN	NaN	   24.4	  69.40	NaN	  69.98	  -0.77	   0.05	1	  316.0	NaN	NaN	   17.2	 270.71	NaN	 271.71	  -0.74	   0.05	1	   48.0	NaN	NaN	   13.2	  12.53	NaN	  12.95	  -0.65	   0.05	--------	-1	0.00	*
4:1258267	  176.0	1	   39.0	NaN	NaN	   13.2	   7.86	NaN	   8.20	  -0.57	   0.00	1	   52.0	NaN	NaN	   24.4	   5.99	NaN	   6.08	  -0.72	   0.00	1	   58.0	NaN	NaN	   17.2	  13.95	NaN	  14.08	  -0.81	   0.00	1	   27.0	NaN	NaN	   13.2	   3.06	NaN	   3.26	  -0.55	   0.00	--------	-1	0.00	*
4:1324783	  638.0	1	  101.0	NaN	NaN	   13.2	  51.77	NaN	  52.63	  -0.83	   0.06	1	  201.0	NaN	NaN	   24.4	 108.11	NaN	 108.85	  -0.80	   0.06	1	  258.0	NaN	NaN	   17.2	 199.92	NaN	 200.75	  -0.76	   0.06	1	   78.0	NaN	NaN	   13.2	  32.75	NaN	  33.46	  -0.93	   0.06	--------	-1	0.00	*
4:1408375	  116.0	0	   15.0	NaN	NaN	   13.2	   0.40	NaN	   0.47	  -0.89	   0.00	1	   50.0	NaN	NaN	   24.4	   5.34	NaN	   5.42	  -0.69	   0.00	1	   40.0	NaN	NaN	   17.2	   5.68	NaN	   5.76	  -0.78	   0.00	0	   11.0	NaN	NaN	   13.2	   0.06	NaN	   0.12	  -0.51	   0.00	--------	-1	0.00	*
4:1448007	  502.0	1	   81.0	NaN	NaN	   13.2	  35.06	NaN	  35.81	  -0.69	   0.10	1	  192.0	NaN	NaN	   24.4	  99.98	NaN	 100.69	  -0.80	   0.10	1	  199.0	NaN	NaN	   17.2	 133.73	NaN	 134.41	  -0.74	   0.10	1	   30.0	NaN	NaN	   13.2	   4.09	NaN	   4.33	  -0.58	   0.10	--------	-1	0.00	*
4:1486433	  372.0	0	   11.0	NaN	NaN	   14.2	   0.03	NaN	   0.08	  -0.40	   0.44	1	  194.0	NaN	NaN	   28.5	  90.51	NaN	  91.14	  -0.70	   0.44	1	  139.0	NaN	NaN	   17.6	  72.95	NaN	  73.44	  -0.81	   0.44	1	   28.0	NaN	NaN	   14.6	   2.73	NaN	   2.92	  -0.70	   0.44	--------	-1	0.00	*
5:20073	  337.0	1	   47.0	NaN	NaN	   15.4	   9.71	NaN	  10.09	  -0.69	   0.28	1	  111.0	NaN	NaN	   25.5	  34.83	NaN	  35.17	  -0.82	   0.28	1	  148.0	NaN	NaN	   19.2	  76.29	NaN	  76.81	  -0.79	   0.28	1	   31.0	NaN	NaN	   14.4	   3.79	NaN	   4.02	  -0.68	   0.28	--------	-1	0.00	*
5:24723	  528.0	1	   65.0	NaN	NaN	   14.0	  21.85	NaN	  22.46	  -0.81	   0.12	1	  184.0	NaN	NaN	   25.5	  89.95	NaN	  90.57	  -0.82	   0.12	1	  213.0	NaN	NaN	   19.2	 139.29	NaN	 139.99	  -0.77	   0.12	1	   66.0	NaN	NaN	   14.4	  22.01	NaN	  22.58	  -0.87	   0.12	--------	-1	0.00	*
5:52754	  329.0	1	   45.0	NaN	NaN	   15.0	   9.10	NaN	   9.47	  -0.76	   0.24	1	  146.0	NaN	NaN	   25.5	  59.23	NaN	  59.75	  -0.87	   0.24	1	  100.0	NaN	NaN	   19.2	  37.69	NaN	  37.97	  -0.91	   0.24	1	   38.0	NaN	NaN	   17.6	   4.55	NaN	   4.80	  -0.63	   0.24	--------	-1	0.00	*
5:54500	  154.0	1	   28.0	NaN	NaN	   14.5	   2.81	NaN	   2.98	  -0.69	   0.00	1	   52.0	NaN	NaN	   25.5	   5.46	NaN	   5.55	  -0.84	   0.00	1	   58.0	NaN	NaN	   19.2	  11.99	NaN	  12.11	  -0.74	   0.00	0	   16.0	NaN	NaN	   15.8	   0.21	NaN	   0.29	  -0.77	   0.00	--------	-1	0.00	*
5:76458	 2835.2	1	  258.3	NaN	NaN	   23.8	 166.78	NaN	 168.05	  -0.86	   0.00	1	  672.5	NaN	NaN	   39.5	 999.00	NaN	 999.00	  -0.74	   0.00	1	 1121.5	NaN	NaN	   39.6	 999.00	NaN	 999.00	  -0.62	   0.00	1	  782.9	NaN	NaN	   37.8	 999.00	NaN	 999.00	  -0.69	   0.00	--------	-1	0.00	*
5:76688	 1450.8	1	  215.7	NaN	NaN	   23.6	 124.38	NaN	 125.57	  -0.76	   0.00	1	  458.5	NaN	NaN	   39.1	 309.38	NaN	 310.53	  -0.63	   0.00	1	  427.5	NaN	NaN	   39.1	 276.79	NaN	 277.81	  -0.55	   0.00	1	  349.1	NaN	NaN	   37.6	 203.83	NaN	 205.05	  -0.63	   0.00	--------	-1	0.00	*
5:86312	  839.0	1	  124.0	NaN	NaN	   17.3	  60.16	NaN	  61.05	  -0.72	   0.43	1	  282.0	NaN	NaN	   34.4	 150.85	NaN	 151.69	  -0.69	   0.43	1	  349.0	NaN	NaN	   31.7	 226.61	NaN	 227.49	  -0.68	   0.43	1	   84.0	NaN	NaN	   18.4	  27.57	NaN	  28.21	  -0.64	   0.43	--------	-1	0.00	*
5:239411	  581.0	1	   73.0	NaN	NaN	   16.4	  23.47	NaN	  24.10	  -0.73	   0.34	1	  194.0	NaN	NaN	   29.1	  89.26	NaN	  89.88	  -0.75	   0.34	1	  204.0	NaN	NaN	   25.8	 106.83	NaN	 107.46	  -0.72	   0.34	1	  110.0	NaN	NaN	   19.5	  43.92	NaN	  44.70	  -0.69	   0.34	--------	-1	0.00	*
5:242899	  308.0	1	   51.9	NaN	NaN	   15.9	  11.77	NaN	  12.19	  -1.02	   0.35	1	   52.0	NaN	NaN	   30.2	   3.65	NaN	   3.72	  -0.70	   0.35	1	  127.5	NaN	NaN	   27.4	  43.09	NaN	  43.41	  -0.80	   0.35	1	   76.7	NaN	NaN	   20.2	  20.82	NaN	  21.36	  -1.01	   0.35	--------	-1	0.00	*
5:243114	  557.0	1	   58.1	NaN	NaN	   15.5	  16.05	NaN	  16.59	  -0.78	   0.35	1	  179.0	NaN	NaN	   29.3	  77.40	NaN	  78.00	  -0.87	   0.35	1	  234.5	NaN	NaN	   27.4	 129.98	NaN	 130.66	  -0.78	   0.35	1	   85.3	NaN	NaN	   19.8	  26.81	NaN	  27.44	  -0.75	   0.35	--------	-1	0.00	*
5:262544	  453.0	0	    9.0	NaN	NaN	   14.4	  -0.01	NaN	   0.02	  -0.72	   0.19	1	  172.0	NaN	NaN	   44.0	  47.34	NaN	  47.79	  -0.69	   0.19	1	  167.0	NaN	NaN	   45.6	  42.59	NaN	  42.91	  -0.74	   0.19	1	  105.0	NaN	NaN	   19.0	  41.29	NaN	  42.04	  -0.76	   0.19	--------	-1	0.00	*
5:269099	  198.0	1	   28.0	NaN	NaN	   15.3	   2.47	NaN	   2.63	  -0.61	   0.00	1	   67.0	NaN	NaN	   27.5	   9.72	NaN	   9.85	  -0.67	   0.00	1	   81.0	NaN	NaN	   24.0	  19.19	NaN	  19.35	  -0.73	   0.00	0	   22.0	NaN	NaN	   14.6	   1.26	NaN	   1.38	  -0.80	   0.00	--------	-1	0.00	*
5:407584	  215.0	1	   29.0	NaN	NaN	   14.1	   3.29	NaN	   3.49	  -0.74	   0.14	1	   95.0	NaN	NaN	   25.5	  25.19	NaN	  25.45	  -0.74	   0.14	1	   65.0	NaN	NaN	   19.2	  15.45	NaN	  15.59	  -0.71	   0.14	1	   26.0	NaN	NaN	   14.4	   2.27	NaN	   2.44	  -0.70	   0.14	--------	-1	0.00	*
5:451015	  222.0	1	   33.0	NaN	NaN	   14.0	   4.73	NaN	   4.96	  -0.81	   0.46	1	   57.0	NaN	NaN	   25.5	   7.15	NaN	   7.25	  -0.81	   0.46	1	   62.0	NaN	NaN	   19.2	  13.98	NaN	  14.11	  -0.66	   0.46	1	   70.0	NaN	NaN	   14.4	  24.69	NaN	  25.29	  -0.80	   0.46	--------	-1	0.00	*
5:538780	  609.0	1	  147.0	NaN	NaN	   19.4	  74.40	NaN	  75.37	  -0.81	   0.13	1	   97.0	NaN	NaN	   25.5	  26.33	NaN	  26.60	  -0.77	   0.13	1	  237.0	NaN	NaN	   19.2	 164.90	NaN	 165.66	  -0.76	   0.13	1	  128.0	NaN	NaN	   17.5	  63.23	NaN	  64.12	  -0.86	   0.13	--------	-1	0.00	*
5:570680	   66.1	0	   13.4	NaN	NaN	   14.0	   0.21	NaN	   0.27	  -0.84	   0.00	0	   14.8	NaN	NaN	   25.5	  -0.03	NaN	   0.00	  -0.91	   0.00	1	   30.9	NaN	NaN	   19.2	   2.04	NaN	   2.10	  -0.95	   0.00	0	    7.0	NaN	NaN	   14.4	  -0.03	NaN	   0.00	  -0.81	   0.00	--------	-1	0.00	*
6:20365	 1470.0	1	  223.0	NaN	NaN	   14.5	 174.54	NaN	 175.84	  -0.84	   0.11	1	  468.0	NaN	NaN	   24.2	 999.00	NaN	 999.00	  -0.74	   0.11	1	  538.0	NaN	NaN	   19.4	 999.00	NaN	 999.00	  -0.71	   0.11	1	  241.0	NaN	NaN	   14.8	 194.51	NaN	 195.71	  -0.80	   0.11	--------	-1	0.00	*
6:23616	  469.0	1	   54.0	NaN	NaN	   15.6	  13.07	NaN	  13.52	  -0.74	   0.13	1	  211.0	NaN	NaN	   22.1	 125.39	NaN	 126.17	  -0.96	   0.13	1	  164.0	NaN	NaN	   16.5	 100.30	NaN	 100.90	  -0.79	   0.13	1	   40.0	NaN	NaN	   15.0	   6.90	NaN	   7.22	  -0.62	   0.13	--------	-1	0.00	*
6:77218	  283.0	1	   29.0	NaN	NaN	   12.3	   4.25	NaN	   4.47	  -0.85	   0.30	1	  115.0	NaN	NaN	   22.0	  43.22	NaN	  43.62	  -0.77	   0.30	1	   86.0	NaN	NaN	   14.4	  36.71	NaN	  36.99	  -0.90	   0.30	1	   53.0	NaN	NaN	   11.9	  17.33	NaN	  17.82	  -0.74	   0.30	--------	-1	0.00	*
6:250159	  131.0	0	   19.0	NaN	NaN	   13.0	   1.07	NaN	   1.16	  -0.62	   0.00	1	   56.0	NaN	NaN	   23.8	   7.77	NaN	   7.89	  -0.59	   0.00	1	   30.0	NaN	NaN	   15.6	   3.06	NaN	   3.13	  -0.54	   0.00	1	   26.0	NaN	NaN	   12.0	   3.29	NaN	   3.50	  -0.54	   0.00	--------	-1	0.00	*
7:148207	  813.0	1	   86.0	NaN	NaN	   12.4	  40.87	NaN	  41.66	  -0.80	   0.16	1	  311.0	NaN	NaN	   26.1	 211.70	NaN	 212.64	  -0.86	   0.16	1	  260.0	NaN	NaN	   16.7	 205.31	NaN	 206.16	  -0.80	   0.16	1	  156.0	NaN	NaN	   14.6	  99.51	NaN	 100.51	  -0.77	   0.16	--------	-1	0.00	*
7:215930	  276.0	1	   48.0	NaN	NaN	   12.1	  13.82	NaN	  14.31	  -0.61	   0.33	1	  103.0	NaN	NaN	   22.2	  34.62	NaN	  34.97	  -0.81	   0.33	1	   99.0	NaN	NaN	   15.1	  45.34	NaN	  45.70	  -0.73	   0.33	1	   26.0	NaN	NaN	   11.9	   3.33	NaN	   3.55	  -0.63	   0.33	--------	-1	0.00	*
7:290299	  373.0	1	   47.0	NaN	NaN	   13.7	  11.42	NaN	  11.84	  -0.92	   0.15	1	  131.0	NaN	NaN	   22.2	  54.70	NaN	  55.20	  -0.79	   0.15	1	  154.0	NaN	NaN	   15.2	  95.67	NaN	  96.24	  -0.71	   0.15	1	   41.0	NaN	NaN	   12.2	   9.81	NaN	  10.18	  -0.75	   0.15	--------	-1	0.00	*
7:415968	  255.0	1	   37.0	NaN	NaN	   15.3	   5.48	NaN	   5.73	  -0.68	   0.26	1	   95.0	NaN	NaN	   24.6	  26.27	NaN	  26.54	  -0.81	   0.26	1	   86.0	NaN	NaN	   18.5	  29.25	NaN	  29.48	  -0.68	   0.26	1	   37.0	NaN	NaN	   13.2	   6.93	NaN	   7.25	  -0.73	   0.26	--------	-1	0.00	*
7:501908	  530.0	1	   63.0	NaN	NaN	   31.0	   6.23	NaN	   6.52	  -0.51	   0.57	1	  177.0	NaN	NaN	   50.9	  42.12	NaN	  42.51	  -0.72	   0.57	1	  230.0	NaN	NaN	   50.3	  74.92	NaN	  75.43	  -0.65	   0.57	1	   60.0	NaN	NaN	   27.6	   6.89	NaN	   7.20	  -0.62	   0.57	--------	-1	0.00	*
7:514592	  403.0	1	   44.0	NaN	NaN	   13.4	  10.11	NaN	  10.51	  -0.69	   0.00	1	  141.0	NaN	NaN	   24.3	  57.92	NaN	  58.43	  -0.92	   0.00	1	  146.0	NaN	NaN	   19.7	  73.22	NaN	  73.72	  -0.76	   0.00	1	   72.0	NaN	NaN	   13.2	  28.09	NaN	  28.74	  -0.66	   0.00	--------	-1	0.00	*
7:549636	  213.0	1	   30.0	NaN	NaN	   14.7	   3.31	NaN	   3.52	  -0.89	   0.00	1	   90.0	NaN	NaN	   24.9	  23.07	NaN	  23.29	  -0.89	   0.00	1	   52.0	NaN	NaN	   16.5	  11.50	NaN	  11.61	  -0.69	   0.00	1	   41.0	NaN	NaN	   13.1	   8.89	NaN	   9.23	  -0.59	   0.00	--------	-1	0.00	*
7:605440	  239.0	1	   30.0	NaN	NaN	   12.1	   4.78	NaN	   5.02	  -0.74	   0.41	1	   89.0	NaN	NaN	   22.4	  25.51	NaN	  25.77	  -0.70	   0.41	1	  102.0	NaN	NaN	   15.1	  47.79	NaN	  48.17	  -0.73	   0.41	0	   18.0	NaN	NaN	   11.9	   1.10	NaN	   1.22	  -0.37	   0.41	--------	-1	0.00	*
7:607771	  384.0	1	   47.0	NaN	NaN	   12.5	  12.71	NaN	  13.16	  -0.69	   0.49	1	  134.0	NaN	NaN	   26.3	  49.05	NaN	  49.52	  -0.73	   0.49	1	  155.0	NaN	NaN	   15.1	  96.72	NaN	  97.31	  -0.76	   0.49	1	   48.0	NaN	NaN	   12.0	  13.91	NaN	  14.35	  -0.78	   0.49	--------	-1	0.00	*
7:674427	  231.0	1	   31.0	NaN	NaN	   13.7	   4.20	NaN	   4.41	  -0.63	   0.00	1	   87.0	NaN	NaN	   29.4	  17.19	NaN	  17.37	  -0.74	   0.00	1	   91.0	NaN	NaN	   20.6	  29.25	NaN	  29.48	  -0.74	   0.00	0	   22.0	NaN	NaN	   14.1	   1.39	NaN	   1.52	  -0.63	   0.00	--------	-1	0.00	*
7:795644	  196.0	1	   28.0	NaN	NaN	   15.6	   2.39	NaN	   2.54	  -0.92	   0.04	1	   79.0	NaN	NaN	   26.8	  15.40	NaN	  15.56	  -0.89	   0.04	1	   75.0	NaN	NaN	   16.4	  25.22	NaN	  25.42	  -0.95	   0.04	0	   14.0	NaN	NaN	   15.0	   0.13	NaN	   0.19	  -1.18	   0.04	--------	-1	0.00	*
7:875094	  314.0	1	   50.0	NaN	NaN	   16.4	  10.30	NaN	  10.70	  -0.66	   0.49	1	   83.0	NaN	NaN	   23.5	  20.81	NaN	  21.01	  -0.58	   0.49	1	  141.0	NaN	NaN	   19.3	  70.03	NaN	  70.51	  -0.74	   0.49	1	   40.0	NaN	NaN	   12.2	   9.28	NaN	   9.65	  -0.64	   0.49	--------	-1	0.00	*
7:973518	  178.0	1	   25.0	NaN	NaN	   12.9	   2.60	NaN	   2.76	  -0.76	   0.00	1	   68.0	NaN	NaN	   27.4	  10.15	NaN	  10.29	  -0.77	   0.00	1	   50.0	NaN	NaN	   16.6	  10.39	NaN	  10.50	  -0.74	   0.00	1	   35.0	NaN	NaN	   15.5	   4.61	NaN	   4.86	  -0.74	   0.00	--------	-1	0.00	*
7:996553	  285.0	1	   34.0	NaN	NaN	   12.8	   5.89	NaN	   6.16	  -0.55	   0.19	1	  107.0	NaN	NaN	   22.2	  37.31	NaN	  37.67	  -0.82	   0.19	1	   82.0	NaN	NaN	   15.5	  31.49	NaN	  31.73	  -0.78	   0.19	1	   62.0	NaN	NaN	   13.4	  20.94	NaN	  21.50	  -0.73	   0.19	--------	-1	0.00	*
7:1003306	  331.0	1	   54.0	NaN	NaN	   13.1	  16.16	NaN	  16.71	  -1.03	   0.01	1	  127.0	NaN	NaN	   26.0	  44.73	NaN	  45.15	  -0.81	   0.01	1	  128.0	NaN	NaN	   16.4	  66.79	NaN	  67.24	  -0.83	   0.01	0	   22.0	NaN	NaN	   14.4	   1.31	NaN	   1.43	  -0.74	   0.01	--------	-1	0.00	*
7:1013713	  952.0	1	  128.0	NaN	NaN	   13.1	  77.21	NaN	  78.22	  -0.79	   0.34	1	  334.0	NaN	NaN	   33.6	 203.44	NaN	 204.33	  -0.73	   0.34	1	  355.0	NaN	NaN	   26.6	 257.40	NaN	 258.36	  -0.69	   0.34	1	  135.0	NaN	NaN	   16.5	  72.21	NaN	  73.15	  -0.70	   0.34	--------	-1	0.00	*
7:1020155	  165.1	1	   21.1	NaN	NaN	   12.1	   2.06	NaN	   2.20	  -1.06	   0.00	1	   70.1	NaN	NaN	   24.3	  13.79	NaN	  13.95	  -0.92	   0.00	1	   62.2	NaN	NaN	   16.9	  17.17	NaN	  17.32	  -0.85	   0.00	0	   11.8	NaN	NaN	   15.4	   0.02	NaN	   0.07	  -0.77	   0.00	--------	-1	0.00	*
7:1020469	  310.9	1	   33.9	NaN	NaN	   12.1	   6.47	NaN	   6.77	  -0.70	   0.00	1	  123.9	NaN	NaN	   24.7	  44.73	NaN	  45.14	  -0.91	   0.00	1	  108.8	NaN	NaN	   17.7	  47.53	NaN	  47.91	  -0.79	   0.00	1	   44.2	NaN	NaN	   14.9	   9.26	NaN	   9.63	  -0.69	   0.00	--------	-1	0.00	*
7:1026550	  353.0	1	   62.0	NaN	NaN	   12.1	  23.09	NaN	  23.71	  -0.91	   0.23	1	  118.0	NaN	NaN	   23.9	  42.01	NaN	  42.39	  -0.77	   0.23	1	  129.0	NaN	NaN	   16.7	  66.88	NaN	  67.32	  -0.84	   0.23	1	   44.0	NaN	NaN	   17.9	   6.56	NaN	   6.86	  -0.82	   0.23	--------	-1	0.00	*
7:1030603	  462.0	1	   39.0	NaN	NaN	   12.1	   8.87	NaN	   9.23	  -0.94	   0.25	1	  122.0	NaN	NaN	   22.2	  47.93	NaN	  48.38	  -0.68	   0.25	1	  214.0	NaN	NaN	   15.1	 160.57	NaN	 161.32	  -0.77	   0.25	1	   87.0	NaN	NaN	   15.7	  34.37	NaN	  35.08	  -0.78	   0.25	--------	-1	0.00	*
7:1078685	  257.0	1	   32.0	NaN	NaN	   19.5	   2.09	NaN	   2.23	  -0.83	   0.48	1	  101.0	NaN	NaN	   24.9	  29.52	NaN	  29.83	  -0.92	   0.48	1	   97.0	NaN	NaN	   17.6	  38.48	NaN	  38.77	  -0.93	   0.48	0	   27.0	NaN	NaN	   16.4	   1.85	NaN	   2.00	  -0.66	   0.48	--------	-1	0.00	*
8:10370	  162.0	1	   41.0	NaN	NaN	   14.6	   7.65	NaN	   7.98	  -0.60	   0.00	1	   72.0	NaN	NaN	   30.4	   9.86	NaN	   9.99	  -0.78	   0.00	0	   34.0	NaN	NaN	   26.8	   0.93	NaN	   0.99	  -0.76	   0.00	0	   15.0	NaN	NaN	   15.1	   0.19	NaN	   0.27	  -1.13	   0.00	--------	-1	0.00	*
8:14466	 2201.0	1	  361.0	NaN	NaN	   18.7	 315.50	NaN	 317.04	  -0.86	   0.21	1	  696.0	NaN	NaN	   46.9	 999.00	NaN	 999.00	  -0.69	   0.21	1	  784.0	NaN	NaN	   43.0	 999.00	NaN	 999.00	  -0.68	   0.21	1	  360.0	NaN	NaN	   18.7	 314.42	NaN	 315.76	  -0.77	   0.21	--------	-1	0.00	*
8:47635	  245.0	1	   39.0	NaN	NaN	   14.6	   6.77	NaN	   7.08	  -0.63	   0.12	1	   94.0	NaN	NaN	   25.6	  24.50	NaN	  24.74	  -0.88	   0.12	1	   81.0	NaN	NaN	   18.5	  25.91	NaN	  26.11	  -0.87	   0.12	1	   31.0	NaN	NaN	   15.1	   3.45	NaN	   3.67	  -0.82	   0.12	--------	-1	0.00	*
8:53048	  331.1	1	   30.2	NaN	NaN	   14.6	   3.72	NaN	   3.93	  -0.75	   0.00	1	  112.6	NaN	NaN	   29.5	  30.75	NaN	  31.07	  -0.91	   0.00	1	  142.2	NaN	NaN	   20.0	  69.63	NaN	  70.10	  -0.86	   0.00	1	   46.0	NaN	NaN	   15.1	  10.04	NaN	  10.42	  -0.89	   0.00	--------	-1	0.00	*
8:53251	  232.9	0	   19.8	NaN	NaN	   14.6	   0.91	NaN	   0.99	  -0.67	   0.00	1	  100.4	NaN	NaN	   30.4	  23.22	NaN	  23.45	  -0.86	   0.00	1	   63.8	NaN	NaN	   19.5	  14.72	NaN	  14.86	  -0.67	   0.00	1	   49.0	NaN	NaN	   15.1	  11.04	NaN	  11.45	  -0.87	   0.00	--------	-1	0.00	*
8:112889	  519.0	1	   70.0	NaN	NaN	   14.6	  24.34	NaN	  24.99	  -0.66	   0.26	1	  192.0	NaN	NaN	   24.9	  98.64	NaN	  99.33	  -0.78	   0.26	1	  216.0	NaN	NaN	   18.7	 144.64	NaN	 145.35	  -0.74	   0.26	1	   41.0	NaN	NaN	   15.7	   6.80	NaN	   7.11	  -0.66	   0.26	--------	-1	0.00	*
8:203875	  434.0	1	   72.0	NaN	NaN	   14.6	  25.72	NaN	  26.38	  -0.84	   0.11	1	  168.0	NaN	NaN	   26.0	  75.34	NaN	  75.93	  -0.89	   0.11	1	  129.0	NaN	NaN	   19.4	  59.59	NaN	  60.01	  -0.81	   0.11	1	   65.0	NaN	NaN	   16.4	  18.52	NaN	  19.03	  -0.73	   0.11	--------	-1	0.00	*
8:280798	  262.0	1	   26.0	NaN	NaN	   14.6	   2.22	NaN	   2.37	  -0.64	   0.35	1	   99.0	NaN	NaN	   24.9	  28.29	NaN	  28.58	  -0.75	   0.35	1	  115.0	NaN	NaN	   21.9	  43.58	NaN	  43.91	  -0.71	   0.35	0	   22.0	NaN	NaN	   16.0	   0.94	NaN	   1.05	  -0.82	   0.35	--------	-1	0.00	*
8:362256	  190.0	1	   38.0	NaN	NaN	   14.6	   6.35	NaN	   6.65	  -0.78	   0.00	1	   72.0	NaN	NaN	   24.9	  13.75	NaN	  13.90	  -0.96	   0.00	1	   48.0	NaN	NaN	   18.5	   8.00	NaN	   8.08	  -0.67	   0.00	1	   32.0	NaN	NaN	   15.1	   3.78	NaN	   4.01	  -0.61	   0.00	--------	-1	0.00	*
8:423929	  806.7	1	  176.4	NaN	NaN	   28.6	  76.10	NaN	  77.08	  -0.60	   0.07	1	  140.2	NaN	NaN	   45.0	  29.44	NaN	  29.74	  -0.55	   0.07	1	  204.1	NaN	NaN	   41.4	  72.45	NaN	  72.94	  -0.54	   0.07	1	  286.0	NaN	NaN	   37.5	 144.87	NaN	 145.98	  -0.51	   0.07	--------	-1	0.00	*
8:423980	 3192.3	1	  681.1	NaN	NaN	   28.6	 999.00	NaN	 999.00	  -0.62	   0.07	1	  983.9	NaN	NaN	   45.1	 999.00	NaN	 999.00	  -0.60	   0.07	1	  824.8	NaN	NaN	   41.4	 999.00	NaN	 999.00	  -0.62	   0.07	1	  702.5	NaN	NaN	   37.2	 999.00	NaN	 999.00	  -0.52	   0.07	--------	-1	0.00	*
8:424133	  714.0	1	  151.4	NaN	NaN	   29.1	  56.41	NaN	  57.29	  -0.42	   0.07	1	  136.9	NaN	NaN	   44.8	  27.62	NaN	  27.90	  -0.37	   0.07	1	  222.1	NaN	NaN	   41.1	  85.81	NaN	  86.35	  -0.44	   0.07	1	  203.5	NaN	NaN	   37.0	  79.40	NaN	  80.37	  -0.45	   0.07	--------	-1	0.00	*
8:459464	 1073.0	1	  131.0	NaN	NaN	   17.6	  65.54	NaN	  66.46	  -0.85	   0.08	1	  386.0	NaN	NaN	   28.6	 281.42	NaN	 282.51	  -0.73	   0.08	1	  364.0	NaN	NaN	   24.8	 277.93	NaN	 278.98	  -0.74	   0.08	1	  192.0	NaN	NaN	   20.1	 114.10	NaN	 115.16	  -0.86	   0.08	--------	-1	0.00	*
8:471049	 3588.0	1	  689.0	NaN	NaN	   23.8	 999.00	NaN	 999.00	  -0.71	   0.10	1	  784.0	NaN	NaN	   27.9	 999.00	NaN	 999.00	  -0.71	   0.10	1	 1251.0	NaN	NaN	   39.1	 999.00	NaN	 999.00	  -0.66	   0.10	1	  864.0	NaN	NaN	   36.5	 999.00	NaN	 999.00	  -0.68	   0.10	--------	-1	0.00	*
9:16306	  171.0	1	   34.0	NaN	NaN	   11.8	   6.69	NaN	   6.99	  -1.01	   0.00	1	   47.0	NaN	NaN	   20.8	   6.17	NaN	   6.26	  -1.06	   0.00	1	   75.0	NaN	NaN	   13.5	  30.33	NaN	  30.57	  -0.76	   0.00	0	   15.0	NaN	NaN	   10.8	   0.77	NaN	   0.87	  -0.94	   0.00	--------	-1	0.00	*
9:27362	  273.0	1	   35.0	NaN	NaN	   13.8	   5.64	NaN	   5.90	  -0.62	   0.00	1	  101.0	NaN	NaN	   25.4	  28.84	NaN	  29.14	  -0.85	   0.00	1	   98.0	NaN	NaN	   14.8	  45.29	NaN	  45.64	  -0.78	   0.00	1	   39.0	NaN	NaN	   13.5	   7.56	NaN	   7.89	  -0.87	   0.00	--------	-1	0.00	*
9:35919	  208.0	1	   36.0	NaN	NaN	   13.9	   5.95	NaN	   6.23	  -0.77	   0.00	1	   85.0	NaN	NaN	   22.1	  23.60	NaN	  23.83	  -0.90	   0.00	1	   65.0	NaN	NaN	   13.5	  23.20	NaN	  23.38	  -0.82	   0.00	1	   22.0	NaN	NaN	   10.8	   2.54	NaN	   2.72	  -0.61	   0.00	--------	-1	0.00	*
9:124379	  161.0	0	   15.0	NaN	NaN	   11.8	   0.60	NaN	   0.68	  -0.80	   0.26	1	   69.0	NaN	NaN	   21.0	  15.98	NaN	  16.15	  -0.79	   0.26	1	   69.0	NaN	NaN	   14.3	  24.46	NaN	  24.66	  -0.69	   0.26	0	    8.0	NaN	NaN	   11.2	   0.02	NaN	   0.06	  -0.68	   0.26	--------	-1	0.00	*
9:132619	  286.0	1	   45.0	NaN	NaN	   14.9	   9.22	NaN	   9.60	  -0.79	   0.41	1	  112.0	NaN	NaN	   28.5	  31.35	NaN	  31.67	  -0.64	   0.41	1	   99.0	NaN	NaN	   18.9	  37.60	NaN	  37.88	  -0.74	   0.41	1	   30.0	NaN	NaN	   14.2	   3.54	NaN	   3.77	  -0.83	   0.41	--------	-1	0.00	*
9:237551	  426.0	1	   92.0	NaN	NaN	   18.0	  33.63	NaN	  34.37	  -0.97	   0.37	1	  155.0	NaN	NaN	   25.3	  66.69	NaN	  67.25	  -0.79	   0.37	1	  145.0	NaN	NaN	   19.9	  71.62	NaN	  72.10	  -0.73	   0.37	1	   34.0	NaN	NaN	   11.6	   6.83	NaN	   7.14	  -0.79	   0.37	--------	-1	0.00	*
9:256821	  264.0	1	   41.0	NaN	NaN	   12.0	   9.94	NaN	  10.32	  -0.85	   0.32	1	   79.0	NaN	NaN	   20.8	  21.66	NaN	  21.87	  -0.97	   0.32	1	   96.0	NaN	NaN	   13.5	  47.09	NaN	  47.46	  -0.72	   0.32	1	   48.0	NaN	NaN	   10.8	  15.65	NaN	  16.11	  -0.64	   0.32	--------	-1	0.00	*
9:354792	  139.0	0	   18.0	NaN	NaN	   12.2	   1.05	NaN	   1.15	  -0.65	   0.00	1	   45.0	NaN	NaN	   20.8	   5.46	NaN	   5.55	  -0.93	   0.00	1	   44.0	NaN	NaN	   13.7	  10.12	NaN	  10.22	  -1.25	   0.00	1	   32.0	NaN	NaN	   10.8	   6.54	NaN	   6.83	  -0.87	   0.00	--------	-1	0.00	*
9:381045	  316.0	1	   60.0	NaN	NaN	   17.8	  14.02	NaN	  14.52	  -0.66	   0.00	1	  118.0	NaN	NaN	   32.4	  30.21	NaN	  30.53	  -0.78	   0.00	1	  116.0	NaN	NaN	   28.4	  34.00	NaN	  34.27	  -0.76	   0.00	0	   22.0	NaN	NaN	   12.4	   1.90	NaN	   2.05	  -0.53	   0.00	--------	-1	0.00	*
mit:23714	  482.0	1	   88.0	NaN	NaN	   65.6	   2.17	NaN	   2.31	  -0.79	   0.45	1	  143.0	NaN	NaN	   87.9	   7.25	NaN	   7.36	  -0.77	   0.45	1	  192.0	NaN	NaN	  103.5	  14.18	NaN	  14.32	  -0.65	   0.45	0	   59.0	NaN	NaN	   42.2	   1.92	NaN	   2.07	  -0.70	   0.45	--------	-1	0.00	*
mit:38928	  311.0	0	   78.0	NaN	NaN	   59.5	   1.80	NaN	   1.92	  -0.72	   0.00	0	   92.0	NaN	NaN	   78.2	   1.10	NaN	   1.17	  -0.75	   0.00	1	  102.0	NaN	NaN	   79.1	   2.06	NaN	   2.12	  -0.81	   0.00	0	   39.0	NaN	NaN	   36.4	   0.37	NaN	   0.45	  -0.66	   0.00	--------	-1	0.00	*
mit:54288	  291.0	0	   78.0	NaN	NaN	   59.5	   1.80	NaN	   1.92	  -0.83	   0.00	0	   68.0	NaN	NaN	   78.2	   0.01	NaN	   0.05	  -0.70	   0.00	1	  109.0	NaN	NaN	   79.1	   3.02	NaN	   3.08	  -0.87	   0.00	0	   36.0	NaN	NaN	   36.4	   0.19	NaN	   0.26	  -0.72	   0.00	--------	-1	0.00	*
plasmid-2-micron:508	 3105.0	1	  447.0	NaN	NaN	  379.2	   3.23	NaN	   3.43	  -0.53	   0.79	0	  697.0	NaN	NaN	  716.5	   0.07	NaN	   0.11	  -0.45	   0.79	0	  994.0	NaN	NaN	 1223.4	  -0.02	NaN	   0.00	  -0.44	   0.79	1	  967.0	NaN	NaN	  886.9	   2.21	NaN	   2.38	  -0.45	   0.79	--------	-1	0.00	*
plasmid-2-micron:2199	 5978.0	1	  556.0	NaN	NaN	  379.2	  16.84	NaN	  17.41	  -0.58	   0.66	1	 1451.0	NaN	NaN	  716.5	 126.87	NaN	 127.66	  -0.55	   0.66	1	 2616.0	NaN	NaN	 1223.4	 259.80	NaN	 260.77	  -0.46	   0.66	1	 1355.0	NaN	NaN	  886.9	  47.25	NaN	  48.07	  -0.45	   0.66	--------	-1	0.00	*
plasmid-2-micron:4540	 3273.6	0	  366.3	NaN	NaN	  379.2	   0.08	NaN	   0.13	  -0.67	   0.45	0	  749.8	NaN	NaN	  716.5	   0.91	NaN	   0.96	  -0.56	   0.45	1	 1478.1	NaN	NaN	 1223.4	  11.98	NaN	  12.09	  -0.49	   0.45	0	  679.3	NaN	NaN	  886.9	  -0.01	NaN	   0.00	  -0.59	   0.45	--------	-1	0.00	*
