#Gcr1_GEM_1.m11
#KSM version: 1
#100/100
#1.00
#k-mer/r.c.      	Offset	PosCt	wPosCt	NegCt	HgpLg10	CIDs	PosHits (base85 encoding)	NegHits (base85 encoding)
ATATACGG/CCGTATAT	-4	9	9	1	-2.8	*	z!!+2J!CWR`~	zz!!%N~
TATCATAT/ATATGATA	-8	9	9	2	-2.0	*	z!!+2J!CWR`~	zJ,fQL!<~
TACGGTGT/ACACCGTA	-1	8	8	1	-2.5	*	z!!*'*!CWR`~	zz!!%N~
ACGGTGTT/AACACCGT	0	7	7	0	-2.8	*	z!!*'*!<f%u~	
CGGTGTTA/TAACACCG	1	7	7	0	-2.8	*	z!!*'*!<f%u~	
GGTGTTANNA/TNNTAACACC	2	7	6	0	-2.8	0,1	N.A.	N.A.
GGTGTTAG/CTAACACC	2	4	4	0	-2.2	*	z!!!!)!!IfT~	
GTGTTAGA/TCTAACAC	3	4	4	1	-1.5	*	z!!!!)!!IfT~	z!!!!)~
GGTGGTGT/ACACCACC	2	3	3	0	-1.8	*	!!!!"&c~	
TGGTGGTG/CACCACCA	1	3	3	0	-1.8	*	!!!!"!WW3'~	
GGTGTTAA/TTAACACC	2	3	3	0	-1.8	*	z!!*'"!<=5~	
GTGTTAAG/CTTAACAC	3	3	3	0	-1.8	*	z!!*'"!<=5~	
TAAGATGA/TCATCTTA	7	3	3	0	-1.8	*	z!!*'"!<=5~	
TTATGTCA/TGACATAA	6	3	3	0	-1.8	*	!!*'"!!*'"!<~	
$$$
GGTGTTAAGA/TCTTAACACC	0	3	3	0	-1.8	0	z!!*'"!<=5~	
GGTGTTAGAA/TTCTAACACC	0	4	4	0	-2.2	1	z!!!!)!!IfT~	
%%%
0 0 0 0 0 0 0 0 8 0 0 0 0 0 0 0 0 0 0 0 0 0 0 0 9 0 0 0 0 0 0 0 0 9 0 0 8 0 0 0 23 0 0 0 0 0 0 0 0 0 0 0 0 12 0 0 0 0 8 20 0 0 0 0 23 0 0 0 0 0 0 0 0 0 20 0 0 0 15 0 0 0 0 0 0 23 0 20 0 0 20 0 0 0 0 0 0 0 0 0 
0 0 0 0 0 0 0 0 0 0 0 0 0 0 0 0 0 0 0 0 0 0 0 0 0 0 0 0 0 0 0 0 0 0 0 0 0 0 0 8 0 0 0 0 0 0 0 0 0 0 0 0 0 0 0 0 0 0 0 8 0 0 0 0 8 0 0 0 0 0 0 0 0 0 0 0 0 0 0 0 0 0 0 0 0 0 0 11 0 0 0 0 0 0 0 0 0 0 0 0 
1.2296 1.2036 1.2188 1.2012 1.1940 1.1430 1.2297 1.1640 1.1607 1.1822 1.1367 1.1392 1.1602 1.1472 1.0959 1.1402 1.1581 1.1244 1.0722 1.1216 1.0823 1.1125 1.1241 1.0915 1.1036 1.0766 1.1210 1.0601 1.0627 1.0930 1.1166 1.0507 1.0618 1.0039 1.0566 1.0074 0.9020 0.9698 0.9436 1.0408 0.9741 0.9700 0.9835 0.9769 1.0034 0.9113 0.9766 1.0290 0.9880 1.0568 0.9980 1.0069 1.0320 0.8998 0.9741 0.8894 1.0350 0.9509 0.9733 0.9160 0.7717 0.8194 0.9738 0.9174 0.8786 0.7833 0.9442 0.9573 0.9045 0.9530 0.7452 0.7085 0.9327 0.8697 0.9287 0.8899 0.9063 0.7519 0.9268 0.9071 0.8835 0.8928 0.9261 0.8672 0.6767 0.8783 0.9011 0.8411 0.9253 0.7887 0.8689 0.7505 0.7598 1.1588 1.1354 1.1378 1.1004 1.0598 1.0859 1.0438 
