Position	IP	CondAna_Present	CondAna_IP	CondAna_Control	CondAna_Fold	CondAna_Expectd	CondAna_Q_-lg10	CondAna_P_-lg10	CondAna_P_poiss	CondAna_IPvsEMP	CondAna_Noise	CondEth_Present	CondEth_IP	CondEth_Control	CondEth_Fold	CondEth_Expectd	CondEth_Q_-lg10	CondEth_P_-lg10	CondEth_P_poiss	CondEth_IPvsEMP	CondEth_Noise	CondGlu_Present	CondGlu_IP	CondGlu_Control	CondGlu_Fold	CondGlu_Expectd	CondGlu_Q_-lg10	CondGlu_P_-lg10	CondGlu_P_poiss	CondGlu_IPvsEMP	CondGlu_Noise	CondNit_Present	CondNit_IP	CondNit_Control	CondNit_Fold	CondNit_Expectd	CondNit_Q_-lg10	CondNit_P_-lg10	CondNit_P_poiss	CondNit_IPvsEMP	CondNit_Noise	KmerGroup	MotifId	KG_score	Strand
1:57650	  175.5	0	   25.9	NaN	NaN	   33.1	  -0.07	NaN	   0.04	  -0.54	   0.00	1	   68.1	NaN	NaN	   26.6	  10.39	NaN	  11.28	  -0.65	   0.00	1	   53.2	NaN	NaN	   28.1	   4.29	NaN	   5.05	  -0.68	   0.00	0	   28.3	NaN	NaN	   34.7	  -0.12	NaN	   0.07	  -0.49	   0.00	GTTTTCTT_3/0	0	1.34	+
1:60350	 2005.7	1	  374.1	NaN	NaN	   36.1	 234.13	NaN	 235.90	  -0.45	   0.00	1	  606.1	NaN	NaN	   27.7	 999.00	NaN	 999.00	  -0.49	   0.00	1	  535.4	NaN	NaN	   33.6	 999.00	NaN	 999.00	  -0.44	   0.00	1	  490.1	NaN	NaN	   49.9	 295.93	NaN	 297.73	  -0.46	   0.00	TTTTTTTT_8/4	0	1.34	+
1:60442	 4201.8	1	  806.5	NaN	NaN	   36.7	 999.00	NaN	 999.00	  -0.53	   0.00	1	 1202.5	NaN	NaN	   26.7	 999.00	NaN	 999.00	  -0.51	   0.00	1	 1232.5	NaN	NaN	   33.4	 999.00	NaN	 999.00	  -0.49	   0.00	1	  960.3	NaN	NaN	   49.0	 999.00	NaN	 999.00	  -0.50	   0.00	--------	-1	0.00	*
1:60535	 3058.4	1	  461.4	NaN	NaN	   36.8	 999.00	NaN	 999.00	  -0.52	   0.00	1	  965.3	NaN	NaN	   36.8	 999.00	NaN	 999.00	  -0.53	   0.00	1	 1280.0	NaN	NaN	   40.7	 999.00	NaN	 999.00	  -0.47	   0.00	1	  351.7	NaN	NaN	   46.0	 178.33	NaN	 180.00	  -0.51	   0.00	GAGATTTT_3/0	0	1.34	+
1:60814	  245.0	0	   38.0	NaN	NaN	   37.7	  -0.06	NaN	   0.30	  -0.59	   0.81	1	   53.0	NaN	NaN	   34.2	   2.10	NaN	   2.75	  -0.63	   0.81	1	  103.0	NaN	NaN	   39.1	  16.03	NaN	  16.98	  -0.57	   0.81	0	   51.0	NaN	NaN	   46.3	   0.02	NaN	   0.58	  -0.57	   0.81	AGTATTTA_7/0	0	1.82	+
1:172987	  106.8	0	   21.2	NaN	NaN	   30.6	  -0.06	NaN	   0.02	  -0.68	   0.00	1	   49.0	NaN	NaN	   23.1	   4.96	NaN	   5.75	  -0.70	   0.00	0	   21.8	NaN	NaN	   27.4	  -0.05	NaN	   0.06	  -0.81	   0.00	0	   14.9	NaN	NaN	   24.6	  -0.07	NaN	   0.01	  -0.67	   0.00	TTTTTAAT_4/1	0	1.31	+
10:57893	  112.8	0	   22.3	NaN	NaN	   28.4	  -0.09	NaN	   0.06	  -0.83	   0.00	1	   46.2	NaN	NaN	   17.5	   7.56	NaN	   8.40	  -0.59	   0.00	0	   35.5	NaN	NaN	   21.8	   1.84	NaN	   2.50	  -0.57	   0.00	0	    8.8	NaN	NaN	   25.0	  -0.02	NaN	   0.00	  -0.68	   0.00	TTTCTTCTTT_4/0	0	1.45	+
10:203817	  107.1	0	   32.4	NaN	NaN	   28.5	   0.05	NaN	   0.65	  -0.53	   0.00	0	   26.4	NaN	NaN	   17.5	   1.11	NaN	   1.68	  -0.66	   0.00	1	   43.0	NaN	NaN	   22.7	   3.60	NaN	   4.33	  -0.53	   0.00	0	    5.3	NaN	NaN	   22.3	  -0.02	NaN	   0.00	  -0.63	   0.00	GATTGCTT_4/0	0	1.45	+
10:274569	  108.0	0	   25.0	NaN	NaN	   27.5	  -0.09	NaN	   0.15	  -0.78	   0.00	1	   35.0	NaN	NaN	   17.5	   3.11	NaN	   3.83	  -0.58	   0.00	1	   42.0	NaN	NaN	   21.8	   3.38	NaN	   4.12	  -0.46	   0.00	0	    6.0	NaN	NaN	   20.7	  -0.02	NaN	   0.00	  -0.13	   0.00	CATTTTTTTT_12/6	0	1.46	+
10:277893	  128.4	0	   22.1	NaN	NaN	   27.5	  -0.09	NaN	   0.08	  -0.62	   0.00	1	   46.2	NaN	NaN	   17.5	   7.56	NaN	   8.40	  -0.69	   0.00	1	   43.8	NaN	NaN	   21.8	   3.98	NaN	   4.73	  -0.74	   0.00	0	   16.3	NaN	NaN	   20.7	  -0.12	NaN	   0.09	  -0.64	   0.00	CTTTTCTTC_7/1	0	1.64	+
10:321083	  529.6	1	   56.6	NaN	NaN	   29.3	   4.40	NaN	   5.43	  -0.70	   0.00	1	   58.8	NaN	NaN	   17.5	  13.33	NaN	  14.27	  -0.71	   0.00	1	  365.4	NaN	NaN	   22.3	 295.80	NaN	 297.19	  -0.59	   0.00	1	   48.8	NaN	NaN	   22.0	   5.18	NaN	   6.31	  -0.64	   0.00	--------	-1	0.00	*
10:321150	  592.2	1	   60.8	NaN	NaN	   29.7	   5.44	NaN	   6.47	  -0.88	   0.00	1	   77.6	NaN	NaN	   17.5	  24.72	NaN	  25.72	  -0.76	   0.00	1	  405.4	NaN	NaN	   22.6	 999.00	NaN	 999.00	  -0.58	   0.00	1	   48.4	NaN	NaN	   22.2	   5.10	NaN	   6.23	  -0.90	   0.00	TTTTTTTT_8/4	0	1.34	+
10:321359	  100.3	0	   15.6	NaN	NaN	   30.2	  -0.02	NaN	   0.00	  -0.32	   0.00	0	   11.6	NaN	NaN	   17.5	  -0.04	NaN	   0.03	  -0.35	   0.00	1	   54.2	NaN	NaN	   23.3	   6.92	NaN	   7.78	  -0.38	   0.00	0	   18.8	NaN	NaN	   22.3	  -0.11	NaN	   0.10	  -0.61	   0.00	TCCAGTTT_3/0	0	1.34	+
10:375000	  641.0	1	   67.0	NaN	NaN	   31.7	   6.40	NaN	   7.48	  -0.56	   0.76	1	  203.0	NaN	NaN	   17.5	 135.94	NaN	 137.13	  -0.47	   0.76	1	  314.0	NaN	NaN	   22.9	 230.80	NaN	 232.12	  -0.47	   0.76	1	   57.0	NaN	NaN	   25.8	   5.96	NaN	   7.12	  -0.63	   0.76	TTTTCTTTTT_11/1	0	2.10	+
10:409009	  187.0	0	   41.0	NaN	NaN	   27.5	   1.17	NaN	   2.02	  -0.95	   0.00	1	   96.0	NaN	NaN	   17.5	  37.26	NaN	  38.29	  -0.80	   0.00	1	   43.0	NaN	NaN	   21.8	   3.67	NaN	   4.42	  -1.02	   0.00	0	    7.0	NaN	NaN	   20.7	  -0.03	NaN	   0.00	  -2.12	   0.00	--------	-1	0.00	*
10:444993	 1210.0	1	  124.6	NaN	NaN	   34.4	  30.92	NaN	  32.11	  -0.64	   0.00	1	  415.0	NaN	NaN	   31.5	 298.43	NaN	 299.80	  -0.58	   0.00	1	  488.5	NaN	NaN	   33.8	 999.00	NaN	 999.00	  -0.52	   0.00	1	  182.0	NaN	NaN	   38.9	  59.87	NaN	  61.27	  -0.66	   0.00	--------	-1	0.00	*
10:445112	 1965.3	1	  230.3	NaN	NaN	   34.6	 105.28	NaN	 106.82	  -0.75	   0.00	1	  706.8	NaN	NaN	   31.5	 999.00	NaN	 999.00	  -0.58	   0.00	1	  886.5	NaN	NaN	   33.3	 999.00	NaN	 999.00	  -0.55	   0.00	1	  141.6	NaN	NaN	   38.1	  36.21	NaN	  37.52	  -0.78	   0.00	CTTTTCTTT_7/1	0	1.64	+
10:445164	 1736.7	1	  183.6	NaN	NaN	   34.6	  68.89	NaN	  70.24	  -0.71	   0.00	1	  635.9	NaN	NaN	   31.4	 999.00	NaN	 999.00	  -0.58	   0.00	1	  662.3	NaN	NaN	   33.1	 999.00	NaN	 999.00	  -0.52	   0.00	1	  254.9	NaN	NaN	   38.2	 116.12	NaN	 117.64	  -0.74	   0.00	TTTTCATT_4/1	0	1.31	+
10:445273	  766.0	1	  157.5	NaN	NaN	   33.6	  52.50	NaN	  53.78	  -0.64	   0.00	1	  235.3	NaN	NaN	   31.9	 116.75	NaN	 117.93	  -0.52	   0.00	1	  195.7	NaN	NaN	   33.1	  80.97	NaN	  82.17	  -0.46	   0.00	1	  177.5	NaN	NaN	   37.6	  59.30	NaN	  60.68	  -0.60	   0.00	--------	-1	0.00	*
10:462472	  277.5	1	   80.7	NaN	NaN	   27.5	  14.98	NaN	  16.12	  -0.81	   0.00	1	  125.7	NaN	NaN	   17.7	  60.68	NaN	  61.77	  -0.71	   0.00	1	   47.1	NaN	NaN	   21.8	   5.29	NaN	   6.08	  -0.82	   0.00	0	   24.0	NaN	NaN	   20.7	   0.02	NaN	   0.58	  -0.85	   0.00	GATTTTTATTCC_7/0	0	1.82	+
11:27471	  104.7	0	   15.4	NaN	NaN	   29.1	  -0.03	NaN	   0.00	  -0.73	   0.00	1	   44.1	NaN	NaN	   21.9	   4.23	NaN	   5.01	  -0.65	   0.00	0	   26.6	NaN	NaN	   25.3	   0.07	NaN	   0.40	  -0.59	   0.00	0	   18.6	NaN	NaN	   23.3	  -0.12	NaN	   0.08	  -0.61	   0.00	TTTTCCAT_3/0	0	1.34	+
11:28206	  103.5	0	   19.5	NaN	NaN	   29.1	  -0.05	NaN	   0.01	  -0.95	   0.00	0	   30.6	NaN	NaN	   21.9	   0.88	NaN	   1.42	  -0.72	   0.00	1	   43.6	NaN	NaN	   26.4	   2.28	NaN	   2.97	  -0.74	   0.00	0	    9.7	NaN	NaN	   23.3	  -0.03	NaN	   0.00	  -0.76	   0.00	TTTTTTTT_8/4	0	1.34	+
11:74483	  146.8	0	   14.3	NaN	NaN	   30.7	  -0.02	NaN	   0.00	  -0.68	   0.00	1	   72.7	NaN	NaN	   27.7	  11.28	NaN	  12.19	  -0.66	   0.00	1	   47.7	NaN	NaN	   25.3	   3.66	NaN	   4.41	  -0.62	   0.00	0	   12.1	NaN	NaN	   25.5	  -0.04	NaN	   0.00	  -0.91	   0.00	TTTTCATTTT_7/1	0	1.64	+
11:77236	   89.8	0	   19.2	NaN	NaN	   30.2	  -0.05	NaN	   0.01	  -0.75	   0.00	0	    4.8	NaN	NaN	   21.9	  -0.00	NaN	   0.00	  -0.36	   0.00	1	   61.3	NaN	NaN	   25.3	   8.37	NaN	   9.25	  -0.73	   0.00	0	    4.5	NaN	NaN	   24.3	  -0.01	NaN	   0.00	  -0.73	   0.00	CTTTTCTTCT_9/1	0	1.86	+
11:77510	  111.2	0	   23.8	NaN	NaN	   29.8	  -0.08	NaN	   0.06	  -0.63	   0.00	0	   14.2	NaN	NaN	   21.9	  -0.03	NaN	   0.02	  -0.74	   0.00	1	   61.7	NaN	NaN	   25.3	   8.37	NaN	   9.25	  -0.71	   0.00	0	   11.5	NaN	NaN	   24.4	  -0.04	NaN	   0.00	  -0.86	   0.00	TTTTCTTCT_6/0	0	1.69	+
11:171125	 6852.2	1	 1067.7	NaN	NaN	   42.7	 999.00	NaN	 999.00	  -0.58	   0.00	1	 2314.6	NaN	NaN	   44.4	 999.00	NaN	 999.00	  -0.55	   0.00	1	 2273.3	NaN	NaN	   54.7	 999.00	NaN	 999.00	  -0.54	   0.00	1	 1196.7	NaN	NaN	   56.9	 999.00	NaN	 999.00	  -0.56	   0.00	TTTTCCAT_3/0	0	1.34	+
11:171271	 1337.8	1	  208.3	NaN	NaN	   43.2	  71.24	NaN	  72.60	  -0.37	   0.00	1	  417.4	NaN	NaN	   45.1	 242.76	NaN	 244.08	  -0.41	   0.00	1	  305.7	NaN	NaN	   54.5	 120.38	NaN	 121.64	  -0.36	   0.00	1	  406.3	NaN	NaN	   57.4	 194.49	NaN	 196.21	  -0.47	   0.00	--------	-1	0.00	*
11:177916	  114.9	0	   31.3	NaN	NaN	   29.1	   0.02	NaN	   0.49	  -0.74	   0.00	1	   38.5	NaN	NaN	   21.9	   2.54	NaN	   3.22	  -0.69	   0.00	0	   30.8	NaN	NaN	   25.3	   0.37	NaN	   0.82	  -0.76	   0.00	0	   14.2	NaN	NaN	   24.2	  -0.08	NaN	   0.01	  -0.71	   0.00	--------	-1	0.00	*
11:237705	   86.9	0	   18.1	NaN	NaN	   29.1	  -0.05	NaN	   0.01	  -0.59	   0.00	1	   40.7	NaN	NaN	   21.9	   3.06	NaN	   3.78	  -0.60	   0.00	0	   19.0	NaN	NaN	   25.3	  -0.05	NaN	   0.06	  -0.70	   0.00	0	    9.0	NaN	NaN	   23.7	  -0.03	NaN	   0.00	  -1.44	   0.00	TTTTTTTT_8/4	0	1.34	+
11:264944	  239.0	0	   34.0	NaN	NaN	   29.1	   0.07	NaN	   0.69	  -0.59	   0.69	1	   66.0	NaN	NaN	   24.4	  10.65	NaN	  11.55	  -0.54	   0.69	1	  113.0	NaN	NaN	   27.4	  32.70	NaN	  33.73	  -0.51	   0.69	0	   26.0	NaN	NaN	   25.7	  -0.08	NaN	   0.30	  -0.46	   0.69	GATTGCTT_4/0	0	1.45	+
11:333839	 3437.9	1	  394.8	NaN	NaN	   35.5	 257.09	NaN	 258.91	  -0.64	   0.00	1	 1385.5	NaN	NaN	   23.9	 999.00	NaN	 999.00	  -0.51	   0.00	1	 1320.6	NaN	NaN	   26.4	 999.00	NaN	 999.00	  -0.53	   0.00	1	  337.0	NaN	NaN	   42.1	 176.34	NaN	 177.99	  -0.62	   0.00	TTTTCCAT_3/0	0	1.34	+
11:333931	 2981.8	1	  420.3	NaN	NaN	   35.8	 283.08	NaN	 285.01	  -0.67	   0.00	1	 1071.5	NaN	NaN	   24.6	 999.00	NaN	 999.00	  -0.54	   0.00	1	 1093.5	NaN	NaN	   27.1	 999.00	NaN	 999.00	  -0.51	   0.00	1	  396.5	NaN	NaN	   39.8	 241.51	NaN	 243.25	  -0.63	   0.00	--------	-1	0.00	*
11:333998	 1081.6	1	  177.8	NaN	NaN	   35.3	  63.39	NaN	  64.70	  -0.64	   0.00	1	  403.2	NaN	NaN	   24.1	 999.00	NaN	 999.00	  -0.47	   0.00	1	  249.5	NaN	NaN	   27.4	 143.78	NaN	 145.07	  -0.48	   0.00	1	  251.1	NaN	NaN	   39.5	 110.53	NaN	 112.04	  -0.57	   0.00	TTTACGTA_3/0	0	1.34	+
11:334178	  462.0	1	   63.0	NaN	NaN	   34.9	   3.92	NaN	   4.94	  -0.49	   0.54	1	  156.0	NaN	NaN	   24.8	  67.99	NaN	  69.11	  -0.48	   0.54	1	  130.0	NaN	NaN	   29.7	  40.16	NaN	  41.24	  -0.43	   0.54	1	  113.0	NaN	NaN	   38.8	  20.37	NaN	  21.63	  -0.53	   0.54	--------	-1	0.00	*
11:388225	  202.0	0	   19.0	NaN	NaN	   29.1	  -0.05	NaN	   0.01	  -0.44	   0.68	1	   79.0	NaN	NaN	   34.3	   9.45	NaN	  10.33	  -0.52	   0.68	1	   87.0	NaN	NaN	   25.3	  20.23	NaN	  21.20	  -0.62	   0.68	0	   17.0	NaN	NaN	   23.3	  -0.11	NaN	   0.03	  -0.45	   0.68	CATTTTTTTT_12/6	0	1.46	+
11:636394	  117.0	0	   24.0	NaN	NaN	   29.1	  -0.08	NaN	   0.10	  -0.70	   0.00	1	   64.3	NaN	NaN	   21.9	  12.22	NaN	  13.14	  -0.60	   0.00	0	   23.6	NaN	NaN	   25.3	  -0.03	NaN	   0.20	  -0.70	   0.00	0	    5.0	NaN	NaN	   23.3	  -0.01	NaN	   0.00	  -1.59	   0.00	CTTTTCTTTTT_12/2	0	2.02	+
12:14677	  234.0	0	   41.0	NaN	NaN	   27.3	   1.22	NaN	   2.08	  -0.68	   0.26	1	   86.0	NaN	NaN	   20.2	  25.87	NaN	  26.87	  -0.62	   0.26	1	   92.0	NaN	NaN	   22.4	  26.59	NaN	  27.60	  -0.58	   0.26	0	   15.0	NaN	NaN	   24.2	  -0.08	NaN	   0.01	  -0.63	   0.26	TTTTTTTT_8/4	0	1.34	+
12:34599	  173.9	0	   37.7	NaN	NaN	   28.1	   0.54	NaN	   1.36	  -0.57	   0.00	1	   56.3	NaN	NaN	   19.8	  10.22	NaN	  11.11	  -0.71	   0.00	1	   62.9	NaN	NaN	   22.1	  11.08	NaN	  11.99	  -0.57	   0.00	0	   17.1	NaN	NaN	   21.3	  -0.11	NaN	   0.10	  -0.51	   0.00	CTTCCTCT_6/0	0	1.69	+
12:69038	  121.3	0	   20.9	NaN	NaN	   29.0	  -0.06	NaN	   0.02	  -0.63	   0.00	1	   52.0	NaN	NaN	   18.6	   8.94	NaN	   9.80	  -0.62	   0.00	1	   35.6	NaN	NaN	   20.9	   2.10	NaN	   2.77	  -0.64	   0.00	0	   13.0	NaN	NaN	   20.7	  -0.08	NaN	   0.01	  -0.34	   0.00	TAGTATTT_7/0	0	1.82	+
12:172887	   91.4	0	   13.7	NaN	NaN	   32.1	  -0.01	NaN	   0.00	  -0.64	   0.00	1	   45.5	NaN	NaN	   18.0	   6.76	NaN	   7.59	  -0.71	   0.00	0	   17.2	NaN	NaN	   20.9	  -0.05	NaN	   0.11	  -0.95	   0.00	0	   15.0	NaN	NaN	   24.4	  -0.07	NaN	   0.01	  -0.53	   0.00	GTATTTAC_7/1	0	1.64	+
12:211259	  165.5	0	   25.6	NaN	NaN	   29.4	  -0.08	NaN	   0.12	  -0.88	   0.00	1	   64.2	NaN	NaN	   22.0	  12.11	NaN	  13.03	  -0.66	   0.00	1	   58.9	NaN	NaN	   27.4	   6.11	NaN	   6.94	  -0.75	   0.00	0	   16.8	NaN	NaN	   31.0	  -0.04	NaN	   0.00	  -0.68	   0.00	TTTTTTTT_8/4	0	1.34	+
12:213716	 3213.1	1	  293.9	NaN	NaN	   28.6	 182.35	NaN	 184.00	  -0.68	   0.00	1	 1062.9	NaN	NaN	   23.0	 999.00	NaN	 999.00	  -0.49	   0.00	1	 1346.7	NaN	NaN	   28.6	 999.00	NaN	 999.00	  -0.51	   0.00	1	  509.6	NaN	NaN	   44.3	 999.00	NaN	 999.00	  -0.62	   0.00	--------	-1	0.00	*
12:213847	 1224.9	1	  132.1	NaN	NaN	   28.8	  43.28	NaN	  44.52	  -0.59	   0.00	1	  381.1	NaN	NaN	   22.6	 313.10	NaN	 314.49	  -0.47	   0.00	1	  393.3	NaN	NaN	   29.4	 285.85	NaN	 287.22	  -0.44	   0.00	1	  318.4	NaN	NaN	   44.7	 153.14	NaN	 154.71	  -0.57	   0.00	--------	-1	0.00	*
12:349507	  112.3	0	   13.3	NaN	NaN	   32.5	  -0.01	NaN	   0.00	  -0.63	   0.00	1	   50.1	NaN	NaN	   23.7	   5.32	NaN	   6.12	  -0.57	   0.00	0	   39.7	NaN	NaN	   27.1	   1.32	NaN	   1.92	  -0.66	   0.00	0	    9.2	NaN	NaN	   34.4	  -0.01	NaN	   0.00	  -0.36	   0.00	TTTTTTTT_8/4	0	1.34	+
12:349747	  365.8	0	   24.5	NaN	NaN	   32.2	  -0.07	NaN	   0.04	  -0.90	   0.00	1	  149.2	NaN	NaN	   22.7	  68.17	NaN	  69.30	  -0.68	   0.00	1	  137.0	NaN	NaN	   26.2	  51.31	NaN	  52.42	  -0.75	   0.00	1	   55.0	NaN	NaN	   33.4	   2.57	NaN	   3.66	  -0.86	   0.00	--------	-1	0.00	*
12:349841	  415.9	0	   38.2	NaN	NaN	   33.1	   0.10	NaN	   0.77	  -0.61	   0.00	1	  181.7	NaN	NaN	   22.0	  97.94	NaN	  99.11	  -0.67	   0.00	1	  155.2	NaN	NaN	   25.6	  66.24	NaN	  67.39	  -0.66	   0.00	0	   40.8	NaN	NaN	   33.4	   0.19	NaN	   0.95	  -0.84	   0.00	GTTTTCTTTT_10/0	0	2.20	+
12:369647	  138.6	0	   31.4	NaN	NaN	   27.9	   0.04	NaN	   0.61	  -0.63	   0.00	0	   20.4	NaN	NaN	   16.8	   0.31	NaN	   0.74	  -0.57	   0.00	1	   74.9	NaN	NaN	   22.9	  16.35	NaN	  17.31	  -0.55	   0.00	0	   12.0	NaN	NaN	   21.6	  -0.06	NaN	   0.00	  -0.82	   0.00	GATTGCTT_4/0	0	1.45	+
12:552814	  110.5	0	   42.6	NaN	NaN	   27.3	   1.59	NaN	   2.49	  -0.25	   0.00	1	   30.2	NaN	NaN	   16.8	   2.24	NaN	   2.90	  -0.19	   0.00	0	   15.2	NaN	NaN	   20.9	  -0.05	NaN	   0.05	  -0.08	   0.00	0	   22.5	NaN	NaN	   20.6	   0.01	NaN	   0.48	  -0.61	   0.00	AACTAGTA_6/0	0	1.69	+
12:553005	  534.5	1	  151.4	NaN	NaN	   27.3	  59.47	NaN	  60.75	  -0.72	   0.00	1	  250.8	NaN	NaN	   16.8	 193.13	NaN	 194.38	  -0.78	   0.00	1	  112.8	NaN	NaN	   20.9	  43.12	NaN	  44.20	  -0.85	   0.00	0	   19.5	NaN	NaN	   20.6	  -0.08	NaN	   0.23	  -1.03	   0.00	ACTAACTAGTATTTACATTA_11/2	0	1.91	+
12:605297	  109.7	0	   21.1	NaN	NaN	   29.2	  -0.07	NaN	   0.03	  -0.71	   0.00	0	   28.7	NaN	NaN	   16.8	   1.73	NaN	   2.36	  -0.67	   0.00	1	   39.5	NaN	NaN	   23.2	   2.33	NaN	   3.01	  -0.79	   0.00	0	   20.4	NaN	NaN	   22.2	  -0.09	NaN	   0.20	  -0.79	   0.00	TTTTCCAT_3/0	0	1.34	+
12:664106	  271.5	0	   45.0	NaN	NaN	   30.1	   1.31	NaN	   2.19	  -0.56	   0.00	1	  111.6	NaN	NaN	   16.8	  51.19	NaN	  52.25	  -0.58	   0.00	1	   92.8	NaN	NaN	   22.8	  26.65	NaN	  27.66	  -0.58	   0.00	0	   22.2	NaN	NaN	   21.4	  -0.05	NaN	   0.40	  -0.61	   0.00	TTCCTCTTTT_6/1	0	1.52	+
12:682395	   98.1	0	   27.4	NaN	NaN	   30.5	  -0.08	NaN	   0.15	  -0.48	   0.00	1	   33.9	NaN	NaN	   16.8	   3.09	NaN	   3.81	  -0.65	   0.00	0	   22.9	NaN	NaN	   20.9	   0.11	NaN	   0.45	  -0.62	   0.00	0	   13.9	NaN	NaN	   23.6	  -0.07	NaN	   0.01	  -0.71	   0.00	CATTTTTTTT_12/6	0	1.46	+
12:683069	  105.2	0	   23.1	NaN	NaN	   29.6	  -0.09	NaN	   0.06	  -0.64	   0.00	1	   35.3	NaN	NaN	   16.8	   3.73	NaN	   4.48	  -0.69	   0.00	1	   36.1	NaN	NaN	   21.2	   2.24	NaN	   2.92	  -0.81	   0.00	0	   10.7	NaN	NaN	   22.3	  -0.05	NaN	   0.00	  -0.89	   0.00	CATTTTTT_8/2	0	1.59	+
12:687575	  230.0	0	   18.0	NaN	NaN	   27.3	  -0.05	NaN	   0.01	  -0.52	   0.67	0	   21.0	NaN	NaN	   16.8	   0.31	NaN	   0.74	  -0.61	   0.67	1	  168.0	NaN	NaN	   24.4	  78.81	NaN	  79.99	  -0.50	   0.67	0	   23.0	NaN	NaN	   23.8	  -0.09	NaN	   0.23	  -0.54	   0.67	TTCCTCTTTT_6/1	0	1.52	+
12:687906	  134.4	0	   25.4	NaN	NaN	   27.3	  -0.09	NaN	   0.21	  -0.61	   0.00	1	   46.6	NaN	NaN	   16.8	   8.04	NaN	   8.90	  -0.65	   0.00	1	   54.7	NaN	NaN	   25.1	   5.94	NaN	   6.76	  -0.67	   0.00	0	    7.8	NaN	NaN	   23.0	  -0.02	NaN	   0.00	  -0.84	   0.00	GTTTCTTTTT_9/1	0	1.86	+
12:707073	   89.4	0	   16.4	NaN	NaN	   30.4	  -0.03	NaN	   0.00	  -0.74	   0.00	1	   40.1	NaN	NaN	   19.5	   4.05	NaN	   4.82	  -1.07	   0.00	0	   23.2	NaN	NaN	   21.0	   0.16	NaN	   0.55	  -0.90	   0.00	0	    9.6	NaN	NaN	   21.7	  -0.04	NaN	   0.00	  -0.89	   0.00	TTTCTTTT_6/0	0	1.69	+
12:756117	  120.0	0	   30.0	NaN	NaN	   29.3	  -0.06	NaN	   0.33	  -0.50	   0.00	1	   31.0	NaN	NaN	   16.8	   2.24	NaN	   2.90	  -0.54	   0.00	0	   34.0	NaN	NaN	   24.8	   0.80	NaN	   1.33	  -0.52	   0.00	0	   25.0	NaN	NaN	   27.1	  -0.10	NaN	   0.17	  -0.48	   0.00	TTTTTTTT_8/4	0	1.34	+
12:796830	  142.9	0	   24.9	NaN	NaN	   31.0	  -0.08	NaN	   0.05	  -0.55	   0.00	0	   27.6	NaN	NaN	   20.5	   0.67	NaN	   1.17	  -0.65	   0.00	1	   61.6	NaN	NaN	   26.1	   7.88	NaN	   8.74	  -0.66	   0.00	0	   28.8	NaN	NaN	   22.7	   0.19	NaN	   0.95	  -0.65	   0.00	TGTTTCTTTT_6/0	0	1.69	+
12:797162	  143.1	0	   23.1	NaN	NaN	   30.0	  -0.08	NaN	   0.05	  -0.51	   0.00	0	   27.4	NaN	NaN	   20.8	   0.62	NaN	   1.11	  -0.66	   0.00	1	   79.4	NaN	NaN	   26.9	  15.22	NaN	  16.17	  -0.65	   0.00	0	   13.2	NaN	NaN	   22.6	  -0.08	NaN	   0.01	  -0.65	   0.00	TTTATTCC_4/0	0	1.45	+
12:965996	  128.0	0	   24.0	NaN	NaN	   27.3	  -0.08	NaN	   0.12	  -0.56	   0.62	1	   34.0	NaN	NaN	   18.2	   2.56	NaN	   3.24	  -0.56	   0.62	1	   52.0	NaN	NaN	   24.7	   5.15	NaN	   5.94	  -0.49	   0.62	0	   18.0	NaN	NaN	   20.6	  -0.11	NaN	   0.13	  -0.48	   0.62	TTTTCTTTTTCC_13/1	0	2.35	+
13:113886	   88.8	0	   17.9	NaN	NaN	   31.0	  -0.03	NaN	   0.00	  -0.58	   0.00	0	   21.4	NaN	NaN	   19.4	   0.16	NaN	   0.51	  -0.64	   0.00	1	   45.0	NaN	NaN	   21.7	   4.32	NaN	   5.08	  -0.83	   0.00	0	    4.5	NaN	NaN	   23.1	  -0.01	NaN	   0.00	  -0.86	   0.00	CTTTTCTTT_7/1	0	1.64	+
13:250839	  138.5	0	   34.5	NaN	NaN	   28.8	   0.13	NaN	   0.84	  -0.80	   0.00	1	   34.9	NaN	NaN	   17.9	   2.94	NaN	   3.64	  -0.60	   0.00	0	   25.4	NaN	NaN	   21.7	   0.27	NaN	   0.69	  -0.84	   0.00	1	   43.7	NaN	NaN	   25.4	   2.21	NaN	   3.29	  -0.81	   0.00	TAGTATTT_7/0	0	1.82	+
13:265833	  230.0	0	   37.0	NaN	NaN	   28.4	   0.38	NaN	   1.16	  -0.56	   0.00	1	   54.0	NaN	NaN	   17.9	  10.40	NaN	  11.30	  -0.53	   0.00	1	  116.0	NaN	NaN	   24.4	  39.04	NaN	  40.11	  -0.53	   0.00	0	   23.0	NaN	NaN	   23.4	  -0.08	NaN	   0.25	  -0.56	   0.00	TTTATTCC_4/0	0	1.45	+
13:270311	  100.5	0	   22.6	NaN	NaN	   29.5	  -0.08	NaN	   0.04	  -0.82	   0.00	1	   33.9	NaN	NaN	   17.9	   2.65	NaN	   3.34	  -0.70	   0.00	0	   35.1	NaN	NaN	   25.7	   0.94	NaN	   1.50	  -0.64	   0.00	0	    8.9	NaN	NaN	   23.8	  -0.03	NaN	   0.00	  -0.97	   0.00	CATTTTTT_8/2	0	1.59	+
13:444200	  112.4	0	   20.8	NaN	NaN	   28.4	  -0.06	NaN	   0.03	  -0.71	   0.00	1	   42.4	NaN	NaN	   17.9	   5.64	NaN	   6.45	  -0.77	   0.00	1	   36.3	NaN	NaN	   21.7	   2.09	NaN	   2.76	  -0.71	   0.00	0	   12.9	NaN	NaN	   21.4	  -0.08	NaN	   0.01	  -0.89	   0.00	CTTTTCTT_4/1	0	1.31	+
13:454125	   93.5	0	   11.9	NaN	NaN	   31.0	  -0.01	NaN	   0.00	  -0.47	   0.00	0	   20.8	NaN	NaN	   17.9	   0.20	NaN	   0.58	  -0.79	   0.00	1	   46.1	NaN	NaN	   27.2	   2.74	NaN	   3.45	  -0.57	   0.00	0	   14.7	NaN	NaN	   22.8	  -0.09	NaN	   0.02	  -0.75	   0.00	TAGTTATA_2/0	0	1.22	+
13:475920	  124.2	0	   43.0	NaN	NaN	   28.4	   1.31	NaN	   2.19	  -0.67	   0.00	1	   32.6	NaN	NaN	   17.9	   2.38	NaN	   3.05	  -0.58	   0.00	0	   23.6	NaN	NaN	   21.7	   0.12	NaN	   0.47	  -0.75	   0.00	0	   25.0	NaN	NaN	   21.4	   0.08	NaN	   0.73	  -0.61	   0.00	AACTAGTAGTTATATTA_10/2	0	1.80	+
13:476094	  255.8	1	   51.0	NaN	NaN	   28.4	   3.34	NaN	   4.33	  -0.93	   0.00	1	  131.4	NaN	NaN	   17.9	  65.30	NaN	  66.41	  -0.72	   0.00	1	   55.4	NaN	NaN	   21.7	   8.34	NaN	   9.21	  -1.05	   0.00	0	   18.0	NaN	NaN	   21.4	  -0.11	NaN	   0.10	  -1.31	   0.00	GATTTNTAT_5/0	0	1.57	+
13:476129	  221.9	1	   59.1	NaN	NaN	   28.4	   5.72	NaN	   6.77	  -0.91	   0.00	1	   64.5	NaN	NaN	   17.9	  16.29	NaN	  17.24	  -0.79	   0.00	1	   74.8	NaN	NaN	   21.7	  17.60	NaN	  18.56	  -0.84	   0.00	0	   23.6	NaN	NaN	   21.4	   0.00	NaN	   0.50	  -1.10	   0.00	ACTAACTAGTATTTACATTA_11/2	0	1.91	+
13:476230	  281.1	1	   60.9	NaN	NaN	   28.4	   6.04	NaN	   7.11	  -0.82	   0.00	1	  156.5	NaN	NaN	   17.9	  87.94	NaN	  89.10	  -0.69	   0.00	1	   50.2	NaN	NaN	   21.7	   6.37	NaN	   7.21	  -0.81	   0.00	0	   13.4	NaN	NaN	   21.4	  -0.09	NaN	   0.02	  -0.54	   0.00	TTACATTA_7/0	0	1.82	+
13:518112	  110.7	0	   22.4	NaN	NaN	   30.3	  -0.07	NaN	   0.03	  -0.56	   0.00	1	   37.0	NaN	NaN	   17.9	   3.54	NaN	   4.28	  -0.55	   0.00	0	   34.8	NaN	NaN	   23.2	   1.27	NaN	   1.87	  -0.64	   0.00	0	   16.6	NaN	NaN	   25.1	  -0.09	NaN	   0.02	  -0.63	   0.00	TTCTTTTT_6/1	0	1.52	+
13:632221	   89.8	0	   15.8	NaN	NaN	   30.2	  -0.02	NaN	   0.00	  -0.43	   0.00	0	   13.7	NaN	NaN	   21.2	  -0.03	NaN	   0.02	  -0.95	   0.00	1	   45.7	NaN	NaN	   22.8	   4.15	NaN	   4.91	  -0.59	   0.00	0	   14.6	NaN	NaN	   21.4	  -0.10	NaN	   0.03	  -0.75	   0.00	TTTTTTTT_8/4	0	1.34	+
13:639491	  112.0	0	   32.0	NaN	NaN	   29.4	  -0.00	NaN	   0.47	  -0.59	   0.56	1	   35.0	NaN	NaN	   17.9	   2.93	NaN	   3.64	  -0.58	   0.56	0	   26.0	NaN	NaN	   21.7	   0.27	NaN	   0.69	  -0.71	   0.56	0	   19.0	NaN	NaN	   22.7	  -0.11	NaN	   0.09	  -0.37	   0.56	ACTAACTA_6/0	0	1.69	+
13:652570	 2366.8	1	  396.4	NaN	NaN	   34.0	 265.88	NaN	 267.77	  -0.52	   0.00	1	  853.8	NaN	NaN	   34.7	 999.00	NaN	 999.00	  -0.47	   0.00	1	  815.5	NaN	NaN	   31.9	 999.00	NaN	 999.00	  -0.49	   0.00	1	  301.1	NaN	NaN	   38.1	 156.92	NaN	 158.53	  -0.47	   0.00	--------	-1	0.00	*
13:652710	 4885.2	1	  870.6	NaN	NaN	   33.7	 999.00	NaN	 999.00	  -0.55	   0.00	1	 1809.2	NaN	NaN	   35.6	 999.00	NaN	 999.00	  -0.45	   0.00	1	 1454.5	NaN	NaN	   32.0	 999.00	NaN	 999.00	  -0.50	   0.00	1	  750.9	NaN	NaN	   37.8	 999.00	NaN	 999.00	  -0.50	   0.00	TTTCTTTTT_9/1	0	1.86	+
13:829058	  143.1	0	   30.4	NaN	NaN	   28.4	  -0.00	NaN	   0.47	  -0.56	   0.00	0	   29.6	NaN	NaN	   17.9	   1.63	NaN	   2.25	  -0.88	   0.00	1	   66.3	NaN	NaN	   21.7	  13.32	NaN	  14.26	  -0.89	   0.00	0	   16.8	NaN	NaN	   22.0	  -0.12	NaN	   0.05	  -0.59	   0.00	TTTCAGCT_3/0	0	1.34	+
13:829183	  132.9	0	   31.6	NaN	NaN	   28.4	   0.03	NaN	   0.56	  -0.56	   0.00	1	   32.4	NaN	NaN	   17.9	   2.38	NaN	   3.05	  -0.77	   0.00	1	   60.7	NaN	NaN	   21.7	  10.49	NaN	  11.40	  -0.74	   0.00	0	    8.2	NaN	NaN	   21.6	  -0.03	NaN	   0.00	  -0.42	   0.00	TTTTTTTT_8/4	0	1.34	+
14:164299	  116.0	0	   24.0	NaN	NaN	   29.0	  -0.09	NaN	   0.07	  -0.43	   0.00	0	   19.0	NaN	NaN	   15.9	   0.21	NaN	   0.61	  -0.65	   0.00	0	   31.0	NaN	NaN	   21.0	   1.03	NaN	   1.61	  -0.61	   0.00	1	   42.0	NaN	NaN	   21.9	   2.98	NaN	   4.08	  -0.57	   0.00	CATTTTTT_8/2	0	1.59	+
14:187778	   96.0	0	   25.0	NaN	NaN	   28.5	  -0.08	NaN	   0.11	  -0.65	   0.00	1	   35.0	NaN	NaN	   19.4	   2.38	NaN	   3.05	  -0.38	   0.00	0	   30.0	NaN	NaN	   23.5	   0.48	NaN	   0.96	  -0.34	   0.00	0	    6.0	NaN	NaN	   21.4	  -0.02	NaN	   0.00	  -0.62	   0.00	TCTTCTTT_2/0	0	1.22	+
14:291085	  101.0	0	   19.0	NaN	NaN	   26.9	  -0.06	NaN	   0.02	  -0.64	   0.00	1	   33.0	NaN	NaN	   18.2	   2.28	NaN	   2.94	  -0.58	   0.00	0	   34.0	NaN	NaN	   24.4	   0.87	NaN	   1.43	  -0.52	   0.00	0	   15.0	NaN	NaN	   21.0	  -0.11	NaN	   0.03	  -0.74	   0.00	TTTTTTTT_8/4	0	1.34	+
14:490494	  181.0	0	   38.0	NaN	NaN	   34.5	   0.04	NaN	   0.62	  -0.67	   0.00	1	   52.9	NaN	NaN	   18.0	   9.90	NaN	  10.78	  -0.77	   0.00	1	   64.9	NaN	NaN	   20.9	  13.12	NaN	  14.06	  -0.77	   0.00	0	   25.3	NaN	NaN	   22.2	   0.03	NaN	   0.63	  -0.62	   0.00	TTTTTTTT_8/4	0	1.34	+
14:493219	   86.8	0	   22.6	NaN	NaN	   32.3	  -0.05	NaN	   0.02	  -0.68	   0.00	0	   18.5	NaN	NaN	   15.6	   0.23	NaN	   0.64	  -0.59	   0.00	1	   38.9	NaN	NaN	   21.2	   2.77	NaN	   3.48	  -0.54	   0.00	0	    6.8	NaN	NaN	   21.4	  -0.02	NaN	   0.00	  -0.41	   0.00	GTTTCTTTTTCC_11/1	0	2.10	+
14:508921	  124.1	0	   36.1	NaN	NaN	   26.9	   0.60	NaN	   1.43	  -0.93	   0.00	1	   57.8	NaN	NaN	   15.6	  14.95	NaN	  15.89	  -0.79	   0.00	0	   18.5	NaN	NaN	   19.5	  -0.01	NaN	   0.24	  -0.93	   0.00	0	   11.8	NaN	NaN	   20.2	  -0.08	NaN	   0.01	  -1.03	   0.00	ACTAACTAGTATTTAC_7/1	0	1.64	+
14:509278	  499.0	1	  156.0	NaN	NaN	   26.9	  63.16	NaN	  64.46	  -0.51	   0.56	1	  236.0	NaN	NaN	   15.6	 182.78	NaN	 184.02	  -0.54	   0.56	1	   73.0	NaN	NaN	   19.5	  18.98	NaN	  19.95	  -0.60	   0.56	0	   34.0	NaN	NaN	   20.2	   1.46	NaN	   2.51	  -0.39	   0.56	TTTCAGCT_3/0	0	1.34	+
14:521723	  107.2	0	   24.9	NaN	NaN	   29.7	  -0.09	NaN	   0.08	  -0.49	   0.00	1	   28.7	NaN	NaN	   15.6	   2.14	NaN	   2.80	  -0.43	   0.00	0	   26.3	NaN	NaN	   19.7	   0.66	NaN	   1.17	  -0.60	   0.00	0	   27.4	NaN	NaN	   20.4	   0.37	NaN	   1.20	  -0.50	   0.00	TCCAGTTT_3/0	0	1.34	+
14:557412	  465.0	1	  130.0	NaN	NaN	   26.9	  44.34	NaN	  45.59	  -0.50	   0.69	1	  152.0	NaN	NaN	   15.6	  91.20	NaN	  92.36	  -0.53	   0.69	1	  157.0	NaN	NaN	   19.5	  82.80	NaN	  84.00	  -0.48	   0.69	0	   26.0	NaN	NaN	   20.2	   0.17	NaN	   0.92	  -0.30	   0.69	CATTTTTT_8/2	0	1.59	+
14:557656	  156.5	0	   40.2	NaN	NaN	   26.9	   1.29	NaN	   2.16	  -0.70	   0.00	1	   41.3	NaN	NaN	   15.6	   6.76	NaN	   7.58	  -0.77	   0.00	1	   60.5	NaN	NaN	   19.5	  12.40	NaN	  13.32	  -0.73	   0.00	0	   14.6	NaN	NaN	   20.2	  -0.11	NaN	   0.04	  -0.82	   0.00	ACTAACTAGTATTTAC_7/1	0	1.64	+
14:594596	  145.0	0	   28.0	NaN	NaN	   26.9	  -0.05	NaN	   0.35	  -0.58	   0.00	1	   47.0	NaN	NaN	   15.7	   9.02	NaN	   9.89	  -0.57	   0.00	1	   51.0	NaN	NaN	   23.1	   5.62	NaN	   6.43	  -0.57	   0.00	0	   19.0	NaN	NaN	   21.2	  -0.10	NaN	   0.15	  -0.76	   0.00	TTTTTTTT_8/4	0	1.34	+
14:757540	   86.0	0	   18.0	NaN	NaN	   26.9	  -0.05	NaN	   0.01	  -0.36	   0.00	0	   20.0	NaN	NaN	   17.2	   0.17	NaN	   0.55	  -0.68	   0.00	1	   34.0	NaN	NaN	   19.5	   2.07	NaN	   2.74	  -0.63	   0.00	0	   14.0	NaN	NaN	   20.2	  -0.10	NaN	   0.03	  -0.45	   0.00	TTTTCTTTTT_11/1	0	2.10	+
15:110353	  166.6	0	   40.0	NaN	NaN	   29.5	   0.74	NaN	   1.58	  -0.59	   0.00	0	   35.0	NaN	NaN	   37.8	  -0.04	NaN	   0.16	  -0.60	   0.00	0	   42.2	NaN	NaN	   36.5	   0.35	NaN	   0.79	  -0.60	   0.00	1	   49.4	NaN	NaN	   22.2	   5.42	NaN	   6.56	  -0.71	   0.00	CATTTTTT_8/2	0	1.59	+
15:155190	 4725.3	1	  912.2	NaN	NaN	   50.6	 999.00	NaN	 999.00	  -0.52	   0.12	1	 1213.7	NaN	NaN	   71.1	 999.00	NaN	 999.00	  -0.53	   0.12	1	 1236.9	NaN	NaN	   72.4	 999.00	NaN	 999.00	  -0.49	   0.12	1	 1362.6	NaN	NaN	   67.4	 999.00	NaN	 999.00	  -0.53	   0.12	--------	-1	0.00	*
15:155254	 4094.7	1	  754.8	NaN	NaN	   50.9	 999.00	NaN	 999.00	  -0.52	   0.12	1	 1214.3	NaN	NaN	   70.8	 999.00	NaN	 999.00	  -0.54	   0.12	1	 1067.1	NaN	NaN	   72.2	 999.00	NaN	 999.00	  -0.50	   0.12	1	 1058.4	NaN	NaN	   67.6	 999.00	NaN	 999.00	  -0.48	   0.12	CTTCCTCTTTT_7/1	0	1.64	+
15:210427	  390.9	1	   51.8	NaN	NaN	   28.6	   3.28	NaN	   4.26	  -0.59	   0.00	1	  121.4	NaN	NaN	   18.3	  55.85	NaN	  56.91	  -0.58	   0.00	1	  144.1	NaN	NaN	   24.0	  60.95	NaN	  62.09	  -0.53	   0.00	1	   73.6	NaN	NaN	   22.2	  16.29	NaN	  17.52	  -0.79	   0.00	--------	-1	0.00	*
15:210540	 1075.7	1	  122.4	NaN	NaN	   28.6	  37.13	NaN	  38.35	  -0.72	   0.00	1	  346.8	NaN	NaN	   19.2	 294.13	NaN	 295.48	  -0.61	   0.00	1	  477.9	NaN	NaN	   25.3	 999.00	NaN	 999.00	  -0.58	   0.00	1	  128.7	NaN	NaN	   22.2	  52.27	NaN	  53.63	  -0.81	   0.00	TCCAGTTT_3/0	0	1.34	+
15:210877	  103.4	0	   11.8	NaN	NaN	   28.6	  -0.01	NaN	   0.00	  -0.35	   0.00	0	   31.9	NaN	NaN	   20.8	   1.28	NaN	   1.87	  -0.37	   0.00	1	   46.0	NaN	NaN	   25.1	   3.47	NaN	   4.21	  -0.29	   0.00	0	   13.7	NaN	NaN	   22.2	  -0.08	NaN	   0.01	  -0.11	   0.00	TTTTTTTT_8/4	0	1.34	+
15:391763	  225.5	0	   42.7	NaN	NaN	   28.6	   1.28	NaN	   2.14	  -0.80	   0.00	1	   70.4	NaN	NaN	   18.2	  19.43	NaN	  20.40	  -0.79	   0.00	1	  100.7	NaN	NaN	   26.8	  26.34	NaN	  27.34	  -0.76	   0.00	0	   11.7	NaN	NaN	   22.2	  -0.06	NaN	   0.00	  -0.52	   0.00	CATTTTTT_8/2	0	1.59	+
15:391888	  141.9	0	   22.0	NaN	NaN	   28.6	  -0.08	NaN	   0.06	  -0.71	   0.00	0	   29.5	NaN	NaN	   18.2	   1.55	NaN	   2.17	  -0.63	   0.00	1	   62.3	NaN	NaN	   25.8	   8.44	NaN	   9.32	  -0.67	   0.00	0	   28.1	NaN	NaN	   22.6	   0.20	NaN	   0.96	  -0.59	   0.00	TTTTCTTCA_4/0	0	1.45	+
15:665448	  276.0	0	   33.0	NaN	NaN	   31.0	  -0.02	NaN	   0.42	  -0.48	   0.48	1	   92.0	NaN	NaN	   18.2	  33.10	NaN	  34.12	  -0.51	   0.48	1	  131.0	NaN	NaN	   23.5	  51.48	NaN	  52.59	  -0.59	   0.48	0	   20.0	NaN	NaN	   22.2	  -0.11	NaN	   0.15	  -0.48	   0.48	CCTCTTTTTTTT_11/4	0	1.61	+
15:703966	  100.9	0	   14.5	NaN	NaN	   28.6	  -0.02	NaN	   0.00	  -0.79	   0.00	1	   42.7	NaN	NaN	   18.2	   5.49	NaN	   6.29	  -0.82	   0.00	1	   43.7	NaN	NaN	   22.6	   3.60	NaN	   4.35	  -0.76	   0.00	0	    0.0	NaN	NaN	   22.2	  -0.00	NaN	   0.00	  -0.49	   0.00	TTTCAGCT_3/0	0	1.34	+
15:704074	  124.1	0	   44.4	NaN	NaN	   28.6	   1.65	NaN	   2.56	  -0.84	   0.00	0	   22.0	NaN	NaN	   18.2	   0.26	NaN	   0.67	  -0.88	   0.00	1	   52.7	NaN	NaN	   22.6	   6.58	NaN	   7.42	  -0.80	   0.00	0	    5.1	NaN	NaN	   22.2	  -0.02	NaN	   0.00	  -0.66	   0.00	TTTTTAAT_4/1	0	1.31	+
15:820287	  114.3	0	   16.7	NaN	NaN	   29.4	  -0.03	NaN	   0.00	  -0.67	   0.00	1	   35.7	NaN	NaN	   18.2	   3.11	NaN	   3.84	  -0.55	   0.00	1	   49.7	NaN	NaN	   22.6	   5.52	NaN	   6.32	  -0.56	   0.00	0	   12.2	NaN	NaN	   22.2	  -0.07	NaN	   0.01	  -0.71	   0.00	TTTTTTTT_8/4	0	1.34	+
15:876571	  527.4	0	   38.0	NaN	NaN	   32.8	   0.07	NaN	   0.69	  -0.61	   0.00	1	  229.1	NaN	NaN	   23.7	 137.78	NaN	 138.98	  -0.62	   0.00	1	  226.1	NaN	NaN	   26.0	 126.71	NaN	 127.99	  -0.59	   0.00	0	   34.4	NaN	NaN	   22.6	   1.04	NaN	   2.04	  -0.64	   0.00	TTTCAGCT_3/0	0	1.34	+
15:876668	  328.6	0	   23.0	NaN	NaN	   32.5	  -0.06	NaN	   0.02	  -0.72	   0.00	1	  136.9	NaN	NaN	   23.2	  56.60	NaN	  57.67	  -0.64	   0.00	1	  145.9	NaN	NaN	   26.0	  57.69	NaN	  58.83	  -0.53	   0.00	0	   22.6	NaN	NaN	   22.2	  -0.07	NaN	   0.33	  -0.58	   0.00	TGTTTCTT_2/0	0	1.22	+
15:902930	  108.0	0	   27.0	NaN	NaN	   33.1	  -0.08	NaN	   0.06	  -0.63	   0.00	0	   30.0	NaN	NaN	   22.4	   0.65	NaN	   1.15	  -0.45	   0.00	1	   39.0	NaN	NaN	   22.6	   2.27	NaN	   2.95	  -0.59	   0.00	0	   12.0	NaN	NaN	   24.0	  -0.05	NaN	   0.00	  -0.88	   0.00	GTTTTCTTC_5/0	0	1.57	+
15:906417	  328.0	0	   36.0	NaN	NaN	   32.4	   0.02	NaN	   0.54	  -0.61	   0.64	1	  136.0	NaN	NaN	   18.4	  67.33	NaN	  68.45	  -0.55	   0.64	1	  103.0	NaN	NaN	   22.6	  33.23	NaN	  34.27	  -0.57	   0.64	1	   53.0	NaN	NaN	   26.4	   4.35	NaN	   5.46	  -0.43	   0.64	ATTTACAT_5/0	0	1.57	+
15:1037579	  129.2	0	   14.3	NaN	NaN	   28.6	  -0.02	NaN	   0.00	  -0.78	   0.00	1	   57.5	NaN	NaN	   23.6	   7.92	NaN	   8.77	  -0.70	   0.00	0	   36.1	NaN	NaN	   29.5	   0.51	NaN	   1.00	  -0.73	   0.00	0	   21.2	NaN	NaN	   22.2	  -0.08	NaN	   0.26	  -0.73	   0.00	GTTTTCTTTTT_12/1	0	2.22	+
15:1053485	   94.7	0	   23.8	NaN	NaN	   28.6	  -0.09	NaN	   0.08	  -0.79	   0.00	0	   21.3	NaN	NaN	   18.2	   0.26	NaN	   0.67	  -1.03	   0.00	1	   39.5	NaN	NaN	   22.6	   2.51	NaN	   3.21	  -0.76	   0.00	0	   10.2	NaN	NaN	   22.2	  -0.05	NaN	   0.00	  -0.65	   0.00	ACTAACTA_6/0	0	1.69	+
16:65236	  555.1	1	  176.6	NaN	NaN	   27.7	  77.73	NaN	  79.17	  -0.76	   0.00	1	  245.0	NaN	NaN	   17.7	 181.42	NaN	 182.64	  -0.74	   0.00	1	  103.7	NaN	NaN	   22.0	  34.90	NaN	  35.95	  -0.77	   0.00	0	   29.9	NaN	NaN	   21.1	   0.51	NaN	   1.41	  -0.63	   0.00	ACTAACTAGTATTTACATTA_11/2	0	1.91	+
16:71520	  148.9	0	   44.9	NaN	NaN	   27.7	   1.87	NaN	   2.80	  -0.75	   0.00	1	   33.1	NaN	NaN	   17.7	   2.75	NaN	   3.44	  -0.80	   0.00	1	   49.5	NaN	NaN	   22.0	   5.85	NaN	   6.67	  -0.61	   0.00	0	   21.5	NaN	NaN	   21.1	  -0.07	NaN	   0.35	  -0.63	   0.00	CTTCCTCT_6/0	0	1.69	+
16:123355	   92.1	0	   15.8	NaN	NaN	   30.7	  -0.02	NaN	   0.00	  -0.64	   0.00	1	   41.8	NaN	NaN	   19.4	   4.45	NaN	   5.23	  -0.66	   0.00	0	   29.0	NaN	NaN	   22.0	   0.70	NaN	   1.22	  -0.85	   0.00	0	    5.5	NaN	NaN	   23.6	  -0.01	NaN	   0.00	  -0.81	   0.00	TTTATTCC_4/0	0	1.45	+
16:382104	   94.0	0	    8.0	NaN	NaN	   27.7	  -0.01	NaN	   0.00	  -0.64	   0.00	0	   18.0	NaN	NaN	   17.7	   0.03	NaN	   0.30	  -0.51	   0.00	1	   38.0	NaN	NaN	   22.0	   2.24	NaN	   2.91	  -0.64	   0.00	0	   30.0	NaN	NaN	   21.1	   0.51	NaN	   1.41	  -0.57	   0.00	CATTTTTT_8/2	0	1.59	+
16:420180	 2940.9	1	  416.9	NaN	NaN	   55.3	 208.71	NaN	 210.38	  -0.55	   0.44	1	  824.6	NaN	NaN	   70.9	 999.00	NaN	 999.00	  -0.51	   0.44	1	 1164.3	NaN	NaN	   94.7	 999.00	NaN	 999.00	  -0.47	   0.44	1	  535.0	NaN	NaN	   53.4	 999.00	NaN	 999.00	  -0.54	   0.44	CATTTTTTACGTA_10/2	0	1.80	+
16:420265	 1891.1	1	  231.1	NaN	NaN	   55.2	  68.15	NaN	  69.49	  -0.56	   0.44	1	  651.4	NaN	NaN	   71.4	 999.00	NaN	 999.00	  -0.49	   0.44	1	  737.7	NaN	NaN	   95.0	 999.00	NaN	 999.00	  -0.47	   0.44	1	  271.0	NaN	NaN	   53.2	  97.09	NaN	  98.57	  -0.52	   0.44	TTTTAATT_4/0	0	1.45	+
16:440133	  133.5	0	   16.6	NaN	NaN	   28.6	  -0.03	NaN	   0.00	  -0.41	   0.00	1	   58.0	NaN	NaN	   19.2	  11.66	NaN	  12.57	  -0.62	   0.00	1	   45.3	NaN	NaN	   22.0	   4.51	NaN	   5.27	  -0.54	   0.00	0	   13.5	NaN	NaN	   24.1	  -0.07	NaN	   0.00	  -0.70	   0.00	CCTCTTTT_3/0	0	1.34	+
16:440268	   92.5	0	   14.4	NaN	NaN	   28.0	  -0.02	NaN	   0.00	  -0.47	   0.00	1	   42.0	NaN	NaN	   19.0	   4.64	NaN	   5.43	  -0.46	   0.00	0	   32.7	NaN	NaN	   23.3	   0.90	NaN	   1.46	  -0.42	   0.00	0	    3.5	NaN	NaN	   25.1	  -0.00	NaN	   0.00	  -0.63	   0.00	TTTTCTTTT_8/0	0	1.94	+
16:461840	   87.2	0	   12.3	NaN	NaN	   32.9	  -0.01	NaN	   0.00	  -0.81	   0.00	1	   37.4	NaN	NaN	   20.9	   2.63	NaN	   3.32	  -0.65	   0.00	0	   32.4	NaN	NaN	   26.1	   0.48	NaN	   0.96	  -0.55	   0.00	0	    5.1	NaN	NaN	   30.6	  -0.00	NaN	   0.00	  -0.70	   0.00	CTTCCTCT_6/0	0	1.69	+
16:490600	  203.5	0	   11.9	NaN	NaN	   27.7	  -0.01	NaN	   0.00	  -1.18	   0.00	1	   46.9	NaN	NaN	   17.7	   7.43	NaN	   8.27	  -0.57	   0.00	1	  134.5	NaN	NaN	   22.0	  57.62	NaN	  58.75	  -0.66	   0.00	0	   10.2	NaN	NaN	   21.1	  -0.06	NaN	   0.00	  -0.63	   0.00	TTTTTTTT_8/4	0	1.34	+
16:510765	   93.3	0	   21.8	NaN	NaN	   28.8	  -0.07	NaN	   0.04	  -0.51	   0.00	1	   39.4	NaN	NaN	   20.0	   3.52	NaN	   4.26	  -0.62	   0.00	0	   30.1	NaN	NaN	   22.0	   0.84	NaN	   1.39	  -0.80	   0.00	0	    1.9	NaN	NaN	   23.9	  -0.00	NaN	   0.00	  -0.32	   0.00	TTTCTTTTT_9/1	0	1.86	+
16:510994	  135.7	0	   33.2	NaN	NaN	   28.0	   0.13	NaN	   0.83	  -0.60	   0.00	1	   37.6	NaN	NaN	   20.0	   2.94	NaN	   3.65	  -0.68	   0.00	1	   48.9	NaN	NaN	   22.0	   5.51	NaN	   6.31	  -0.69	   0.00	0	   16.1	NaN	NaN	   24.2	  -0.10	NaN	   0.02	  -0.62	   0.00	TGTTTCTTTT_6/0	0	1.69	+
16:535354	   99.0	0	   16.0	NaN	NaN	   28.6	  -0.03	NaN	   0.00	  -0.47	   0.56	1	   33.0	NaN	NaN	   17.7	   2.47	NaN	   3.15	  -0.61	   0.56	1	   39.0	NaN	NaN	   22.0	   2.47	NaN	   3.18	  -0.53	   0.56	0	   11.0	NaN	NaN	   21.9	  -0.05	NaN	   0.00	  -0.53	   0.56	CATTTTTT_8/2	0	1.59	+
16:580608	  121.3	0	   17.6	NaN	NaN	   28.8	  -0.04	NaN	   0.01	  -0.72	   0.00	1	   50.4	NaN	NaN	   19.3	   7.93	NaN	   8.79	  -0.64	   0.00	1	   45.4	NaN	NaN	   22.3	   4.38	NaN	   5.15	  -0.67	   0.00	0	    7.8	NaN	NaN	   25.0	  -0.02	NaN	   0.00	  -0.77	   0.00	TTTCTTTT_6/0	0	1.69	+
16:818637	  751.9	1	  154.5	NaN	NaN	   27.7	  60.76	NaN	  62.05	  -0.67	   0.00	1	  306.2	NaN	NaN	   17.7	 255.31	NaN	 256.64	  -0.68	   0.00	1	  179.1	NaN	NaN	   22.0	  95.96	NaN	  97.21	  -0.75	   0.00	1	  112.0	NaN	NaN	   21.1	  41.84	NaN	  43.17	  -0.74	   0.00	ACTAACTAGTATTTACATTA_11/2	0	1.91	+
16:848750	  113.0	0	   30.3	NaN	NaN	   27.7	   0.03	NaN	   0.53	  -0.47	   0.00	1	   36.2	NaN	NaN	   17.7	   3.65	NaN	   4.40	  -0.56	   0.00	0	   26.6	NaN	NaN	   22.0	   0.34	NaN	   0.78	  -0.61	   0.00	0	   20.0	NaN	NaN	   21.6	  -0.10	NaN	   0.18	  -0.49	   0.00	TTTTTTTT_8/4	0	1.34	+
16:862971	  324.0	0	   46.0	NaN	NaN	   30.6	   1.37	NaN	   2.26	  -0.57	   0.51	1	   66.0	NaN	NaN	   17.7	  17.14	NaN	  18.09	  -0.55	   0.51	1	  179.0	NaN	NaN	   22.0	  95.06	NaN	  96.30	  -0.48	   0.51	0	   33.0	NaN	NaN	   21.1	   1.02	NaN	   2.01	  -0.49	   0.51	CTTCCTCTT_7/1	0	1.64	+
16:923097	  150.9	0	   21.3	NaN	NaN	   27.7	  -0.08	NaN	   0.05	  -0.58	   0.00	1	   64.3	NaN	NaN	   20.9	  13.09	NaN	  14.02	  -0.57	   0.00	1	   52.0	NaN	NaN	   22.0	   6.58	NaN	   7.42	  -0.62	   0.00	0	   13.3	NaN	NaN	   23.6	  -0.07	NaN	   0.01	  -0.86	   0.00	CGTTTTAT_3/0	0	1.34	+
16:950028	  204.0	0	   43.0	NaN	NaN	   27.7	   1.47	NaN	   2.37	  -0.81	   0.00	1	   41.0	NaN	NaN	   17.7	   5.03	NaN	   5.83	  -0.97	   0.00	1	   52.0	NaN	NaN	   22.0	   6.58	NaN	   7.42	  -0.92	   0.00	1	   68.0	NaN	NaN	   21.1	  14.18	NaN	  15.39	  -0.79	   0.00	ATTTTCATTTTTTTT_17/7	0	1.76	+
2:30373	  109.8	1	   47.0	NaN	NaN	   28.3	   2.37	NaN	   3.34	  -0.78	   0.00	1	   32.0	NaN	NaN	   18.9	   2.05	NaN	   2.70	  -0.73	   0.00	0	   27.1	NaN	NaN	   22.3	   0.40	NaN	   0.87	  -0.72	   0.00	0	    3.6	NaN	NaN	   21.5	  -0.01	NaN	   0.00	  -0.95	   0.00	TCCAGTTT_3/0	0	1.34	+
2:222418	  172.2	0	   48.1	NaN	NaN	   30.5	   1.98	NaN	   2.92	  -0.58	   0.00	0	   23.4	NaN	NaN	   18.9	   0.39	NaN	   0.84	  -0.63	   0.00	1	   73.7	NaN	NaN	   26.5	  12.59	NaN	  13.52	  -0.56	   0.00	0	   27.0	NaN	NaN	   26.1	  -0.07	NaN	   0.34	  -0.44	   0.00	TTACATTA_7/0	0	1.82	+
2:365808	   94.1	0	   28.0	NaN	NaN	   31.1	  -0.08	NaN	   0.13	  -0.86	   0.00	0	   18.3	NaN	NaN	   20.7	  -0.04	NaN	   0.17	  -0.74	   0.00	1	   37.9	NaN	NaN	   22.3	   2.14	NaN	   2.82	  -0.65	   0.00	0	    9.9	NaN	NaN	   21.5	  -0.04	NaN	   0.00	  -0.79	   0.00	CTTTTCTTTTT_12/2	0	2.02	+
2:370962	  108.0	0	   15.0	NaN	NaN	   28.3	  -0.02	NaN	   0.00	  -0.53	   0.00	0	   20.0	NaN	NaN	   18.9	   0.06	NaN	   0.37	  -0.61	   0.00	1	   60.0	NaN	NaN	   28.7	   5.83	NaN	   6.65	  -0.44	   0.00	0	   13.0	NaN	NaN	   21.7	  -0.07	NaN	   0.01	  -0.49	   0.00	TTTTCATTT_7/1	0	1.64	+
2:381482	   95.7	0	   20.9	NaN	NaN	   28.3	  -0.06	NaN	   0.03	  -0.53	   0.00	0	   13.1	NaN	NaN	   18.9	  -0.04	NaN	   0.05	  -0.65	   0.00	1	   50.1	NaN	NaN	   29.4	   3.02	NaN	   3.73	  -0.60	   0.00	0	   11.7	NaN	NaN	   23.8	  -0.05	NaN	   0.00	  -0.40	   0.00	TTTTAATT_4/0	0	1.45	+
2:409373	  112.9	0	   17.9	NaN	NaN	   31.8	  -0.02	NaN	   0.00	  -0.83	   0.00	1	   36.8	NaN	NaN	   18.9	   3.12	NaN	   3.85	  -0.69	   0.00	1	   43.8	NaN	NaN	   22.6	   3.60	NaN	   4.35	  -0.64	   0.00	0	   14.4	NaN	NaN	   23.1	  -0.09	NaN	   0.01	  -0.66	   0.00	CTTTTCTTC_7/1	0	1.64	+
2:543797	  102.8	0	   24.3	NaN	NaN	   28.3	  -0.08	NaN	   0.12	  -0.64	   0.00	1	   34.7	NaN	NaN	   18.9	   2.57	NaN	   3.25	  -0.72	   0.00	0	   24.5	NaN	NaN	   23.9	   0.05	NaN	   0.36	  -0.62	   0.00	0	   19.2	NaN	NaN	   21.6	  -0.10	NaN	   0.18	  -0.88	   0.00	TGTTTCTTCT_5/0	0	1.57	+
2:582791	  129.7	0	   34.5	NaN	NaN	   29.5	   0.09	NaN	   0.75	  -0.57	   0.00	1	   35.5	NaN	NaN	   19.0	   2.79	NaN	   3.49	  -0.51	   0.00	1	   38.2	NaN	NaN	   22.3	   2.38	NaN	   3.07	  -0.65	   0.00	0	   21.5	NaN	NaN	   21.5	  -0.08	NaN	   0.32	  -0.76	   0.00	TTTCTTTT_6/0	0	1.69	+
2:601909	 2351.7	1	  442.3	NaN	NaN	   46.5	 261.35	NaN	 263.21	  -0.50	   0.05	1	  864.6	NaN	NaN	   47.2	 999.00	NaN	 999.00	  -0.51	   0.05	1	  706.0	NaN	NaN	   45.5	 999.00	NaN	 999.00	  -0.52	   0.05	1	  338.7	NaN	NaN	   49.3	 158.18	NaN	 159.81	  -0.56	   0.05	--------	-1	0.00	*
2:602033	 4605.3	1	  832.7	NaN	NaN	   46.7	 999.00	NaN	 999.00	  -0.53	   0.05	1	 1634.4	NaN	NaN	   46.8	 999.00	NaN	 999.00	  -0.52	   0.05	1	 1374.0	NaN	NaN	   45.1	 999.00	NaN	 999.00	  -0.54	   0.05	1	  764.3	NaN	NaN	   49.4	 999.00	NaN	 999.00	  -0.56	   0.05	--------	-1	0.00	*
2:602770	 1482.0	1	  263.7	NaN	NaN	   46.3	 105.08	NaN	 106.61	  -0.70	   0.00	1	  466.9	NaN	NaN	   48.1	 279.66	NaN	 281.00	  -0.61	   0.00	1	  470.8	NaN	NaN	   42.2	 307.67	NaN	 309.09	  -0.62	   0.00	1	  280.7	NaN	NaN	   46.7	 117.40	NaN	 118.94	  -0.62	   0.00	--------	-1	0.00	*
2:602968	 1374.0	1	  234.3	NaN	NaN	   46.8	  83.02	NaN	  84.47	  -0.71	   0.00	1	  505.1	NaN	NaN	   48.4	 317.39	NaN	 318.79	  -0.61	   0.00	1	  459.2	NaN	NaN	   43.0	 292.55	NaN	 293.94	  -0.66	   0.00	1	  175.3	NaN	NaN	   46.5	  45.68	NaN	  47.02	  -0.65	   0.00	--------	-1	0.00	*
2:612805	  408.0	1	   81.0	NaN	NaN	   32.0	  11.38	NaN	  12.51	  -0.57	   0.61	1	  133.0	NaN	NaN	   21.4	  57.35	NaN	  58.42	  -0.57	   0.61	1	  153.0	NaN	NaN	   27.3	  60.25	NaN	  61.39	  -0.54	   0.61	0	   41.0	NaN	NaN	   26.2	   1.32	NaN	   2.34	  -0.57	   0.61	TTTTTAAT_4/1	0	1.31	+
2:616299	  129.3	0	   38.5	NaN	NaN	   28.7	   0.59	NaN	   1.42	  -0.64	   0.00	1	   46.8	NaN	NaN	   18.9	   6.62	NaN	   7.44	  -0.59	   0.00	0	   32.9	NaN	NaN	   22.3	   1.11	NaN	   1.69	  -0.61	   0.00	0	   11.2	NaN	NaN	   21.5	  -0.07	NaN	   0.00	  -0.61	   0.00	TTTTTTTT_8/4	0	1.34	+
2:638164	  182.0	0	   32.1	NaN	NaN	   28.3	   0.07	NaN	   0.67	  -0.38	   0.00	1	  107.7	NaN	NaN	   18.9	  43.51	NaN	  44.55	  -0.61	   0.00	0	   33.9	NaN	NaN	   22.3	   1.30	NaN	   1.90	  -0.48	   0.00	0	    8.4	NaN	NaN	   21.5	  -0.04	NaN	   0.00	  -0.43	   0.00	TTTCAGCT_3/0	0	1.34	+
2:638423	  763.0	1	  177.9	NaN	NaN	   28.3	  77.24	NaN	  78.67	  -0.57	   0.00	1	  345.3	NaN	NaN	   18.9	 295.41	NaN	 296.77	  -0.54	   0.00	1	  169.1	NaN	NaN	   22.3	  86.12	NaN	  87.34	  -0.58	   0.00	1	   70.6	NaN	NaN	   21.5	  15.46	NaN	  16.68	  -0.70	   0.00	TTACATTA_7/0	0	1.82	+
2:793973	   87.7	0	   16.5	NaN	NaN	   28.3	  -0.04	NaN	   0.00	  -0.66	   0.00	1	   34.1	NaN	NaN	   18.9	   2.57	NaN	   3.25	  -0.62	   0.00	0	   22.1	NaN	NaN	   22.3	   0.03	NaN	   0.33	  -0.70	   0.00	0	   15.1	NaN	NaN	   21.5	  -0.10	NaN	   0.04	  -0.81	   0.00	TTTTTAAT_4/1	0	1.31	+
3:50184	  310.5	0	   32.7	NaN	NaN	   28.2	   0.07	NaN	   0.68	  -0.62	   0.00	1	  104.3	NaN	NaN	   20.7	  37.73	NaN	  38.77	  -0.67	   0.00	1	  158.2	NaN	NaN	   28.8	  61.79	NaN	  62.95	  -0.57	   0.00	0	   15.2	NaN	NaN	   23.7	  -0.09	NaN	   0.02	  -0.52	   0.00	TTTTTTTT_8/4	0	1.34	+
3:50305	  254.4	0	   31.8	NaN	NaN	   28.0	   0.04	NaN	   0.61	  -0.66	   0.00	1	   47.7	NaN	NaN	   20.7	   5.85	NaN	   6.66	  -0.70	   0.00	1	  167.6	NaN	NaN	   28.4	  69.47	NaN	  70.64	  -0.61	   0.00	0	    7.2	NaN	NaN	   24.0	  -0.02	NaN	   0.00	  -0.70	   0.00	TTTTCATT_4/1	0	1.31	+
3:68367	  136.6	0	   32.3	NaN	NaN	   32.4	  -0.06	NaN	   0.32	  -0.66	   0.00	1	   39.3	NaN	NaN	   20.7	   3.21	NaN	   3.95	  -0.55	   0.00	1	   41.1	NaN	NaN	   22.9	   2.95	NaN	   3.66	  -0.60	   0.00	0	   23.9	NaN	NaN	   24.4	  -0.08	NaN	   0.25	  -0.45	   0.00	TTTTCATT_4/1	0	1.31	+
3:82316	  664.6	1	  239.7	NaN	NaN	   27.6	 133.33	NaN	 134.90	  -0.71	   0.00	1	  267.3	NaN	NaN	   20.7	 190.80	NaN	 192.05	  -0.79	   0.00	1	  128.0	NaN	NaN	   22.9	  51.14	NaN	  52.24	  -0.73	   0.00	0	   29.6	NaN	NaN	   19.8	   0.74	NaN	   1.72	  -0.81	   0.00	ACTAACTAGTATTTACATTA_11/2	0	1.91	+
3:90009	  328.4	1	  104.9	NaN	NaN	   27.6	  27.59	NaN	  28.77	  -0.63	   0.00	1	  153.1	NaN	NaN	   20.7	  76.56	NaN	  77.70	  -0.60	   0.00	1	   56.8	NaN	NaN	   22.9	   7.97	NaN	   8.83	  -0.54	   0.00	0	   13.5	NaN	NaN	   19.8	  -0.11	NaN	   0.03	  -0.61	   0.00	ACTAACTAGTATTTAC_7/1	0	1.64	+
3:90364	  805.6	1	  231.1	NaN	NaN	   27.6	 125.88	NaN	 127.44	  -0.49	   0.00	1	  425.9	NaN	NaN	   20.7	 999.00	NaN	 999.00	  -0.58	   0.00	1	  129.2	NaN	NaN	   22.9	  51.88	NaN	  53.00	  -0.50	   0.00	0	   19.5	NaN	NaN	   19.8	  -0.08	NaN	   0.29	  -0.64	   0.00	TTTCAGCT_3/0	0	1.34	+
3:142403	 1298.5	1	  200.3	NaN	NaN	   39.6	  71.87	NaN	  73.24	  -0.60	   0.04	1	  502.8	NaN	NaN	   25.4	 999.00	NaN	 999.00	  -0.56	   0.04	1	  385.1	NaN	NaN	   33.2	 258.29	NaN	 259.63	  -0.48	   0.04	1	  210.3	NaN	NaN	   36.8	  84.54	NaN	  85.99	  -0.65	   0.04	TTCTTTTT_6/1	0	1.52	+
3:142511	 1494.2	1	  193.6	NaN	NaN	   39.2	  67.75	NaN	  69.07	  -0.72	   0.04	1	  494.5	NaN	NaN	   25.2	 999.00	NaN	 999.00	  -0.60	   0.04	1	  598.3	NaN	NaN	   32.8	 999.00	NaN	 999.00	  -0.54	   0.04	1	  207.8	NaN	NaN	   36.9	  82.00	NaN	  83.44	  -0.73	   0.04	GATTGCTT_4/0	0	1.45	+
3:142570	 1706.3	1	  200.1	NaN	NaN	   39.2	  72.61	NaN	  74.00	  -0.70	   0.04	1	  583.7	NaN	NaN	   25.4	 999.00	NaN	 999.00	  -0.62	   0.04	1	  802.6	NaN	NaN	   33.1	 999.00	NaN	 999.00	  -0.54	   0.04	1	  119.8	NaN	NaN	   37.5	  24.96	NaN	  26.24	  -0.64	   0.04	--------	-1	0.00	*
3:153804	  647.2	1	  170.5	NaN	NaN	   27.6	  73.37	NaN	  74.77	  -0.70	   0.00	1	  304.7	NaN	NaN	   20.7	 232.96	NaN	 234.25	  -0.71	   0.00	1	  123.5	NaN	NaN	   22.9	  47.43	NaN	  48.52	  -0.72	   0.00	1	   48.5	NaN	NaN	   19.8	   6.49	NaN	   7.66	  -0.77	   0.00	ACTAACTAGTATTTAC_7/1	0	1.64	+
3:176881	  386.8	1	   74.6	NaN	NaN	   27.6	  12.01	NaN	  13.15	  -0.58	   0.00	1	  141.4	NaN	NaN	   20.7	  66.33	NaN	  67.44	  -0.56	   0.00	1	   99.0	NaN	NaN	   22.9	  30.92	NaN	  31.95	  -0.51	   0.00	1	   71.8	NaN	NaN	   19.8	  17.82	NaN	  19.07	  -0.65	   0.00	GATTTTTATTCC_7/0	0	1.82	+
3:177018	  648.2	1	  104.4	NaN	NaN	   27.6	  27.60	NaN	  28.77	  -0.71	   0.00	1	  300.6	NaN	NaN	   20.7	 228.31	NaN	 229.59	  -0.60	   0.00	1	  181.0	NaN	NaN	   22.9	  94.18	NaN	  95.41	  -0.69	   0.00	1	   62.2	NaN	NaN	   19.8	  12.90	NaN	  14.08	  -0.74	   0.00	TTACATTA_7/0	0	1.82	+
4:62373	  119.0	0	   30.0	NaN	NaN	   27.9	  -0.01	NaN	   0.44	  -0.58	   0.00	0	   30.0	NaN	NaN	   17.4	   1.80	NaN	   2.44	  -0.45	   0.00	1	   48.0	NaN	NaN	   21.3	   5.55	NaN	   6.36	  -0.42	   0.00	0	   11.0	NaN	NaN	   21.0	  -0.06	NaN	   0.00	  -0.56	   0.00	GTTATATT_3/1	0	1.20	+
4:239745	  103.0	0	   20.0	NaN	NaN	   28.0	  -0.06	NaN	   0.02	  -0.57	   0.00	1	   38.0	NaN	NaN	   17.4	   4.13	NaN	   4.91	  -0.66	   0.00	0	   30.0	NaN	NaN	   21.3	   0.83	NaN	   1.37	  -0.64	   0.00	0	   15.0	NaN	NaN	   23.8	  -0.08	NaN	   0.01	  -0.34	   0.00	CTTTTTCC_3/0	0	1.34	+
4:344820	  119.0	0	   33.0	NaN	NaN	   30.2	   0.01	NaN	   0.48	  -0.60	   0.54	1	   37.0	NaN	NaN	   17.4	   3.80	NaN	   4.56	  -0.61	   0.54	0	   36.0	NaN	NaN	   21.3	   1.98	NaN	   2.64	  -0.64	   0.54	0	   13.0	NaN	NaN	   22.3	  -0.07	NaN	   0.01	  -0.80	   0.54	CTTCCTCT_6/0	0	1.69	+
4:366070	  164.4	0	   20.4	NaN	NaN	   27.9	  -0.07	NaN	   0.03	  -0.45	   0.00	1	   68.3	NaN	NaN	   18.1	  18.37	NaN	  19.33	  -0.66	   0.00	1	   68.5	NaN	NaN	   21.3	  14.66	NaN	  15.61	  -0.61	   0.00	0	    7.2	NaN	NaN	   26.8	  -0.01	NaN	   0.00	  -0.62	   0.00	TTTCAGCT_3/0	0	1.34	+
4:366214	  184.6	0	   14.6	NaN	NaN	   28.0	  -0.02	NaN	   0.00	  -0.52	   0.00	1	   88.7	NaN	NaN	   18.4	  30.64	NaN	  31.66	  -0.70	   0.00	1	   67.5	NaN	NaN	   21.3	  14.24	NaN	  15.18	  -0.76	   0.00	0	   13.8	NaN	NaN	   25.8	  -0.05	NaN	   0.00	  -0.63	   0.00	TTTTTTTT_8/4	0	1.34	+
4:368520	   94.3	0	   12.2	NaN	NaN	   27.9	  -0.02	NaN	   0.00	  -0.34	   0.00	0	   23.8	NaN	NaN	   17.8	   0.56	NaN	   1.03	  -0.31	   0.00	1	   41.2	NaN	NaN	   21.3	   3.60	NaN	   4.34	  -0.41	   0.00	0	   17.2	NaN	NaN	   25.2	  -0.10	NaN	   0.02	  -0.50	   0.00	TTTTTTTT_8/4	0	1.34	+
4:368698	  206.7	0	   19.8	NaN	NaN	   27.9	  -0.06	NaN	   0.02	  -0.43	   0.00	1	   93.2	NaN	NaN	   17.4	  35.88	NaN	  36.90	  -0.62	   0.00	1	   86.8	NaN	NaN	   21.3	  25.06	NaN	  26.06	  -0.61	   0.00	0	    6.8	NaN	NaN	   23.7	  -0.02	NaN	   0.00	  -0.50	   0.00	TTTTTTTT_8/4	0	1.34	+
4:411077	  854.5	1	   81.1	NaN	NaN	   34.1	  10.46	NaN	  11.57	  -0.74	   0.00	1	  341.6	NaN	NaN	   41.8	 182.36	NaN	 183.59	  -0.57	   0.00	1	  315.1	NaN	NaN	   51.5	 134.39	NaN	 135.67	  -0.62	   0.00	1	  116.7	NaN	NaN	   26.2	  36.65	NaN	  37.97	  -0.77	   0.00	--------	-1	0.00	*
4:411224	 1396.5	1	  152.9	NaN	NaN	   34.7	  47.48	NaN	  48.74	  -0.78	   0.00	1	  582.4	NaN	NaN	   42.1	 999.00	NaN	 999.00	  -0.56	   0.00	1	  485.9	NaN	NaN	   52.5	 281.85	NaN	 283.20	  -0.63	   0.00	1	  175.3	NaN	NaN	   26.2	  80.51	NaN	  81.94	  -0.69	   0.00	CTTTTCTTTTTCCA_14/2	0	2.25	+
4:413076	  389.0	0	   56.0	NaN	NaN	   36.8	   1.80	NaN	   2.72	  -0.44	   0.60	1	  123.0	NaN	NaN	   35.1	  29.29	NaN	  30.30	  -0.57	   0.60	1	  166.0	NaN	NaN	   41.2	  46.70	NaN	  47.79	  -0.55	   0.60	0	   44.0	NaN	NaN	   28.0	   1.46	NaN	   2.52	  -0.53	   0.60	--------	-1	0.00	*
4:506809	  115.0	0	   12.7	NaN	NaN	   27.9	  -0.02	NaN	   0.00	  -0.77	   0.00	0	   28.2	NaN	NaN	   19.0	   1.14	NaN	   1.71	  -0.85	   0.00	1	   60.6	NaN	NaN	   31.9	   4.73	NaN	   5.50	  -0.73	   0.00	0	   13.6	NaN	NaN	   25.0	  -0.06	NaN	   0.00	  -1.25	   0.00	TTCCTCTTT_6/1	0	1.52	+
4:525548	  107.6	0	   20.5	NaN	NaN	   29.8	  -0.05	NaN	   0.02	  -0.83	   0.00	1	   45.8	NaN	NaN	   21.8	   4.59	NaN	   5.37	  -0.75	   0.00	0	   35.3	NaN	NaN	   22.1	   1.74	NaN	   2.39	  -0.67	   0.00	0	    6.0	NaN	NaN	   24.2	  -0.01	NaN	   0.00	  -0.65	   0.00	TTTACATT_5/0	0	1.57	+
4:542970	 1886.5	1	  227.7	NaN	NaN	   39.1	  92.72	NaN	  94.21	  -0.64	   0.04	1	  604.1	NaN	NaN	   37.3	 999.00	NaN	 999.00	  -0.58	   0.04	1	  744.5	NaN	NaN	   40.0	 999.00	NaN	 999.00	  -0.55	   0.04	1	  310.2	NaN	NaN	   41.3	 155.52	NaN	 157.12	  -0.65	   0.04	--------	-1	0.00	*
4:543061	 2457.5	1	  366.3	NaN	NaN	   39.7	 212.28	NaN	 213.98	  -0.61	   0.04	1	  977.9	NaN	NaN	   37.1	 999.00	NaN	 999.00	  -0.54	   0.04	1	  860.5	NaN	NaN	   39.5	 999.00	NaN	 999.00	  -0.53	   0.04	1	  252.8	NaN	NaN	   41.3	 107.25	NaN	 108.75	  -0.57	   0.04	CTTCCTCT_6/0	0	1.69	+
4:586141	   92.0	0	   24.7	NaN	NaN	   27.9	  -0.08	NaN	   0.13	  -0.61	   0.00	1	   35.6	NaN	NaN	   18.8	   2.88	NaN	   3.58	  -0.63	   0.00	0	   23.4	NaN	NaN	   27.7	  -0.05	NaN	   0.11	  -0.53	   0.00	0	    8.2	NaN	NaN	   21.0	  -0.04	NaN	   0.00	  -0.71	   0.00	TTACATTA_7/0	0	1.82	+
4:701428	  115.3	0	   12.4	NaN	NaN	   28.5	  -0.01	NaN	   0.00	  -0.59	   0.00	1	   38.2	NaN	NaN	   18.6	   3.86	NaN	   4.62	  -0.74	   0.00	1	   57.6	NaN	NaN	   22.7	   8.49	NaN	   9.37	  -0.59	   0.00	0	    7.2	NaN	NaN	   21.7	  -0.03	NaN	   0.00	  -0.76	   0.00	TCCGTTTT_3/0	0	1.34	+
4:750750	  145.0	0	   33.0	NaN	NaN	   29.1	   0.04	NaN	   0.59	  -0.59	   0.49	1	   54.0	NaN	NaN	   18.6	   9.85	NaN	  10.73	  -0.70	   0.49	1	   42.0	NaN	NaN	   21.3	   3.59	NaN	   4.34	  -0.65	   0.49	0	   16.0	NaN	NaN	   23.1	  -0.10	NaN	   0.02	  -0.57	   0.49	CTTCCTCT_6/0	0	1.69	+
4:934896	  339.0	0	   49.0	NaN	NaN	   31.7	   1.67	NaN	   2.59	  -0.45	   0.80	1	   77.0	NaN	NaN	   18.7	  22.35	NaN	  23.33	  -0.48	   0.80	1	  195.0	NaN	NaN	   27.9	  92.51	NaN	  93.73	  -0.47	   0.80	0	   18.0	NaN	NaN	   22.0	  -0.12	NaN	   0.08	  -0.78	   0.80	CATTTTTT_8/2	0	1.59	+
4:961139	  383.0	1	  112.0	NaN	NaN	   27.9	  31.36	NaN	  32.56	  -0.39	   0.82	1	  145.0	NaN	NaN	   17.4	  78.57	NaN	  79.71	  -0.46	   0.82	1	  105.0	NaN	NaN	   21.3	  36.81	NaN	  37.87	  -0.40	   0.82	0	   21.0	NaN	NaN	   21.0	  -0.09	NaN	   0.27	  -0.37	   0.82	TTTCAGCT_3/0	0	1.34	+
4:971902	  166.7	1	   58.3	NaN	NaN	   27.9	   5.68	NaN	   6.72	  -0.45	   0.00	1	   76.0	NaN	NaN	   17.4	  23.62	NaN	  24.61	  -0.42	   0.00	0	   27.9	NaN	NaN	   21.3	   0.54	NaN	   1.04	  -0.36	   0.00	0	    4.5	NaN	NaN	   21.0	  -0.01	NaN	   0.00	  -0.25	   0.00	TTACATTA_7/0	0	1.82	+
4:972003	  668.3	1	  198.4	NaN	NaN	   27.9	  95.65	NaN	  97.16	  -0.70	   0.00	1	  292.0	NaN	NaN	   17.4	 239.00	NaN	 240.31	  -0.72	   0.00	1	  149.5	NaN	NaN	   21.3	  71.68	NaN	  72.85	  -0.69	   0.00	0	   28.5	NaN	NaN	   21.0	   0.41	NaN	   1.24	  -0.75	   0.00	ACTAACTAGTATTTAC_7/1	0	1.64	+
4:990670	   95.0	0	   17.0	NaN	NaN	   30.2	  -0.03	NaN	   0.00	  -0.39	   0.00	1	   37.0	NaN	NaN	   19.1	   3.04	NaN	   3.75	  -0.61	   0.00	0	   26.0	NaN	NaN	   22.4	   0.20	NaN	   0.60	  -0.66	   0.00	0	   15.0	NaN	NaN	   23.6	  -0.08	NaN	   0.01	  -0.45	   0.00	TTTACGTA_3/0	0	1.34	+
4:991345	  105.9	0	   23.4	NaN	NaN	   30.4	  -0.08	NaN	   0.05	  -0.65	   0.00	1	   40.0	NaN	NaN	   20.6	   3.27	NaN	   4.01	  -0.64	   0.00	0	   35.0	NaN	NaN	   25.9	   0.76	NaN	   1.29	  -0.61	   0.00	0	    7.5	NaN	NaN	   21.9	  -0.03	NaN	   0.00	  -0.59	   0.00	TTTACATT_5/0	0	1.57	+
4:993185	  242.0	0	   43.0	NaN	NaN	   38.5	   0.04	NaN	   0.59	  -0.46	   0.53	1	   91.0	NaN	NaN	   23.5	  24.59	NaN	  25.59	  -0.59	   0.53	1	   85.0	NaN	NaN	   26.8	  17.74	NaN	  18.70	  -0.62	   0.53	0	   23.0	NaN	NaN	   24.4	  -0.09	NaN	   0.19	  -0.49	   0.53	CTTCCTCTTTT_7/1	0	1.64	+
4:1141461	   95.1	0	   27.1	NaN	NaN	   27.9	  -0.07	NaN	   0.29	  -0.65	   0.00	1	   35.0	NaN	NaN	   17.4	   3.16	NaN	   3.89	  -0.70	   0.00	0	   30.5	NaN	NaN	   21.3	   0.99	NaN	   1.56	  -0.69	   0.00	0	    2.5	NaN	NaN	   21.6	  -0.00	NaN	   0.00	  -1.32	   0.00	ATTAATTTC_7/0	0	1.82	+
4:1186131	  499.5	1	  169.7	NaN	NaN	   27.9	  71.94	NaN	  73.32	  -0.67	   0.00	1	  196.7	NaN	NaN	   17.4	 130.17	NaN	 131.35	  -0.68	   0.00	1	  100.6	NaN	NaN	   21.3	  34.08	NaN	  35.12	  -0.79	   0.00	0	   32.5	NaN	NaN	   21.0	   1.03	NaN	   2.02	  -0.64	   0.00	ACTAACTAGTATTTACATTA_11/2	0	1.91	+
4:1469257	   92.5	0	   22.4	NaN	NaN	   28.7	  -0.08	NaN	   0.06	  -0.49	   0.00	1	   36.5	NaN	NaN	   17.4	   3.80	NaN	   4.56	  -0.78	   0.00	0	   25.1	NaN	NaN	   23.1	   0.14	NaN	   0.52	  -0.70	   0.00	0	    8.5	NaN	NaN	   24.2	  -0.03	NaN	   0.00	  -0.65	   0.00	CTTTTCTTTTT_12/2	0	2.02	+
5:286	  129.0	0	   27.0	NaN	NaN	   28.3	  -0.09	NaN	   0.21	  -0.70	   0.00	0	   18.0	NaN	NaN	   19.1	  -0.02	NaN	   0.20	  -0.93	   0.00	0	   35.0	NaN	NaN	   22.5	   1.44	NaN	   2.07	  -0.81	   0.00	1	   49.0	NaN	NaN	   22.2	   5.10	NaN	   6.22	  -0.83	   0.00	TTTTTTTT_8/4	0	1.34	+
5:70093	  131.9	0	   27.6	NaN	NaN	   28.3	  -0.08	NaN	   0.26	  -0.60	   0.00	1	   50.5	NaN	NaN	   19.1	   8.08	NaN	   8.94	  -0.65	   0.00	0	   35.1	NaN	NaN	   22.5	   1.64	NaN	   2.29	  -0.67	   0.00	0	   18.7	NaN	NaN	   24.4	  -0.11	NaN	   0.05	  -0.66	   0.00	GTTTCTTTTT_9/1	0	1.86	+
5:100547	  505.0	1	   87.0	NaN	NaN	   35.8	  11.35	NaN	  12.47	  -0.56	   0.57	1	  127.0	NaN	NaN	   21.4	  52.66	NaN	  53.71	  -0.57	   0.57	1	  198.0	NaN	NaN	   33.9	  80.91	NaN	  82.09	  -0.55	   0.57	1	   93.0	NaN	NaN	   35.2	  14.06	NaN	  15.26	  -0.58	   0.57	ACTAACTANNNGTTATATT_10/1	0	1.98	+
5:118785	  142.4	0	   30.2	NaN	NaN	   28.9	  -0.02	NaN	   0.43	  -0.77	   0.00	1	   45.7	NaN	NaN	   19.1	   6.06	NaN	   6.87	  -0.58	   0.00	1	   50.5	NaN	NaN	   22.5	   5.95	NaN	   6.78	  -0.68	   0.00	0	   16.0	NaN	NaN	   24.5	  -0.08	NaN	   0.01	  -0.86	   0.00	TTTCTTCT_2/0	0	1.22	+
5:141543	  486.0	1	   68.0	NaN	NaN	   34.3	   5.57	NaN	   6.62	  -0.67	   0.29	1	  159.0	NaN	NaN	   19.5	  84.70	NaN	  85.85	  -0.57	   0.29	1	  108.0	NaN	NaN	   28.1	  28.90	NaN	  29.92	  -0.64	   0.29	1	  151.0	NaN	NaN	   25.4	  62.42	NaN	  63.84	  -0.65	   0.29	--------	-1	0.00	*
5:142171	  125.8	0	   23.2	NaN	NaN	   31.6	  -0.07	NaN	   0.03	  -0.81	   0.00	1	   47.6	NaN	NaN	   19.1	   6.84	NaN	   7.68	  -0.84	   0.00	0	   39.1	NaN	NaN	   26.9	   1.36	NaN	   1.97	  -0.92	   0.00	0	   16.0	NaN	NaN	   26.0	  -0.07	NaN	   0.01	  -0.96	   0.00	CATTTTTT_8/2	0	1.59	+
5:262286	  137.0	0	   29.0	NaN	NaN	   28.3	  -0.06	NaN	   0.33	  -0.45	   0.60	1	   47.0	NaN	NaN	   23.7	   4.03	NaN	   4.79	  -0.55	   0.60	1	   48.0	NaN	NaN	   23.3	   4.53	NaN	   5.30	  -0.55	   0.60	0	   13.0	NaN	NaN	   24.0	  -0.05	NaN	   0.00	  -0.44	   0.60	CATTTTTTACATT_13/2	0	2.13	+
5:485350	  156.0	0	   27.0	NaN	NaN	   28.3	  -0.09	NaN	   0.21	  -0.53	   0.43	1	   53.0	NaN	NaN	   19.1	   8.96	NaN	   9.83	  -0.63	   0.43	1	   55.0	NaN	NaN	   22.5	   7.45	NaN	   8.31	  -0.58	   0.43	0	   21.0	NaN	NaN	   22.2	  -0.09	NaN	   0.20	  -0.48	   0.43	CTTTTCTTTTTCC_14/2	0	2.25	+
5:539127	 2137.1	1	  314.2	NaN	NaN	   35.4	 177.49	NaN	 179.11	  -0.62	   0.00	1	  720.3	NaN	NaN	   38.4	 999.00	NaN	 999.00	  -0.46	   0.00	1	  714.2	NaN	NaN	   33.5	 999.00	NaN	 999.00	  -0.48	   0.00	1	  388.4	NaN	NaN	   36.3	 247.61	NaN	 249.37	  -0.56	   0.00	CTTCCTCTTT_7/1	0	1.64	+
5:539263	 3284.9	1	  382.8	NaN	NaN	   35.3	 245.56	NaN	 247.36	  -0.61	   0.00	1	 1278.7	NaN	NaN	   38.2	 999.00	NaN	 999.00	  -0.49	   0.00	1	 1188.8	NaN	NaN	   33.8	 999.00	NaN	 999.00	  -0.50	   0.00	1	  434.6	NaN	NaN	   36.3	 296.11	NaN	 297.94	  -0.53	   0.00	TTTTTTTT_8/4	0	1.34	+
5:570605	  212.0	0	   46.0	NaN	NaN	   28.3	   1.93	NaN	   2.87	  -0.55	   0.00	1	   58.0	NaN	NaN	   19.1	  11.28	NaN	  12.18	  -0.68	   0.00	1	   49.0	NaN	NaN	   22.5	   5.28	NaN	   6.07	  -0.62	   0.00	1	   59.0	NaN	NaN	   22.2	   9.00	NaN	  10.17	  -0.77	   0.00	ATTTTCATTTTTTTTAATTT_19/8	0	1.81	+
6:96268	  130.0	0	   26.0	NaN	NaN	   27.0	  -0.09	NaN	   0.22	  -0.50	   0.00	1	   35.0	NaN	NaN	   16.4	   3.62	NaN	   4.36	  -0.54	   0.00	1	   46.0	NaN	NaN	   20.5	   5.28	NaN	   6.07	  -0.60	   0.00	0	   23.0	NaN	NaN	   23.0	  -0.09	NaN	   0.28	  -0.44	   0.00	TTTTTTTT_8/4	0	1.34	+
6:107455	  920.5	1	  126.0	NaN	NaN	   27.5	  40.69	NaN	  41.92	  -0.64	   0.00	1	  370.9	NaN	NaN	   18.7	 999.00	NaN	 999.00	  -0.50	   0.00	1	  353.7	NaN	NaN	   24.4	 268.61	NaN	 269.96	  -0.59	   0.00	1	   69.9	NaN	NaN	   22.0	  14.27	NaN	  15.49	  -0.66	   0.00	TTTTTCCA_3/0	0	1.34	+
6:257585	  263.9	1	   55.6	NaN	NaN	   34.7	   2.31	NaN	   3.27	  -0.92	   0.00	1	   60.9	NaN	NaN	   18.8	  13.02	NaN	  13.94	  -0.92	   0.00	1	  140.7	NaN	NaN	   27.7	  50.77	NaN	  51.87	  -0.78	   0.00	0	    6.6	NaN	NaN	   22.3	  -0.02	NaN	   0.00	  -1.62	   0.00	--------	-1	0.00	*
6:272057	  171.0	0	   28.0	NaN	NaN	   35.5	  -0.07	NaN	   0.04	  -0.62	   0.00	1	   66.0	NaN	NaN	   16.4	  18.72	NaN	  19.69	  -0.60	   0.00	1	   41.0	NaN	NaN	   22.5	   2.82	NaN	   3.53	  -0.70	   0.00	0	   36.0	NaN	NaN	   25.1	   0.66	NaN	   1.62	  -0.68	   0.00	--------	-1	0.00	*
7:80385	  726.3	1	  195.0	NaN	NaN	   28.0	  92.66	NaN	  94.14	  -0.68	   0.00	1	  217.6	NaN	NaN	   19.4	 143.15	NaN	 144.35	  -0.77	   0.00	1	  187.6	NaN	NaN	   23.7	  98.04	NaN	  99.29	  -0.69	   0.00	1	  126.1	NaN	NaN	   21.5	  52.25	NaN	  53.60	  -0.64	   0.00	ACTAACTAGTATTTACATTA_11/2	0	1.91	+
7:80486	  169.7	0	   34.0	NaN	NaN	   28.0	   0.13	NaN	   0.82	  -0.26	   0.00	1	   98.4	NaN	NaN	   19.4	  35.88	NaN	  36.90	  -0.42	   0.00	0	   28.4	NaN	NaN	   23.7	   0.35	NaN	   0.79	  -0.25	   0.00	0	    8.9	NaN	NaN	   21.5	  -0.03	NaN	   0.00	  -0.09	   0.00	TTACATTA_7/0	0	1.82	+
7:133246	  125.9	0	   35.0	NaN	NaN	   28.0	   0.21	NaN	   0.95	  -1.07	   0.00	0	   12.6	NaN	NaN	   19.4	  -0.04	NaN	   0.02	  -1.05	   0.00	0	   28.8	NaN	NaN	   23.7	   0.35	NaN	   0.79	  -0.98	   0.00	1	   49.5	NaN	NaN	   21.5	   5.81	NaN	   6.97	  -0.99	   0.00	TTTCAGCT_3/0	0	1.34	+
7:133505	  154.1	0	   32.0	NaN	NaN	   28.0	   0.08	NaN	   0.71	  -0.67	   0.00	0	   17.4	NaN	NaN	   19.4	  -0.03	NaN	   0.18	  -1.01	   0.00	0	   29.2	NaN	NaN	   23.7	   0.46	NaN	   0.93	  -0.69	   0.00	1	   75.5	NaN	NaN	   21.5	  18.09	NaN	  19.35	  -0.67	   0.00	TTACATTA_7/0	0	1.82	+
7:184030	   91.0	0	   22.0	NaN	NaN	   28.7	  -0.07	NaN	   0.04	  -0.75	   0.00	0	   15.0	NaN	NaN	   19.4	  -0.05	NaN	   0.06	  -0.32	   0.00	1	   41.0	NaN	NaN	   23.7	   2.42	NaN	   3.11	  -0.54	   0.00	0	   13.0	NaN	NaN	   24.5	  -0.05	NaN	   0.00	  -0.34	   0.00	TTTTTTTT_8/4	0	1.34	+
7:184678	  126.2	0	   16.6	NaN	NaN	   28.6	  -0.03	NaN	   0.00	  -0.78	   0.00	0	   31.1	NaN	NaN	   19.4	   1.65	NaN	   2.27	  -0.69	   0.00	1	   68.9	NaN	NaN	   23.7	  12.57	NaN	  13.50	  -0.63	   0.00	0	    9.6	NaN	NaN	   24.5	  -0.03	NaN	   0.00	  -0.63	   0.00	CATTTTTT_8/2	0	1.59	+
7:215902	   98.0	0	   13.0	NaN	NaN	   29.4	  -0.01	NaN	   0.00	  -0.53	   0.00	1	   37.0	NaN	NaN	   19.4	   2.91	NaN	   3.62	  -0.53	   0.00	0	   31.0	NaN	NaN	   23.7	   0.57	NaN	   1.07	  -0.46	   0.00	0	   17.0	NaN	NaN	   21.5	  -0.12	NaN	   0.06	  -0.40	   0.00	CTTTTTCC_3/0	0	1.34	+
7:289835	  180.0	0	   24.0	NaN	NaN	   29.4	  -0.09	NaN	   0.06	  -0.51	   0.40	1	   73.0	NaN	NaN	   19.4	  19.10	NaN	  20.06	  -0.66	   0.40	1	   65.0	NaN	NaN	   23.7	  10.75	NaN	  11.66	  -0.46	   0.40	0	   18.0	NaN	NaN	   22.7	  -0.12	NaN	   0.06	  -0.66	   0.40	TGTTTCTTCT_5/0	0	1.57	+
7:416020	  111.0	0	   23.0	NaN	NaN	   34.3	  -0.04	NaN	   0.01	  -0.55	   0.00	1	   40.0	NaN	NaN	   19.4	   3.80	NaN	   4.55	  -0.53	   0.00	1	   41.0	NaN	NaN	   23.7	   2.41	NaN	   3.11	  -0.60	   0.00	0	    7.0	NaN	NaN	   24.2	  -0.02	NaN	   0.00	  -0.79	   0.00	TTTTCTTCT_6/0	0	1.69	+
7:553777	  751.2	1	  164.4	NaN	NaN	   28.0	  67.73	NaN	  69.05	  -0.75	   0.00	1	  311.2	NaN	NaN	   21.7	 235.37	NaN	 236.67	  -0.73	   0.00	1	  172.7	NaN	NaN	   23.7	  84.84	NaN	  86.05	  -0.83	   0.00	1	  102.9	NaN	NaN	   21.5	  34.79	NaN	  36.10	  -0.84	   0.00	--------	-1	0.00	*
7:598216	  182.2	1	   66.4	NaN	NaN	   28.0	   8.42	NaN	   9.52	  -0.82	   0.00	1	   55.1	NaN	NaN	   19.4	  10.09	NaN	  10.98	  -0.68	   0.00	0	   36.8	NaN	NaN	   23.7	   1.53	NaN	   2.17	  -0.71	   0.00	0	   23.9	NaN	NaN	   21.5	   0.01	NaN	   0.49	  -0.62	   0.00	ACTAACTAGTATTTAC_7/1	0	1.64	+
7:616164	  118.0	0	   25.0	NaN	NaN	   31.0	  -0.08	NaN	   0.05	  -0.49	   0.00	1	   46.0	NaN	NaN	   19.4	   5.89	NaN	   6.70	  -0.70	   0.00	0	   35.0	NaN	NaN	   23.7	   1.34	NaN	   1.96	  -0.58	   0.00	0	   12.0	NaN	NaN	   21.5	  -0.06	NaN	   0.00	  -0.57	   0.00	TTTTTTTT_8/4	0	1.34	+
7:674234	  118.8	0	   24.7	NaN	NaN	   28.0	  -0.08	NaN	   0.13	  -0.73	   0.00	0	   25.9	NaN	NaN	   19.4	   0.58	NaN	   1.06	  -0.72	   0.00	1	   43.4	NaN	NaN	   23.7	   3.19	NaN	   3.92	  -0.77	   0.00	0	   24.8	NaN	NaN	   22.6	   0.01	NaN	   0.47	  -0.49	   0.00	TTTTCTTT_6/0	0	1.69	+
7:674476	  146.2	0	   18.3	NaN	NaN	   28.0	  -0.05	NaN	   0.01	  -0.70	   0.00	1	   62.1	NaN	NaN	   19.4	  13.50	NaN	  14.43	  -0.67	   0.00	1	   61.6	NaN	NaN	   23.7	   9.46	NaN	  10.36	  -0.80	   0.00	0	    4.2	NaN	NaN	   22.3	  -0.01	NaN	   0.00	  -0.64	   0.00	TTTTTTTT_8/4	0	1.34	+
7:677611	   92.9	0	   10.4	NaN	NaN	   29.5	  -0.01	NaN	   0.00	  -1.17	   0.00	0	   24.7	NaN	NaN	   19.4	   0.44	NaN	   0.90	  -0.90	   0.00	1	   54.8	NaN	NaN	   23.7	   6.70	NaN	   7.55	  -0.87	   0.00	0	    3.0	NaN	NaN	   21.5	  -0.01	NaN	   0.00	  -1.05	   0.00	CGTTTTAT_3/0	0	1.34	+
7:701231	  908.6	1	  177.0	NaN	NaN	   28.4	  77.01	NaN	  78.42	  -0.66	   0.00	1	  254.0	NaN	NaN	   20.0	 179.15	NaN	 180.36	  -0.63	   0.00	1	  411.7	NaN	NaN	   30.2	 302.32	NaN	 303.73	  -0.55	   0.00	1	   65.9	NaN	NaN	   21.5	  12.79	NaN	  13.97	  -0.81	   0.00	TTTTTTTT_8/4	0	1.34	+
7:701329	  569.4	1	   87.0	NaN	NaN	   28.7	  16.78	NaN	  17.93	  -0.67	   0.00	1	  137.0	NaN	NaN	   19.8	  65.30	NaN	  66.40	  -0.63	   0.00	1	  299.3	NaN	NaN	   29.8	 183.72	NaN	 185.02	  -0.51	   0.00	1	   46.1	NaN	NaN	   21.5	   4.76	NaN	   5.87	  -0.79	   0.00	TTTTTTTT_8/4	0	1.34	+
7:701844	  122.0	0	   32.0	NaN	NaN	   30.0	  -0.02	NaN	   0.42	  -0.53	   0.00	0	   17.0	NaN	NaN	   19.4	  -0.05	NaN	   0.13	  -0.52	   0.00	1	   49.0	NaN	NaN	   30.3	   2.28	NaN	   2.96	  -0.30	   0.00	0	   24.0	NaN	NaN	   21.5	   0.01	NaN	   0.49	  -0.63	   0.00	TTTTTTTT_8/4	0	1.34	+
7:803151	  117.6	0	   28.1	NaN	NaN	   28.3	  -0.06	NaN	   0.32	  -0.74	   0.00	0	   28.0	NaN	NaN	   19.4	   0.88	NaN	   1.41	  -0.68	   0.00	1	   42.9	NaN	NaN	   23.7	   2.92	NaN	   3.64	  -0.68	   0.00	0	   18.5	NaN	NaN	   21.7	  -0.11	NaN	   0.13	  -0.47	   0.00	TTTTTTAATTT_5/1	0	1.42	+
7:835032	  149.7	1	   48.1	NaN	NaN	   28.0	   2.71	NaN	   3.68	  -0.60	   0.00	1	   43.8	NaN	NaN	   19.8	   4.91	NaN	   5.70	  -0.66	   0.00	1	   51.5	NaN	NaN	   23.7	   5.65	NaN	   6.46	  -0.54	   0.00	0	    6.4	NaN	NaN	   21.5	  -0.02	NaN	   0.00	  -0.95	   0.00	TTACATTA_7/0	0	1.82	+
7:835286	  380.3	1	  109.9	NaN	NaN	   28.0	  29.95	NaN	  31.13	  -0.81	   0.00	1	  158.2	NaN	NaN	   19.4	  84.98	NaN	  86.13	  -0.69	   0.00	1	  108.5	NaN	NaN	   23.7	  35.56	NaN	  36.62	  -0.89	   0.00	0	    3.6	NaN	NaN	   21.5	  -0.01	NaN	   0.00	  -1.15	   0.00	TTTCAGCT_3/0	0	1.34	+
7:910461	 3149.2	1	  380.6	NaN	NaN	   40.5	 223.06	NaN	 224.80	  -0.64	   0.00	1	 1260.6	NaN	NaN	   37.7	 999.00	NaN	 999.00	  -0.58	   0.00	1	 1186.0	NaN	NaN	   44.8	 999.00	NaN	 999.00	  -0.56	   0.00	1	  321.9	NaN	NaN	   49.0	 144.91	NaN	 146.46	  -0.65	   0.00	--------	-1	0.00	*
7:910530	 2723.2	1	  286.7	NaN	NaN	   39.9	 138.70	NaN	 140.29	  -0.67	   0.00	1	 1011.1	NaN	NaN	   38.1	 999.00	NaN	 999.00	  -0.56	   0.00	1	 1055.5	NaN	NaN	   45.0	 999.00	NaN	 999.00	  -0.55	   0.00	1	  369.9	NaN	NaN	   49.4	 184.43	NaN	 186.12	  -0.68	   0.00	TTTTTTTT_8/4	0	1.34	+
7:910615	 1449.6	1	  307.7	NaN	NaN	   39.7	 157.60	NaN	 159.21	  -0.62	   0.00	1	  482.2	NaN	NaN	   38.1	 999.00	NaN	 999.00	  -0.52	   0.00	1	  414.5	NaN	NaN	   44.8	 240.75	NaN	 242.08	  -0.47	   0.00	1	  245.2	NaN	NaN	   49.4	  86.33	NaN	  87.80	  -0.60	   0.00	--------	-1	0.00	*
7:985384	   97.2	0	   17.0	NaN	NaN	   30.7	  -0.02	NaN	   0.00	  -0.58	   0.00	1	   39.6	NaN	NaN	   19.4	   3.80	NaN	   4.55	  -0.91	   0.00	0	   29.9	NaN	NaN	   23.7	   0.45	NaN	   0.92	  -0.60	   0.00	0	   10.7	NaN	NaN	   23.5	  -0.04	NaN	   0.00	  -0.45	   0.00	GTTTTCTTC_5/0	0	1.57	+
7:985732	  122.8	0	   23.0	NaN	NaN	   30.5	  -0.08	NaN	   0.04	  -0.73	   0.00	1	   58.4	NaN	NaN	   19.4	  11.51	NaN	  12.42	  -0.60	   0.00	0	   30.1	NaN	NaN	   25.3	   0.37	NaN	   0.83	  -0.82	   0.00	0	   11.3	NaN	NaN	   24.4	  -0.04	NaN	   0.00	  -0.61	   0.00	TTCTTTTT_6/1	0	1.52	+
7:1000781	 3515.8	1	  465.7	NaN	NaN	   33.3	 999.00	NaN	 999.00	  -0.49	   0.00	1	 1254.4	NaN	NaN	   24.0	 999.00	NaN	 999.00	  -0.42	   0.00	1	 1220.6	NaN	NaN	   29.6	 999.00	NaN	 999.00	  -0.40	   0.00	1	  575.0	NaN	NaN	   36.2	 999.00	NaN	 999.00	  -0.53	   0.00	ATTAATTT_4/0	0	1.45	+
7:1001025	  480.2	1	   89.3	NaN	NaN	   33.1	  14.41	NaN	  15.55	  -0.44	   0.00	1	  145.6	NaN	NaN	   24.5	  60.76	NaN	  61.85	  -0.30	   0.00	1	  135.4	NaN	NaN	   34.0	  38.01	NaN	  39.08	  -0.28	   0.00	1	  110.0	NaN	NaN	   35.4	  21.91	NaN	  23.18	  -0.38	   0.00	ATTTACAT_5/0	0	1.57	+
7:1003525	  233.0	1	   57.0	NaN	NaN	   31.9	   3.42	NaN	   4.42	  -0.57	   0.71	1	   85.0	NaN	NaN	   22.2	  22.73	NaN	  23.71	  -0.51	   0.71	1	   72.0	NaN	NaN	   29.4	   9.70	NaN	  10.60	  -0.50	   0.71	0	   19.0	NaN	NaN	   28.0	  -0.08	NaN	   0.01	  -0.62	   0.71	TTTTTTTT_8/4	0	1.34	+
7:1013626	  112.0	0	   25.8	NaN	NaN	   28.2	  -0.09	NaN	   0.17	  -0.68	   0.00	1	   48.6	NaN	NaN	   19.4	   7.06	NaN	   7.90	  -0.91	   0.00	0	   33.1	NaN	NaN	   23.7	   1.00	NaN	   1.57	  -0.53	   0.00	0	    4.4	NaN	NaN	   23.4	  -0.01	NaN	   0.00	  -0.87	   0.00	TTTTTTTT_8/4	0	1.34	+
7:1026651	  910.2	1	  127.9	NaN	NaN	   31.0	  36.97	NaN	  38.18	  -0.68	   0.00	1	  312.7	NaN	NaN	   27.5	 206.89	NaN	 208.15	  -0.52	   0.00	1	  359.0	NaN	NaN	   38.0	 210.95	NaN	 212.26	  -0.52	   0.00	1	  110.6	NaN	NaN	   30.0	  28.06	NaN	  29.35	  -0.59	   0.00	TTTTCNTTTTTTTT_11/4	0	1.61	+
7:1026766	 1154.2	1	   65.0	NaN	NaN	   31.0	   6.43	NaN	   7.51	  -0.95	   0.00	1	  397.9	NaN	NaN	   27.7	 300.35	NaN	 301.73	  -0.64	   0.00	1	  528.1	NaN	NaN	   37.9	 999.00	NaN	 999.00	  -0.61	   0.00	1	  163.2	NaN	NaN	   30.5	  61.84	NaN	  63.25	  -0.79	   0.00	--------	-1	0.00	*
7:1026880	 1352.6	1	  120.0	NaN	NaN	   31.4	  32.19	NaN	  33.40	  -0.84	   0.00	1	  331.4	NaN	NaN	   28.1	 224.46	NaN	 225.74	  -0.65	   0.00	1	  749.9	NaN	NaN	   37.6	 999.00	NaN	 999.00	  -0.61	   0.00	1	  151.2	NaN	NaN	   30.5	  53.30	NaN	  54.67	  -0.74	   0.00	--------	-1	0.00	*
7:1038063	  225.0	1	   49.0	NaN	NaN	   29.9	   2.13	NaN	   3.08	  -0.55	   0.48	1	   71.0	NaN	NaN	   19.4	  17.96	NaN	  18.92	  -0.68	   0.48	1	   85.0	NaN	NaN	   23.7	  20.92	NaN	  21.90	  -0.63	   0.48	0	   20.0	NaN	NaN	   21.5	  -0.10	NaN	   0.18	  -0.47	   0.48	TTTTTTTT_8/4	0	1.34	+
8:272	  153.0	0	   37.0	NaN	NaN	   27.3	   0.54	NaN	   1.35	  -0.71	   0.00	1	   33.0	NaN	NaN	   17.7	   2.47	NaN	   3.15	  -0.61	   0.00	0	   34.0	NaN	NaN	   22.0	   1.36	NaN	   1.99	  -0.69	   0.00	1	   49.0	NaN	NaN	   21.2	   5.65	NaN	   6.79	  -0.83	   0.00	TTAATTTCG_5/0	0	1.57	+
8:294043	  119.0	0	   34.0	NaN	NaN	   28.7	   0.09	NaN	   0.74	  -0.58	   0.00	1	   43.0	NaN	NaN	   20.9	   4.05	NaN	   4.82	  -0.58	   0.00	0	   34.0	NaN	NaN	   22.0	   1.36	NaN	   1.98	  -0.58	   0.00	0	    8.0	NaN	NaN	   24.2	  -0.02	NaN	   0.00	  -0.58	   0.00	TTCTTTTT_6/1	0	1.52	+
8:297411	  114.8	0	   20.0	NaN	NaN	   28.3	  -0.06	NaN	   0.03	  -0.80	   0.00	1	   49.4	NaN	NaN	   23.1	   5.29	NaN	   6.09	  -0.53	   0.00	0	   34.7	NaN	NaN	   25.3	   0.86	NaN	   1.42	  -0.83	   0.00	0	   10.7	NaN	NaN	   21.2	  -0.05	NaN	   0.00	  -0.59	   0.00	TGTTTCTT_2/0	0	1.22	+
8:451174	 3309.1	1	  518.7	NaN	NaN	   37.3	 999.00	NaN	 999.00	  -0.59	   0.00	1	 1112.3	NaN	NaN	   31.4	 999.00	NaN	 999.00	  -0.53	   0.00	1	 1043.4	NaN	NaN	   37.4	 999.00	NaN	 999.00	  -0.54	   0.00	1	  634.7	NaN	NaN	   42.0	 999.00	NaN	 999.00	  -0.57	   0.00	--------	-1	0.00	*
8:451314	 3529.9	1	  437.3	NaN	NaN	   37.3	 294.35	NaN	 296.32	  -0.60	   0.00	1	 1212.7	NaN	NaN	   31.4	 999.00	NaN	 999.00	  -0.52	   0.00	1	 1335.6	NaN	NaN	   37.3	 999.00	NaN	 999.00	  -0.53	   0.00	1	  544.3	NaN	NaN	   41.2	 999.00	NaN	 999.00	  -0.59	   0.00	--------	-1	0.00	*
8:456209	   86.3	0	   17.9	NaN	NaN	   30.4	  -0.03	NaN	   0.00	  -0.75	   0.00	1	   38.6	NaN	NaN	   17.7	   4.31	NaN	   5.09	  -0.73	   0.00	0	   21.8	NaN	NaN	   22.6	  -0.02	NaN	   0.24	  -0.63	   0.00	0	    8.0	NaN	NaN	   26.7	  -0.01	NaN	   0.00	  -0.60	   0.00	TTTTTTTT_8/4	0	1.34	+
8:549437	  185.0	1	   88.0	NaN	NaN	   27.1	  18.78	NaN	  19.94	  -0.69	   0.00	0	   21.0	NaN	NaN	   17.7	   0.21	NaN	   0.61	  -0.77	   0.00	1	   59.0	NaN	NaN	   22.0	   9.43	NaN	  10.32	  -0.69	   0.00	0	   17.0	NaN	NaN	   21.2	  -0.12	NaN	   0.07	  -0.60	   0.00	TTTCAGCT_3/0	0	1.34	+
8:549690	  267.9	1	  138.7	NaN	NaN	   27.1	  50.31	NaN	  51.58	  -0.61	   0.00	0	   26.0	NaN	NaN	   17.7	   1.07	NaN	   1.63	  -0.53	   0.00	1	   58.7	NaN	NaN	   22.0	   9.43	NaN	  10.32	  -0.70	   0.00	1	   44.4	NaN	NaN	   21.2	   4.26	NaN	   5.36	  -0.72	   0.00	TTACATTA_7/0	0	1.82	+
8:549827	  168.1	1	   91.3	NaN	NaN	   27.1	  20.87	NaN	  22.04	  -0.79	   0.00	0	   17.0	NaN	NaN	   17.7	  -0.01	NaN	   0.23	  -0.62	   0.00	1	   49.3	NaN	NaN	   22.0	   5.87	NaN	   6.69	  -0.89	   0.00	0	   10.6	NaN	NaN	   21.2	  -0.05	NaN	   0.00	  -0.71	   0.00	GATTTTTATTCC_7/0	0	1.82	+
9:133120	  106.3	0	   20.0	NaN	NaN	   27.6	  -0.07	NaN	   0.04	  -0.58	   0.00	1	   35.0	NaN	NaN	   18.3	   2.77	NaN	   3.46	  -0.62	   0.00	1	   41.5	NaN	NaN	   22.2	   3.22	NaN	   3.94	  -0.59	   0.00	0	    9.8	NaN	NaN	   22.3	  -0.04	NaN	   0.00	  -1.10	   0.00	AGTATTTAC_7/1	0	1.64	+
9:213930	  103.8	1	   46.5	NaN	NaN	   27.9	   2.28	NaN	   3.23	  -0.47	   0.00	0	   14.9	NaN	NaN	   18.3	  -0.05	NaN	   0.09	  -0.64	   0.00	0	   29.5	NaN	NaN	   22.0	   0.69	NaN	   1.21	  -0.57	   0.00	0	   12.9	NaN	NaN	   22.4	  -0.07	NaN	   0.01	  -0.56	   0.00	AAATATTT_1/0	0	1.11	+
9:237282	  136.5	0	   25.7	NaN	NaN	   28.2	  -0.09	NaN	   0.16	  -0.63	   0.00	1	   47.6	NaN	NaN	   19.4	   6.67	NaN	   7.50	  -0.61	   0.00	0	   36.4	NaN	NaN	   25.0	   1.24	NaN	   1.83	  -0.67	   0.00	0	   26.9	NaN	NaN	   30.2	  -0.11	NaN	   0.13	  -0.76	   0.00	TTTTTTTT_8/4	0	1.34	+
9:237510	  277.5	0	   46.3	NaN	NaN	   29.3	   1.87	NaN	   2.80	  -0.63	   0.00	1	  110.4	NaN	NaN	   19.6	  44.24	NaN	  45.29	  -0.67	   0.00	1	   94.6	NaN	NaN	   25.5	  24.51	NaN	  25.50	  -0.67	   0.00	0	   26.1	NaN	NaN	   29.3	  -0.11	NaN	   0.16	  -0.64	   0.00	--------	-1	0.00	*
9:242652	 2049.5	1	  195.7	NaN	NaN	   31.6	  84.12	NaN	  85.59	  -0.61	   0.00	1	  673.2	NaN	NaN	   35.2	 999.00	NaN	 999.00	  -0.51	   0.00	1	  703.8	NaN	NaN	   43.3	 999.00	NaN	 999.00	  -0.52	   0.00	1	  476.8	NaN	NaN	   34.2	 999.00	NaN	 999.00	  -0.57	   0.00	--------	-1	0.00	*
9:242767	 3167.5	1	  342.3	NaN	NaN	   32.4	 216.55	NaN	 218.27	  -0.57	   0.00	1	 1198.8	NaN	NaN	   35.6	 999.00	NaN	 999.00	  -0.54	   0.00	1	 1054.2	NaN	NaN	   44.2	 999.00	NaN	 999.00	  -0.50	   0.00	1	  572.2	NaN	NaN	   34.5	 999.00	NaN	 999.00	  -0.57	   0.00	GTTTCTTTTT_9/1	0	1.86	+
9:289744	  152.0	0	   28.0	NaN	NaN	   26.9	  -0.05	NaN	   0.35	  -0.74	   0.65	1	   36.0	NaN	NaN	   18.3	   3.05	NaN	   3.77	  -0.62	   0.65	1	   61.0	NaN	NaN	   22.0	  10.25	NaN	  11.15	  -0.62	   0.65	0	   27.0	NaN	NaN	   21.2	   0.16	NaN	   0.90	  -0.64	   0.65	TTCTTTTT_6/1	0	1.52	+
9:327109	  293.0	1	   56.0	NaN	NaN	   30.9	   3.49	NaN	   4.49	  -0.60	   0.32	1	  129.0	NaN	NaN	   19.0	  59.94	NaN	  61.02	  -0.53	   0.32	1	   93.0	NaN	NaN	   22.9	  26.55	NaN	  27.56	  -0.55	   0.32	0	   15.0	NaN	NaN	   21.2	  -0.10	NaN	   0.03	  -0.74	   0.32	TCCGTTTT_3/0	0	1.34	+
9:376667	  171.0	0	   21.0	NaN	NaN	   31.9	  -0.04	NaN	   0.01	  -0.35	   0.66	1	   34.0	NaN	NaN	   18.4	   2.47	NaN	   3.14	  -0.63	   0.66	1	   98.0	NaN	NaN	   27.1	  24.34	NaN	  25.32	  -0.58	   0.66	0	   18.0	NaN	NaN	   24.3	  -0.11	NaN	   0.04	  -0.41	   0.66	TTTTCTTT_6/0	0	1.69	+
9:377962	   90.1	0	   19.2	NaN	NaN	   29.3	  -0.05	NaN	   0.01	  -0.60	   0.00	0	   16.7	NaN	NaN	   18.3	  -0.03	NaN	   0.18	  -0.62	   0.00	1	   44.7	NaN	NaN	   26.6	   2.46	NaN	   3.16	  -0.81	   0.00	0	    9.5	NaN	NaN	   21.4	  -0.04	NaN	   0.00	  -0.36	   0.00	TGTTTCTT_2/0	0	1.22	+
9:378060	  147.9	0	   21.9	NaN	NaN	   29.6	  -0.06	NaN	   0.03	  -0.81	   0.00	0	   12.0	NaN	NaN	   18.3	  -0.03	NaN	   0.02	  -1.13	   0.00	1	   96.1	NaN	NaN	   27.1	  23.75	NaN	  24.74	  -0.92	   0.00	0	   18.0	NaN	NaN	   21.5	  -0.11	NaN	   0.13	  -1.03	   0.00	TCTTCTTT_2/0	0	1.22	+
9:378538	  101.0	0	   11.0	NaN	NaN	   29.9	  -0.01	NaN	   0.00	  -0.68	   0.00	0	   28.0	NaN	NaN	   19.9	   0.77	NaN	   1.30	  -0.70	   0.00	1	   55.0	NaN	NaN	   26.3	   5.37	NaN	   6.16	  -0.59	   0.00	0	    7.0	NaN	NaN	   21.8	  -0.02	NaN	   0.00	  -0.81	   0.00	TTTTTTTT_8/4	0	1.34	+
mit:6241	  107.3	1	   39.7	NaN	NaN	   19.2	   3.63	NaN	   4.63	  -0.80	   0.00	0	   17.1	NaN	NaN	   10.5	   1.10	NaN	   1.67	  -1.11	   0.00	1	   37.6	NaN	NaN	   15.5	   5.19	NaN	   5.97	  -0.55	   0.00	0	   12.9	NaN	NaN	    5.3	   1.46	NaN	   2.50	  -0.73	   0.00	TAGTATTTA_7/0	0	1.82	+
mit:11853	   84.0	1	   42.0	NaN	NaN	   19.2	   4.30	NaN	   5.32	  -0.54	   0.00	0	   12.0	NaN	NaN	   10.5	   0.12	NaN	   0.45	  -0.50	   0.00	0	   21.0	NaN	NaN	   15.5	   0.48	NaN	   0.97	  -0.43	   0.00	0	    9.0	NaN	NaN	    5.5	   0.22	NaN	   0.99	  -0.52	   0.00	TTTTTCCA_3/0	0	1.34	+
mit:23695	  132.0	1	   55.0	NaN	NaN	   19.2	   9.55	NaN	  10.65	  -0.57	   0.00	1	   23.0	NaN	NaN	   10.5	   2.58	NaN	   3.26	  -0.48	   0.00	1	   38.0	NaN	NaN	   15.5	   5.18	NaN	   5.97	  -0.57	   0.00	1	   16.0	NaN	NaN	    5.3	   2.81	NaN	   3.90	  -0.57	   0.00	TTCCTCTT_6/1	0	1.52	+
mit:24268	   97.1	1	   40.9	NaN	NaN	   19.2	   3.95	NaN	   4.97	  -0.62	   0.00	0	   15.3	NaN	NaN	   10.5	   0.67	NaN	   1.18	  -0.54	   0.00	1	   29.1	NaN	NaN	   15.5	   2.44	NaN	   3.13	  -0.77	   0.00	0	   11.8	NaN	NaN	    5.3	   1.09	NaN	   2.09	  -0.88	   0.00	TATTTACA_5/1	0	1.42	+
mit:24872	   83.5	1	   37.0	NaN	NaN	   19.2	   3.02	NaN	   3.99	  -1.07	   0.00	0	   17.5	NaN	NaN	   12.4	   0.62	NaN	   1.11	  -0.84	   0.00	0	   19.3	NaN	NaN	   17.6	   0.13	NaN	   0.50	  -0.93	   0.00	0	    9.7	NaN	NaN	    5.3	   0.49	NaN	   1.37	  -0.68	   0.00	AATTAATT_2/0	0	1.22	+
mit:25849	  125.1	1	   51.8	NaN	NaN	   21.5	   6.63	NaN	   7.72	  -0.67	   0.00	0	   21.9	NaN	NaN	   15.6	   0.65	NaN	   1.14	  -0.93	   0.00	1	   42.3	NaN	NaN	   19.2	   4.90	NaN	   5.68	  -0.65	   0.00	0	    9.0	NaN	NaN	    5.3	   0.26	NaN	   1.06	  -0.38	   0.00	TTAATTAA_2/0	0	1.22	+
mit:49185	  115.8	1	   45.9	NaN	NaN	   19.2	   5.74	NaN	   6.80	  -0.68	   0.00	1	   22.2	NaN	NaN	   11.3	   2.19	NaN	   2.85	  -0.74	   0.00	1	   41.8	NaN	NaN	   15.5	   6.80	NaN	   7.66	  -0.68	   0.00	0	    5.8	NaN	NaN	    5.6	  -0.08	NaN	   0.31	  -0.79	   0.00	TATTTACAT_5/1	0	1.42	+
mit:56846	   98.8	1	   37.7	NaN	NaN	   19.2	   3.01	NaN	   3.99	  -0.78	   0.00	1	   23.1	NaN	NaN	   10.5	   2.93	NaN	   3.64	  -0.57	   0.00	1	   29.0	NaN	NaN	   15.5	   2.44	NaN	   3.13	  -0.83	   0.00	0	    9.0	NaN	NaN	    5.3	   0.26	NaN	   1.06	  -0.47	   0.00	TTTAATTT_3/0	0	1.34	+
mit:59560	   95.4	1	   39.8	NaN	NaN	   19.2	   3.63	NaN	   4.63	  -0.64	   0.00	0	   16.6	NaN	NaN	   10.5	   0.88	NaN	   1.41	  -0.45	   0.00	1	   33.0	NaN	NaN	   15.5	   3.38	NaN	   4.11	  -0.62	   0.00	0	    6.0	NaN	NaN	    5.3	   0.01	NaN	   0.55	  -0.57	   0.00	CATTTTTT_8/2	0	1.59	+
mit:60636	  111.0	1	   45.6	NaN	NaN	   19.2	   5.74	NaN	   6.80	  -0.74	   0.00	0	   13.8	NaN	NaN	   10.5	   0.32	NaN	   0.77	  -0.67	   0.00	1	   39.6	NaN	NaN	   15.5	   5.96	NaN	   6.79	  -0.56	   0.00	0	   12.0	NaN	NaN	    5.3	   1.08	NaN	   2.09	  -0.47	   0.00	TTTTTTTT_8/4	0	1.34	+
mit:71634	  143.9	0	   49.3	NaN	NaN	   34.2	   1.30	NaN	   2.18	  -0.73	   0.00	0	   23.5	NaN	NaN	   18.5	   0.44	NaN	   0.90	  -0.59	   0.00	1	   57.3	NaN	NaN	   29.1	   5.05	NaN	   5.83	  -0.57	   0.00	0	   13.8	NaN	NaN	    9.9	   0.16	NaN	   0.90	  -0.66	   0.00	TTCCTCTTT_6/1	0	1.52	+
mit:72022	  101.1	1	   46.7	NaN	NaN	   25.1	   3.24	NaN	   4.22	  -0.60	   0.00	0	   20.5	NaN	NaN	   12.9	   1.07	NaN	   1.64	  -0.59	   0.00	0	   26.7	NaN	NaN	   20.4	   0.54	NaN	   1.03	  -0.76	   0.00	0	    7.2	NaN	NaN	    7.8	  -0.08	NaN	   0.29	  -1.28	   0.00	TATTTACAT_5/1	0	1.42	+
mit:79127	  126.0	1	   56.0	NaN	NaN	   19.2	  10.01	NaN	  11.12	  -0.45	   0.00	1	   33.0	NaN	NaN	   10.5	   6.84	NaN	   7.68	  -0.74	   0.00	0	   27.0	NaN	NaN	   15.5	   1.63	NaN	   2.28	  -0.60	   0.00	0	   10.0	NaN	NaN	    5.3	   0.48	NaN	   1.37	  -0.51	   0.00	ATTTTCATTT_9/1	0	1.86	+
plasmid-2-micron:3570	 4760.0	1	 1500.0	NaN	NaN	 1316.3	   5.38	NaN	   6.41	  -0.33	   0.83	0	  771.0	NaN	NaN	  722.4	   0.88	NaN	   1.42	  -0.44	   0.83	1	 1144.0	NaN	NaN	 1025.4	   3.12	NaN	   3.84	  -0.36	   0.83	1	 1345.0	NaN	NaN	 1047.0	  17.60	NaN	  18.84	  -0.37	   0.83	--------	-1	0.00	*
unplaced_telomere_2:7786	   92.0	1	   13.0	NaN	NaN	    1.7	   6.42	NaN	   7.50	  -0.88	   0.00	1	   26.0	NaN	NaN	    1.5	  21.98	NaN	  22.95	  -0.77	   0.00	1	   34.0	NaN	NaN	    1.9	  28.93	NaN	  29.95	  -0.84	   0.00	1	   19.0	NaN	NaN	    1.4	  13.84	NaN	  15.04	  -0.85	   0.00	ATTTTCATTTTTTTT_17/7	0	1.76	+
