-300	8.809575396043921E-4
-299	9.731795134262442E-4
-298	0.001057303263225638
-297	0.0011049262180336066
-296	0.0011237438453897493
-295	0.0016379270683124971
-294	0.0015035541864135186
-293	0.001384703594544675
-292	0.001289543228706823
-291	0.0012260268527280328
-290	0.0011963294138276868
-289	0.0011827231753822212
-288	0.0011628800091307246
-287	0.0011244316127913315
-286	0.0010900229437954892
-285	0.0010928854712389919
-284	0.001160529515896045
-283	0.001268876343163468
-282	0.0013759794251008081
-281	0.0014349640338927215
-280	0.001446624469095435
-279	0.001431393228694333
-278	0.0014312908761998661
-277	0.00147572157014655
-276	0.0015753501106221962
-275	0.0016814064963723177
-274	0.0017164182120449531
-273	0.0016264659709559932
-272	0.0014741223564325022
-271	0.0013792537467808507
-270	0.0014344206800751343
-269	0.0015873818671109045
-268	0.0017289596229596855
-267	0.0017718592371868077
-266	0.0017382437775949515
-265	0.001676919051911563
-264	0.0016233852522979768
-263	0.001565893138635625
-262	0.0015003931566397108
-261	0.0014361560949127544
-260	0.0014080032529775518
-259	0.001431201006343238
-258	0.0015012128944660147
-257	0.0015712777279447117
-256	0.0016190077357677679
-255	0.0016473764971780044
-254	0.0017041664277161715
-253	0.001775693436714772
-252	0.0018159182861558214
-251	0.0017611112824729577
-250	0.001671433259032708
-249	0.0016467606182611425
-248	0.0017638242207671957
-247	0.0019242917872780174
-246	0.001983636211262447
-245	0.0018435413331409551
-244	0.0016063501723051388
-243	0.001431018848263594
-242	0.0014526440143653816
-241	0.0016181137264993704
-240	0.0018114901548552565
-239	0.0018959154259045035
-238	0.0018642648530519546
-237	0.0017642744767162664
-236	0.0017010814993744694
-235	0.001726369657981653
-234	0.001851310330471431
-233	0.002002441862576765
-232	0.002104240832404016
-231	0.0021078554422939294
-230	0.002051750784395433
-229	0.0019999711082685947
-228	0.0020004620885353164
-227	0.0020308080781732954
-226	0.0020436265074922993
-225	0.002006518681580711
-224	0.0019518924396401734
-223	0.0019171172666186446
-222	0.001924185525637967
-221	0.0019584306341085857
-220	0.002044247102859042
-219	0.0022146255520000715
-218	0.002462817070019015
-217	0.002687076299060541
-216	0.0027794699545431087
-215	0.0027233003590549486
-214	0.0026193849110092084
-213	0.0025763777954950313
-212	0.0026124735794978383
-211	0.0026453012535781173
-210	0.002585559595102034
-209	0.002415611085106452
-208	0.002196623529629911
-207	0.002008807754923043
-206	0.0019317737423850043
-205	0.0020006403871636663
-204	0.00221013819221275
-203	0.00244878078955091
-202	0.002608676710215083
-201	0.002625271742260432
-200	0.002565828722191415
-199	0.0024954162920443916
-198	0.0024491851431639325
-197	0.0023914706341271767
-196	0.0023115222264966174
-195	0.002217018071291697
-194	0.002137402872750054
-193	0.0020832289508366875
-192	0.0020588126992050343
-191	0.002066535560346916
-190	0.0020972419764723354
-189	0.002136227434696886
-188	0.002170631921237019
-187	0.0022339946951630994
-186	0.002362846091309604
-185	0.002533098802343453
-184	0.0026170814081144514
-183	0.0024892424903376455
-182	0.0021661590760836324
-181	0.0018474031367656405
-180	0.0017450204902739702
-179	0.001912160488051312
-178	0.0021691302506088154
-177	0.0023057122384638074
-176	0.0022482483717594353
-175	0.002154715851770894
-174	0.0022115633257530016
-173	0.00245727457637239
-172	0.0027013839031509966
-171	0.0027317499657876945
-170	0.002504428694191687
-169	0.00220556662846883
-168	0.002046283012615135
-167	0.0020972410474508676
-166	0.0022448543733172167
-165	0.002349701077236802
-164	0.0023504294956942914
-163	0.0022889600640605065
-162	0.002221879457317862
-161	0.0021699281504543116
-160	0.002125486370388629
-159	0.002088518773460211
-158	0.0020985113673425496
-157	0.0021616743314538706
-156	0.0022537371394162568
-155	0.0023038221099344726
-154	0.0023392088646309837
-153	0.0024303159514094137
-152	0.002652176052593832
-151	0.0028904308605608294
-150	0.0029758092895464947
-149	0.0027875307677981487
-148	0.002460290357505234
-147	0.002195726640612631
-146	0.002148377711550711
-145	0.0022536389401174393
-144	0.002386017832139397
-143	0.0024322834012294086
-142	0.002412098240700894
-141	0.002386616942351674
-140	0.002420487561736903
-139	0.002489264843191186
-138	0.002544020236280912
-137	0.0025540929333169402
-136	0.002569275810471686
-135	0.0026462343118135332
-134	0.0027723306728524594
-133	0.0028581727691270246
-132	0.002819618193454935
-131	0.002671566917761644
-130	0.00250862843988907
-129	0.0024297634164622646
-128	0.0024779132202944016
-127	0.002626470431762235
-126	0.002824759827314108
-125	0.002991857160654021
-124	0.003064683267500921
-123	0.003006885108200609
-122	0.0028731916378629237
-121	0.0027833972720551336
-120	0.0028482989525818675
-119	0.003068719180193258
-118	0.0033097246449267205
-117	0.0034228742788326625
-116	0.0033563166990463727
-115	0.003214126831051407
-114	0.0031286917617594444
-113	0.003172862646569445
-112	0.003283780041715858
-111	0.0033663717957775332
-110	0.0033513735410574882
-109	0.0032726361944440917
-108	0.0031945946090069007
-107	0.0031886708709095296
-106	0.0032821303105912154
-105	0.003481711548342352
-104	0.0037535037489882708
-103	0.004025284651735117
-102	0.004220774874495433
-101	0.004293450265497164
-100	0.0042640681666222344
-99	0.004174782695524817
-98	0.004084149940338044
-97	0.004034752978827662
-96	0.004050065635903998
-95	0.004095768721397013
-94	0.004112715765697952
-93	0.004063194675860195
-92	0.004002446201016559
-91	0.003994490706011076
-90	0.004072684719137144
-89	0.004172024547567498
-88	0.004236188783016997
-87	0.0042360539547149
-86	0.004208827256843111
-85	0.00418215883996721
-84	0.0041650765995099644
-83	0.004128597693094536
-82	0.00406647131486995
-81	0.003984934970418716
-80	0.003892633069205168
-79	0.0037494518486216955
-78	0.0035156177176364762
-77	0.0032181815388552153
-76	0.0029489498236272135
-75	0.0027919687095948223
-74	0.002747074082813515
-73	0.002785864569932432
-72	0.00288409992116034
-71	0.003023544240751324
-70	0.0031188234097078234
-69	0.0030744705201923165
-68	0.0028673677758335714
-67	0.00264062841167305
-66	0.002567315814129811
-65	0.0027324453867563847
-64	0.003012163345159806
-63	0.003234922589290288
-62	0.0032791378823587196
-61	0.0031910424065555425
-60	0.0030647789789486537
-59	0.0029972193190367855
-58	0.0029988180455377184
-57	0.0030471287882101895
-56	0.0030870004332645587
-55	0.0030775804215485824
-54	0.002990834186461756
-53	0.0028389818839917196
-52	0.002692891634300542
-51	0.0026376768452077938
-50	0.0027310047158702077
-49	0.0029014154300402474
-48	0.003026889597152668
-47	0.0029565057698336837
-46	0.002693066035286667
-45	0.002325449183743517
-44	0.0020774845709784183
-43	0.002065449464623984
-42	0.002307840947355024
-41	0.002606675149137618
-40	0.0027995882453614195
-39	0.00279807264015811
-38	0.0026947398254602182
-37	0.002557795347676257
-36	0.0024162212893811307
-35	0.0022405294328176274
-34	0.0020769594465072246
-33	0.0019966250855380984
-32	0.002048599458318353
-31	0.0021820636334822837
-30	0.0023166426363330234
-29	0.002371798927480017
-28	0.0023321578463102537
-27	0.0022179937458850453
-26	0.0021122265908171418
-25	0.0020744376666140658
-24	0.002125466596685395
-23	0.0021794598812144685
-22	0.002148916130976491
-21	0.001985398068196318
-20	0.001769084044990942
-19	0.001608754826894859
-18	0.0015881718232668527
-17	0.001689181626015781
-16	0.0018470559236643791
-15	0.0019931224974199502
-14	0.002073539125014633
-13	0.002068557383916787
-12	0.001984374907112526
-11	0.0018898622343458968
-10	0.0018369359020464439
-9	0.001847025869237275
-8	0.0018657601986175627
-7	0.0018623691086713456
-6	0.001832981140539091
-5	0.0018228065345641396
-4	0.001840118007518246
-3	0.0018725000952049702
-2	0.0018849803946684486
-1	0.001865849668948815
0	0.0018123804619593266
1	0.001731708006554708
2	0.0016513011810020991
3	0.0016048663538058311
4	0.0016211289638089492
5	0.0016868002703596754
6	0.001778020559386678
7	0.001877421380612791
8	0.001989088151912825
9	0.0021162347534395593
10	0.00223318343550194
11	0.002291087203677855
12	0.0022502350872784745
13	0.002136190782803408
14	0.00203479095042636
15	0.002025565996691408
16	0.0021029016410389336
17	0.0021910158464468147
18	0.0022180030516017898
19	0.002184945077324655
20	0.002131199798593151
21	0.0020931592709112798
22	0.0020755240952346392
23	0.002080833180925004
24	0.0021120572634583962
25	0.002163387996910086
26	0.002210468006211699
27	0.002227348988932259
28	0.0022046578984395927
29	0.002157769586561895
30	0.0021025543204216237
31	0.002032616447585803
32	0.0019274817460284638
33	0.0017796409879518413
34	0.0016422729586673037
35	0.001582785223683107
36	0.0016477324014203191
37	0.0017952218044222888
38	0.001938592835707707
39	0.0020020429452010727
40	0.0019847953244951054
41	0.0019326810960473937
42	0.0018848116337797543
43	0.0018312858388928742
44	0.0017783549315307755
45	0.0017476775285941507
46	0.0017720555471267053
47	0.00181137490188858
48	0.001814530613409217
49	0.0017828265841317633
50	0.0017892583483373682
51	0.0018957460534525033
52	0.002049634702930029
53	0.0021404571725868594
54	0.0020813701570682975
55	0.0019162137711761181
56	0.0017405311613419403
57	0.0016326828075937704
58	0.0015826290553809079
59	0.0015605984142548416
60	0.0015463025958949053
61	0.0015478068133461596
62	0.0015538150441863684
63	0.0015467657698762733
64	0.0015184540939988645
65	0.0014862856071465127
66	0.0014668463114394458
67	0.0014500349073518618
68	0.0014243800417712636
69	0.0013936987245458895
70	0.0014092819483826498
71	0.0015041982803113308
72	0.0016809012558290063
73	0.0018558558774685913
74	0.0019404348033298844
75	0.0018761050242147859
76	0.0017119886982495042
77	0.0015420328175575872
78	0.001449377963259565
79	0.0014477970929828395
80	0.0015073330040925852
81	0.0015902726124940685
82	0.0016585703577744048
83	0.0016836359785909315
84	0.0016509132597535832
85	0.001592507079103247
86	0.0015548096669147256
87	0.0015685381859044862
88	0.0015979569425814046
89	0.001587133148703728
90	0.0014988413580470897
91	0.0013759875980847366
92	0.001287058138024656
93	0.0012825457816227467
94	0.0013311869662278788
95	0.0013667841385834765
96	0.0013341996010672757
97	0.001247593469144511
98	0.001174439680100968
99	0.001179454554733525
100	0.001262595264562271
101	0.0013501041055284364
102	0.0013644815516285593
103	0.0012902095332787307
104	0.0011857227827050366
105	0.001120870694799104
106	0.0011330335611089812
107	0.0011923250706456973
108	0.0012432514878284698
109	0.0012127254874396537
110	0.0011047994477868114
111	9.678754850902084E-4
112	9.112351028756583E-4
113	9.485836889383177E-4
114	0.0010352546662790534
115	0.0010457800746074774
116	9.638820421543261E-4
117	8.342874512134283E-4
118	7.776324685548144E-4
119	8.20680825282696E-4
120	9.426548809331977E-4
121	0.0010659568873289918
122	0.00114743021182076
123	0.001164843189455088
124	0.0011333836142241086
125	0.001098627170289089
126	0.0011058572768251403
127	0.0011616250542765961
128	0.0012060685046880273
129	0.0011758673708060746
130	0.0010692726995543819
131	9.55774469165252E-4
132	9.048591808049799E-4
133	9.198076456945106E-4
134	9.625144923211379E-4
135	9.983373004077006E-4
136	0.0010308716032798643
137	0.0010653814391521636
138	0.0010999872322191748
139	0.0011167297487163484
140	0.0011089213992946689
141	0.0010805400589658622
142	0.0010597658231706443
143	0.001072771939275839
144	0.001133221651370984
145	0.0012151090924888664
146	0.0012891723878699973
147	0.0013354083680652221
148	0.00135659423588752
149	0.0013343931834310311
150	0.0012451537645090925
151	0.0010906128736762506
152	9.465439275264549E-4
153	8.984212097172443E-4
154	9.721821893828534E-4
155	0.0010808618190268513
156	0.0011205229478591368
157	0.001049556669443926
158	9.381753521683926E-4
159	8.758406443509179E-4
160	9.068411026079015E-4
161	9.90990572717192E-4
162	0.0010701477596617931
163	0.0011053445658235758
164	0.0011109070434503188
165	0.0011132742101461796
166	0.0011264035097678028
167	0.001126635012900873
168	0.0010868139369905063
169	0.001009475134466998
170	9.303468754735824E-4
171	8.849649468353703E-4
172	8.782110032824492E-4
173	8.983214568032156E-4
174	9.322897045789915E-4
175	9.705891302669538E-4
176	0.0010003314466620677
177	0.0010124449129310853
178	0.001017421416811705
179	0.001029832494823922
180	0.0010590287626950968
181	0.0010946919967304075
182	0.0011228973939940235
183	0.0011292155162450274
184	0.0011000996589925062
185	0.001038346104780006
186	9.584760816312834E-4
187	8.975806579521721E-4
188	8.71645295861525E-4
189	8.805834768547377E-4
190	8.952449761573948E-4
191	9.043121877377119E-4
192	9.081850434459963E-4
193	9.197809740822886E-4
194	9.267185192545163E-4
195	9.090353476560607E-4
196	0.001045000080825503
197	9.485899553507257E-4
198	8.611583520359495E-4
199	8.124998976804269E-4
200	8.17885935089992E-4
