Position	IP	CondAna_Present	CondAna_IP	CondAna_Control	CondAna_Fold	CondAna_Expectd	CondAna_Q_-lg10	CondAna_P_-lg10	CondAna_P_poiss	CondAna_IPvsEMP	CondAna_Noise	CondEth_Present	CondEth_IP	CondEth_Control	CondEth_Fold	CondEth_Expectd	CondEth_Q_-lg10	CondEth_P_-lg10	CondEth_P_poiss	CondEth_IPvsEMP	CondEth_Noise	CondGlu_Present	CondGlu_IP	CondGlu_Control	CondGlu_Fold	CondGlu_Expectd	CondGlu_Q_-lg10	CondGlu_P_-lg10	CondGlu_P_poiss	CondGlu_IPvsEMP	CondGlu_Noise	CondNit_Present	CondNit_IP	CondNit_Control	CondNit_Fold	CondNit_Expectd	CondNit_Q_-lg10	CondNit_P_-lg10	CondNit_P_poiss	CondNit_IPvsEMP	CondNit_Noise	KmerGroup	MotifId	KG_score	Strand
1:34619	 3124.0	1	  720.0	NaN	NaN	   50.7	 999.00	NaN	 999.00	  -0.60	   0.03	1	 1863.0	NaN	NaN	   44.7	 999.00	NaN	 999.00	  -0.55	   0.03	1	  520.0	NaN	NaN	   24.2	 999.00	NaN	 999.00	  -0.72	   0.03	0	   21.0	NaN	NaN	   13.8	   0.82	NaN	   1.37	  -0.97	   0.03	--------	-1	0.00	*
1:59114	  287.0	1	  117.0	NaN	NaN	   66.7	   7.68	NaN	   7.80	  -0.60	   0.00	1	   96.0	NaN	NaN	   47.7	   9.23	NaN	   9.30	  -0.67	   0.00	1	   55.0	NaN	NaN	   27.3	   5.58	NaN	   5.68	  -0.72	   0.00	0	   19.0	NaN	NaN	   18.5	  -0.02	NaN	   0.31	  -0.56	   0.00	--------	-1	0.00	*
1:173134	 1211.6	1	  122.1	NaN	NaN	   50.7	  17.12	NaN	  17.36	  -0.48	   0.00	1	  839.5	NaN	NaN	   41.8	 999.00	NaN	 999.00	  -0.58	   0.00	1	  232.6	NaN	NaN	   23.2	 143.10	NaN	 143.92	  -0.67	   0.00	0	   17.4	NaN	NaN	   13.8	   0.30	NaN	   0.79	  -0.43	   0.00	--------	-1	0.00	*
1:173282	 3003.4	1	  847.9	NaN	NaN	   50.7	 999.00	NaN	 999.00	  -0.63	   0.00	1	 1616.5	NaN	NaN	   41.8	 999.00	NaN	 999.00	  -0.60	   0.00	1	  534.4	NaN	NaN	   23.2	 999.00	NaN	 999.00	  -0.75	   0.00	0	    4.6	NaN	NaN	   13.8	  -0.03	NaN	   0.00	  -0.32	   0.00	--------	-1	0.00	*
10:148819	 1356.2	1	  456.0	NaN	NaN	   56.3	 242.40	NaN	 243.20	  -0.62	   0.06	1	  525.6	NaN	NaN	   40.6	 999.00	NaN	 999.00	  -0.55	   0.06	1	  299.7	NaN	NaN	   22.2	 219.54	NaN	 220.49	  -0.61	   0.06	1	   74.9	NaN	NaN	   17.3	  22.59	NaN	  24.05	  -0.55	   0.06	--------	-1	0.00	*
10:148877	 4229.8	1	  990.0	NaN	NaN	   56.5	 999.00	NaN	 999.00	  -0.62	   0.06	1	 1932.4	NaN	NaN	   41.0	 999.00	NaN	 999.00	  -0.62	   0.06	1	  926.3	NaN	NaN	   22.2	 999.00	NaN	 999.00	  -0.65	   0.06	1	  381.1	NaN	NaN	   17.3	 999.00	NaN	 999.00	  -0.78	   0.06	--------	-1	0.00	*
10:248850	  413.0	0	   70.0	NaN	NaN	   52.9	   1.79	NaN	   1.86	  -0.45	   0.41	1	  255.0	NaN	NaN	   40.0	 112.97	NaN	 113.32	  -0.74	   0.41	1	   73.0	NaN	NaN	   24.4	  14.56	NaN	  14.80	  -0.66	   0.41	0	   15.0	NaN	NaN	   19.7	  -0.10	NaN	   0.05	  -0.63	   0.41	--------	-1	0.00	*
10:251753	 1443.0	1	  769.0	NaN	NaN	   54.5	 999.00	NaN	 999.00	  -0.72	   0.07	1	  434.0	NaN	NaN	   38.0	 288.35	NaN	 288.91	  -0.72	   0.07	1	  209.0	NaN	NaN	   25.1	 113.26	NaN	 113.97	  -0.88	   0.07	0	   31.0	NaN	NaN	   18.4	   1.68	NaN	   2.33	  -0.57	   0.07	--------	-1	0.00	*
10:628223	  792.0	1	  341.0	NaN	NaN	   55.3	 146.22	NaN	 146.94	  -0.74	   0.15	1	  281.0	NaN	NaN	   32.8	 155.49	NaN	 155.93	  -0.84	   0.15	1	  147.0	NaN	NaN	   23.9	  63.41	NaN	  63.98	  -0.88	   0.15	0	   23.0	NaN	NaN	   16.0	   0.73	NaN	   1.24	  -0.71	   0.15	--------	-1	0.00	*
10:700258	  695.0	1	  189.0	NaN	NaN	   54.9	  44.34	NaN	  44.76	  -0.71	   0.09	1	  443.0	NaN	NaN	   32.8	 999.00	NaN	 999.00	  -0.76	   0.09	1	   57.0	NaN	NaN	   22.2	   9.18	NaN	   9.33	  -0.67	   0.09	0	    6.0	NaN	NaN	   15.5	  -0.03	NaN	   0.00	  -0.91	   0.09	--------	-1	0.00	*
11:27453	  740.0	1	  159.0	NaN	NaN	   55.8	  28.62	NaN	  28.95	  -0.69	   0.00	1	  469.0	NaN	NaN	   43.5	 300.67	NaN	 301.25	  -0.82	   0.00	1	  100.0	NaN	NaN	   28.6	  24.35	NaN	  24.72	  -0.69	   0.00	0	   12.0	NaN	NaN	   15.1	  -0.14	NaN	   0.09	  -0.55	   0.00	--------	-1	0.00	*
11:28249	  869.0	1	  271.0	NaN	NaN	   56.0	  93.21	NaN	  93.81	  -0.82	   0.17	1	  336.0	NaN	NaN	   40.7	 181.08	NaN	 181.58	  -0.74	   0.17	1	  252.0	NaN	NaN	   29.7	 138.15	NaN	 138.94	  -0.80	   0.17	0	   10.0	NaN	NaN	   15.5	  -0.07	NaN	   0.02	  -0.46	   0.17	--------	-1	0.00	*
11:75478	  412.0	1	  145.0	NaN	NaN	   57.4	  21.49	NaN	  21.77	  -0.70	   0.15	1	  204.0	NaN	NaN	   33.9	  86.47	NaN	  86.78	  -0.71	   0.15	1	   54.0	NaN	NaN	   22.5	   7.73	NaN	   7.87	  -0.66	   0.15	0	    9.0	NaN	NaN	   15.2	  -0.06	NaN	   0.01	  -1.04	   0.15	--------	-1	0.00	*
11:77154	  297.0	1	  129.0	NaN	NaN	   57.9	  14.94	NaN	  15.17	  -0.75	   0.33	1	   94.0	NaN	NaN	   32.6	  17.85	NaN	  17.96	  -0.66	   0.33	1	   61.0	NaN	NaN	   23.1	  10.17	NaN	  10.36	  -0.59	   0.33	0	   13.0	NaN	NaN	   16.3	  -0.13	NaN	   0.08	  -0.85	   0.33	--------	-1	0.00	*
11:98922	  717.0	1	  103.0	NaN	NaN	   52.5	   9.18	NaN	   9.34	  -0.68	   0.16	1	  477.0	NaN	NaN	   42.3	 314.02	NaN	 314.65	  -0.77	   0.16	1	  115.0	NaN	NaN	   26.6	  35.67	NaN	  36.11	  -0.78	   0.16	0	   22.0	NaN	NaN	   14.9	   0.77	NaN	   1.29	  -0.94	   0.16	--------	-1	0.00	*
11:177852	  420.0	1	  115.0	NaN	NaN	   51.2	  13.66	NaN	  13.88	  -0.68	   0.07	1	  245.0	NaN	NaN	   32.6	 123.59	NaN	 123.98	  -0.83	   0.07	1	   57.0	NaN	NaN	   21.8	   9.43	NaN	   9.60	  -0.70	   0.07	0	    3.0	NaN	NaN	   14.9	  -0.01	NaN	   0.00	  -0.63	   0.07	--------	-1	0.00	*
11:333898	  469.0	1	  158.0	NaN	NaN	   66.0	  21.18	NaN	  21.46	  -0.74	   0.18	1	  195.0	NaN	NaN	   32.6	  82.22	NaN	  82.51	  -0.80	   0.18	1	  103.0	NaN	NaN	   23.4	  32.77	NaN	  33.19	  -0.87	   0.18	0	   13.0	NaN	NaN	   19.1	  -0.08	NaN	   0.03	  -0.64	   0.18	--------	-1	0.00	*
12:71987	  430.0	1	  174.0	NaN	NaN	   62.7	  29.98	NaN	  30.35	  -0.83	   0.09	1	  158.0	NaN	NaN	   38.4	  46.45	NaN	  46.64	  -0.75	   0.09	1	   69.0	NaN	NaN	   28.3	   9.97	NaN	  10.15	  -0.75	   0.09	0	   29.0	NaN	NaN	   19.9	   0.90	NaN	   1.48	  -0.53	   0.09	--------	-1	0.00	*
12:227822	  401.0	1	  103.0	NaN	NaN	   55.0	   8.15	NaN	   8.28	  -0.73	   0.00	1	  197.0	NaN	NaN	   32.2	  84.73	NaN	  85.03	  -0.73	   0.00	1	   76.0	NaN	NaN	   22.9	  17.60	NaN	  17.89	  -0.76	   0.00	0	   25.0	NaN	NaN	   14.8	   1.41	NaN	   2.03	  -0.81	   0.00	--------	-1	0.00	*
12:349806	  608.0	1	  227.0	NaN	NaN	   73.6	  45.54	NaN	  45.97	  -0.63	   0.33	1	  231.0	NaN	NaN	   44.8	  84.93	NaN	  85.23	  -0.59	   0.33	1	  129.0	NaN	NaN	   32.1	  36.85	NaN	  37.30	  -0.58	   0.33	0	   21.0	NaN	NaN	   18.3	   0.12	NaN	   0.53	  -0.58	   0.33	--------	-1	0.00	*
12:426824	  321.0	1	  110.0	NaN	NaN	   55.7	   9.86	NaN	  10.04	  -0.76	   0.28	1	  131.0	NaN	NaN	   45.6	  24.26	NaN	  24.39	  -0.72	   0.28	1	   62.0	NaN	NaN	   29.5	   6.79	NaN	   6.91	  -0.75	   0.28	0	   18.0	NaN	NaN	   16.0	   0.10	NaN	   0.47	  -0.35	   0.28	--------	-1	0.00	*
12:447633	  132.0	0	   52.0	NaN	NaN	   50.1	   0.34	NaN	   0.38	  -0.59	   0.00	0	   28.0	NaN	NaN	   31.7	   0.11	NaN	   0.11	  -0.69	   0.00	0	   17.0	NaN	NaN	   22.9	   0.03	NaN	   0.04	  -0.89	   0.00	1	   35.0	NaN	NaN	   14.8	   4.43	NaN	   5.28	  -0.68	   0.00	--------	-1	0.00	*
12:536395	  318.0	1	  170.0	NaN	NaN	   52.2	  37.15	NaN	  37.55	  -0.74	   0.00	1	   79.0	NaN	NaN	   33.3	  10.81	NaN	  10.90	  -0.71	   0.00	1	   52.0	NaN	NaN	   24.1	   6.14	NaN	   6.25	  -0.74	   0.00	0	   17.0	NaN	NaN	   15.4	   0.06	NaN	   0.42	  -0.41	   0.00	--------	-1	0.00	*
12:637092	  413.0	1	  120.0	NaN	NaN	   58.9	  11.49	NaN	  11.68	  -0.73	   0.30	1	  220.0	NaN	NaN	   31.7	 104.55	NaN	 104.89	  -0.74	   0.30	1	   59.0	NaN	NaN	   23.1	   9.37	NaN	   9.53	  -0.68	   0.30	0	   14.0	NaN	NaN	   16.7	  -0.15	NaN	   0.11	  -1.02	   0.30	--------	-1	0.00	*
12:687983	  377.0	1	  140.0	NaN	NaN	   52.6	  22.78	NaN	  23.07	  -0.68	   0.00	1	  149.0	NaN	NaN	   35.7	  44.63	NaN	  44.81	  -0.75	   0.00	1	   81.0	NaN	NaN	   25.1	  17.96	NaN	  18.26	  -0.63	   0.00	0	    7.0	NaN	NaN	   17.5	  -0.02	NaN	   0.00	  -0.90	   0.00	--------	-1	0.00	*
12:697547	 3284.0	1	  972.0	NaN	NaN	   55.0	 999.00	NaN	 999.00	  -0.71	   0.05	1	 1431.0	NaN	NaN	   39.2	 999.00	NaN	 999.00	  -0.59	   0.05	1	  622.0	NaN	NaN	   24.3	 999.00	NaN	 999.00	  -0.69	   0.05	1	  259.0	NaN	NaN	   17.8	 196.51	NaN	 198.19	  -0.83	   0.05	--------	-1	0.00	*
12:787710	  508.0	1	  123.0	NaN	NaN	   50.1	  17.50	NaN	  17.75	  -0.71	   0.00	1	  243.0	NaN	NaN	   31.7	 124.37	NaN	 124.76	  -0.78	   0.00	1	  118.0	NaN	NaN	   23.9	  41.92	NaN	  42.39	  -0.77	   0.00	0	   24.0	NaN	NaN	   16.1	   0.85	NaN	   1.41	  -0.59	   0.00	--------	-1	0.00	*
13:181090	  715.0	1	  121.0	NaN	NaN	   60.2	  11.23	NaN	  11.41	  -0.74	   0.10	1	  444.0	NaN	NaN	   48.1	 257.88	NaN	 258.42	  -0.74	   0.10	1	  137.0	NaN	NaN	   25.0	  53.50	NaN	  54.05	  -0.80	   0.10	0	   13.0	NaN	NaN	   15.9	  -0.16	NaN	   0.10	  -0.62	   0.10	--------	-1	0.00	*
13:403249	  664.0	1	  416.0	NaN	NaN	   87.6	 139.77	NaN	 140.48	  -0.59	   0.29	1	  157.0	NaN	NaN	   33.3	  53.22	NaN	  53.43	  -0.68	   0.29	1	   84.0	NaN	NaN	   25.8	  18.85	NaN	  19.16	  -0.71	   0.29	0	    7.0	NaN	NaN	   16.8	  -0.03	NaN	   0.00	  -0.71	   0.29	--------	-1	0.00	*
13:405634	 1377.0	1	  624.0	NaN	NaN	   67.8	 999.00	NaN	 999.00	  -0.69	   0.11	1	  574.0	NaN	NaN	   33.4	 999.00	NaN	 999.00	  -0.68	   0.11	1	  166.0	NaN	NaN	   28.3	  68.61	NaN	  69.21	  -0.75	   0.11	0	   13.0	NaN	NaN	   16.8	  -0.12	NaN	   0.07	  -0.70	   0.11	--------	-1	0.00	*
13:454156	 3409.0	1	  234.0	NaN	NaN	   58.7	  65.40	NaN	  65.94	  -0.68	   0.08	1	 2083.0	NaN	NaN	   42.6	 999.00	NaN	 999.00	  -0.56	   0.08	1	 1080.0	NaN	NaN	   27.7	 999.00	NaN	 999.00	  -0.62	   0.08	0	   12.0	NaN	NaN	   15.0	  -0.15	NaN	   0.09	  -0.86	   0.08	--------	-1	0.00	*
13:728897	  791.0	1	  239.0	NaN	NaN	   52.2	  77.74	NaN	  78.30	  -0.74	   0.07	1	  354.0	NaN	NaN	   34.8	 218.97	NaN	 219.50	  -0.70	   0.07	1	  151.0	NaN	NaN	   24.6	  65.11	NaN	  65.70	  -0.80	   0.07	1	   47.0	NaN	NaN	   16.3	   8.37	NaN	   9.38	  -1.01	   0.07	--------	-1	0.00	*
13:751112	  719.0	1	  275.0	NaN	NaN	   54.6	  98.31	NaN	  98.93	  -0.68	   0.32	1	  250.0	NaN	NaN	   33.3	 125.82	NaN	 126.22	  -0.67	   0.32	1	  181.0	NaN	NaN	   27.5	  82.43	NaN	  83.09	  -0.74	   0.32	0	   13.0	NaN	NaN	   21.3	  -0.05	NaN	   0.01	  -0.87	   0.32	--------	-1	0.00	*
13:844231	  281.0	1	  103.0	NaN	NaN	   52.3	   9.23	NaN	   9.40	  -0.71	   0.00	1	  118.0	NaN	NaN	   33.3	  29.29	NaN	  29.43	  -0.70	   0.00	1	   46.0	NaN	NaN	   22.7	   4.85	NaN	   4.93	  -0.67	   0.00	0	   14.0	NaN	NaN	   15.2	  -0.09	NaN	   0.19	  -0.74	   0.00	--------	-1	0.00	*
14:207377	  358.0	1	  144.0	NaN	NaN	   50.1	  26.43	NaN	  26.74	  -0.71	   0.00	1	  131.0	NaN	NaN	   32.4	  37.98	NaN	  38.14	  -0.65	   0.00	1	   70.0	NaN	NaN	   21.5	  15.86	NaN	  16.12	  -0.71	   0.00	0	   13.0	NaN	NaN	   16.1	  -0.15	NaN	   0.09	  -0.67	   0.00	--------	-1	0.00	*
14:291952	 1389.0	1	  592.0	NaN	NaN	   77.2	 301.20	NaN	 302.03	  -0.70	   0.20	1	  482.0	NaN	NaN	   42.1	 320.50	NaN	 321.15	  -0.76	   0.20	1	  239.0	NaN	NaN	   31.8	 120.15	NaN	 120.89	  -0.76	   0.20	1	   76.0	NaN	NaN	   21.0	  18.56	NaN	  19.87	  -0.70	   0.20	--------	-1	0.00	*
14:346632	  465.0	0	   56.0	NaN	NaN	   54.5	   0.33	NaN	   0.36	  -0.68	   0.15	1	  318.0	NaN	NaN	   35.9	 180.01	NaN	 180.50	  -0.70	   0.15	0	   28.0	NaN	NaN	   21.5	   0.96	NaN	   0.99	  -0.53	   0.15	1	   63.0	NaN	NaN	   24.4	   9.21	NaN	  10.25	  -0.69	   0.15	--------	-1	0.00	*
14:416845	  679.0	1	  159.0	NaN	NaN	   52.3	  31.55	NaN	  31.93	  -0.74	   0.07	1	  424.0	NaN	NaN	   32.4	 304.67	NaN	 305.26	  -0.68	   0.07	1	   94.0	NaN	NaN	   21.5	  29.71	NaN	  30.09	  -0.67	   0.07	0	    2.0	NaN	NaN	   14.9	  -0.00	NaN	   0.00	  -0.80	   0.07	--------	-1	0.00	*
14:430787	  430.0	1	  216.0	NaN	NaN	   51.5	  64.09	NaN	  64.62	  -0.71	   0.16	1	  136.0	NaN	NaN	   32.4	  41.06	NaN	  41.22	  -0.73	   0.16	1	   68.0	NaN	NaN	   21.5	  14.70	NaN	  14.95	  -0.64	   0.16	0	   10.0	NaN	NaN	   15.5	  -0.07	NaN	   0.02	  -0.47	   0.16	--------	-1	0.00	*
14:470899	  269.0	1	  145.0	NaN	NaN	   50.1	  26.88	NaN	  27.21	  -0.58	   0.00	1	   63.0	NaN	NaN	   32.4	   5.86	NaN	   5.91	  -0.57	   0.00	1	   52.0	NaN	NaN	   21.5	   7.59	NaN	   7.72	  -0.71	   0.00	0	    9.0	NaN	NaN	   14.9	  -0.07	NaN	   0.02	  -0.96	   0.00	--------	-1	0.00	*
14:549093	  593.0	1	  225.0	NaN	NaN	   71.0	  46.93	NaN	  47.38	  -0.65	   0.43	1	  229.0	NaN	NaN	   37.7	  97.60	NaN	  97.92	  -0.72	   0.43	1	  106.0	NaN	NaN	   26.2	  30.68	NaN	  31.06	  -0.67	   0.43	1	   33.0	NaN	NaN	   15.4	   3.44	NaN	   4.17	  -0.74	   0.43	--------	-1	0.00	*
14:621087	 1287.9	1	  342.6	NaN	NaN	   74.9	 111.23	NaN	 111.86	  -0.69	   0.06	1	  757.6	NaN	NaN	   45.3	 999.00	NaN	 999.00	  -0.64	   0.06	1	  181.6	NaN	NaN	   33.5	  70.17	NaN	  70.81	  -0.76	   0.06	0	    6.1	NaN	NaN	   19.1	  -0.01	NaN	   0.00	  -0.51	   0.06	--------	-1	0.00	*
14:621123	 1728.1	1	  508.4	NaN	NaN	   74.8	 236.36	NaN	 237.13	  -0.69	   0.06	1	  852.4	NaN	NaN	   45.4	 999.00	NaN	 999.00	  -0.61	   0.06	1	  324.4	NaN	NaN	   33.7	 193.95	NaN	 194.87	  -0.78	   0.06	1	   42.9	NaN	NaN	   19.0	   4.93	NaN	   5.80	  -0.80	   0.06	--------	-1	0.00	*
14:652020	  258.0	1	  125.0	NaN	NaN	   50.9	  17.76	NaN	  18.01	  -0.72	   0.00	1	   78.0	NaN	NaN	   35.1	   9.43	NaN	   9.51	  -0.74	   0.00	1	   46.0	NaN	NaN	   24.2	   4.22	NaN	   4.30	  -0.72	   0.00	0	    9.0	NaN	NaN	   17.3	  -0.04	NaN	   0.00	  -0.83	   0.00	--------	-1	0.00	*
15:210517	  367.7	1	  106.7	NaN	NaN	   52.4	  10.40	NaN	  10.58	  -0.86	   0.00	1	  193.5	NaN	NaN	   33.9	  78.79	NaN	  79.07	  -0.81	   0.00	1	   61.9	NaN	NaN	   22.2	  11.27	NaN	  11.47	  -0.99	   0.00	0	    5.6	NaN	NaN	   16.7	  -0.02	NaN	   0.00	  -0.82	   0.00	--------	-1	0.00	*
15:210620	  291.3	1	   99.3	NaN	NaN	   52.4	   8.33	NaN	   8.47	  -0.76	   0.00	1	  113.5	NaN	NaN	   33.9	  26.60	NaN	  26.73	  -0.72	   0.00	1	   67.1	NaN	NaN	   22.2	  14.08	NaN	  14.31	  -0.85	   0.00	0	   11.4	NaN	NaN	   17.1	  -0.08	NaN	   0.04	  -0.78	   0.00	--------	-1	0.00	*
15:212909	  701.0	1	  206.0	NaN	NaN	   52.4	  56.80	NaN	  57.29	  -0.73	   0.00	1	  325.0	NaN	NaN	   33.9	 193.93	NaN	 194.43	  -0.69	   0.00	1	  151.0	NaN	NaN	   22.4	  70.17	NaN	  70.80	  -0.77	   0.00	0	   19.0	NaN	NaN	   16.7	   0.11	NaN	   0.49	  -0.63	   0.00	--------	-1	0.00	*
15:514423	 2051.0	1	  283.0	NaN	NaN	   56.7	 100.34	NaN	 100.96	  -0.63	   0.08	1	 1389.0	NaN	NaN	   37.7	 999.00	NaN	 999.00	  -0.60	   0.08	1	  341.0	NaN	NaN	   24.4	 253.48	NaN	 254.46	  -0.73	   0.08	1	   38.0	NaN	NaN	   15.3	   5.22	NaN	   6.15	  -0.48	   0.08	--------	-1	0.00	*
15:579795	  702.0	1	  251.0	NaN	NaN	   52.4	  85.49	NaN	  86.08	  -0.86	   0.11	1	  262.0	NaN	NaN	   34.7	 132.52	NaN	 132.94	  -0.71	   0.11	1	  137.0	NaN	NaN	   22.2	  59.31	NaN	  59.87	  -0.78	   0.11	1	   52.0	NaN	NaN	   17.1	   9.92	NaN	  11.07	  -0.80	   0.11	--------	-1	0.00	*
15:876654	 1716.0	1	  561.0	NaN	NaN	   57.4	 999.00	NaN	 999.00	  -0.74	   0.05	1	  698.0	NaN	NaN	   33.9	 999.00	NaN	 999.00	  -0.71	   0.05	1	  407.0	NaN	NaN	   23.6	 999.00	NaN	 999.00	  -0.75	   0.05	1	   50.0	NaN	NaN	   19.1	   7.53	NaN	   8.51	  -0.87	   0.05	--------	-1	0.00	*
15:898587	  397.0	1	  209.0	NaN	NaN	   59.4	  50.30	NaN	  50.76	  -0.66	   0.45	1	  103.0	NaN	NaN	   33.9	  21.03	NaN	  21.14	  -0.57	   0.45	1	   63.0	NaN	NaN	   22.2	  11.72	NaN	  11.93	  -0.63	   0.45	0	   22.0	NaN	NaN	   18.0	   0.24	NaN	   0.69	  -0.84	   0.45	--------	-1	0.00	*
15:903167	  563.4	1	  238.4	NaN	NaN	   66.1	  59.43	NaN	  59.94	  -0.72	   0.00	1	  167.4	NaN	NaN	   36.8	  55.09	NaN	  55.30	  -0.60	   0.00	1	  148.0	NaN	NaN	   25.3	  61.23	NaN	  61.79	  -0.81	   0.00	0	    9.6	NaN	NaN	   16.7	  -0.06	NaN	   0.01	  -0.99	   0.00	--------	-1	0.00	*
15:903215	 1373.6	1	  333.6	NaN	NaN	   66.4	 119.09	NaN	 119.75	  -0.75	   0.00	1	  774.6	NaN	NaN	   36.8	 999.00	NaN	 999.00	  -0.66	   0.00	1	  254.0	NaN	NaN	   24.9	 158.35	NaN	 159.19	  -0.80	   0.00	0	   11.4	NaN	NaN	   16.7	  -0.10	NaN	   0.04	  -0.68	   0.00	--------	-1	0.00	*
15:983654	  565.0	0	   68.0	NaN	NaN	   73.9	   0.10	NaN	   0.11	  -0.57	   0.27	1	  392.0	NaN	NaN	   60.9	 174.39	NaN	 174.85	  -0.73	   0.27	1	   91.0	NaN	NaN	   30.1	  18.39	NaN	  18.70	  -0.71	   0.27	0	   14.0	NaN	NaN	   17.3	  -0.15	NaN	   0.09	  -0.68	   0.27	--------	-1	0.00	*
15:1037783	 2224.0	1	  817.0	NaN	NaN	   70.2	 999.00	NaN	 999.00	  -0.64	   0.07	1	 1139.0	NaN	NaN	   45.8	 999.00	NaN	 999.00	  -0.64	   0.07	1	  193.0	NaN	NaN	   28.8	  88.95	NaN	  89.63	  -0.79	   0.07	1	   75.0	NaN	NaN	   19.8	  19.36	NaN	  20.74	  -0.79	   0.07	--------	-1	0.00	*
16:49382	  666.0	1	  536.0	NaN	NaN	   59.0	 307.38	NaN	 308.24	  -0.72	   0.19	1	   52.0	NaN	NaN	   35.9	   2.14	NaN	   2.17	  -0.61	   0.19	1	   38.0	NaN	NaN	   23.4	   2.39	NaN	   2.46	  -0.62	   0.19	1	   40.0	NaN	NaN	   18.3	   4.28	NaN	   5.11	  -0.62	   0.19	--------	-1	0.00	*
16:83807	  331.7	1	  173.2	NaN	NaN	   62.9	  29.82	NaN	  30.18	  -0.76	   0.00	1	  100.5	NaN	NaN	   47.4	  10.94	NaN	  11.03	  -0.70	   0.00	1	   53.1	NaN	NaN	   25.7	   6.00	NaN	   6.11	  -0.75	   0.00	0	    5.1	NaN	NaN	   16.3	  -0.02	NaN	   0.00	  -0.51	   0.00	--------	-1	0.00	*
16:84049	  390.3	1	  148.8	NaN	NaN	   63.0	  19.56	NaN	  19.83	  -0.92	   0.00	1	  165.5	NaN	NaN	   47.7	  39.87	NaN	  40.04	  -0.85	   0.00	1	   64.9	NaN	NaN	   26.0	   9.83	NaN	  10.01	  -0.98	   0.00	0	   10.9	NaN	NaN	   16.7	  -0.08	NaN	   0.03	  -0.62	   0.00	--------	-1	0.00	*
16:305343	  263.9	1	   79.7	NaN	NaN	   55.0	   2.95	NaN	   3.04	  -0.69	   0.00	1	  111.1	NaN	NaN	   35.9	  23.62	NaN	  23.74	  -0.81	   0.00	1	   67.2	NaN	NaN	   23.4	  13.02	NaN	  13.23	  -0.88	   0.00	0	    5.9	NaN	NaN	   15.5	  -0.02	NaN	   0.00	  -1.11	   0.00	--------	-1	0.00	*
16:305669	  202.1	0	   52.3	NaN	NaN	   55.0	   0.18	NaN	   0.21	  -0.73	   0.00	1	   82.9	NaN	NaN	   35.9	  10.80	NaN	  10.89	  -0.88	   0.00	1	   59.8	NaN	NaN	   23.4	   9.52	NaN	   9.69	  -0.97	   0.00	0	    7.1	NaN	NaN	   15.8	  -0.04	NaN	   0.00	  -0.56	   0.00	--------	-1	0.00	*
16:308163	  321.0	0	   47.0	NaN	NaN	   55.0	   0.05	NaN	   0.06	  -0.60	   0.33	1	  227.0	NaN	NaN	   35.9	 100.12	NaN	 100.45	  -0.74	   0.33	1	   37.0	NaN	NaN	   23.4	   2.17	NaN	   2.23	  -0.54	   0.33	0	   10.0	NaN	NaN	   15.7	  -0.07	NaN	   0.02	  -0.72	   0.33	--------	-1	0.00	*
16:440038	  950.0	1	  344.0	NaN	NaN	   70.8	 118.61	NaN	 119.26	  -0.53	   0.37	1	  477.0	NaN	NaN	   47.3	 293.46	NaN	 294.02	  -0.62	   0.37	1	  119.0	NaN	NaN	   25.7	  39.70	NaN	  40.16	  -0.64	   0.37	0	   10.0	NaN	NaN	   16.2	  -0.06	NaN	   0.02	  -0.55	   0.37	--------	-1	0.00	*
16:564385	  419.0	1	  113.0	NaN	NaN	   65.5	   7.07	NaN	   7.20	  -0.64	   0.31	1	  196.0	NaN	NaN	   35.9	  76.28	NaN	  76.54	  -0.71	   0.31	1	   97.0	NaN	NaN	   25.6	  26.10	NaN	  26.47	  -0.83	   0.31	0	   13.0	NaN	NaN	   16.3	  -0.12	NaN	   0.08	  -0.75	   0.31	--------	-1	0.00	*
16:566391	  511.0	1	  129.0	NaN	NaN	   65.0	  11.55	NaN	  11.75	  -0.68	   0.30	1	  280.0	NaN	NaN	   40.5	 132.32	NaN	 132.73	  -0.74	   0.30	1	   90.0	NaN	NaN	   25.3	  22.52	NaN	  22.87	  -0.88	   0.30	0	   12.0	NaN	NaN	   16.7	  -0.09	NaN	   0.04	  -0.41	   0.30	--------	-1	0.00	*
16:577465	  291.0	0	   66.0	NaN	NaN	   57.2	   0.81	NaN	   0.86	  -0.49	   0.00	1	  137.0	NaN	NaN	   35.9	  37.12	NaN	  37.27	  -0.71	   0.00	1	   72.0	NaN	NaN	   23.4	  14.90	NaN	  15.16	  -0.67	   0.00	0	   16.0	NaN	NaN	   15.6	  -0.01	NaN	   0.31	  -0.76	   0.00	--------	-1	0.00	*
16:584421	  233.0	1	  119.0	NaN	NaN	   55.0	  13.06	NaN	  13.27	  -0.74	   0.00	1	   67.0	NaN	NaN	   39.2	   4.42	NaN	   4.47	  -0.68	   0.00	0	   37.0	NaN	NaN	   25.7	   1.63	NaN	   1.68	  -0.57	   0.00	0	   10.0	NaN	NaN	   15.0	  -0.09	NaN	   0.03	  -0.78	   0.00	--------	-1	0.00	*
16:649740	 2263.0	1	  614.0	NaN	NaN	   62.8	 999.00	NaN	 999.00	  -0.63	   0.17	1	  952.0	NaN	NaN	   46.3	 999.00	NaN	 999.00	  -0.54	   0.17	1	  367.0	NaN	NaN	   25.6	 277.00	NaN	 278.01	  -0.62	   0.17	1	  330.0	NaN	NaN	   21.7	 255.88	NaN	 257.73	  -0.73	   0.17	--------	-1	0.00	*
16:653644	 9293.7	1	 3967.2	NaN	NaN	   74.5	 999.00	NaN	 999.00	  -0.45	   0.00	1	 3602.6	NaN	NaN	   47.7	 999.00	NaN	 999.00	  -0.47	   0.00	1	 1683.1	NaN	NaN	   31.0	 999.00	NaN	 999.00	  -0.53	   0.00	1	   40.8	NaN	NaN	   20.1	   3.81	NaN	   4.55	  -1.01	   0.00	--------	-1	0.00	*
16:653863	 5217.3	1	 1569.8	NaN	NaN	   74.2	 999.00	NaN	 999.00	  -0.55	   0.00	1	 2579.4	NaN	NaN	   46.5	 999.00	NaN	 999.00	  -0.53	   0.00	1	 1026.9	NaN	NaN	   30.5	 999.00	NaN	 999.00	  -0.59	   0.00	1	   41.2	NaN	NaN	   19.7	   4.27	NaN	   5.08	  -0.76	   0.00	--------	-1	0.00	*
16:708669	  148.0	0	   50.0	NaN	NaN	   55.0	   0.10	NaN	   0.12	  -0.61	   0.00	1	   60.0	NaN	NaN	   35.9	   3.80	NaN	   3.84	  -0.56	   0.00	0	   29.0	NaN	NaN	   23.4	   0.80	NaN	   0.83	  -0.65	   0.00	0	    9.0	NaN	NaN	   15.9	  -0.06	NaN	   0.01	  -0.80	   0.00	--------	-1	0.00	*
16:923313	  499.0	1	  138.0	NaN	NaN	   55.0	  20.29	NaN	  20.57	  -0.78	   0.51	1	  209.0	NaN	NaN	   35.9	  86.02	NaN	  86.33	  -0.69	   0.51	1	  118.0	NaN	NaN	   23.4	  42.70	NaN	  43.18	  -0.62	   0.51	1	   34.0	NaN	NaN	   16.2	   3.39	NaN	   4.10	  -0.53	   0.51	--------	-1	0.00	*
2:136440	  380.0	1	  114.0	NaN	NaN	   53.7	  12.04	NaN	  12.25	  -0.69	   0.44	1	  181.0	NaN	NaN	   41.0	  57.27	NaN	  57.49	  -0.67	   0.44	1	   77.0	NaN	NaN	   24.3	  16.73	NaN	  17.01	  -0.64	   0.44	0	    8.0	NaN	NaN	   15.3	  -0.05	NaN	   0.01	  -0.83	   0.44	--------	-1	0.00	*
2:165427	  324.0	1	  150.0	NaN	NaN	   53.0	  26.81	NaN	  27.14	  -0.69	   0.00	1	  104.0	NaN	NaN	   36.3	  19.41	NaN	  19.52	  -0.75	   0.00	1	   51.0	NaN	NaN	   22.3	   6.78	NaN	   6.89	  -0.63	   0.00	0	   19.0	NaN	NaN	   16.5	   0.12	NaN	   0.52	  -0.81	   0.00	--------	-1	0.00	*
2:193981	 2954.0	1	  665.0	NaN	NaN	   59.7	 999.00	NaN	 999.00	  -0.69	   0.06	1	 1860.0	NaN	NaN	   63.8	 999.00	NaN	 999.00	  -0.59	   0.06	1	  417.0	NaN	NaN	   28.7	 316.78	NaN	 317.83	  -0.77	   0.06	0	   12.0	NaN	NaN	   16.4	  -0.10	NaN	   0.05	  -0.39	   0.06	--------	-1	0.00	*
2:437216	  312.0	1	  107.0	NaN	NaN	   55.2	   9.21	NaN	   9.37	  -0.67	   0.00	1	  118.0	NaN	NaN	   34.7	  27.90	NaN	  28.03	  -0.77	   0.00	1	   52.0	NaN	NaN	   25.0	   5.70	NaN	   5.80	  -0.66	   0.00	1	   35.0	NaN	NaN	   15.8	   3.90	NaN	   4.65	  -0.59	   0.00	--------	-1	0.00	*
2:489482	  330.0	1	   83.0	NaN	NaN	   51.7	   4.34	NaN	   4.44	  -0.62	   0.31	1	  176.0	NaN	NaN	   32.4	  68.22	NaN	  68.48	  -0.67	   0.31	1	   61.0	NaN	NaN	   23.9	   9.61	NaN	   9.79	  -0.61	   0.31	0	   10.0	NaN	NaN	   16.6	  -0.06	NaN	   0.01	  -0.67	   0.31	--------	-1	0.00	*
2:782431	  214.0	1	   85.0	NaN	NaN	   51.1	   4.95	NaN	   5.05	  -0.66	   0.00	1	   82.0	NaN	NaN	   32.5	  12.50	NaN	  12.60	  -0.87	   0.00	1	   35.0	NaN	NaN	   21.5	   2.28	NaN	   2.34	  -0.67	   0.00	0	   12.0	NaN	NaN	   15.2	  -0.13	NaN	   0.08	  -0.62	   0.00	--------	-1	0.00	*
3:82191	  131.0	1	   73.0	NaN	NaN	   51.0	   2.58	NaN	   2.66	  -0.61	   0.00	0	   34.0	NaN	NaN	   36.6	   0.15	NaN	   0.16	  -0.57	   0.00	0	   13.0	NaN	NaN	   21.9	   0.00	NaN	   0.01	  -0.53	   0.00	0	   11.0	NaN	NaN	   13.7	  -0.15	NaN	   0.10	  -0.71	   0.00	--------	-1	0.00	*
3:127794	 1549.6	1	  745.6	NaN	NaN	   96.5	 999.00	NaN	 999.00	  -0.57	   0.19	1	  573.1	NaN	NaN	   69.9	 307.18	NaN	 307.79	  -0.46	   0.19	1	  199.6	NaN	NaN	   40.7	  70.04	NaN	  70.65	  -0.58	   0.19	1	   31.3	NaN	NaN	   17.7	   2.17	NaN	   2.87	  -0.60	   0.19	--------	-1	0.00	*
3:127836	 6125.4	1	 1787.4	NaN	NaN	   97.2	 999.00	NaN	 999.00	  -0.58	   0.19	1	 3114.9	NaN	NaN	   70.0	 999.00	NaN	 999.00	  -0.49	   0.19	1	 1109.4	NaN	NaN	   41.0	 999.00	NaN	 999.00	  -0.59	   0.19	1	  113.7	NaN	NaN	   17.8	  50.00	NaN	  51.55	  -0.74	   0.19	--------	-1	0.00	*
3:128281	 2520.0	1	  629.0	NaN	NaN	   94.6	 286.39	NaN	 287.20	  -0.57	   0.28	1	 1510.0	NaN	NaN	   69.6	 999.00	NaN	 999.00	  -0.53	   0.28	1	  343.0	NaN	NaN	   40.4	 187.98	NaN	 188.88	  -0.57	   0.28	1	   38.0	NaN	NaN	   17.1	   4.24	NaN	   5.03	  -0.44	   0.28	--------	-1	0.00	*
3:138679	 1077.0	1	  338.0	NaN	NaN	   58.8	 136.54	NaN	 137.22	  -0.77	   0.05	1	  558.0	NaN	NaN	   36.6	 999.00	NaN	 999.00	  -0.77	   0.05	1	  161.0	NaN	NaN	   23.1	  76.76	NaN	  77.41	  -0.72	   0.05	0	   20.0	NaN	NaN	   17.2	   0.13	NaN	   0.55	  -0.48	   0.05	--------	-1	0.00	*
4:1036	  317.0	1	  102.0	NaN	NaN	   67.9	   4.08	NaN	   4.17	  -0.72	   0.51	1	  134.0	NaN	NaN	   41.0	  29.83	NaN	  29.98	  -0.66	   0.51	1	   48.0	NaN	NaN	   26.9	   3.75	NaN	   3.83	  -0.66	   0.51	0	   33.0	NaN	NaN	   20.2	   1.62	NaN	   2.25	  -0.62	   0.51	--------	-1	0.00	*
4:74081	  306.0	0	   50.0	NaN	NaN	   57.5	   0.06	NaN	   0.07	  -0.66	   0.34	1	  195.0	NaN	NaN	   41.3	  66.07	NaN	  66.32	  -0.71	   0.34	1	   45.0	NaN	NaN	   30.3	   2.06	NaN	   2.13	  -0.70	   0.34	0	   16.0	NaN	NaN	   16.7	  -0.07	NaN	   0.22	  -0.65	   0.34	--------	-1	0.00	*
4:132694	  955.0	1	  223.0	NaN	NaN	   56.4	  61.82	NaN	  62.34	  -0.66	   0.41	1	  490.0	NaN	NaN	   48.1	 303.27	NaN	 303.85	  -0.60	   0.41	1	  219.0	NaN	NaN	   27.9	 113.93	NaN	 114.65	  -0.73	   0.41	0	   23.0	NaN	NaN	   15.0	   0.89	NaN	   1.48	  -0.43	   0.41	--------	-1	0.00	*
4:155908	  795.0	1	  186.0	NaN	NaN	   51.3	  46.65	NaN	  47.09	  -0.62	   0.10	1	  467.0	NaN	NaN	   37.0	 999.00	NaN	 999.00	  -0.66	   0.10	1	   98.0	NaN	NaN	   22.5	  30.79	NaN	  31.19	  -0.74	   0.10	1	   44.0	NaN	NaN	   16.0	   7.27	NaN	   8.22	  -0.59	   0.10	--------	-1	0.00	*
4:226748	  410.0	1	   74.0	NaN	NaN	   51.5	   2.65	NaN	   2.74	  -0.80	   0.00	1	  241.0	NaN	NaN	   32.7	 119.83	NaN	 120.20	  -0.77	   0.00	1	   84.0	NaN	NaN	   25.0	  19.63	NaN	  19.95	  -1.01	   0.00	0	   11.0	NaN	NaN	   14.8	  -0.11	NaN	   0.06	  -0.56	   0.00	--------	-1	0.00	*
4:302640	  540.0	1	  165.0	NaN	NaN	   51.3	  35.46	NaN	  35.85	  -0.81	   0.02	1	  312.0	NaN	NaN	   36.6	 172.06	NaN	 172.50	  -0.73	   0.02	1	   53.0	NaN	NaN	   22.5	   7.37	NaN	   7.49	  -0.68	   0.02	0	   10.0	NaN	NaN	   15.4	  -0.08	NaN	   0.03	  -0.60	   0.02	--------	-1	0.00	*
4:334420	  450.0	1	  159.0	NaN	NaN	   62.0	  24.10	NaN	  24.40	  -0.77	   0.29	1	  202.0	NaN	NaN	   38.8	  75.16	NaN	  75.43	  -0.78	   0.29	1	   59.0	NaN	NaN	   25.1	   8.11	NaN	   8.25	  -0.67	   0.29	0	   30.0	NaN	NaN	   16.9	   1.92	NaN	   2.58	  -0.56	   0.29	--------	-1	0.00	*
4:386765	  429.0	1	  155.0	NaN	NaN	   53.3	  28.87	NaN	  29.21	  -0.65	   0.16	1	  174.0	NaN	NaN	   34.3	  63.35	NaN	  63.59	  -0.74	   0.16	1	   80.0	NaN	NaN	   22.7	  19.92	NaN	  20.26	  -0.62	   0.16	0	   20.0	NaN	NaN	   16.0	   0.25	NaN	   0.73	  -0.94	   0.16	--------	-1	0.00	*
4:431833	  414.0	1	  152.0	NaN	NaN	   54.2	  26.75	NaN	  27.07	  -0.70	   0.09	1	  172.0	NaN	NaN	   39.9	  53.11	NaN	  53.31	  -0.66	   0.09	1	   72.0	NaN	NaN	   23.7	  14.65	NaN	  14.89	  -0.63	   0.09	0	   18.0	NaN	NaN	   17.5	  -0.02	NaN	   0.32	  -0.67	   0.09	--------	-1	0.00	*
4:464974	  296.0	1	  162.0	NaN	NaN	   55.6	  30.17	NaN	  30.54	  -0.69	   0.00	1	   73.0	NaN	NaN	   32.7	   8.97	NaN	   9.04	  -0.70	   0.00	1	   46.0	NaN	NaN	   22.5	   4.93	NaN	   5.02	  -0.68	   0.00	0	   15.0	NaN	NaN	   14.8	  -0.02	NaN	   0.29	  -0.82	   0.00	--------	-1	0.00	*
4:512001	  688.0	1	  208.0	NaN	NaN	   57.8	  51.55	NaN	  52.03	  -0.68	   0.16	1	  306.0	NaN	NaN	   42.8	 148.44	NaN	 148.87	  -0.86	   0.16	1	  136.0	NaN	NaN	   25.7	  51.44	NaN	  51.97	  -0.78	   0.16	1	   38.0	NaN	NaN	   17.6	   4.01	NaN	   4.79	  -0.61	   0.16	--------	-1	0.00	*
4:586615	  610.0	1	  108.0	NaN	NaN	   51.3	  11.22	NaN	  11.42	  -0.78	   0.35	1	  337.0	NaN	NaN	   41.6	 179.20	NaN	 179.68	  -0.68	   0.35	1	  140.0	NaN	NaN	   30.1	  46.77	NaN	  47.28	  -0.73	   0.35	0	   25.0	NaN	NaN	   16.1	   1.02	NaN	   1.62	  -0.78	   0.35	--------	-1	0.00	*
4:701454	  482.0	1	  175.0	NaN	NaN	   60.6	  32.01	NaN	  32.40	  -0.66	   0.09	1	  207.0	NaN	NaN	   32.7	  91.45	NaN	  91.77	  -0.73	   0.09	1	   88.0	NaN	NaN	   23.5	  23.47	NaN	  23.83	  -0.68	   0.09	0	   12.0	NaN	NaN	   15.8	  -0.12	NaN	   0.06	  -0.60	   0.09	--------	-1	0.00	*
4:863992	  149.0	0	   47.0	NaN	NaN	   51.3	   0.11	NaN	   0.13	  -0.68	   0.00	0	   33.0	NaN	NaN	   32.7	   0.28	NaN	   0.30	  -0.68	   0.00	1	   58.0	NaN	NaN	   22.5	   9.33	NaN	   9.49	  -0.69	   0.00	0	   11.0	NaN	NaN	   14.8	  -0.11	NaN	   0.06	  -0.64	   0.00	--------	-1	0.00	*
4:873880	  724.0	1	  237.0	NaN	NaN	   58.6	  67.38	NaN	  67.94	  -0.77	   0.09	1	  328.0	NaN	NaN	   40.6	 174.09	NaN	 174.55	  -0.70	   0.09	1	  147.0	NaN	NaN	   35.1	  43.82	NaN	  44.32	  -0.69	   0.09	0	   12.0	NaN	NaN	   17.1	  -0.09	NaN	   0.04	  -0.88	   0.09	--------	-1	0.00	*
4:956296	  754.0	1	  353.0	NaN	NaN	   62.8	 139.57	NaN	 140.26	  -0.79	   0.20	1	  234.0	NaN	NaN	   36.2	 105.00	NaN	 105.35	  -0.72	   0.20	1	  148.0	NaN	NaN	   31.1	  50.39	NaN	  50.92	  -0.74	   0.20	0	   19.0	NaN	NaN	   16.7	   0.11	NaN	   0.50	  -0.66	   0.20	--------	-1	0.00	*
4:990807	 1096.0	1	  104.0	NaN	NaN	   63.1	   5.72	NaN	   5.82	  -0.74	   0.20	1	  773.0	NaN	NaN	   51.2	 999.00	NaN	 999.00	  -0.67	   0.20	1	  211.0	NaN	NaN	   28.5	 104.93	NaN	 105.62	  -0.80	   0.20	0	    8.0	NaN	NaN	   16.5	  -0.04	NaN	   0.00	  -0.67	   0.20	--------	-1	0.00	*
4:1448212	  709.0	1	  422.0	NaN	NaN	   51.5	 225.45	NaN	 226.20	  -0.73	   0.11	1	  167.0	NaN	NaN	   32.7	  61.23	NaN	  61.46	  -0.65	   0.11	1	  101.0	NaN	NaN	   22.5	  32.71	NaN	  33.13	  -0.72	   0.11	0	   19.0	NaN	NaN	   15.2	   0.24	NaN	   0.71	  -0.78	   0.11	--------	-1	0.00	*
4:1469932	  192.0	0	   65.0	NaN	NaN	   57.3	   0.72	NaN	   0.77	  -0.70	   0.00	1	   82.0	NaN	NaN	   39.7	   8.45	NaN	   8.52	  -0.84	   0.00	0	   38.0	NaN	NaN	   29.2	   1.13	NaN	   1.17	  -0.64	   0.00	0	    7.0	NaN	NaN	   16.0	  -0.04	NaN	   0.00	  -0.69	   0.00	--------	-1	0.00	*
5:17103	 2704.8	1	 1375.8	NaN	NaN	   83.4	 999.00	NaN	 999.00	  -0.59	   0.03	1	  874.4	NaN	NaN	   49.7	 999.00	NaN	 999.00	  -0.48	   0.03	1	  452.6	NaN	NaN	   31.0	 999.00	NaN	 999.00	  -0.59	   0.03	0	    2.0	NaN	NaN	   18.7	   0.00	NaN	   0.00	   0.85	   0.03	--------	-1	0.00	*
5:17174	 6845.2	1	 2871.2	NaN	NaN	   82.7	 999.00	NaN	 999.00	  -0.57	   0.03	1	 2611.6	NaN	NaN	   49.1	 999.00	NaN	 999.00	  -0.50	   0.03	1	 1299.4	NaN	NaN	   31.0	 999.00	NaN	 999.00	  -0.60	   0.03	1	   63.0	NaN	NaN	   19.0	  13.57	NaN	  14.82	  -0.62	   0.03	--------	-1	0.00	*
5:202919	 1439.0	1	  252.0	NaN	NaN	   56.4	  79.98	NaN	  80.56	  -0.83	   0.15	1	  942.0	NaN	NaN	   52.7	 999.00	NaN	 999.00	  -0.63	   0.15	1	  226.0	NaN	NaN	   25.8	 126.82	NaN	 127.58	  -0.69	   0.15	0	   19.0	NaN	NaN	   16.2	   0.13	NaN	   0.56	  -0.62	   0.15	--------	-1	0.00	*
5:266589	  300.0	1	  128.0	NaN	NaN	   60.2	  13.44	NaN	  13.65	  -0.71	   0.11	1	  101.0	NaN	NaN	   49.7	   9.85	NaN	   9.93	  -0.74	   0.11	1	   55.0	NaN	NaN	   32.2	   3.71	NaN	   3.78	  -0.67	   0.11	0	   16.0	NaN	NaN	   19.8	  -0.12	NaN	   0.08	  -0.45	   0.11	--------	-1	0.00	*
5:295689	  608.0	1	  215.0	NaN	NaN	   58.8	  54.28	NaN	  54.76	  -0.69	   0.24	1	  256.0	NaN	NaN	   36.7	 122.07	NaN	 122.44	  -0.69	   0.24	1	  120.0	NaN	NaN	   24.0	  43.06	NaN	  43.55	  -0.75	   0.24	0	   17.0	NaN	NaN	   14.8	   0.11	NaN	   0.49	  -0.52	   0.24	--------	-1	0.00	*
5:343311	  392.0	1	   88.0	NaN	NaN	   66.8	   2.05	NaN	   2.13	  -0.72	   0.00	1	  204.0	NaN	NaN	   36.7	  80.68	NaN	  80.96	  -0.78	   0.00	1	   83.0	NaN	NaN	   24.3	  19.80	NaN	  20.13	  -0.73	   0.00	0	   17.0	NaN	NaN	   22.9	  -0.09	NaN	   0.04	  -0.75	   0.00	--------	-1	0.00	*
5:455884	  192.0	0	   39.0	NaN	NaN	   56.4	  -0.00	NaN	   0.00	  -0.83	   0.00	1	  110.0	NaN	NaN	   36.7	  21.95	NaN	  22.07	  -0.69	   0.00	0	   27.0	NaN	NaN	   23.7	   0.54	NaN	   0.56	  -0.74	   0.00	0	   16.0	NaN	NaN	   14.8	   0.03	NaN	   0.39	  -0.66	   0.00	--------	-1	0.00	*
6:257615	  251.0	1	  177.0	NaN	NaN	   86.5	  17.04	NaN	  17.28	  -0.70	   0.00	0	   34.0	NaN	NaN	   30.5	   0.53	NaN	   0.55	  -0.60	   0.00	0	   31.0	NaN	NaN	   23.4	   1.09	NaN	   1.13	  -0.95	   0.00	0	    9.0	NaN	NaN	   16.6	  -0.05	NaN	   0.01	  -0.67	   0.00	--------	-1	0.00	*
7:306343	  523.0	1	  193.0	NaN	NaN	   58.2	  43.09	NaN	  43.49	  -0.69	   0.00	1	  238.0	NaN	NaN	   34.3	 113.07	NaN	 113.43	  -0.74	   0.00	1	   74.0	NaN	NaN	   23.1	  16.39	NaN	  16.66	  -0.68	   0.00	0	   18.0	NaN	NaN	   15.3	   0.13	NaN	   0.56	  -0.73	   0.00	--------	-1	0.00	*
7:402818	 1633.0	1	  620.0	NaN	NaN	   67.3	 999.00	NaN	 999.00	  -0.64	   0.11	1	  710.0	NaN	NaN	   35.4	 999.00	NaN	 999.00	  -0.65	   0.11	1	  257.0	NaN	NaN	   21.0	 178.01	NaN	 178.89	  -0.68	   0.11	1	   46.0	NaN	NaN	   14.3	   9.55	NaN	  10.63	  -0.78	   0.11	--------	-1	0.00	*
7:501488	  440.0	1	  172.0	NaN	NaN	   68.3	  25.14	NaN	  25.44	  -0.68	   0.38	1	  165.0	NaN	NaN	   42.6	  45.18	NaN	  45.36	  -0.64	   0.38	1	   82.0	NaN	NaN	   31.6	  13.03	NaN	  13.25	  -0.81	   0.38	0	   21.0	NaN	NaN	   22.1	  -0.08	NaN	   0.21	  -0.63	   0.38	--------	-1	0.00	*
7:559854	  159.0	0	   65.0	NaN	NaN	   49.7	   1.60	NaN	   1.67	  -0.55	   0.00	1	   55.0	NaN	NaN	   31.4	   4.03	NaN	   4.08	  -0.58	   0.00	0	   24.0	NaN	NaN	   21.0	   0.53	NaN	   0.55	  -0.76	   0.00	0	   15.0	NaN	NaN	   14.3	  -0.01	NaN	   0.33	  -0.82	   0.00	--------	-1	0.00	*
7:648881	  772.0	1	  155.0	NaN	NaN	   52.3	  29.67	NaN	  30.02	  -0.65	   0.37	1	  488.0	NaN	NaN	   42.2	 999.00	NaN	 999.00	  -0.59	   0.37	1	  119.0	NaN	NaN	   24.7	  41.33	NaN	  41.79	  -0.79	   0.37	0	   10.0	NaN	NaN	   14.3	  -0.09	NaN	   0.04	  -0.78	   0.37	--------	-1	0.00	*
7:649432	  617.0	0	   71.0	NaN	NaN	   57.9	   1.22	NaN	   1.28	  -0.69	   0.00	1	  466.0	NaN	NaN	   39.2	 316.77	NaN	 317.41	  -0.64	   0.00	1	   67.0	NaN	NaN	   23.6	  12.45	NaN	  12.66	  -0.80	   0.00	0	   13.0	NaN	NaN	   14.3	  -0.09	NaN	   0.17	  -0.36	   0.00	--------	-1	0.00	*
7:808954	  354.0	1	   98.0	NaN	NaN	   54.6	   6.97	NaN	   7.09	  -0.66	   0.37	1	  142.0	NaN	NaN	   31.8	  45.67	NaN	  45.86	  -0.72	   0.37	1	   96.0	NaN	NaN	   31.7	  19.35	NaN	  19.67	  -0.71	   0.37	0	   18.0	NaN	NaN	   17.8	  -0.02	NaN	   0.29	  -0.69	   0.37	--------	-1	0.00	*
7:833269	  949.0	1	  354.0	NaN	NaN	   53.8	 160.17	NaN	 160.91	  -0.74	   0.13	1	  364.0	NaN	NaN	   37.0	 220.49	NaN	 221.02	  -0.66	   0.13	1	  218.0	NaN	NaN	   23.2	 128.23	NaN	 129.00	  -0.70	   0.13	0	   13.0	NaN	NaN	   14.3	  -0.10	NaN	   0.17	  -0.72	   0.13	--------	-1	0.00	*
7:904897	  364.0	1	  111.0	NaN	NaN	   58.3	   9.10	NaN	   9.26	  -0.72	   0.13	1	  135.0	NaN	NaN	   35.2	  36.74	NaN	  36.88	  -0.80	   0.13	1	  105.0	NaN	NaN	   23.1	  34.39	NaN	  34.82	  -0.76	   0.13	0	   13.0	NaN	NaN	   17.2	  -0.11	NaN	   0.06	  -0.49	   0.13	--------	-1	0.00	*
7:910380	  283.0	1	  113.0	NaN	NaN	   62.8	   7.97	NaN	   8.10	  -0.69	   0.00	1	   79.0	NaN	NaN	   36.1	   9.27	NaN	   9.35	  -0.97	   0.00	1	   77.0	NaN	NaN	   24.4	  16.61	NaN	  16.88	  -0.71	   0.00	0	   14.0	NaN	NaN	   21.2	  -0.07	NaN	   0.02	  -0.68	   0.00	--------	-1	0.00	*
7:985557	  412.0	1	  202.0	NaN	NaN	   61.7	  44.21	NaN	  44.63	  -0.72	   0.28	1	  141.0	NaN	NaN	   31.4	  45.72	NaN	  45.91	  -0.77	   0.28	1	   53.0	NaN	NaN	   21.0	   8.34	NaN	   8.48	  -0.75	   0.28	0	   16.0	NaN	NaN	   16.7	  -0.07	NaN	   0.22	  -0.78	   0.28	--------	-1	0.00	*
7:1003375	  508.0	1	  213.0	NaN	NaN	   55.2	  57.46	NaN	  57.97	  -0.79	   0.25	1	  179.0	NaN	NaN	   33.7	  68.00	NaN	  68.25	  -0.71	   0.25	1	  100.0	NaN	NaN	   23.3	  30.99	NaN	  31.39	  -0.73	   0.25	0	   16.0	NaN	NaN	   17.2	  -0.09	NaN	   0.19	  -0.51	   0.25	--------	-1	0.00	*
8:138092	  348.0	1	  116.0	NaN	NaN	   49.4	  15.06	NaN	  15.29	  -0.75	   0.09	1	  163.0	NaN	NaN	   30.9	  61.68	NaN	  61.92	  -0.72	   0.09	1	   56.0	NaN	NaN	   21.1	   9.51	NaN	   9.68	  -0.61	   0.09	0	   13.0	NaN	NaN	   16.3	  -0.14	NaN	   0.08	  -0.52	   0.09	--------	-1	0.00	*
8:297402	  548.0	1	   88.0	NaN	NaN	   49.4	   6.23	NaN	   6.34	  -0.64	   0.12	1	  366.0	NaN	NaN	   45.2	 194.27	NaN	 194.78	  -0.75	   0.12	1	   83.0	NaN	NaN	   26.4	  17.81	NaN	  18.10	  -0.76	   0.12	0	   11.0	NaN	NaN	   14.9	  -0.10	NaN	   0.06	  -1.01	   0.12	--------	-1	0.00	*
8:423061	 3947.0	1	 2090.0	NaN	NaN	   57.2	 999.00	NaN	 999.00	  -0.53	   0.05	1	 1377.0	NaN	NaN	   30.7	 999.00	NaN	 999.00	  -0.56	   0.05	1	  453.0	NaN	NaN	   23.0	 999.00	NaN	 999.00	  -0.65	   0.05	1	   27.0	NaN	NaN	   14.1	   2.18	NaN	   2.85	  -0.63	   0.05	--------	-1	0.00	*
9:16289	  176.0	1	   98.0	NaN	NaN	   50.0	   8.72	NaN	   8.87	  -0.75	   0.00	0	   42.0	NaN	NaN	   30.5	   1.53	NaN	   1.56	  -0.64	   0.00	0	   32.0	NaN	NaN	   20.8	   1.81	NaN	   1.87	  -0.82	   0.00	0	    4.0	NaN	NaN	   14.6	  -0.01	NaN	   0.00	  -0.73	   0.00	--------	-1	0.00	*
9:198712	  423.0	1	   91.0	NaN	NaN	   51.8	   6.17	NaN	   6.28	  -0.63	   0.46	1	  247.0	NaN	NaN	   37.0	 113.64	NaN	 114.00	  -0.64	   0.46	1	   70.0	NaN	NaN	   21.5	  15.84	NaN	  16.10	  -0.64	   0.46	0	   15.0	NaN	NaN	   14.6	  -0.01	NaN	   0.31	  -1.04	   0.46	--------	-1	0.00	*
9:237528	 1658.0	1	  651.0	NaN	NaN	   69.5	 999.00	NaN	 999.00	  -0.66	   0.16	1	  689.0	NaN	NaN	   42.9	 999.00	NaN	 999.00	  -0.69	   0.16	1	  263.0	NaN	NaN	   24.0	 170.24	NaN	 171.09	  -0.70	   0.16	1	   55.0	NaN	NaN	   16.1	  12.35	NaN	  13.55	  -0.55	   0.16	--------	-1	0.00	*
9:256506	  237.0	1	   97.0	NaN	NaN	   50.0	   8.43	NaN	   8.58	  -0.65	   0.00	1	   59.0	NaN	NaN	   30.5	   5.47	NaN	   5.52	  -0.87	   0.00	1	   63.0	NaN	NaN	   20.8	  12.91	NaN	  13.12	  -0.76	   0.00	0	   18.0	NaN	NaN	   14.6	   0.22	NaN	   0.67	  -0.87	   0.00	--------	-1	0.00	*
9:296383	  328.0	1	  103.0	NaN	NaN	   50.0	  10.24	NaN	  10.42	  -0.81	   0.26	1	  148.0	NaN	NaN	   37.2	  42.01	NaN	  42.18	  -0.69	   0.26	1	   52.0	NaN	NaN	   21.2	   7.81	NaN	   7.94	  -0.64	   0.26	0	   25.0	NaN	NaN	   15.3	   1.25	NaN	   1.86	  -0.52	   0.26	--------	-1	0.00	*
9:380934	  351.0	1	  236.0	NaN	NaN	   72.8	  50.79	NaN	  51.25	  -0.70	   0.30	1	   72.0	NaN	NaN	   33.9	   8.02	NaN	   8.08	  -0.60	   0.30	0	   30.0	NaN	NaN	   22.9	   1.01	NaN	   1.05	  -0.74	   0.30	0	   13.0	NaN	NaN	   16.4	  -0.12	NaN	   0.08	  -0.44	   0.30	--------	-1	0.00	*
mit:11543	  495.0	1	   93.0	NaN	NaN	   46.9	   8.57	NaN	   8.71	  -0.55	   0.38	1	  261.0	NaN	NaN	   34.2	 132.93	NaN	 133.35	  -0.67	   0.38	1	  130.0	NaN	NaN	   36.5	  32.20	NaN	  32.61	  -0.68	   0.38	0	   11.0	NaN	NaN	    6.1	   0.79	NaN	   1.32	  -0.76	   0.38	--------	-1	0.00	*
mit:49166	  279.0	0	   58.0	NaN	NaN	   47.3	   1.09	NaN	   1.14	  -0.86	   0.00	1	  139.0	NaN	NaN	   35.4	  38.92	NaN	  39.07	  -0.65	   0.00	1	   74.0	NaN	NaN	   36.5	   7.37	NaN	   7.49	  -0.57	   0.00	0	    8.0	NaN	NaN	    6.3	   0.12	NaN	   0.53	  -0.61	   0.00	--------	-1	0.00	*
mit:53500	  150.0	0	   34.0	NaN	NaN	   46.9	   0.00	NaN	   0.01	  -0.76	   0.00	1	   69.0	NaN	NaN	   34.2	   6.87	NaN	   6.93	  -0.64	   0.00	0	   37.0	NaN	NaN	   36.5	   0.30	NaN	   0.31	  -0.65	   0.00	0	   10.0	NaN	NaN	    6.1	   0.53	NaN	   1.03	  -0.72	   0.00	--------	-1	0.00	*
plasmid-2-micron:1165	 4259.0	1	 1579.0	NaN	NaN	 1405.6	   5.42	NaN	   5.52	  -0.34	   0.66	1	 1282.0	NaN	NaN	  815.1	  51.11	NaN	  51.31	  -0.47	   0.66	1	  848.0	NaN	NaN	  649.4	  13.03	NaN	  13.26	  -0.48	   0.66	1	  550.0	NaN	NaN	  445.2	   5.15	NaN	   6.05	  -0.48	   0.66	--------	-1	0.00	*
plasmid-2-micron:3511	 4152.0	1	 1750.0	NaN	NaN	 1405.6	  18.75	NaN	  19.01	  -0.41	   0.83	1	 1033.0	NaN	NaN	  815.1	  12.78	NaN	  12.89	  -0.40	   0.83	1	  776.0	NaN	NaN	  649.4	   6.01	NaN	   6.11	  -0.49	   0.83	1	  593.0	NaN	NaN	  445.2	   9.72	NaN	  10.83	  -0.51	   0.83	--------	-1	0.00	*
plasmid-2-micron:4531	 4418.0	1	 1748.0	NaN	NaN	 1405.6	  18.56	NaN	  18.82	  -0.41	   0.41	1	 1328.0	NaN	NaN	  815.1	  60.50	NaN	  60.72	  -0.53	   0.41	1	  920.0	NaN	NaN	  649.4	  23.18	NaN	  23.53	  -0.54	   0.41	0	  422.0	NaN	NaN	  445.2	  -0.12	NaN	   0.06	  -0.52	   0.41	--------	-1	0.00	*
