-300	9.125892590373322E-4
-299	9.395294585137944E-4
-298	9.622752325396833E-4
-297	9.766321556644259E-4
-296	9.784058024374484E-4
-295	9.670657549968411E-4
-294	9.567376258353471E-4
-293	9.652110350343718E-4
-292	0.0010028347541512325
-291	0.0010501941606468905
-290	0.0010804337834582176
-289	0.0010746281080569785
-288	0.0010455714460545083
-287	0.0010139880655970356
-286	9.972096436995927E-4
-285	9.989974928524318E-4
-284	0.0010197203344146086
-283	0.0010563435257437885
-282	0.0010922189681920724
-281	0.0011072951991101703
-280	0.00108915679238483
-279	0.0010559324680469544
-278	0.0010333869826634845
-277	0.0010386396529029585
-276	0.0010542280358403087
-275	0.0010540442486520645
-274	0.001022667784209929
-273	9.874276381663005E-4
-272	9.863401818687512E-4
-271	0.001044390532329384
-270	0.001134438789218428
-269	0.0012163137978706436
-268	0.0012581543159751569
-267	0.001261338750638564
-266	0.001235555421321826
-265	0.0011917208351290445
-264	0.0011456642497368822
-263	0.0011144431104651408
-262	0.0011092284517311916
-261	0.0011176456643426861
-260	0.001121433728204845
-259	0.0011087253775581174
-258	0.0010932283639838683
-257	0.0010950441933986921
-256	0.001125759088311617
-255	0.0011628981376014121
-254	0.0011754711467392826
-253	0.0011461922049055768
-252	0.001112592536117221
-251	0.0011259076481002865
-250	0.001215885284241663
-249	0.0013263221305715137
-248	0.0013795271087808211
-247	0.0013258266887653345
-246	0.0012276175332398712
-245	0.0011753138531240162
-244	0.0012314778242340965
-243	0.0013472634819734115
-242	0.0014459728266420031
-241	0.001468461778979058
-240	0.001425801941480341
-239	0.001346618837080763
-238	0.001262295490947906
-237	0.001215244937180038
-236	0.0012506377121080995
-235	0.0013900004676134757
-234	0.0015602843177793331
-233	0.0016647964922392824
-232	0.0016386433199757655
-231	0.0015441275273665458
-230	0.0014753509401382184
-229	0.0015019499857061988
-228	0.0015956994982411887
-227	0.0017039089136027127
-226	0.001783329451019822
-225	0.001828479463199681
-224	0.0018433190862189816
-223	0.0018319727143627641
-222	0.0017992217747494596
-221	0.0017500119527058475
-220	0.0016933214951106892
-219	0.0016542588950506773
-218	0.001661965207164487
-217	0.0017330166088386132
-216	0.0018337297684508304
-215	0.001917856477126733
-214	0.0019509739066413023
-213	0.0019459607513670732
-212	0.0019275210863259665
-211	0.0019162127211854237
-210	0.001916008404194966
-209	0.0019267346182496345
-208	0.0019474769601232828
-207	0.001974357482105019
-206	0.002002757350362765
-205	0.0020261677929958744
-204	0.00203052028582944
-203	0.001999856366619988
-202	0.001931278915848514
-201	0.0018741361848939042
-200	0.001890837767859514
-199	0.0020151165062694512
-198	0.0021659982313308314
-197	0.0022338320216715225
-196	0.0021489185400329906
-195	0.002001364785611099
-194	0.0019212293417153095
-193	0.0019959125658263015
-192	0.002142181912109626
-191	0.0022341466089020553
-190	0.0021842596462418257
-189	0.0020583490609730457
-188	0.001960586651641291
-187	0.0019693290017447295
-186	0.0020596718345919037
-185	0.0021808956584439495
-184	0.0022890336316869035
-183	0.002367129513206407
-182	0.0024049797120130026
-181	0.002398154485253911
-180	0.0023653194826230585
-179	0.002330914201951051
-178	0.0023162348832587274
-177	0.002330004735327876
-176	0.0023778037091305173
-175	0.0024579779348817142
-174	0.0025399382597686873
-173	0.002585861710221698
-172	0.002571371938974655
-171	0.0025258791039760517
-170	0.0024922399894780315
-169	0.002498088275001537
-168	0.0025101652211427248
-167	0.0024799889837665533
-166	0.002379399939681725
-165	0.002261527349471929
-164	0.0021998226946645994
-163	0.0022475035607428012
-162	0.002376851949012135
-161	0.00253991596473383
-160	0.002692354451804648
-159	0.002804269208663472
-158	0.0028493727723847145
-157	0.002811241964386936
-156	0.0027129107434652948
-155	0.0025872773527590956
-154	0.0024672537240158334
-153	0.0023858065434157606
-152	0.0023759161857473204
-151	0.0024540702374909068
-150	0.002570785131894721
-149	0.0026600845138989165
-148	0.002672714221513573
-147	0.0026263088650284798
-146	0.002555225247803352
-145	0.0024951993915139116
-144	0.0024874841910999053
-143	0.002574711759817085
-142	0.0027715777600379157
-141	0.0029810320506017053
-140	0.0030780880394644756
-139	0.0029792365264932
-138	0.002766877879198658
-137	0.0025648898570025855
-136	0.002468394367724784
-135	0.0024574899127773366
-134	0.0024835191419703964
-133	0.00250559296756147
-132	0.002513895351597481
-131	0.002506378518572706
-130	0.002484413670693977
-129	0.0024630479210183335
-128	0.002460747360315371
-127	0.0024883837321112248
-126	0.0025264513909581975
-125	0.002547850344165133
-124	0.0025376875280329492
-123	0.002529897594830861
-122	0.002570622125820158
-121	0.002689769842689659
-120	0.0028523180288383097
-119	0.0030070111080925856
-118	0.003109962511462278
-117	0.003146761698690447
-116	0.003110367136703468
-115	0.0030054868881228456
-114	0.0028838273983506015
-113	0.002808844708483886
-112	0.0028268407861258313
-111	0.002915501304903495
-110	0.003035357864949918
-109	0.003149761020416055
-108	0.003233337141524534
-107	0.0032635315525158977
-106	0.00322765180407765
-105	0.003152454352685129
-104	0.0030745578812606325
-103	0.0030253861198869473
-102	0.0030155829872888134
-101	0.0030505974493514575
-100	0.0031284612524994093
-99	0.003217537265314394
-98	0.003278771136917438
-97	0.00328481526739073
-96	0.003255149060661117
-95	0.0032209586716166055
-94	0.003204641967674892
-93	0.003193443666372415
-92	0.0031658201977753033
-91	0.003112404612550277
-90	0.0030725364437664375
-89	0.0030977318450934755
-88	0.003212687087383522
-87	0.0033348189102184547
-86	0.003354724170362587
-85	0.003207361824252944
-84	0.0030051392270174027
-83	0.0029048258334565496
-82	0.0030113438057539086
-81	0.0032222261356247305
-80	0.0033831585221672034
-79	0.003387897642915802
-78	0.003322484089150159
-77	0.003321029430586196
-76	0.003472979353138893
-75	0.0036891160075194687
-74	0.003835555660638199
-73	0.0038216711247449024
-72	0.003729861393447549
-71	0.00368578200569365
-70	0.003776227393827482
-69	0.003932547563780396
-68	0.0040472314148805085
-67	0.00404016030966014
-66	0.003940785463468433
-65	0.003805950554858736
-64	0.003689216868467302
-63	0.00363101611326201
-62	0.003668497604293646
-61	0.0038135647751912478
-60	0.003977137533896868
-59	0.0040448899069308155
-58	0.003944678691526942
-57	0.003773091767773294
-56	0.0036688997864714637
-55	0.003726051650675905
-54	0.003859209272452511
-53	0.003938212816120034
-52	0.0038732799229179143
-51	0.003736138141768339
-50	0.0036388924985141825
-49	0.003663823326819687
-48	0.003773912191634569
-47	0.0039023159657299144
-46	0.003995738359843899
-45	0.004055070436583065
-44	0.00409475009652104
-43	0.004126726682932608
-42	0.004152995309897147
-41	0.0041730625341951854
-40	0.004183776332755243
-39	0.004171350363097789
-38	0.004119339702891281
-37	0.004023723886601718
-36	0.003930180275885255
-35	0.0038968106891955896
-34	0.003963027908368378
-33	0.004093488568767128
-32	0.0042341602691373095
-31	0.004335182942531548
-30	0.004363385859231108
-29	0.0042897706238244114
-28	0.004105878569442286
-27	0.0038854099433852088
-26	0.003722604721496066
-25	0.003679596134563075
-24	0.0036900904331557864
-23	0.0036556871227890844
-22	0.0035198899838234736
-21	0.0033938198960019586
-20	0.0034305020139131664
-19	0.003723780852602095
-18	0.004130778368939234
-17	0.004449435880251443
-16	0.004534146798903861
-15	0.0044651129174147425
-14	0.004378988123340618
-13	0.00438834745721036
-12	0.004509450571442186
-11	0.004734478271426656
-10	0.005032387639411524
-9	0.005279240865073349
-8	0.005327876414945888
-7	0.005084311989090468
-6	0.004667282221678709
-5	0.004248700980409802
-4	0.003958751005096743
-3	0.003760690524007745
-2	0.0035760466375248257
-1	0.003346019506608576
0	0.003090501534533877
1	0.0028490581851541813
2	0.0026540944755521017
3	0.002509373635726878
4	0.002411498448906908
5	0.002361491363923708
6	0.0023780534920212764
7	0.0024843056100467284
8	0.0026854848987337755
9	0.00291529415436251
10	0.0030895525770996213
11	0.003143195779179522
12	0.0030876250211075234
13	0.0029533579754566627
14	0.0027749693635948304
15	0.002603262102069337
16	0.0024930961562223447
17	0.0024819618214248136
18	0.00253787071316289
19	0.002611464776951519
20	0.002662619898495854
21	0.0026881477242618915
22	0.00269409384090584
23	0.0026823818207833768
24	0.0026384471790480654
25	0.0025436034165529395
26	0.0023927194189400443
27	0.002234885611007479
28	0.002132747802342352
29	0.0021265396155803963
30	0.002166845925551844
31	0.0021818394201355484
32	0.0021210503117830583
33	0.0020194389112367065
34	0.001933323053811521
35	0.0019027918781600378
36	0.001903019736284825
37	0.0018929522835259593
38	0.0018444366490755816
39	0.0017809258575340907
40	0.0017387744073539496
41	0.001743322525811558
42	0.001775853355479059
43	0.0018066357677525295
44	0.0018100554771125115
45	0.001776965570377399
46	0.0017023359774500486
47	0.00158913978767489
48	0.0014723627281626453
49	0.0013949936854656092
50	0.0013860743362606135
51	0.0014188575177226323
52	0.0014526488571511744
53	0.0014551857359743404
54	0.0014279325521345848
55	0.0013807854577029524
56	0.0013260100335571487
57	0.0012853495758015244
58	0.001282916809347092
59	0.001329636902727948
60	0.0013836847989705324
61	0.0013900478847243686
62	0.0013132586215668463
63	0.0011960297707868173
64	0.0011006191686009986
65	0.0010744806040406645
66	0.0011058516773953247
67	0.0011681659417690454
68	0.001233927510473368
69	0.0012719227376497275
70	0.0012500085376470338
71	0.0011516748218940527
72	0.0010229434901389816
73	9.254694392098759E-4
74	9.042753611932263E-4
75	9.378551292092705E-4
76	9.88070411636682E-4
77	0.0010227983217291525
78	0.0010339777522404452
79	0.0010195630407993422
80	9.808283236271901E-4
81	9.323269313156008E-4
82	8.919319930487521E-4
83	8.738835443714471E-4
84	8.778892462709927E-4
85	9.000236660953213E-4
86	9.334302551983256E-4
87	9.595280009577426E-4
88	9.5680477475727E-4
89	9.140074112787639E-4
90	8.609185983967172E-4
91	8.375799872837817E-4
92	8.686524821400643E-4
93	9.172739992754923E-4
94	9.312017080274488E-4
95	8.771938565043883E-4
96	7.98013007899054E-4
97	7.554228041752605E-4
98	7.893864445512725E-4
99	8.526653572631525E-4
100	8.762205278014126E-4
101	8.143280939920213E-4
102	7.14524803002773E-4
103	6.476625543369181E-4
104	6.626990911040855E-4
105	7.210155308394169E-4
106	7.620988346844319E-4
107	7.428396397196333E-4
108	6.897432867814564E-4
109	6.467187926453196E-4
110	6.454734002565896E-4
111	6.689072572404286E-4
112	6.87718737391947E-4
113	6.7965253200723E-4
114	6.506386023862603E-4
115	6.136532273299951E-4
116	5.800393619875635E-4
117	5.546066669007826E-4
118	5.405314789596417E-4
119	5.40319818545201E-4
120	5.537964400028054E-4
121	5.801157811688712E-4
122	6.174527832406874E-4
123	6.60064400859032E-4
124	7.012280920255565E-4
125	7.329828123081898E-4
126	7.424135075399744E-4
127	7.153666211202316E-4
128	6.473018802134533E-4
129	5.721321470448169E-4
130	5.33383567604671E-4
131	5.591822449709103E-4
132	6.160541105716175E-4
133	6.551250529224218E-4
134	6.419643862618714E-4
135	5.99915127720192E-4
136	5.667637201505284E-4
137	5.690376384685807E-4
138	5.882284858402718E-4
139	5.945688974940792E-4
140	5.677528892439723E-4
141	5.253199992458847E-4
142	4.942711462412407E-4
143	4.949296908732258E-4
144	5.209087613920685E-4
145	5.591439279497584E-4
146	5.96750238527377E-4
147	6.215606524223757E-4
148	6.21587606761298E-4
149	5.902439192649432E-4
150	5.425439300311339E-4
151	4.989023597519485E-4
152	4.7617837083582457E-4
153	4.770088925566352E-4
154	5.004752959046128E-4
155	5.424051623391184E-4
156	5.856109151960297E-4
157	6.096511882803528E-4
158	6.001597073569872E-4
159	5.670705660304038E-4
160	5.263929498649666E-4
161	4.934470405106015E-4
162	4.8079700395948285E-4
163	5.003180022893464E-4
164	5.546428604880509E-4
165	6.094350551839447E-4
166	6.211157259154987E-4
167	5.630119688682947E-4
168	4.7607470681635815E-4
169	4.1816081918082516E-4
170	4.309871054413312E-4
171	4.917100453115084E-4
172	5.613460385634882E-4
173	6.068623205680139E-4
174	6.190294690902766E-4
175	5.945688974940793E-4
176	5.357807924341483E-4
177	4.672804337289039E-4
178	4.1926187448769014E-4
179	4.1276802299105095E-4
180	4.322372082043324E-4
181	4.529566142640804E-4
182	4.5722842656082047E-4
183	4.55414835500995E-4
184	4.648930327450255E-4
185	4.950781337335775E-4
186	5.23536949028294E-4
187	5.198742129710616E-4
188	4.657629714950348E-4
189	3.911495168984391E-4
190	3.3804845307076735E-4
191	3.368053019056913E-4
192	3.710892573135975E-4
193	4.129004312090515E-4
194	4.399983831860936E-4
195	4.5318046355666616E-4
196	4.5900347031218615E-4
197	4.629648299298195E-4
198	4.6632448282972645E-4
199	4.692829979178157E-4
200	4.720409440999962E-4
