DE Rtg3_GEM_2_m0 6.26 11 k8_c288
1 17 10 244 17 G
2 11 42 48 187 T
3 13 235 18 22 C
4 224 37 7 19 A
5 47 19 3 219 T
6 20 119 25 124 T
XX

DE Rtg3_GEM_2_m1 5.47 -3 k8_c316
1 14 30 32 240 T
2 5 4 295 12 G
3 298 2 14 2 A
4 16 52 16 232 T
5 3 9 300 4 G
XX

DE Rtg3_GEM_2_m2 5.80 5 k8_c264
1 8 13 4 240 T
2 2 115 0 146 T
3 6 154 2 102 C
4 0 50 0 213 T
5 2 9 1 252 T
6 5 89 0 169 T
XX

DE Rtg3_GEM_2_m3 6.10 3 k7_c158
1 11 11 129 7 G
2 95 3 36 24 A
3 59 0 22 77 T
4 24 5 108 21 G
5 0 0 126 31 G
6 62 20 42 34 A
7 85 50 21 1 A
XX

DE Rtg3_GEM_2_m4 6.66 -3 k9_c95
1 13 10 2 70 T
2 5 64 14 11 C
3 76 6 4 9 A
4 8 62 2 23 C
5 65 13 14 4 A
6 28 15 4 49 T
7 16 52 13 14 C
XX

DE Rtg3_GEM_2_m5 8.18 16 k9_c66
1 48 7 4 7 A
2 50 2 8 6 A
3 38 5 20 2 A
4 29 1 2 34 T
5 9 2 43 12 G
6 3 3 56 5 G
7 2 17 10 37 T
8 4 48 3 11 C
9 49 13 3 2 A
XX

DE Rtg3_GEM_2_m6 5.64 5 k5_c314
1 12 4 1 297 T
2 47 0 70 196 T
3 0 289 0 24 C
4 10 299 0 5 C
5 219 44 2 49 A
XX

DE Rtg3_GEM_2_m7 5.02 3 k5_c227
1 195 6 23 3 A
2 5 7 4 212 T
3 210 5 0 12 A
4 70 42 115 0 G
5 0 0 43 183 T
XX

DE Rtg3_GEM_2_m8 5.55 10 k5_c322
1 11 219 1 91 C
2 0 262 11 49 C
3 307 14 0 0 A
4 14 0 0 307 T
5 0 68 4 249 T
XX

DE Rtg3_GEM_2_m9 8.33 6 k9_c56
1 5 43 2 6 C
2 8 5 2 40 T
3 6 2 10 38 T
4 2 42 8 4 C
5 6 42 4 4 C
6 34 12 7 3 A
7 46 2 5 4 A
8 10 4 2 40 T
9 1 3 44 8 G
XX

DE Rtg3_GEM_2_m10 9.22 1 k10_c66
1 56 2 3 5 A
2 41 7 13 5 A
3 47 2 14 2 A
4 36 2 26 2 A
5 43 2 20 0 A
6 44 1 20 1 A
7 58 0 8 0 A
8 5 0 12 49 T
9 5 0 51 10 G
10 46 4 9 7 A
XX

DE Rtg3_GEM_2_m11 9.74 -5 k12_c32
1 3 0 24 4 G
2 2 27 1 1 C
3 3 5 2 21 T
4 26 1 2 2 A
5 1 0 0 30 T
6 0 21 5 5 C
7 23 3 1 4 A
8 4 26 0 1 C
9 21 4 3 3 A
10 1 0 2 28 T
11 1 25 2 3 C
12 21 3 2 5 A
XX

