#Rtg3_GEM_1.m8
#KSM version: 1
#41/41
#1.23
#k-mer/r.c.      	Offset	PosCt	wPosCt	NegCt	HgpLg10	CIDs	PosHits (base85 encoding)	NegHits (base85 encoding)
ACAGTAAA/TTTACTGT	1	3	3	0	-2.2	*	!!!"-~	
CAGTAAAA/TTTTACTG	2	3	3	0	-2.2	*	!!!"-~	
TAGCAAAG/CTTTGCTA	2	3	3	0	-2.2	*	!!!!5!!*~	
TATAGCAA/TTGCTATA	0	3	3	1	-1.6	*	!!!!5!!*~	!!!!1~
ATAGCAAA/TTTGCTAT	1	3	3	0	-2.2	*	!!!!5!!*~	
$$$
%%%
0 0 0 0 0 0 0 0 0 0 0 0 0 0 0 0 0 0 0 0 0 0 0 0 9 0 10 0 10 9 9 0 0 0 0 0 0 0 0 0 10 
0 0 0 0 0 0 0 0 0 0 0 0 0 0 0 0 0 0 0 0 0 0 0 0 0 0 0 0 8 0 0 0 0 0 0 0 0 0 0 0 0 
0.8561 0.9505 0.9522 1.0051 1.0256 0.9099 0.7189 0.7153 1.1238 0.9248 0.8057 1.0283 0.8186 0.7078 0.7189 0.9061 0.8738 0.7189 0.9879 1.0159 0.9453 0.6877 0.9302 0.9137 1.2411 1.2467 1.1929 1.2619 1.1932 1.1983 1.2030 1.2163 1.2211 1.1066 1.1705 1.1197 1.1560 1.2069 0.9767 0.9037 1.1446 
