#Rtg3_GEM_2.m7
#KSM version: 1
#523/523
#1.44
#k-mer/r.c.	Offset	PosCt	wPosCt	NegCt	HgpLg10	CIDs	PosHits (base85 encoding)	NegHits (base85 encoding)
ATAGT/ACTAT	1	72	72	48	-1.9	*	!>%QtJH,rU"os/R!WW3#+@6(F!2p5I+9Y"2#Y"ds&HmW?5S*tsP,&XT#Qb&]J-6]#!!!"=;ucn$TE(V~	!!!!A!It1RJ07/Y&-+ruz!"]D9!!FJO#QOi)!!3-#<WO$;JcYoP!([.s!!#7s&-*@D:]Va?+92BA+9~
TAGTA/TACTA	2	61	61	37	-2.4	*	#uCUG!!iQ)!^H_c&/[Y4!!!!%!3d:?!WW9%+N+6]!"f3e"99!`&>0/*!Wmoq!!Ik7&-*8,&-*gQ+98&["9~	!!j\i!!!9-"@)quz!!!9i!e:7N+9Var!71]Kz5QCca!([(i!WjJEzJ-5lQ:]MU<+;b)$5Q~
TATAG/CTATA	0	50	50	29	-2.4	*	!<<0&!ItFU"@.M<"s>/k!'gh,!$D7A+92Ctz1dD%k+<^dd!#.-fz!!#hL!!iQ:!!!!1+TML-5Q~	z'*&"4!!*'"!!,Ce!!!!a!"]tIzz&-/AR"<ddGJ,g,\!!!'%z&-)\1!!",A+92BS~
ATANTA/TANTAT	1	38	38	18	-2.7	0,1	N.A.	N.A.
TNNTAGT/ACTANNA	-1	27	26	8	-3.5	-2,-3,-4,5,6	N.A.	N.A.
TNANAGT/ACTNTNA	-1	24	23	9	-2.5	-2,-3,7	N.A.	N.A.
CNNTAGT/ACTANNG	-1	19	20	3	-4.6	8,9,-10	N.A.	N.A.
CNATANT/ANTATNG	-1	19	19	3	-4.3	-11,-10,12	N.A.	N.A.
CNANAGT/ACTNTNG	-1	16	17	3	-3.7	13,-10	N.A.	N.A.
CNATNGT/ACNATNG	-1	13	13	2	-3.3	-10,-14	N.A.	N.A.
ATNGTNT/ANACNAT	1	10	10	2	-2.5	-15,-16	N.A.	N.A.
ATANTNC/GNANTAT	1	10	10	1	-3.3	-17,-18	N.A.	N.A.
$$$
ATACTA/TAGTAT	0	23	23	13	-1.5	0	!>#52z!^H_c!#P\9z!"]tI!WW9%!.Y%Nz!!!Q1&-)h5!!%QM!!!$"!!!Q1&-*gQz"9~	z!!!9-zz!!!!azz!0@0`z5QCcaz!WX>Czz&-)\1+:%rI5Q~
ATAGTA/TACTAT	0	22	22	8	-2.6	1	!>#52z!WW3#zz!2'St!!!'#!(6ee!!!"Tz&>0"'!!3-#!!E95!!!!a&-)\1+98&~	z!!!!%zzzz!!E?'zzzzzz!!!$":]MU<+9~
ACTATTA/TAATAGT	0	11	11	4	-1.8	2	zzzz!!3-#!.Y%L!!!'#!!!!%zzJ,fR7!!33Ezz!!!!%+9~	z!!!!%zzzz!!!'+z!!3~
ACTATAA/TTATAGT	0	4	4	1	-1.5	3	zz!!%NLz!!!#7zzz!!!"L~	zzzzzzzzzzzzz&-~
ACTACTA/TAGTAGT	0	4	4	1	-1.5	4	z!!iQ)zzzzzzzz!!!!%z!!!"L&-~	zzzzzzzzzz!'g~
TCTTAGT/ACTAAGA	0	7	7	2	-1.7	5	zz!!!!Azz!>'b]!!!'#zz!!!Q1z!!!!A~	zzz!"],1zzzzz!<~
TTGTAGT/ACTACAA	0	3	3	0	-1.8	6	zzzz!!!!%z!!!!Azzzz!!%N~	
TCAGAGT/ACTCTGA	0	9	9	4	-1.3	7	z!!!9)z!!!!A!!!$"zz+92BA!!!!"zzzz!.[<9"9~	!!!-%zz5QCcazzz!!E9%zzz!!!$~
CACTAGT/ACTAGTG	0	3	3	0	-2.1	8	!!!!#zz!!!!Azzzzzzzzzzz!!!!#~	
CTCTAGT/ACTAGAG	0	5	5	1	-1.8	9	z!"],1zzz?iU0,zz!!*'"zzz5Q~	zz!'g~
ACTATTG/CAATAGT	0	11	11	2	-2.8	10	!"_BqJ,fQL!WW3#zz!!!9)z!'gMa!!%NL!"],1!.Y%LzzzzJ,g\~	zzzzzzzzz5QCcazzzz!!!'~
AGTATGG/CCATACT	0	4	4	1	-1.5	11	zzz+92BAz!!*'"zzzzzz!!!!1!!",~	zzzzzzzzzzzzzzz!!3~
CTATAAT/ATTATAG	0	4	4	0	-2.1	12	z!.Y%Lzz!!!:Tzzzz!$D~	
CCACAGT/ACTGTGG	0	5	5	1	-2.1	13	zzz!!!9)z!!!"L#QOi)zzzzzzzz!!#7i~	zzzzzzzzzzz!!!!1~
ACCATAG/CTATGGT	0	3	3	0	-1.8	14	zz!WW3#z+92BA"9~	
ACACTAT/ATAGTGT	0	6	6	2	-1.5	15	!!#7a!<<*"zz!'gMaz+92BAz&-)\1!"]~	zzzzzzzzz!!*'"zz!!!!1~
AGACCAT/ATGGTCT	0	4	4	0	-2.1	16	!$D7Az!!%NLzzzzz!!3-#zz&-~	
GTACTAT/ATAGTAC	0	6	6	0	-2.7	17	zzzzz!.Y%Lz!'gMazz!$D7A!!3-#!!E9%zz+9~	
GCATTAT/ATAATGC	0	4	4	1	-1.8	18	zzz!!!$"zz!!!!1zzz!!!!Azzzz!!!!1~	zzzzzzzzzzz!!*~
%%%
7 0 0 5 0 0 0 0 0 0 0 0 7 5 5 0 0 6 0 0 0 0 7 0 0 6 0 0 0 5 0 0 7 0 0 0 0 0 0 6 0 0 0 5 5 0 0 5 0 0 0 5 0 0 0 0 0 0 0 0 0 0 0 0 0 7 5 0 0 0 0 0 0 0 0 0 0 0 5 0 5 0 0 0 0 0 0 7 0 0 0 0 0 5 0 0 0 6 5 0 5 5 0 0 0 0 0 5 5 5 0 0 5 0 5 5 0 5 5 0 0 0 0 0 0 5 0 0 0 0 0 0 0 5 0 0 0 6 0 0 0 0 7 0 5 0 0 5 0 0 0 0 0 5 6 0 0 0 7 7 5 0 5 0 0 5 5 0 5 0 0 5 6 7 0 8 0 5 0 7 5 0 0 5 0 0 0 0 0 5 0 5 0 5 0 5 0 7 0 0 0 0 5 0 0 0 0 0 0 5 0 0 0 0 5 0 0 0 0 5 5 5 0 5 0 0 0 5 0 5 0 0 0 5 6 0 0 0 8 5 0 0 0 0 0 0 0 0 0 5 6 0 0 0 0 0 5 0 5 0 7 5 0 0 6 5 5 0 5 0 5 0 0 0 0 0 0 0 0 6 5 0 0 6 0 0 0 8 0 0 5 0 0 5 5 0 5 0 0 0 7 5 0 0 0 6 0 0 5 0 0 0 0 0 0 0 0 0 0 5 0 5 0 0 5 0 0 6 0 0 5 0 5 7 0 7 5 0 5 0 6 5 0 0 5 0 5 0 5 5 6 0 0 5 0 5 5 0 0 0 0 8 0 0 0 0 0 0 5 6 0 0 0 0 0 6 0 0 0 0 5 6 0 0 0 0 0 0 0 0 5 5 0 0 7 0 0 0 0 0 5 0 0 5 6 0 5 5 0 0 0 0 5 5 0 5 0 0 0 0 5 0 0 0 0 0 0 5 0 0 0 5 0 0 0 0 5 5 5 0 5 5 0 0 5 5 6 0 0 0 5 0 5 0 5 0 0 0 0 0 0 0 0 0 0 0 0 0 0 5 0 0 0 0 6 0 5 0 0 0 5 0 0 0 0 8 0 6 0 0 0 0 0 0 0 0 0 0 0 0 0 7 5 6 0 5 5 5 5 5 5 0 0 0 5 0 0 0 5 0 0 0 0 
0 0 0 0 0 0 0 0 0 0 0 5 0 0 0 0 0 0 5 0 0 5 0 0 0 0 0 0 0 5 0 0 5 5 0 0 5 0 0 0 0 0 0 0 0 0 0 5 5 0 0 5 0 0 0 0 0 0 5 0 0 0 0 0 0 0 5 0 0 0 0 5 5 0 0 0 0 5 6 0 0 5 0 0 0 0 5 0 0 0 0 0 5 0 0 0 0 0 0 0 5 0 5 0 5 0 0 0 5 0 0 0 0 5 0 0 0 0 5 0 5 0 5 0 0 0 0 0 0 0 0 0 0 0 0 0 0 0 0 0 0 0 0 0 0 0 0 5 0 0 0 0 0 0 0 0 0 0 5 0 0 5 0 0 0 0 0 0 0 0 0 0 6 0 0 5 0 0 0 5 5 0 0 0 0 0 0 0 0 0 0 0 0 0 0 0 0 5 0 0 0 0 6 0 0 0 0 0 0 7 0 0 0 5 0 0 0 0 0 6 0 0 0 5 0 0 0 5 0 0 0 0 0 0 5 0 5 0 5 5 0 0 0 0 0 0 0 0 0 0 5 0 0 0 0 0 0 0 0 0 5 0 0 0 0 6 0 0 0 0 0 0 0 0 0 0 0 5 0 5 0 0 0 0 0 0 0 5 5 5 6 0 5 0 6 0 7 0 0 0 0 5 0 0 5 0 0 5 5 0 0 0 0 0 0 0 0 0 0 0 0 5 0 0 0 0 0 5 0 5 0 5 0 0 5 0 0 0 0 0 5 0 0 0 0 0 0 0 0 0 0 0 0 5 0 0 0 0 0 0 5 5 0 5 0 0 5 0 5 5 0 0 0 5 0 0 0 5 0 5 5 0 0 0 0 0 0 0 0 0 0 0 0 0 0 0 0 0 0 0 0 0 0 0 0 0 5 0 0 5 0 0 6 0 0 0 0 0 0 0 7 0 0 5 0 0 5 0 0 0 0 0 6 5 0 0 5 0 0 0 0 0 0 0 0 0 0 0 0 0 0 0 5 0 6 0 5 0 0 0 0 0 0 0 0 6 0 0 0 7 0 0 0 0 0 0 0 0 0 0 0 0 0 0 0 7 0 0 0 5 0 5 5 0 0 0 0 0 0 0 0 0 0 0 0 5 0 0 5 5 0 0 0 0 0 0 0 5 5 0 0 0 0 
1.0102 1.0114 1.1629 0.9500 0.9960 0.9472 0.9425 0.9774 1.4271 1.1233 0.9412 0.9410 1.0967 0.9992 1.1246 0.9902 0.9479 0.9425 0.9742 0.9871 0.9450 0.9633 0.9581 0.9435 0.9546 0.9718 0.9583 0.9810 0.9601 1.0166 0.9550 0.9772 0.9929 0.9363 0.9718 0.9662 1.0516 0.9878 0.9966 0.9468 0.9662 0.9812 0.9705 0.9718 0.9878 1.0678 0.9425 0.9747 0.9425 0.9826 0.9878 1.0685 1.2913 0.9618 1.2542 0.9425 0.9500 0.9931 0.9546 0.9507 0.9363 0.9546 0.9856 0.9546 0.9843 0.9400 0.9380 0.9363 0.9477 0.9450 0.9441 1.2466 1.0855 0.9718 0.9581 0.9435 0.9718 1.0124 0.9435 0.9363 0.9878 0.9483 0.9467 0.9878 0.9546 1.0171 0.9363 0.9419 0.9363 0.9574 0.9363 0.9546 0.9979 0.9889 0.9878 0.9561 1.4172 0.9718 0.9546 0.9546 0.9663 0.9718 0.9389 0.9546 0.9979 0.9487 0.9664 1.0029 0.9826 0.9487 0.9801 0.9963 0.9363 0.9463 0.9363 0.9448 0.9487 1.0171 0.9363 0.9580 1.0029 0.9529 0.9718 0.9616 0.9425 1.0029 0.9605 0.9550 0.9826 0.9818 0.9475 0.9425 0.9718 0.9595 0.9400 0.9862 0.9487 0.9466 0.9425 0.9826 0.9417 0.9772 0.9399 0.9929 0.9697 0.9363 0.9529 1.1663 0.9745 0.9515 0.9605 0.9363 0.9546 0.9662 1.0123 0.9701 0.9425 1.0262 1.1364 0.9929 0.9749 0.9498 0.9820 1.0992 0.9363 0.9425 0.9363 0.9403 0.9772 0.9910 0.9363 0.9559 1.0392 0.9363 0.9714 0.9495 0.9398 0.9364 0.9363 0.9662 1.0208 0.9425 0.9929 0.9426 0.9591 0.9751 1.1185 0.9363 0.9363 0.9385 0.9592 0.9546 0.9772 0.9546 0.9364 1.3354 0.9660 0.9655 0.9363 0.9662 0.9363 0.9368 0.9428 0.9718 0.9425 0.9459 0.9546 1.0015 0.9425 0.9425 0.9617 0.9979 0.9605 0.9363 1.0349 0.9487 0.9413 0.9502 0.9605 0.9718 0.9414 0.9425 0.9707 1.3080 0.9444 0.9605 0.9368 0.9562 0.9425 0.9487 0.9425 0.9425 0.9497 0.9508 0.9979 0.9425 0.9425 0.9662 0.9487 0.9506 0.9487 0.9660 1.0087 0.9722 0.9409 1.0367 0.9485 0.9606 0.9649 0.9487 0.9934 0.9718 0.9375 0.9373 0.9425 0.9826 0.9363 0.9526 0.9383 0.9537 0.9487 0.9363 0.9562 0.9480 0.9431 0.9546 0.9425 0.9425 0.9401 0.9719 0.9425 0.9363 0.9662 0.9605 1.0241 0.9460 0.9448 0.9605 0.9395 0.9970 0.9534 0.9561 0.9878 0.9393 1.0447 0.9423 0.9546 0.9662 0.9729 0.9432 0.9372 0.9514 0.9629 0.9608 0.9363 0.9587 1.9538 0.9363 0.9363 0.9363 0.9363 0.9525 0.9503 0.9546 0.9598 0.9367 0.9390 0.9575 1.0025 0.9605 0.9363 0.9425 0.9639 0.9605 0.9670 0.9425 0.9425 0.9425 0.9599 0.9553 0.9668 0.9425 0.9403 0.9519 0.9376 0.9426 0.9487 0.9784 1.5480 0.9488 0.9662 0.9613 1.0004 0.9425 0.9826 0.9662 0.9425 0.9603 0.9414 0.9363 0.9529 0.9430 0.9487 0.9662 0.9363 0.9363 0.9487 0.9487 0.9487 0.9605 0.9392 0.9546 0.9745 0.9865 0.9363 0.9711 0.9665 0.9718 0.9906 0.9546 0.9363 0.9718 1.2087 0.9425 0.9662 0.9487 0.9546 0.9372 0.9694 0.9363 0.9929 0.9412 0.9825 0.9826 0.9425 0.9546 0.9391 0.9546 0.9817 0.9425 0.9546 0.9363 0.9571 1.1102 0.9429 0.9443 0.9683 0.9481 1.4213 0.9438 1.2487 0.9425 0.9363 1.1263 1.0262 1.0262 0.9612 0.9546 0.9363 0.9437 0.9363 0.9425 0.9425 0.9402 0.9363 0.9662 0.9373 0.9363 0.9579 0.9455 0.9605 0.9363 0.9470 0.9363 0.9545 0.9900 0.9531 0.9929 0.9546 0.9605 0.9586 0.9434 0.9499 0.9470 0.9366 0.9728 0.9920 0.9363 0.9487 0.9425 0.9363 0.9425 1.0384 0.9661 0.9576 0.9519 0.9364 0.9516 1.0077 0.9487 0.9772 0.9382 0.9425 0.9530 0.9363 0.9684 0.9570 0.9363 0.9438 0.9472 0.9487 0.9398 0.9546 0.9363 0.9487 1.0077 0.9878 0.9546 0.9495 0.9425 0.9425 1.3020 0.9380 0.9414 0.9487 0.9363 1.0029 0.9605 0.9442 0.9363 0.9363 0.9572 0.9363 0.9425 0.9970 1.0283 0.9599 1.1116 0.9425 0.9363 0.9999 0.9960 0.9373 0.9450 1.2206 0.9480 1.0016 0.9425 0.9487 0.9747 1.1854 0.9507 1.0591 0.9472 1.9246 0.9363 0.9772 0.9487 0.9762 1.0220 0.9821 1.2379 1.4276 0.9718 1.8845 1.7654 1.8628 1.7187 1.7274 1.5949 1.6892 1.7369 1.6509 1.6404 1.6091 1.6329 1.5503 1.6244 1.4861 1.3847 0.9979 1.0077 0.9425 
