-300	6.224653222286954E-4
-299	3.443813852630896E-4
-298	2.3896383169522278E-5
-297	7.483556976831852E-4
-296	3.685184366143886E-4
-295	8.944375792875805E-5
-294	4.895447549898421E-23
-293	4.895447549898421E-23
-292	6.155119538541892E-4
-291	0.0013138053522932483
-290	0.0016318158499661407
-289	0.0012667196020819233
-288	5.566547660900327E-4
-287	4.895447549898421E-23
-286	1.728922697098023E-4
-285	5.058501702761944E-4
-284	7.145510580775196E-4
-283	9.795512783698486E-4
-282	0.0010465890018542287
-281	9.17264791888621E-4
-280	7.200230309619078E-4
-279	3.334071484937458E-4
-278	4.895447549898421E-23
-277	2.739922602343764E-5
-276	1.829018267361045E-5
-275	4.895447549898421E-23
-274	4.895447549898421E-23
-273	4.895447549898421E-23
-272	4.895447549898421E-23
-271	2.933364702250721E-4
-270	6.617384080256552E-4
-269	9.17264791888621E-4
-268	9.549780932943846E-4
-267	8.934143405817614E-4
-266	9.17264791888621E-4
-265	0.0012193468024257806
-264	0.001606370990896041
-263	0.001834529583777242
-262	0.0019928084307558234
-261	0.0019354637902691746
-260	0.0016318158499661407
-259	0.0010905827935456692
-258	4.7807478890713075E-4
-257	4.895447549898421E-23
-256	4.895447549898421E-23
-255	4.895447549898421E-23
-254	4.895447549898421E-23
-253	2.4963022460040135E-4
-252	5.205808964870589E-4
-251	7.145510580775196E-4
-250	0.0011076529763802048
-249	0.0014650063252659592
-248	0.0016318158499661407
-247	0.0015004537818902807
-246	0.001151962297160607
-245	7.145510580775196E-4
-244	4.350431332853928E-4
-243	1.252116599434324E-4
-242	4.895447549898421E-23
-241	2.2737945885748905E-4
-240	5.436925721846579E-4
-239	7.145510580775196E-4
-238	5.88192945735564E-4
-237	2.779028914341946E-4
-236	4.895447549898421E-23
-235	2.480903421898074E-6
-234	1.7533015729690866E-6
-233	4.895447549898421E-23
-232	4.895447549898421E-23
-231	4.895447549898421E-23
-230	4.895447549898421E-23
-229	2.493001116636925E-4
-228	5.464837109945839E-4
-227	7.145510580775196E-4
-226	6.304162207254474E-4
-225	3.5526791280958496E-4
-224	4.895447549898421E-23
-223	1.7772719375248086E-5
-222	2.6233833266656593E-5
-221	4.895447549898421E-23
-220	9.203095671322737E-4
-219	0.002028732433287901
-218	0.0028582042323100783
-217	0.0033393522931051663
-216	0.003379874238218845
-215	0.00306091796612118
-214	0.002495970524123177
-213	0.0019278755548995973
-212	0.0016318158499661407
-211	0.0017799627442451793
-210	0.002132441746285775
-209	0.0023463669080436597
-208	0.002186402502911152
-207	0.0018474136900269009
-206	0.0016318158499661407
-205	0.0017265537661740674
-204	0.0018566898335757303
-203	0.0016318158499661407
-202	8.495587401395703E-4
-201	1.560448670797956E-4
-200	4.895447549898421E-23
-199	0.0011192434907039068
-198	0.002709918975968428
-197	0.003775469024198699
-196	0.003599829162519103
-195	0.0025889067529310103
-194	0.0014291021161550392
-193	7.4636731414701E-4
-192	2.673566748951527E-4
-191	4.895447549898421E-23
-190	4.895447549898421E-23
-189	4.895447549898421E-23
-188	4.895447549898421E-23
-187	7.0123169034567E-4
-186	0.0014862044859821246
-185	0.001834529583777242
-184	0.0017065558779486346
-183	0.0012218074342151073
-182	7.145510580775196E-4
-181	4.64122532875236E-4
-180	5.301335533016403E-4
-179	9.17264791888621E-4
-178	0.001567018416209243
-177	0.0021681825740012743
-176	0.0023463669080436597
-175	0.0018796037893603495
-174	0.001155616501955311
-173	7.145510580775196E-4
-172	0.0010826675703855448
-171	0.0017024070837703728
-170	0.0021436531742325586
-169	0.0023851642555882636
-168	0.00238264814319995
-167	0.0023463669080436597
-166	0.002420242388959003
-165	0.002482835496239855
-164	0.0023463669080436597
-163	0.0019180315382311144
-162	0.0014849212434759219
-161	0.0014291021161550392
-160	0.0020172529756220877
-159	0.0026500809247678304
-158	0.0028582042323100783
-157	0.002337945687914182
-156	0.0014484461650356478
-155	7.145510580775196E-4
-154	0.0011362958067879035
-153	0.0020014092764554154
-152	0.0025490806418547616
-151	0.0022495335567124185
-150	0.001497129590561933
-149	9.17264791888621E-4
-148	9.562592819326596E-4
-147	0.0013441294729536713
-146	0.0016318158499661407
-145	0.0015004102996434947
-144	0.0011516103152949386
-143	9.17264791888621E-4
-142	0.0011779061696798835
-141	0.0015323908835702827
-140	0.001834529583777242
-139	0.0021501312593327636
-138	0.0023706462274068413
-137	0.0025490806418547616
-136	0.0027347987897887666
-135	0.00296259749134893
-134	0.0032636316999322813
-133	0.003615302610859984
-132	0.0037799963871497414
-131	0.003466345433743383
-130	0.0025301267042239133
-129	0.00141569534673901
-128	7.145510580775196E-4
-127	8.266636095044088E-4
-126	0.0013858830701891265
-125	0.001834529583777242
-124	0.0018151504801967686
-123	0.0017712018345054962
-122	0.0023463669080436597
-121	0.0038728228615718618
-120	0.005436722453532175
-119	0.005812712341787043
-118	0.004270164163048728
-117	0.0020573494694287927
-116	9.17264791888621E-4
-115	0.0020019410580119808
-114	0.004099546781872162
-113	0.0054072848741648395
-112	0.004687958509110969
-111	0.002966771915032646
-110	0.001834529583777242
-109	0.0025306101388699806
-108	0.0039130284766172065
-107	0.005098161283709523
-106	0.005041139405829604
-105	0.00412538836423018
-104	0.00306091796612118
-103	0.0024536025740864676
-102	0.002492774772205653
-101	0.0032636316999322813
-100	0.004680994850576082
-99	0.005978183132871521
-98	0.006218139809409246
-97	0.004841772931141847
-96	0.0028018497024696783
-95	0.0014291021161550392
-94	0.0016750909459473627
-93	0.0029746920895446405
-92	0.004383610225632003
-91	0.005171871708164582
-90	0.005466789592177516
-89	0.005609998607975941
-88	0.005849418905363613
-87	0.006058112312138739
-86	0.006015426075598144
-85	0.005548625348768023
-84	0.004676646907592078
-83	0.003466345433743383
-82	0.002101529913231107
-81	0.0012338265494088092
-80	0.0016318158499661407
-79	0.0036767263637317122
-78	0.006200378804089962
-77	0.007647241925564285
-76	0.006927610324157228
-75	0.004815081961787951
-74	0.0025490806418547616
-73	0.0011014569466206074
-72	3.737685738069787E-4
-71	4.895447549898421E-23
-70	4.895447549898421E-23
-69	4.895447549898421E-23
-68	4.895447549898421E-23
-67	8.904166683400051E-4
-66	0.001865067349027006
-65	0.0023463669080436597
-64	0.0019663688611200104
-63	0.0011956813229756407
-62	7.145510580775196E-4
-61	0.001172771891372346
-60	0.0018295167324266183
-59	0.0021436531742325586
-58	0.002067361982744593
-57	0.0019070506388876114
-56	0.0023463669080436597
-55	0.003799989220146987
-54	0.005606718663340642
-53	0.006836386990319878
-52	0.006823052055593828
-51	0.005957676120927158
-50	0.004895447549898423
-49	0.004169182090151847
-48	0.003822205025594392
-47	0.003775469024198699
-46	0.003966664798567073
-45	0.004400435239820472
-44	0.005098161283709523
-43	0.005997560708391474
-42	0.006701698661650065
-41	0.006729977133675664
-40	0.005805971072787713
-39	0.004469947259821997
-38	0.003466345433743383
-37	0.0033694722131849494
-36	0.004073101735452642
-35	0.005300875017520624
-34	0.006712795088707365
-33	0.007714313027708578
-32	0.007647241925564285
-31	0.006153263590321775
-30	0.0040735346980573985
-29	0.0025490806418547616
-28	0.002382228069239485
-27	0.0030205086455052134
-26	0.0035727552903875976
-25	0.003424171696431218
-24	0.003065444647416372
-23	0.0032636316999322813
-22	0.004461774962408378
-21	0.005806854750634916
-20	0.00612183593224236
-19	0.004693238165094925
-18	0.002661800267991853
-17	0.0016318158499661407
-16	0.0027130709236529663
-15	0.005037321116096247
-14	0.007241814457942081
-13	0.008356050276277173
-12	0.008978533083950626
-11	0.01010001869025216
-10	0.01235450888791365
-9	0.014948989403435664
-8	0.01673369194676094
-7	0.01683758125340838
-6	0.015504554161201554
-5	0.013257240533540226
-4	0.010681251213238683
-3	0.008614120960769451
-2	0.007956365516019602
-1	0.009170756887639795
0	0.010969092159335081
1	0.011625424683574087
2	0.009965684513914044
3	0.007023308508266601
4	0.004383610225632003
5	0.0032293074618299244
6	0.0031327349599577464
7	0.0032636316999322813
8	0.0030001751704829094
9	0.002554296895589292
10	0.0023463669080436597
11	0.002656710362600119
12	0.003205472901860272
13	0.0035727552903875976
14	0.0034482745042580267
15	0.0029602123655973122
16	0.0023463669080436597
17	0.001818646948855569
18	0.0014854044397727085
19	0.0014291021161550392
20	0.001778449819123142
21	0.0020548699233226167
22	0.0021436531742325586
23	0.0020044074992660067
24	0.00189400955357176
25	0.0021436531742325586
26	0.0032877419916177352
27	0.0045918002790102325
28	0.005204571140353738
29	0.004562244456136581
30	0.0032507972130256697
31	0.0021436531742325586
32	0.0018758690286046552
33	0.002129033167532793
34	0.0023463669080436597
35	0.002108190303554652
36	0.0015432183530459953
37	9.17264791888621E-4
38	6.028841227835219E-4
39	2.594985528870233E-4
40	4.895447549898421E-23
41	5.35452899055648E-5
42	4.636324501586793E-5
43	4.895447549898421E-23
44	4.625734288343449E-5
45	4.939441375678199E-5
46	4.895447549898421E-23
47	2.0539938537965916E-4
48	4.735904290671223E-4
49	7.145510580775196E-4
50	0.0012013521161911896
51	0.0015934254188739612
52	0.0016318158499661407
53	0.001167370561748692
54	4.901457802652231E-4
55	4.895447549898421E-23
56	8.769961971070417E-5
57	3.5865472075693414E-4
58	7.145510580775196E-4
59	0.001061532056206895
60	0.0013235718180619155
61	0.0014291021161550392
62	0.0016903714348190095
63	0.001830500213709473
64	0.0016318158499661407
65	9.941954490868532E-4
66	2.8771495000197455E-4
67	4.895447549898421E-23
68	4.374210957245981E-4
69	0.0011813281312401324
70	0.0016318158499661407
71	0.0013658786049665162
72	6.68109187882578E-4
73	4.895447549898421E-23
74	4.895447549898421E-23
75	4.895447549898421E-23
76	4.895447549898421E-23
77	2.8923685199330973E-4
78	5.782648303656654E-4
79	7.145510580775196E-4
80	8.419678914905302E-4
81	9.042129339551087E-4
82	9.17264791888621E-4
83	0.0011062357486732804
84	0.001116164902521459
85	9.17264791888621E-4
86	0.0010178517425233496
87	0.0011906743664019366
88	0.0014291021161550392
89	0.0016953972297095408
90	0.0018273930861772343
91	0.0016318158499661407
92	0.0010210617881013042
93	3.5695605500962925E-4
94	4.895447549898421E-23
95	4.3133514909345885E-4
96	0.00101839150671224
97	0.0014291021161550392
98	0.001421476360337701
99	0.0011138289806446645
100	7.145510580775196E-4
101	6.469111300993735E-4
102	7.671704420579743E-4
103	9.17264791888621E-4
104	0.001083626367263282
105	0.0010828168319669416
106	9.17264791888621E-4
107	8.916459118669727E-4
108	8.425154397992283E-4
109	7.145510580775196E-4
110	5.68691707024085E-4
111	2.6821368520769386E-4
112	4.895447549898421E-23
113	2.4249258529034533E-5
114	1.6422062326524956E-5
115	4.895447549898421E-23
116	2.5629532537239063E-5
117	1.7356834237770374E-5
118	4.895447549898421E-23
119	1.7410641543629027E-6
120	1.179118544208459E-6
121	4.895447549898421E-23
122	1.8405805202307058E-6
123	1.2468481239624453E-6
124	4.895447549898421E-23
125	1.2563963204609513E-7
126	8.55972923934734E-8
127	4.895447549898421E-23
128	1.3859474599081505E-7
129	9.903949770385853E-8
130	4.895447549898421E-23
131	1.7890694282429014E-8
132	1.924354930016824E-8
133	4.895447549898421E-23
134	9.97459236407052E-8
135	1.3970484389157407E-7
136	4.895447549898421E-23
137	1.2483008790791086E-7
138	1.8381239780888167E-7
139	4.895447549898421E-23
140	1.257848184979057E-6
141	1.8568283167781785E-6
142	4.895447549898421E-23
143	1.7297305364283227E-6
144	2.554130020024175E-6
145	4.895447549898421E-23
146	1.751012866606609E-5
147	2.585589159100292E-5
148	4.895447549898421E-23
149	2.4091397422088606E-5
150	3.557400788252958E-5
151	4.895447549898421E-23
152	2.703488071428173E-4
153	5.718444859802315E-4
154	7.145510580775196E-4
155	9.413671354952605E-4
156	0.0010376130056281333
157	9.17264791888621E-4
158	6.501860981246163E-4
159	2.231750499798047E-4
160	4.895447549898421E-23
161	2.490297429476542E-4
162	6.676948321743429E-4
163	9.17264791888621E-4
164	7.672687040960185E-4
165	3.695292408260879E-4
166	4.895447549898421E-23
167	1.8632323620044887E-6
168	1.2673045179481226E-6
169	4.895447549898421E-23
170	3.563581851475985E-5
171	2.4182661442831293E-5
172	4.895447549898421E-23
173	2.2890075438176106E-7
174	2.3145501925734875E-7
175	4.895447549898421E-23
176	3.4149156702108638E-6
177	3.0007894434991722E-6
178	4.895447549898421E-23
179	1.3413781993401657E-6
180	1.973065751654759E-6
181	4.895447549898421E-23
182	1.2173000868192245E-5
183	1.782839076615712E-5
184	4.895447549898421E-23
185	1.855039403638056E-5
186	2.7391465503909283E-5
187	4.895447549898421E-23
188	2.009798665544295E-4
189	5.18378841842292E-4
190	9.17264791888621E-4
191	0.0016320162947701423
192	0.0022888491215935234
193	0.0025490806418547616
194	0.0021890753719524545
195	0.0014453864158956037
196	6.696140245958109E-4
197	1.3165166792733336E-4
198	4.441797162108616E-4
199	7.145510580775196E-4
200	7.679543625993334E-4
