-300	5.596169047363531E-4
-299	3.6729656634921766E-4
-298	5.757163511632106E-4
-297	8.211678675394749E-4
-296	0.0010600126478547513
-295	0.0011692836306543865
-294	0.0010380943281545526
-293	7.167362269381967E-4
-292	4.2152187912521713E-4
-291	3.600446950560352E-4
-290	5.280718082829488E-4
-289	7.077586596789535E-4
-288	6.821270721181321E-4
-287	4.813661700873551E-4
-286	2.9730683144832295E-4
-285	4.443444995394416E-4
-284	8.714162974005412E-4
-283	0.001283431348142537
-282	0.00138841070418612
-281	0.0011571098824622217
-280	7.824784097480618E-4
-279	4.7133312701829806E-4
-278	2.983814664733235E-4
-277	2.2792508712981044E-4
-276	2.0688027281347797E-4
-275	2.1075508573418245E-4
-274	2.04338711150319E-4
-273	1.8331191905533473E-4
-272	2.0145738151517738E-4
-271	2.9303669653589384E-4
-270	4.890614854019044E-4
-269	7.373825653375287E-4
-268	9.13210106367393E-4
-267	9.096839008702756E-4
-266	7.709888312767548E-4
-265	6.691440201736686E-4
-264	7.586088244919723E-4
-263	0.0010032269760668568
-262	0.0012280680617619301
-261	0.0012625100191127783
-260	0.0010728262961984397
-259	7.437661684015173E-4
-258	3.8537800154111437E-4
-257	1.6173835668761684E-4
-256	8.011781031112533E-6
-255	1.955890671218324E-4
-254	5.213358762121066E-4
-253	0.0010194868876844704
-252	0.001464946419151589
-251	0.001633348882547995
-250	0.0014677757393932362
-249	0.0010225159001929728
-248	5.781922519851272E-4
-247	3.7330651934858715E-4
-246	5.434735031429751E-4
-245	9.100902432931442E-4
-244	0.0011861679654054573
-243	0.0011382273753585547
-242	8.078124485001888E-4
-241	4.1459253763121833E-4
-240	1.955890671218324E-4
-239	3.331396140600292E-4
-238	5.142529797535588E-4
-237	8.32903688198578E-4
-236	9.592131777631018E-4
-235	8.159678653093353E-4
-234	4.443741490787351E-4
-233	1.6411331024837817E-4
-232	4.306356266575515E-5
-231	3.061603004326983E-4
-230	7.334102283681959E-4
-229	0.0011070948936932575
-228	0.0012591368041161028
-227	0.0012006327887953995
-226	0.001018885165525871
-225	8.139577222421205E-4
-224	6.992267467272625E-4
-223	7.755441071540076E-4
-222	0.0010868631286764625
-221	0.0014677411777331074
-220	0.0017052197528888372
-219	0.0016652713080994787
-218	0.0015162647647295382
-217	0.00147152307013557
-216	0.001659934263517374
-215	0.0019150019942321419
-214	0.0020326356111774802
-213	0.0018868909132455233
-212	0.0016242205146923979
-211	0.0014534747293165479
-210	0.0015205549446207286
-209	0.0017220629062285164
-208	0.0018788296694873564
-207	0.0018491097374993683
-206	0.0016565680567391483
-205	0.001371376511625715
-204	0.001068427448590657
-203	8.558168241505151E-4
-202	9.242654133782923E-4
-201	0.0014147846132851775
-200	0.0021313482524353703
-199	0.002572716220673218
-198	0.0023172717692133
-197	0.0015758048323014338
-196	0.0010105634693224925
-195	0.0011876670382366167
-194	0.0019101592286526474
-193	0.0025441373956702276
-192	0.002532689843602892
-191	0.0019361820253460875
-190	0.0011445140802290531
-189	5.462469202094459E-4
-188	3.70207879008034E-4
-187	4.5046912150322496E-4
-186	9.10402229405832E-4
-185	0.0014665707732622474
-184	0.0018394763154790097
-183	0.001799948104989987
-182	0.0013761152096430373
-181	8.161797900153263E-4
-180	4.2451450178294486E-4
-179	6.564242400339577E-4
-178	0.0010076146218995375
-177	0.0018011006931202894
-176	0.002362528215497122
-175	0.002457427132115552
-174	0.0020781447360001064
-173	0.001656287601113857
-172	0.001391381824042825
-171	0.001321975059428374
-170	0.0012895232915757732
-169	0.0013942112621690107
-168	0.001798476894047444
-167	0.0024999975040981377
-166	0.003135616967919467
-165	0.0033154525034609465
-164	0.002961385614918791
-163	0.0023646816570064714
-162	0.0018542247553001885
-161	0.0015684568014571432
-160	0.001485540304339948
-159	0.0015646612091752966
-158	0.0017720568560430484
-157	0.0019361433217151137
-156	0.001866644033129925
-155	0.001524919723365521
-154	0.0012009336494755284
-153	0.0011996839793998865
-152	0.0015134626127905437
-151	0.0018209855026155427
-150	0.0018333729468655003
-149	0.0016639049508255638
-148	0.001606837655172775
-147	0.0018866930920131658
-146	0.0023474768216426387
-145	0.0026788849799547912
-144	0.0026200511204774023
-143	0.002219904171605986
-142	0.0017882720708951897
-141	0.001642868940477548
-140	0.0018805233747985891
-139	0.002330029750656286
-138	0.002786667956664655
-137	0.0031356396127232415
-136	0.003273299243729847
-135	0.0030864807571422902
-134	0.002519339151920738
-133	0.0018428129433419834
-132	0.0014139256836727663
-131	0.0015023040926218916
-130	0.0019865249785813543
-129	0.002619450582921402
-128	0.003094606757956866
-127	0.0032770894923978325
-126	0.0031425739807444705
-125	0.0028967718706415175
-124	0.0027524694700971444
-123	0.0028365732131038204
-122	0.0029903557415172405
-121	0.002999014827190639
-120	0.002721758423577492
-119	0.002316304883413027
-118	0.0020855957446827746
-117	0.00227280151857666
-116	0.0027635359369918254
-115	0.003192133358307842
-114	0.003242860255842122
-113	0.003003103115871954
-112	0.00277618603766901
-111	0.00279152952598205
-110	0.0028746133681099946
-109	0.00280433883841377
-108	0.0024799870762312443
-107	0.002171802627449844
-106	0.0020458123551989416
-105	0.002146394768466372
-104	0.0022776358524975687
-103	0.002319342672109634
-102	0.0022143730663556735
-101	0.002051008642737318
-100	0.002096641311039275
-99	0.0026033647488323745
-98	0.0035010097150853007
-97	0.004230846218250157
-96	0.004228721751609178
-95	0.003473085833881621
-94	0.0025621537296187068
-93	0.0021582554500188846
-92	0.0025459610684799507
-91	0.0034735406653793937
-90	0.004523650719446553
-89	0.005176489207269012
-88	0.005219184087308983
-87	0.004647435787234423
-86	0.0039024685579916495
-85	0.003409193335194663
-84	0.003444538103272459
-83	0.0038120385693548174
-82	0.0041306285145419975
-81	0.004102793586959028
-80	0.003875423913733304
-79	0.0038547341058112806
-78	0.00435444801019053
-77	0.005106712744124643
-76	0.005497623421398426
-75	0.005006595103563748
-74	0.003773449877703351
-73	0.0023772074323862645
-72	0.0013930868963884348
-71	0.0010237330572540112
-70	0.0011348851149104767
-69	0.0015139551997448962
-68	0.001915367634517263
-67	0.002161453545350697
-66	0.0021493589831636144
-65	0.0020214957912337013
-64	0.002083730131425809
-63	0.0025855493797097935
-62	0.003377920332383168
-61	0.0039719607374683686
-60	0.0039281867083943425
-59	0.0033450572581177436
-58	0.0027709519031804586
-57	0.0027254701079738536
-56	0.0031998110417372065
-55	0.003765012590172419
-54	0.003996108135257649
-53	0.0038334266958113625
-52	0.0034663025548720716
-51	0.0030898333839464386
-50	0.002764016393648077
-49	0.0025527215440359604
-48	0.0025260733946258513
-47	0.002707559373459516
-46	0.0029908908495053445
-45	0.0032821375816846463
-44	0.0036483532026413117
-43	0.004142683885796192
-42	0.0047154440384298245
-41	0.005038158043531259
-40	0.004993052968413553
-39	0.004634929664388736
-38	0.004342459145649967
-37	0.004322787079517819
-36	0.004677800463602321
-35	0.005349396619452083
-34	0.006208422659656729
-33	0.007042695777983634
-32	0.007427002802436371
-31	0.007205246720522257
-30	0.006477722576616595
-29	0.005879188745468378
-28	0.005625871074080349
-27	0.005611183851943915
-26	0.005232239686533531
-25	0.0045345243785673865
-24	0.003892694859196158
-23	0.003946572218489981
-22	0.004548861680701312
-21	0.005242137069094123
-20	0.005428734898345196
-19	0.005188385841419748
-18	0.004846486230409767
-17	0.004817191613565244
-16	0.0050345234586074185
-15	0.005294619978939152
-14	0.0055064018759617495
-13	0.0060888730795729375
-12	0.007481470788409476
-11	0.009492392406165041
-10	0.011025927551662672
-9	0.01098900589836121
-8	0.009349379107471759
-7	0.007294094627138282
-6	0.006096063194318033
-5	0.0061292267464236995
-4	0.006700063850469542
-3	0.006984566083820668
-2	0.00672378366172225
-1	0.006505421513627827
0	0.006987711953779008
1	0.008156872142800881
2	0.009074708073984751
3	0.008773046258504854
4	0.007169206047184384
5	0.005146540865479835
6	0.003664158314557636
7	0.0030681440570639327
8	0.003094826824798996
9	0.003368068580905472
10	0.0035763723124011882
11	0.003527800846805785
12	0.003136176387317375
13	0.002639506578501727
14	0.0023997485333502613
15	0.0026650592415354826
16	0.003181735741563763
17	0.0035672495493956403
18	0.0035657977777131394
19	0.00340247611950199
20	0.00331164849912323
21	0.0034155684753207623
22	0.0035532109076354523
23	0.0036682656882505364
24	0.0037644956695416197
25	0.0038569745114637624
26	0.003807063531176846
27	0.003486551504295827
28	0.0030091514060001994
29	0.002673700954141257
30	0.0027114162048888437
31	0.002924060390712863
32	0.0029084851456279035
33	0.002359754635237317
34	0.0015044278732075451
35	8.316617215046328E-4
36	7.416159946729645E-4
37	0.0010929267538801431
38	0.001431987303246878
39	0.0013708475466578944
40	0.0010037472253858583
41	6.613891589841681E-4
42	6.123092562825129E-4
43	7.559367158978116E-4
44	9.114400321865233E-4
45	9.639125666519208E-4
46	0.0010200903203571034
47	0.00113247073857318
48	0.0012951644947743444
49	0.0014125207682141733
50	0.001467047475489752
51	0.0014689695760718238
52	0.0014264489504207832
53	0.001326035963445395
54	0.001159103774761064
55	9.617385904644364E-4
56	7.921538987813498E-4
57	7.066395078253248E-4
58	7.360581270547563E-4
59	8.822153550277853E-4
60	0.0011735344027309946
61	0.001549742805885737
62	0.0019843102751552423
63	0.0022878833745270987
64	0.002221396528627567
65	0.001828344004709605
66	0.0012939964023320938
67	9.610052422384227E-4
68	8.78597941874981E-4
69	9.585002047141412E-4
70	9.820151640593867E-4
71	9.402040477763996E-4
72	9.011918545455111E-4
73	9.362031879992419E-4
74	9.423594577768154E-4
75	7.994497777762999E-4
76	5.466925841101544E-4
77	4.2149565694036645E-4
78	6.419606575423317E-4
79	0.0011302643634790934
80	0.001547803854746884
81	0.0015640432691872966
82	0.0011428240087876607
83	5.572967578829468E-4
84	1.324076831863454E-4
85	1.0973261454699982E-4
86	3.6444046089679545E-4
87	8.205234957825148E-4
88	0.0011981360411220448
89	0.0013696974432949724
90	0.0012838832803497165
91	0.001032299644920193
92	7.484760593929058E-4
93	5.686036162426852E-4
94	5.926203623645715E-4
95	7.602918154344008E-4
96	9.779453356091618E-4
97	9.779507316712574E-4
98	8.148385895104348E-4
99	5.867672013654973E-4
100	3.808285107236845E-4
101	2.3984906606598714E-4
102	5.326884137099239E-4
103	0.0010136089430344394
104	0.0014351586379325219
105	0.0015985479227367159
106	0.0015563100996930023
107	0.0014285775202747915
108	0.0012946950036090434
109	0.0010890232720738222
110	7.968729652446678E-4
111	4.5684948655968507E-4
112	2.0588812725043975E-4
113	1.2360603732265154E-4
114	2.35077841386386E-4
115	4.3348076383087944E-4
116	5.749378564000165E-4
117	5.547063495466555E-4
118	4.4787993407528846E-4
119	4.4556617120173925E-4
120	6.977472968953304E-4
121	0.0010901169974679914
122	0.001352313660593307
123	0.0012613933658625418
124	8.991467868783684E-4
125	4.951049496279425E-4
126	2.4636743098838224E-4
127	1.3511345658042792E-4
128	5.6539399176391426E-5
129	1.1997833348164541E-23
130	1.1997833348164541E-23
131	1.1997833348164541E-23
132	3.0712416972687154E-4
133	8.193693656634848E-4
134	0.00115513765633752
135	0.0010457968866095563
136	5.652144120827367E-4
137	6.405348909403681E-5
138	1.1997833348164541E-23
139	1.7970193142036482E-4
140	4.491449232040482E-4
141	6.153909644700794E-4
142	4.639275161938399E-4
143	1.7494192406143308E-4
144	1.1997833348164541E-23
145	7.462448622396213E-5
146	2.709191270642617E-4
147	3.911781342436648E-4
148	2.9970275286478955E-4
149	1.1050503753434644E-4
150	5.8624750013678205E-5
151	2.249348265026278E-4
152	4.7658880908086417E-4
153	6.300401150669621E-4
154	5.691119806053831E-4
155	3.667127122235879E-4
156	1.438466898782732E-4
157	7.033939952632959E-5
158	1.1997833348164541E-23
159	1.1997833348164541E-23
160	5.7479439898383267E-5
161	1.1991183199672393E-4
162	3.2690577587705743E-4
163	5.739443747087969E-4
164	7.710917617840239E-4
165	8.390901482316251E-4
166	7.832242882155724E-4
167	6.790942712202014E-4
168	6.035992296109973E-4
169	5.773168837796534E-4
170	5.727724612518423E-4
171	5.601328365680657E-4
172	5.377586656041153E-4
173	5.162724648642101E-4
174	5.078352021689586E-4
175	5.214548957523678E-4
176	5.513046569345861E-4
177	5.867672013654973E-4
178	5.694028376504413E-4
179	4.963680601285892E-4
180	3.911781342436648E-4
181	2.640909399763849E-4
182	1.29029647026402E-4
183	1.458488173145604E-4
184	3.150053519541831E-4
185	4.08677422300638E-4
186	3.6346076080056975E-4
187	5.43025837152744E-4
188	8.074855555125867E-4
189	0.0010671214108012098
190	0.001160771969510421
191	0.0011325858778392535
192	0.0010985421247762092
193	0.0011692865389646575
194	0.001249360413083623
195	0.0012024380569024928
196	9.77847866733856E-4
197	6.614543451954404E-4
198	4.5008191583249384E-4
199	1.955890671218324E-4
200	7.823562684873296E-4
