#Rtg3_GEM_2.m6
#KSM version: 1
#523/523
#1.42
#k-mer/r.c.	Offset	PosCt	wPosCt	NegCt	HgpLg10	CIDs	PosHits (base85 encoding)	NegHits (base85 encoding)
TTCCA/TGGAA	1	110	110	85	-1.7	*	J,lM^_@Zbj;%N_Z@3?D;!_SOW+9V[@6n/1+:BW/+d9t<E&<nBs0nKB*J.N]p.tE-M!!%N\"TT-b!.\I-RK~	!!J5\(''#\0IoBi"H]8V!"&i/J/CNW+pY%L!WWB*#mqd_5QiN$!!!9i"98FA!%7gkJcGcV5QCh9$@kBpKE~
TTTCC/GGAAA	0	91	91	58	-2.9	*	&-=*W+u'-A&J.2-6SJLj#RGq`#RG+*O<t/9%0ut8'2SZ0&-W+B"b[G[&-)]<#SI.<!!!"\JY49=5bLCK&-`~	KEOOO"@59Q+9PF?+:nk[!!!-%J,nL>!&=O^!!!-eTE"rm&-O*ez!!kj.#Ts*I!WYIc!!",A(]p@\PQ~
TTCCT/AGGAA	1	87	87	67	-1.3	*	!Wp:C+98,9&V'ud"on]-)$,Nr+:'e,Oq7gaJ,r(@"#L!E!!3Eu!!"^'!$Dh\!Y>D5TI9enJ:Jbm"J?k;TEG~	"p>3.!(&r$$q(-s+92`K!!!"V!!%Na!&-Z+5QH<GJ;=1*0`ZkA&-)\1!!,Uj!/(=P!$FN,+HQ^n!(`c=#Qa~
TGCCA/TGGCA	1	85	85	59	-2.2	*	5QI5Q^kgnK!5JmD!<e#\j8gA@&-5+Z!>,>DJ-#`o+92BU+G'V:!3-#!&0q7+&1.F.J;=2U5QD&q%)>sJ!!*~	J-GuR+9<SbK*VGW!<<3%_uPSn!!*c;!'l&G&-)\q!2(G7#`o#d+TMKF&0apn&->*&!WW3#:d><e'EC)m!!3~
TACCA/TGGTA	1	74	74	54	-1.5	*	!'gMa!@@q?6:_(Z#QOi+TU]I/"s<mI!"^7Y$31&++9@$9!W\;^!=8c,!(%#%W!!)C"9O/X3"Q&mJ.Ve~	!!GQ;J-6uc!!!!a!!E9%5f<X&!!8er#QXu4&3rJ\KE(uP!!%fT'EEX`!!!9i5bS<'!@RpZ#UfZQJ3on/!<`~
TTACC/GGTAA	0	59	59	42	-1.3	*	!!!!A!s0SN6HB0/-ib@i!"^>N!$DCE!!"2c#QOi)#Q]GU?iY`X5m[es!!#UoTE#N'!/^bE(_cr^!#P~	z!WX?6!!!!",QJA[5QCie!!48G!^Hhf!'gMaPQ1[`!!!'%":tP5&-+rq#QY&n!Pe[8-jTeQ!!%N\~
TTCCNT/ANGGAA	1	59	58	28	-3.7	-0,-1	N.A.	N.A.
TGNCAG/CTGNCA	1	35	36	13	-3.8	-2,-3	N.A.	N.A.
TTNCCT/AGGNAA	1	35	35	13	-3.6	-0,-4	N.A.	N.A.
CNTTNCA/TGNAANG	-1	27	27	6	-4.6	5,-6,-7,-8	N.A.	N.A.
CNTNCCA/TGGNANG	-1	22	22	4	-4.4	5,-6,-9	N.A.	N.A.
CNTTCNA/TNGAANG	-1	21	20	4	-3.9	5,-6,10,11	N.A.	N.A.
ANTCCNA/TNGGANT	0	19	18	7	-2.2	12,-13	N.A.	N.A.
ANNTCCA/TGGANNT	-1	18	18	3	-4.0	-14,-15	N.A.	N.A.
ANTNCAA/TTGNANT	0	18	17	6	-2.3	12,-16	N.A.	N.A.
ANTTNCA/TGNAANT	-1	16	17	4	-3.2	-17,-15	N.A.	N.A.
ATNCCNA/TNGGNAT	0	17	16	6	-2.1	12,18	N.A.	N.A.
GNTNCCA/TGGNANC	-1	15	16	3	-3.5	-19,20,-21	N.A.	N.A.
$$$
AGGGAA/TTCCCT	0	17	17	7	-2.2	0	zz!!#7a!#P\9z!!!9)!!!9)!!!-%!!iQ)!!#7a!!!!A!!!!a&-)\1!!!!1J,oWm!!",I~	z+92BAzzz!!!!azz!!E9%zz!!!"Lzz!!",A&-)\1&-~
AAGGAA/TTCCTT	0	44	44	21	-2.7	1	!W^"9!!"2C&-)\1!WW9%)$,Nr!!jhM&-)bu!!,Lj!AFKT!!3-k!!!Q1!!!Q1!!!'#!$D7EJ,fS"!.Y%L!!E~	zz!'gMazz!!!!5!!#7e!!%N\J:IV"&HDe6zz!!E9%!!#7a+FjGZ!!j\~
CTGGCA/TGCCAG	0	23	23	7	-3.2	2	z!!#7a!!!!%!!E?'+93Ma!!!'3z!!30$+92BA!!3-#!29Gn!$D8l!!!$"!!iRTz"98]1~	z+92BAzzzz!'gMa&-)\1z!"],1+92BAz!!#7azz&-~
CTGCCA/TGGCAG	0	15	15	8	-1.5	3	!!&Ad!!#7a!'gMa!!%NLJ,fQL!!#7azzz!.k1N!.Y%L!!E9%!!!"Lz!!!9)!'g~	z+92BAzzz!!!!%z&-)\1z!.Y%Lz!$D7azz5QCca!!!9~
AGGTAA/TTACCT	0	18	18	6	-2.3	4	zz!!!$$+92BA!!!!a!!!-%!!"2czz?iY]W5QD&i!!!!%z!.Y&7!!!!1!!i~	zzz+92BAzz!^H_czz!!!!#z&-)\1z!'g~
CGTTCCA/TGGAACG	0	6	6	1	-2.1	5	!!!9-zzzzzz!!"2Czzz!"]D~	z!!!!A~
TGGAAGG/CCTTCCA	0	9	9	2	-2.2	6	zz!!!!#+92BA!!%NLz"98E%!!!!)z!.Y'"z!!!"L!<~	zz&-)\1zzzzz!!i~
TGTAAGG/CCTTACA	0	4	4	0	-2.1	7	zz&-)b3zzzz!!!'#z!<~	
TGAAATG/CATTTCA	0	10	10	3	-2.0	8	z!$D7Azzz!!!!A!!!!%!!!!1z!=/Z*5QCcaz!!!'#zz!!*'"5Q~	zzzz!!!!#zz!!!$"z#Q~
TGGCATG/CATGCCA	0	7	7	1	-2.4	9	zz!!!!%!<<*"!!*'"z!!!$"z!!!!1z!!3-#z!!!$~	zzzzzzzzzzzzzz!'g~
CCTTCGA/TCGAAGG	0	3	3	0	-1.8	10	zzzz!!!!%z!!!!"zzzzzzzz!!!'~	
CCTTCTA/TAGAAGG	0	4	4	1	-1.5	11	zzzzzzz!!3-,!!!!#~	zzzzzzzzzzzz!!%N~
ATTCCAA/TTGGAAT	0	15	15	6	-1.7	12	J,fQL!!*'"zz!WW3#!!!!a5QCcc"onW'5QCd,!!!!A+92BAz+Fnt~	!!EE)zz!.Y%Lz!"],1!!!9)z!!3~
TAGGATT/AATCCTA	0	4	4	1	-1.5	13	zz&-)\1zz!"],1zzz!&+~	zzz!!",~
TGGACTT/AAGTCCA	0	7	7	1	-2.4	14	z!!!!bzzz!!!!%zzzz!%:)4zz!!i~	zzzzzzzzzzzzz!!E~
TGGAAAT/ATTTCCA	0	11	11	2	-2.8	15	z!!*'B&.egA!?_@Bzz!$D7A!<<*"!<<*"z!.Y%Lzzzz!!#7~	z"98E%zzzzzz!!!!"~
TTGTAGT/ACTACAA	0	3	3	0	-1.8	16	zzzz!!!!%z!!!!Azzzz!!%N~	
TGTAATT/AATTACA	0	5	5	2	-1.5	17	zzzz!!!!IzzzzzJ,fQLzzzzJ,fQT~	zzzzzzzzz+92BA!!!$~
ATGCCCA/TGGGCAT	0	3	3	0	-1.8	18	zzzz!!",A!!!!"5Q~	
TGGTACC/GGTACCA	0	4	4	0	-2.1	19	!'gMazz!!!!#!!!!)zzz!!!$~	
GCTTCCA/TGGAAGC	0	7	7	2	-2.0	20	zz!!!!#z!'gMaz!!iQ)z!!#7azzzzz!!!$"z$3~	z!!!"Lzzzzz!!!!#~
TGGCACC/GGTGCCA	0	4	4	1	-1.5	21	z!!%NLzz!!!!"zzz!!!!%zzz!$D~	zzzz!!%N~
%%%
0 6 0 0 5 0 5 7 0 5 0 0 0 0 6 0 0 5 6 5 5 6 6 5 0 0 6 0 5 5 0 0 6 5 0 0 0 6 5 5 7 6 5 5 6 5 0 5 0 7 5 0 0 6 5 6 5 0 0 6 0 5 5 0 6 6 0 0 5 0 6 0 0 0 0 6 7 0 5 5 5 5 5 5 0 0 6 0 5 5 7 0 0 0 0 5 6 7 5 6 0 5 6 0 0 0 6 6 7 7 0 0 5 6 0 5 5 5 0 5 0 6 5 5 0 0 0 6 6 7 5 7 6 6 5 5 6 5 5 6 5 0 6 5 0 6 0 6 5 6 5 5 6 0 5 5 6 5 5 0 0 5 5 5 5 5 0 0 5 0 5 7 5 6 0 0 0 6 5 7 5 5 5 0 5 5 5 0 6 5 7 5 5 5 6 0 5 0 7 6 5 6 5 6 5 7 0 0 6 5 5 6 0 5 0 0 5 7 5 5 5 5 6 0 7 7 7 5 0 0 5 5 6 5 5 5 0 0 0 0 7 5 6 5 0 6 6 0 5 6 5 5 5 5 0 5 7 6 0 5 6 6 7 5 6 0 5 6 7 6 6 0 6 0 0 0 5 0 6 6 5 5 6 0 6 7 5 0 5 5 0 0 6 5 5 0 5 5 6 5 5 5 0 5 5 5 0 5 5 5 6 5 0 6 0 7 0 7 6 6 6 0 5 0 5 7 5 5 6 7 5 5 0 5 0 5 5 0 0 5 7 5 5 0 0 0 0 0 0 7 0 6 0 0 0 0 5 0 0 5 0 5 5 0 6 6 5 0 0 6 5 6 6 0 5 5 5 5 5 5 0 6 6 6 6 5 0 5 6 7 0 6 0 5 5 0 6 6 0 7 5 5 0 0 5 0 0 7 0 0 0 0 0 5 0 5 0 0 5 0 0 5 0 5 0 6 0 5 0 6 0 5 0 5 0 0 0 0 0 5 0 0 6 0 7 0 5 5 6 0 5 5 6 5 5 7 6 0 5 0 6 5 0 6 6 0 5 5 5 6 0 0 5 0 5 5 5 6 0 6 0 0 6 5 0 0 5 5 5 0 0 5 6 6 5 6 5 5 0 6 5 6 5 0 0 0 6 7 0 0 0 5 0 6 0 6 6 5 5 5 5 5 7 
0 5 6 0 0 0 0 5 0 5 7 0 0 0 0 0 0 0 7 5 0 0 5 5 0 0 0 0 6 0 5 5 0 5 7 0 5 6 0 5 5 5 5 0 0 0 6 0 0 0 5 0 0 6 6 5 0 0 0 6 0 6 6 6 5 5 5 5 6 6 0 5 6 6 5 5 0 5 6 0 0 5 0 0 5 0 6 0 5 5 0 0 0 0 5 0 5 0 5 0 0 5 0 0 0 0 5 0 6 0 0 7 5 6 0 6 5 5 0 5 0 5 5 0 0 0 0 0 0 0 5 0 0 0 6 5 0 5 5 5 0 0 5 5 0 5 6 5 0 0 0 6 0 5 0 5 0 0 0 5 0 0 0 0 0 0 0 6 5 6 0 5 7 0 0 0 0 0 5 0 5 5 6 6 6 0 5 5 6 0 6 0 0 5 0 5 0 5 0 0 5 6 5 0 6 6 5 0 5 6 0 7 0 5 6 5 0 0 6 5 5 5 6 0 0 5 0 0 5 0 5 0 0 0 0 0 0 0 6 0 5 0 6 0 0 0 5 6 0 6 0 0 6 0 5 0 5 0 6 5 5 5 0 7 0 7 6 6 0 5 0 6 0 0 0 0 0 5 0 0 7 5 0 5 0 0 0 0 6 0 0 5 7 5 5 0 0 0 6 0 6 0 0 5 5 5 5 5 0 6 0 5 5 5 6 0 6 0 5 0 5 0 6 0 5 6 0 0 0 0 0 0 5 0 0 0 5 0 0 5 0 0 0 5 0 0 5 0 0 0 5 0 0 0 5 0 5 0 0 0 5 5 0 5 0 5 0 0 0 0 0 5 5 0 6 0 5 0 5 0 5 5 6 7 0 0 0 5 5 0 5 0 6 5 6 5 0 6 0 5 0 0 5 0 0 0 6 5 0 5 0 5 0 5 5 0 5 6 0 0 0 0 0 5 0 0 5 5 0 5 5 5 0 0 0 0 0 0 7 0 0 0 0 5 5 0 0 0 0 0 0 6 5 6 5 0 0 0 0 6 5 5 6 6 5 0 5 5 0 7 0 0 6 6 0 0 0 0 6 5 0 5 5 6 7 0 0 5 0 5 0 6 0 0 5 5 0 0 0 5 5 5 5 6 0 0 5 5 5 0 0 6 5 0 6 5 7 0 0 6 0 5 5 
1.0102 1.0114 1.1629 0.9500 0.9960 0.9472 0.9425 0.9774 1.4271 1.1233 0.9412 0.9410 1.0967 0.9992 1.1246 0.9902 0.9479 0.9425 0.9742 0.9871 0.9450 0.9633 0.9581 0.9435 0.9546 0.9718 0.9583 0.9810 0.9601 1.0166 0.9550 0.9772 0.9929 0.9363 0.9718 0.9662 1.0516 0.9878 0.9966 0.9468 0.9662 0.9812 0.9705 0.9718 0.9878 1.0678 0.9425 0.9747 0.9425 0.9826 0.9878 1.0685 1.2913 0.9618 1.2542 0.9425 0.9500 0.9931 0.9546 0.9507 0.9363 0.9546 0.9856 0.9546 0.9843 0.9400 0.9380 0.9363 0.9477 0.9450 0.9441 1.2466 1.0855 0.9718 0.9581 0.9435 0.9718 1.0124 0.9435 0.9363 0.9878 0.9483 0.9467 0.9878 0.9546 1.0171 0.9363 0.9419 0.9363 0.9574 0.9363 0.9546 0.9979 0.9889 0.9878 0.9561 1.4172 0.9718 0.9546 0.9546 0.9663 0.9718 0.9389 0.9546 0.9979 0.9487 0.9664 1.0029 0.9826 0.9487 0.9801 0.9963 0.9363 0.9463 0.9363 0.9448 0.9487 1.0171 0.9363 0.9580 1.0029 0.9529 0.9718 0.9616 0.9425 1.0029 0.9605 0.9550 0.9826 0.9818 0.9475 0.9425 0.9718 0.9595 0.9400 0.9862 0.9487 0.9466 0.9425 0.9826 0.9417 0.9772 0.9399 0.9929 0.9697 0.9363 0.9529 1.1663 0.9745 0.9515 0.9605 0.9363 0.9546 0.9662 1.0123 0.9701 0.9425 1.0262 1.1364 0.9929 0.9749 0.9498 0.9820 1.0992 0.9363 0.9425 0.9363 0.9403 0.9772 0.9910 0.9363 0.9559 1.0392 0.9363 0.9714 0.9495 0.9398 0.9364 0.9363 0.9662 1.0208 0.9425 0.9929 0.9426 0.9591 0.9751 1.1185 0.9363 0.9363 0.9385 0.9592 0.9546 0.9772 0.9546 0.9364 1.3354 0.9660 0.9655 0.9363 0.9662 0.9363 0.9368 0.9428 0.9718 0.9425 0.9459 0.9546 1.0015 0.9425 0.9425 0.9617 0.9979 0.9605 0.9363 1.0349 0.9487 0.9413 0.9502 0.9605 0.9718 0.9414 0.9425 0.9707 1.3080 0.9444 0.9605 0.9368 0.9562 0.9425 0.9487 0.9425 0.9425 0.9497 0.9508 0.9979 0.9425 0.9425 0.9662 0.9487 0.9506 0.9487 0.9660 1.0087 0.9722 0.9409 1.0367 0.9485 0.9606 0.9649 0.9487 0.9934 0.9718 0.9375 0.9373 0.9425 0.9826 0.9363 0.9526 0.9383 0.9537 0.9487 0.9363 0.9562 0.9480 0.9431 0.9546 0.9425 0.9425 0.9401 0.9719 0.9425 0.9363 0.9662 0.9605 1.0241 0.9460 0.9448 0.9605 0.9395 0.9970 0.9534 0.9561 0.9878 0.9393 1.0447 0.9423 0.9546 0.9662 0.9729 0.9432 0.9372 0.9514 0.9629 0.9608 0.9363 0.9587 1.9538 0.9363 0.9363 0.9363 0.9363 0.9525 0.9503 0.9546 0.9598 0.9367 0.9390 0.9575 1.0025 0.9605 0.9363 0.9425 0.9639 0.9605 0.9670 0.9425 0.9425 0.9425 0.9599 0.9553 0.9668 0.9425 0.9403 0.9519 0.9376 0.9426 0.9487 0.9784 1.5480 0.9488 0.9662 0.9613 1.0004 0.9425 0.9826 0.9662 0.9425 0.9603 0.9414 0.9363 0.9529 0.9430 0.9487 0.9662 0.9363 0.9363 0.9487 0.9487 0.9487 0.9605 0.9392 0.9546 0.9745 0.9865 0.9363 0.9711 0.9665 0.9718 0.9906 0.9546 0.9363 0.9718 1.2087 0.9425 0.9662 0.9487 0.9546 0.9372 0.9694 0.9363 0.9929 0.9412 0.9825 0.9826 0.9425 0.9546 0.9391 0.9546 0.9817 0.9425 0.9546 0.9363 0.9571 1.1102 0.9429 0.9443 0.9683 0.9481 1.4213 0.9438 1.2487 0.9425 0.9363 1.1263 1.0262 1.0262 0.9612 0.9546 0.9363 0.9437 0.9363 0.9425 0.9425 0.9402 0.9363 0.9662 0.9373 0.9363 0.9579 0.9455 0.9605 0.9363 0.9470 0.9363 0.9545 0.9900 0.9531 0.9929 0.9546 0.9605 0.9586 0.9434 0.9499 0.9470 0.9366 0.9728 0.9920 0.9363 0.9487 0.9425 0.9363 0.9425 1.0384 0.9661 0.9576 0.9519 0.9364 0.9516 1.0077 0.9487 0.9772 0.9382 0.9425 0.9530 0.9363 0.9684 0.9570 0.9363 0.9438 0.9472 0.9487 0.9398 0.9546 0.9363 0.9487 1.0077 0.9878 0.9546 0.9495 0.9425 0.9425 1.3020 0.9380 0.9414 0.9487 0.9363 1.0029 0.9605 0.9442 0.9363 0.9363 0.9572 0.9363 0.9425 0.9970 1.0283 0.9599 1.1116 0.9425 0.9363 0.9999 0.9960 0.9373 0.9450 1.2206 0.9480 1.0016 0.9425 0.9487 0.9747 1.1854 0.9507 1.0591 0.9472 1.9246 0.9363 0.9772 0.9487 0.9762 1.0220 0.9821 1.2379 1.4276 0.9718 1.8845 1.7654 1.8628 1.7187 1.7274 1.5949 1.6892 1.7369 1.6509 1.6404 1.6091 1.6329 1.5503 1.6244 1.4861 1.3847 0.9979 1.0077 0.9425 
