#Rds2_GEM_1.m5
#KSM version: 1
#59/59
#1.43
#k-mer/r.c.	Offset	PosCt	wPosCt	NegCt	HgpLg10	CIDs	PosHits (base85 encoding)	NegHits (base85 encoding)
ATGGA/TCCAT	1	12	12	6	-1.9	*	2^![%!5JR;~	!It.MJ:Kld~
TGGAA/TTCCA	2	12	12	7	-1.4	*	+<WCh#/H<~	!<<B+!!<c6~
ANGGAG/CTCCNT	1	8	9	1	-3.2	0,1	N.A.	N.A.
TGAAT/ATTCA	-2	9	9	2	-3.0	*	G6!-n!.[<~	!WW3#!!!'~
TGGAG/CTCCA	2	9	9	4	-1.7	*	(I3QP!!%f~	!eCC~
ATNGAA/TTCNAT	1	9	9	1	-3.2	-2,-3	N.A.	N.A.
TGTAT/ATACA	2	8	8	2	-2.1	*	JH-emM#`&-~	z!!!'%~
ATGNAT/ATNCAT	1	7	8	1	-2.9	-4,5	N.A.	N.A.
ATGTA/TACAT	1	7	7	1	-2.5	*	!<<+mJH,]P~	z!$D~
$$$
ACGGAG/CTCCGT	0	3	3	0	-1.9	0	!!!"L!!ii~	
ATGGAG/CTCCAT	0	5	5	1	-2.2	1	(BAs~	!.Y~
TTCAAT/ATTGAA	0	3	3	0	-1.9	2	!!",A!!!!'~	
TTCCAT/ATGGAA	0	6	6	1	-2.2	3	+<U]8!5J~	z!!!!#~
ATACAT/ATGTAT	0	4	4	0	-2.2	4	!<<*"JH,ZO~	
ATGAAT/ATTCAT	0	3	3	1	-1.5	5	0E;(Q!!#7~	!W~
%%%
6 9 9 0 6 6 5 5 0 0 0 0 0 6 5 0 6 5 0 0 5 5 0 9 0 0 0 0 0 5 0 5 6 5 5 5 0 0 0 6 0 0 0 5 0 0 6 6 5 0 0 5 5 0 5 5 0 6 5 
5 5 0 0 0 0 0 0 5 0 0 0 0 0 0 6 0 5 0 5 0 0 0 0 5 0 0 0 0 0 0 0 0 0 0 0 0 0 0 5 5 5 0 0 0 5 0 5 0 5 0 0 5 0 5 0 0 6 0 
1.3115 1.3530 1.3010 1.1742 1.2553 1.2156 1.2903 1.0708 1.0285 0.7586 1.0420 1.0716 0.7386 1.0269 0.7123 1.0051 0.9854 0.8530 1.0117 0.7123 1.0325 0.7678 0.9056 0.9488 0.8198 0.9084 0.9233 1.0174 1.0017 0.9231 0.9259 0.8752 1.0230 1.0552 0.8308 0.7386 0.9180 0.7315 1.0339 0.6909 0.7082 0.6863 0.6954 1.0280 0.8782 0.7421 1.2360 1.0892 0.9629 1.3499 1.2753 1.2653 1.2539 1.2485 1.2149 1.2084 1.2351 0.9538 0.9795 
