#Rds2_GEM_1.m8
#KSM version: 1
#59/59
#1.12
#k-mer/r.c.        	Offset	PosCt	wPosCt	NegCt	HgpLg10	CIDs	PosHits (base85 encoding)	NegHits (base85 encoding)
ACGGGTGAA/TTCACCCGT	-1	3	3	0	-2.2	*	#6~	
CGCTGACGG/CCGTCAGCG	-6	3	3	0	-2.2	*	"onW'!!i~	
CGGGTGAAT/ATTCACCCG	0	3	3	0	-2.2	*	#6~	
GGGGGAGGG/CCCTCCCCC	2	3	3	0	-1.9	*	!!*'"!&+~	
GGGTGAATG/CATTCACCC	1	3	3	0	-2.2	*	#6~	
GGGTGTGGT/ACCACACCC	3	3	3	0	-1.5	*	!"oP~	
GGTGAATGG/CCATTCACC	2	3	3	0	-2.2	*	#6~	
GTGAATGGA/TCCATTCAC	3	3	3	0	-2.2	*	#6~	
GTGGGTGTG/CACACCCAC	1	3	3	0	-1.5	*	!"oP~	
GTGTGGGTG/CACCCACAC	-1	3	3	0	-1.5	*	!"oP~	
$$$
%%%
13 18 18 0 0 0 0 0 9 9 0 0 19 0 0 0 0 0 0 19 0 0 0 0 0 0 0 0 0 0 0 0 0 0 0 0 0 0 0 0 0 0 0 9 9 9 0 0 0 0 0 0 0 0 0 0 0 0 0 
0 0 0 0 0 0 0 0 0 0 0 0 0 0 0 0 0 0 0 0 0 0 0 0 0 0 0 0 0 0 0 0 0 0 0 0 0 0 0 0 0 0 0 0 0 0 0 0 0 0 0 0 0 0 0 0 0 0 0 
1.3115 1.3530 1.3010 1.1742 1.2553 1.2156 1.2903 1.0708 1.0285 0.7586 1.0420 1.0716 0.7386 1.0269 0.7123 1.0051 0.9854 0.8530 1.0117 0.7123 1.0325 0.7678 0.9056 0.9488 0.8198 0.9084 0.9233 1.0174 1.0017 0.9231 0.9259 0.8752 1.0230 1.0552 0.8308 0.7386 0.9180 0.7315 1.0339 0.6909 0.7082 0.6863 0.6954 1.0280 0.8782 0.7421 1.2360 1.0892 0.9629 1.3499 1.2753 1.2653 1.2539 1.2485 1.2149 1.2084 1.2351 0.9538 0.9795 
