#Rds2_GEM_1.m4
#KSM version: 1
#59/59
#1.12
#k-mer/r.c.  	Offset	PosCt	wPosCt	NegCt	HgpLg10	CIDs	PosHits (base85 encoding)	NegHits (base85 encoding)
TTTTTT/AAAAAA	2	9	9	5	-1.3	*	8H=hP5R@P~	+92rQ!([Y~
TGTTCC/GGAACA	6	7	7	1	-2.9	*	YQ4_("Af~	!!!Q~
TTTTTA/TAAAAA	3	6	6	0	-2.9	*	J,k*"5Qq8~	
TTGTTC/GAACAA	5	6	6	1	-2.5	*	YQ4_(!)N~	z!!!Q~
CGTTTT/AAAACG	0	5	5	2	-1.5	*	+92rq!'id~	TE~
TTTTAG/CTAAAA	4	4	4	1	-1.5	*	!!%NT!!,=~	!!!$~
TTATCC/GGATAA	-4	4	4	1	-1.5	*	0ED.R!"]~	z#Q~
TTTAAA/TTTAAA	5	4	4	1	-1.5	*	J,g,\5QH<~	J,~
ATGAAT/ATTCAT	-3	3	3	1	-1.5	*	0E;(Q!!#7~	!W~
CTCTTT/AAAGAG	-6	3	3	0	-1.9	*	!?_@B!!*~	
TACTCT/AGAGTA	5	3	3	0	-1.9	*	J,fiT!W~	
TGAATT/AATTCA	-2	2	2	0	-1.5	*	z!.[<~	
$$$
%%%
6 0 0 6 6 17 6 6 12 0 0 0 0 6 0 0 6 0 6 6 8 0 0 8 6 12 0 6 6 6 0 6 0 6 0 0 0 0 9 0 8 0 6 6 12 0 17 6 0 0 6 6 0 0 7 6 6 0 0 
0 6 0 0 0 8 0 6 0 0 0 0 0 6 0 0 6 0 0 0 6 0 0 0 0 0 0 0 0 0 0 0 0 0 0 6 0 0 0 0 0 0 0 6 0 0 6 0 0 0 0 0 6 6 0 0 0 6 6 
1.3115 1.3530 1.3010 1.1742 1.2553 1.2156 1.2903 1.0708 1.0285 0.7586 1.0420 1.0716 0.7386 1.0269 0.7123 1.0051 0.9854 0.8530 1.0117 0.7123 1.0325 0.7678 0.9056 0.9488 0.8198 0.9084 0.9233 1.0174 1.0017 0.9231 0.9259 0.8752 1.0230 1.0552 0.8308 0.7386 0.9180 0.7315 1.0339 0.6909 0.7082 0.6863 0.6954 1.0280 0.8782 0.7421 1.2360 1.0892 0.9629 1.3499 1.2753 1.2653 1.2539 1.2485 1.2149 1.2084 1.2351 0.9538 0.9795 
