-300	0.0011429570744371617
-299	0.0011999908273858393
-298	0.0012376769655664886
-297	0.001274628800424185
-296	0.0011415585157655056
-295	0.001372568133659412
-294	0.0014959572866570308
-293	0.0014617474234881178
-292	0.0013252079848000472
-291	0.0011818437749080766
-290	0.0011462325870744926
-289	0.0012003936850224976
-288	0.0012760725378779087
-287	0.00127911004421
-286	0.0012165286322192866
-285	0.0011274969606579423
-284	0.0010561621347510092
-283	0.0010150222764216254
-282	0.0010160776486427354
-281	0.0010904766607789543
-280	0.0012218538123339835
-279	0.0013584310316034965
-278	0.0013915587013364156
-277	0.001307085804379777
-276	0.0011522404351670243
-275	0.001072922025976365
-274	0.001123894632608117
-273	0.0012895931549905496
-272	0.001420055179560152
-271	0.0014194535331106988
-270	0.0012553828003596986
-269	0.0010436501432581485
-268	8.925249387559228E-4
-267	8.681320446734262E-4
-266	9.228124167633869E-4
-265	0.0010075754722119123
-264	0.001093011448062724
-263	0.001183774368753426
-262	0.0012355188582341395
-261	0.0011978742648067712
-260	0.0010847381150458015
-259	0.0010273983939954507
-258	0.0011546530008256692
-257	0.001442106972654267
-256	0.0016952388421109224
-255	0.0017211129835189838
-254	0.0015145210414970538
-253	0.0012700629605393037
-252	0.001197730892572323
-251	0.0013627898161452459
-250	0.0016322188340181585
-249	0.0018342609346394365
-248	0.0018490335426032886
-247	0.0016967772119841548
-246	0.0014457450733470379
-245	0.0012078104467430574
-244	0.001057756844584463
-243	0.001038511279566199
-242	0.0011171186610025067
-241	0.0012429635604028204
-240	0.0013709871972174478
-239	0.0014765048633527788
-238	0.0015382191735879304
-237	0.001547673502406357
-236	0.0015409024089636598
-235	0.0015324690145738134
-234	0.0015100328832533623
-233	0.001420241249831031
-232	0.001318868455807052
-231	0.0012995035498040027
-230	0.0014304512195065092
-229	0.0015891788578860694
-228	0.0016183305796800313
-227	0.0014611089929950226
-226	0.0012472350350124577
-225	0.001126138285847679
-224	0.0011360236360917625
-223	0.0012200823971596853
-222	0.0013138673344186282
-221	0.00139223144713111
-220	0.0014329772336777534
-219	0.0014210513276888385
-218	0.0013788545799160638
-217	0.0013439404434290065
-216	0.001341020183318691
-215	0.0013498570825253946
-214	0.001386211507214786
-213	0.001481804902908677
-212	0.0016519116850554595
-211	0.0017955382735200163
-210	0.0017961002198311196
-209	0.0016352651890221921
-208	0.0014729473729263077
-207	0.0014828901267700744
-206	0.0016910522954606394
-205	0.0019395512254182109
-204	0.002056988871429537
-203	0.0019988389621269738
-202	0.0018432117123988582
-201	0.0016772562805960685
-200	0.0015270768116784925
-199	0.0014026874162823373
-198	0.0013289592529842156
-197	0.0013727959703837254
-196	0.001543060334162598
-195	0.0018069924968292408
-194	0.0020576018241670394
-193	0.002241117710964676
-192	0.002342610114740973
-191	0.002406620853672211
-190	0.0024200816503585744
-189	0.0023403410731319668
-188	0.002113100873408355
-187	0.0017913106060023424
-186	0.0014702480268092254
-185	0.0012716544318914817
-184	0.0012288402922803977
-183	0.0013366763905498784
-182	0.0015436099015462335
-181	0.0018088020557741505
-180	0.002088240335801174
-179	0.0023012533866316144
-178	0.0023574205524351075
-177	0.002205717511118216
-176	0.001959856494748778
-175	0.0017992125802103534
-174	0.0018526810277853653
-173	0.002017190915689102
-172	0.0021169186679870057
-171	0.0020350243144083703
-170	0.0019020152122827408
-169	0.0018939895098506222
-168	0.0021169469114521765
-167	0.0024147631545400512
-166	0.0025693106035655556
-165	0.0024245964971054525
-164	0.002086911517646905
-163	0.0017937674863190744
-162	0.0017534266022936557
-161	0.001953419917016682
-160	0.002199699331051052
-159	0.0022965925283878162
-158	0.0022076891547323264
-157	0.002052404495417997
-156	0.001969832662097435
-155	0.0020368306530474424
-154	0.002250165215051666
-153	0.002563837828935976
-152	0.0028353381607711396
-151	0.00291946371437731
-150	0.0027332939258749712
-149	0.0024246768855401496
-148	0.002216049481518759
-147	0.002267576770262296
-146	0.0024587364710041255
-145	0.0025479209668453646
-144	0.0023515398010999855
-143	0.001996774974721245
-142	0.0017799869087158976
-141	0.001954676746194395
-140	0.0024653536671427017
-139	0.00302938939006805
-138	0.003362572621761183
-137	0.0033816544114371604
-136	0.0032314224709651587
-135	0.003089768552880652
-134	0.003032683789976181
-133	0.0029431805342702007
-132	0.0026901677009061875
-131	0.0023147704079764814
-130	0.00208851563514024
-129	0.002271816135291695
-128	0.002818774968336712
-127	0.0033743610670199874
-126	0.003582915202421486
-125	0.003390154097202389
-124	0.003026493889663323
-123	0.0027493962604662374
-122	0.002678780770846907
-121	0.002816137079893154
-120	0.0031256480991966474
-119	0.0034983119792247803
-118	0.003755811549224512
-117	0.003752734181321972
-116	0.0035506451182710868
-115	0.0033413764183920234
-114	0.0032870912197438137
-113	0.003345116764379598
-112	0.003412559905883067
-111	0.003419512211734606
-110	0.003426289163090613
-109	0.003483285529489114
-108	0.0036022420770499422
-107	0.003694347851069429
-106	0.0036784883046733566
-105	0.0035177201211696206
-104	0.0033184713187521643
-103	0.003229424154568694
-102	0.0033602964058145938
-101	0.0036391269906213466
-100	0.0038773522110786465
-99	0.00389928370975909
-98	0.0036919259494047883
-97	0.003415192961089101
-96	0.003246144446472076
-95	0.0032519869369610718
-94	0.0033322746773078496
-93	0.003354633998614884
-92	0.0032397938448059014
-91	0.0030390563394592555
-90	0.00284301575802744
-89	0.0027492518408622963
-88	0.002763094015598225
-87	0.0028457140029427798
-86	0.002896700383390812
-85	0.002855688064719957
-84	0.0027002506162883454
-83	0.0025037674926243593
-82	0.0023755302145737804
-81	0.002409740742252176
-80	0.002603329744794765
-79	0.00283832851846787
-78	0.0029790487019087475
-77	0.002953081505325338
-76	0.0028446050891490662
-75	0.002777917479714766
-74	0.0028497219247245373
-73	0.003007612798121589
-72	0.003161239435936702
-71	0.0032411599457266315
-70	0.003261902373435655
-69	0.0032431073127001035
-68	0.0031540841360587954
-67	0.0030011000983038295
-66	0.002833715629400159
-65	0.0027767723303829227
-64	0.0028050016090858092
-63	0.002825674030956286
-62	0.00271329881192385
-61	0.0025475304617634115
-60	0.002470910206842351
-59	0.0025978751306078257
-58	0.0028404875208386626
-57	0.003060488722670491
-56	0.0031731798404328196
-55	0.0032815201151256182
-54	0.0035168325415404593
-53	0.0038821273584690947
-52	0.004138780261317902
-51	0.004039506803883028
-50	0.0035996467462426213
-49	0.0031767133802145754
-48	0.0031349739613500877
-47	0.0034959807241705743
-46	0.003915186283755714
-45	0.0040382873062646185
-44	0.0038219961033110358
-43	0.003491743345398584
-42	0.0032831192097857163
-41	0.0032498321431763833
-40	0.003329528858838806
-39	0.0034503386746657927
-38	0.00356811773657806
-37	0.0036100252300506246
-36	0.003510648730244653
-35	0.00330710310850425
-34	0.0031926719058023765
-33	0.0033552543427703752
-32	0.0037718398379018494
-31	0.004178690788596184
-30	0.0043153820016376306
-29	0.004175658148915265
-28	0.003968258939725275
-27	0.0038859103116800596
-26	0.0038893285058352136
-25	0.003857207836799483
-24	0.003721831353733179
-23	0.0036356101196996496
-22	0.0037315582258704294
-21	0.004061476973371189
-20	0.004439592138366536
-19	0.00465030334639448
-18	0.004540781198357019
-17	0.0042050057878228655
-16	0.003900901471022437
-15	0.003864293908162496
-14	0.004079281065005487
-13	0.004263498127871541
-12	0.0041374926635144105
-11	0.0037133669925486896
-10	0.0033116333212031865
-9	0.003245040332512197
-8	0.003492772696207501
-7	0.0037582966653245285
-6	0.0037615148841174716
-5	0.0035271699499420037
-4	0.0032835087507953847
-3	0.0032430670043487107
-2	0.0033843799224237904
-1	0.0034948254578025797
0	0.0033669063095098976
1	0.0030067879509058557
2	0.00266778722873871
3	0.002607830264319597
4	0.0028405260726068076
5	0.0031080188439213297
6	0.0031436180594389923
7	0.002910343418272418
8	0.0025810339362623705
9	0.00233596431685906
10	0.002205919859644355
11	0.0021217599835608378
12	0.0020195875933521888
13	0.0019154147508381502
14	0.001816023740437439
15	0.001721158117475517
16	0.0016593774377069161
17	0.0017632579283211112
18	0.002139483158199598
19	0.0026533950383667384
20	0.0029806094083487627
21	0.002842767832748541
22	0.0023230012632077823
23	0.0017424496952385864
24	0.0014155425449159918
25	0.0014340990806829626
26	0.0016907034604528171
27	0.002027929577370888
28	0.002267176236647533
29	0.0023209655687864575
30	0.0021635780914182326
31	0.0019065134212676075
32	0.0016694401536414632
33	0.001553125721849234
34	0.0016009219709876474
35	0.0018054926384986065
36	0.002117964952943729
37	0.002377315574083795
38	0.002451629677273965
39	0.002276499193335462
40	0.001984276084240971
41	0.001710335735756464
42	0.0015361210915903715
43	0.0013970452591985864
44	0.001268722295911632
45	0.0011743860861869173
46	0.0012119845447928898
47	0.0013708579365899207
48	0.0015879168991267737
49	0.0017499806029827717
50	0.001820802130590233
51	0.0017895712681345608
52	0.0016614629414173172
53	0.001481869192789811
54	0.0013263718712031999
55	0.0013122042368783505
56	0.0014152414227000586
57	0.0015407523758205243
58	0.0015257706901664594
59	0.0013863974121375406
60	0.0012173781588786228
61	0.001175442035700321
62	0.0012700887025159679
63	0.0014457527305441191
64	0.0015832192486768162
65	0.001633750677166814
66	0.0015934847532532148
67	0.0015378053913572625
68	0.0015315100676029643
69	0.0016074620810417183
70	0.0017058249088816551
71	0.001753383466675858
72	0.0016960896406928965
73	0.0015471578065854488
74	0.0013405333120334042
75	0.0011223865612903497
76	9.835979698027293E-4
77	0.0010261735479076754
78	0.0013058939427394113
79	0.0016842363640339351
80	0.0019386370883478824
81	0.001896901124223225
82	0.0016453500923653528
83	0.0014069807870340672
84	0.0013799046646350594
85	0.0015624878727631035
86	0.0018155794736351943
87	0.0019944659107755665
88	0.0020388357084787454
89	0.001959101961811655
90	0.001773602800497463
91	0.0014922098615323392
92	0.0011705494934800846
93	8.888241833668266E-4
94	7.491380675366108E-4
95	7.64045141667755E-4
96	9.022629512857442E-4
97	0.0010675136266093412
98	0.0011809821769420662
99	0.0011864691679182096
100	0.0010987587846806443
101	0.0010121832770907638
102	0.0010266602821729597
103	0.001165957723537267
104	0.0013126725030568177
105	0.0013350688343615376
106	0.001203464985958619
107	0.0010228513959792006
108	9.05456069597636E-4
109	8.649846417193589E-4
110	8.49124384144403E-4
111	8.085297767778018E-4
112	7.479718111027947E-4
113	6.786283211877711E-4
114	6.074414511763188E-4
115	5.387854534923362E-4
116	5.018092213153624E-4
117	5.311293268709131E-4
118	6.410725793042429E-4
119	7.844580044921612E-4
120	8.94913231602818E-4
121	9.14124600744078E-4
122	8.781428764190267E-4
123	8.538046707146212E-4
124	9.067132896563334E-4
125	0.0010051500879068027
126	0.0010894462364976713
127	0.0011078001237650847
128	0.0010710772623383068
129	0.0010084902030500333
130	9.579716233316673E-4
131	9.599304138259161E-4
132	0.0010449449788054914
133	0.0011908406223568458
134	0.0013130722696178515
135	0.0013296938591597573
136	0.0012384299847230144
137	0.0011199742436161621
138	0.001059064910622036
139	0.0010741803630280834
140	0.0011102945851288978
141	0.0011074479755750063
142	0.0010618103236482994
143	0.00104031509134108
144	0.0011101848976115668
145	0.0012576681664493365
146	0.001367704487690955
147	0.0013209146019811057
148	0.0010994990856375026
149	8.32499453904814E-4
150	6.688403588553159E-4
151	6.706481289070649E-4
152	7.403926654819124E-4
153	7.58051510643765E-4
154	6.92562556230348E-4
155	6.542630992132386E-4
156	7.556511119743624E-4
157	9.681982420808408E-4
158	0.00114349797744695
159	0.0011528006609285806
160	0.001049003678800781
161	9.782534530944514E-4
162	0.0010589498231460275
163	0.001239343906343303
164	0.001394639772300744
165	0.0014196199832487426
166	0.00132954982826909
167	0.0012059086454655702
168	0.0011297137562884985
169	0.0011299021786479705
170	0.0011783934353318168
171	0.001229592466998927
172	0.0012249825386181923
173	0.0011410892673837873
174	9.794438672108665E-4
175	8.021710671274066E-4
176	6.917767903890829E-4
177	7.18924700354143E-4
178	8.787651062933381E-4
179	0.0010629600613868118
180	0.0011436039862210748
181	0.0010462021930719768
182	8.649783796022853E-4
183	7.418670261975783E-4
184	7.939165525128221E-4
185	9.444320442967068E-4
186	0.0010570131374683118
187	0.0010049612052152087
188	8.458790423485815E-4
189	6.932767415069252E-4
190	6.53002014126949E-4
191	6.891475286545091E-4
192	7.30350272598581E-4
193	7.303772504092712E-4
194	7.15992957592794E-4
195	7.220284748868415E-4
196	7.444185713461326E-4
197	5.897295127990019E-4
198	7.748884630449873E-4
199	9.290855378500016E-4
200	0.0010521863148603497
