#Rds2_GEM_1.m3
#KSM version: 1
#59/59
#1.36
#k-mer/r.c.    	Offset	PosCt	wPosCt	NegCt	HgpLg10	CIDs	PosHits (base85 encoding)	NegHits (base85 encoding)
TGTTCCG/CGGAACA	-3	6	6	1	-2.5	*	YQ4_(!)N~	!!!Q~
CGGGCGG/CCGCCCG	1	5	5	1	-1.9	*	!._k<~	!!*~
ACTCCGG/CCGGAGT	-3	4	4	0	-2.2	*	!!E?'#QOl~	
TCCGGTG/CACCGGA	0	4	4	0	-2.5	*	"p"](!"]~	
CGGGTGA/TCACCCG	1	4	4	0	-2.5	*	-N~	
TAACTCC/GGAGTTA	-5	4	4	0	-2.2	*	!!E95!!30~	
ACGGGTG/CACCCGT	0	3	3	0	-2.2	*	#6~	
CGTGTGG/CCACACG	5	3	3	0	-1.9	*	"onW'#Q~	
GCCCCGG/CCGGGGC	-3	3	3	0	-1.9	*	!!iQ1!<~	
TGCCCCG/CGGGGCA	-4	3	3	0	-1.9	*	!!rW2~	
GGGTGAA/TTCACCC	2	3	3	0	-2.2	*	#6~	
TGACGGG/CCCGTCA	-2	3	3	0	-2.2	*	"onW'!!i~	
CGGGGAA/TTCCCCG	2	3	3	0	-1.9	*	!!!!3!!i~	
GGGGAAA/TTTCCCC	3	3	3	0	-1.9	*	!!!!3!!i~	
$$$
%%%
9 11 11 0 7 7 0 7 10 0 9 8 0 0 0 7 0 7 0 0 0 0 7 7 0 8 7 8 8 0 0 7 7 0 0 7 0 0 0 0 0 7 0 8 10 0 7 0 9 0 0 0 0 0 0 0 0 0 0 
0 0 0 0 0 0 0 0 7 0 0 0 0 0 0 0 0 0 0 0 7 0 0 0 0 0 0 0 0 0 0 0 0 0 0 0 0 0 0 0 0 0 0 0 0 0 0 0 0 0 0 0 0 0 0 0 0 0 0 
1.3115 1.3530 1.3010 1.1742 1.2553 1.2156 1.2903 1.0708 1.0285 0.7586 1.0420 1.0716 0.7386 1.0269 0.7123 1.0051 0.9854 0.8530 1.0117 0.7123 1.0325 0.7678 0.9056 0.9488 0.8198 0.9084 0.9233 1.0174 1.0017 0.9231 0.9259 0.8752 1.0230 1.0552 0.8308 0.7386 0.9180 0.7315 1.0339 0.6909 0.7082 0.6863 0.6954 1.0280 0.8782 0.7421 1.2360 1.0892 0.9629 1.3499 1.2753 1.2653 1.2539 1.2485 1.2149 1.2084 1.2351 0.9538 0.9795 
