#Cat8_GEM_2.m4
#KSM version: 1
#694/694
#1.82
#k-mer/r.c.	Offset	PosCt	wPosCt	NegCt	HgpLg10	CIDs	PosHits (base85 encoding)	NegHits (base85 encoding)
AATAT/ATATT	1	118	118	69	-4.2	*	!<<*c^n:f=$B-).!<NO(0EqLW^do[V64a,O,WH#5!!!H6!"`N<!$qUFUJLr"#XALm(_I#T'L2[!+TqcX;Z["D)Z_nu&HRI`TE"tJ!!OJF!<~	!!!!1P`PkF$ihCn"9Kc5!!L4_8.\$+!!3-#!!!!%+@$P^!"]8E!!*'$JcQuZ#XALn&-.M_'EA+5!!!"\!!!Qb!WW3'!!!!A!$D7Ez!!!'~
CAATA/TATTG	0	103	103	77	-1.8	*	5_'sW^``\K#ipL:5U6>k!!EE3aoEUd_B8gi#V5u\!!",IhuEl[JcUE&TKjYs+92HC+HZq+&/'X%+Wpab!!!'F!<E`3!!.TYJ,g^JJ,g]=&c`1~	!'gMe&:slb!!",a&-)dR(^,p##[dW<^]FNJz!!!!Az!=9kKL]o%(!!<66&dTTm&-)\1!-!H2!!*'R!'gO;5QLj5n,r^oJ,fQT!'h.~
AATANC/GNTATT	1	85	85	38	-5.6	0,1,2	N.A.	N.A.
ATATC/GATAT	2	80	80	49	-2.8	*	"TSNf`1R86!WW34#QP--!!#mu6t$-&+ojn0!"]54!<`]/!!$C,!!!.P!)NXq$j]6,$5!@?'EA17!<<*B5RIQX(_?t'&HI>(z!!E9%!<~	"X!dFKFe+`!!'fb!!3-d":Te\!!kgiz6i[3P+92KDJ.Mb^!!#7a'c79C"98Q)!!!!#!WW?'z!!3-##QOi)J,oZNz!!!!B#Q~
ATATA/TATAT	2	72	72	48	-1.8	*	5QCca"98E-$4%c:!!3.N!!#h<5Th6Ni%P0S+:%rM!<`BF!"]/2!!N@QK`DAY$ig85!!*Bm'L2d$+9VZe&.!dd'*&#_5QLj-J,fS*!"^O~	5l^lr!.Y%L!!!"M!!3-$!!#8,5SsJ4!!!!A5QCdP!!!T2J.M\\zPlLeL#QOi)&-)u6('"I;z!!3-4!WW3'J,fQL!$D7A!!*'"#Qb&~
AGTAT/ATACT	1	56	56	40	-1.4	*	!.[<7!!!!a!WiK)#QOjF!!EiU#QOl*&-)\1!"]8;!!!!A"98E%O?`dK#QOii!!!9)!.Y@U&-+ur&c_ns!!%fd!!iQ-!!%QM!"aY\!!NWV!$h[~	!<<*"!WW3#!!OMG!"]:[!!!Q3J,fQLz!!!!(!!E9%KE(uPz!!!!E!<@Y#!.Y%P&-;h3!!!'%z!!!'#$31&5!!*'"J,fQL#QOu~
GNAANAT/ATNTTNC	-1	55	53	18	-5.4	-3,-4,-5,-6,7,8	N.A.	N.A.
ANTAGC/GCTANT	1	46	47	22	-3.2	1,9	N.A.	N.A.
GNNATAT/ATATNNC	-1	44	43	15	-4.4	10,-3,11,-6,7,12	N.A.	N.A.
GNANTAT/ATANTNC	-1	34	33	12	-3.5	-3,-6,13,7	N.A.	N.A.
ANTATNT/ANATANT	1	32	31	4	-6.8	14,15,-16,17	N.A.	N.A.
CNANTAT/ATANTNG	-1	24	24	4	-4.9	18,19,-20,21	N.A.	N.A.
AATNTNC/GNANATT	1	21	20	8	-2.2	-22,23	N.A.	N.A.
CNAANAT/ATNTTNG	-1	20	20	5	-3.4	18,-24,21	N.A.	N.A.
$$$
AATATC/GATATT	0	37	37	10	-5.3	0	!<<*b^`Wa[!WW3#!!!:%z5QCci!WW3$!"]/2!!!<*!!$C,z!)NXq!!!-%#S@%:z!<<*"5QUue#QP,1&HI=]zz!<~	zJ.M\\z!!!!b!!IfP!!#7azz+92HCzzz!!!-~
AATAGC/GCTATT	0	24	24	14	-1.6	1	!!",Bz!!!9)!$M=B!!iQ*+92In!!iRT!!E9%z5QCcez!!!!"z!!%NLzzz!'gMaz!'gMaJ.Nh'!WWc~	zzz0E;(QJ,fQLz^]4?7z!!!!#z!!!9i!!!!"z!WW3#!!!Q1!$D7AzzzTE~
AATACC/GGTATT	0	26	26	15	-1.4	2	z!.Y%Lz!$D7A!!#7q#QOi)z!!.TM!"],1zz0EM7T!!#7b!!",Q?kNGF!<<*"!!E9%zz#QOl*z!$D~	zz!!!.P!"]-\!'gMaz!<<*"z+92BA!!!$B!XJc+"98E%z"98E%zzzz!!!'#!!!!"~
ATATTAC/GTAATAT	0	6	6	1	-2.1	3	zz!!",A!!3-3z!'gMazzzzzzzzzzzz&-2~	zzzzz!"]~
ATGTTAC/GTAACAT	0	5	5	1	-1.8	4	z5QCcaz!WW3#zzzz!!!!)zzzzzJ,fQT~	zzzzzzzzzzzzzzzzzz!<~
ATCTTCC/GGAAGAT	0	11	11	3	-2.0	5	zzz!.Y%L!!!"Lzzz!!!!#z!"f22z!!!!Azzzz#S6t9"9:[e!!!!a~	zz!<<*"zzzzzzzzzz!!!!#zzzzz!"]~
ATATTGC/GCAATAT	0	12	12	6	-1.3	6	zJ,fQL!!E9%z!!E9%z5QCca!$D7A!!!!)zzzz!!*'"&-)\1z!!!'C!!!Q1zJ,~	z&-)\1z!!!'#!!%NLz!!3-#zzzzzzzzz!!!!1zzzz!!!'~
GGAATAT/ATATTCC	0	11	11	5	-1.4	7	zzzzz!!!'#!!!!2z!!!!)!!$C,!$D7A+ohTCzzzz!WW3#!!!9~	zzz!!",Az5S*nqzzzzzzzzzz!!!!Azz!!!!%~
GGAACAT/ATGTTCC	0	13	13	3	-2.7	8	zz!!%NL!!iQ)z!"],1zzz!!!$"z!!#7a!!!Q1z!!!!)z!.Y'"z!.Y%Lz&-Mt5!W~	zz!!!!Azzz!!!!)zzzzzzzzzz!!3~
AGTAGC/GCTACT	0	23	23	8	-2.8	9	!!E9%&-)\1!!!!%z+92BQz!5JR7!!E9%!<<*"+Wpabz!!!-%!!!9)z!!!!A!!ii1!!!!%,_,jp!'gMaz!!!!"~	zzzzzz&-)\1zzzzzz#Z(L$!!!!#zz!!!!%!!iQ)zz!!!9~
GTTATAT/ATATAAC	0	7	7	2	-1.7	10	zzzzzz!$D7Azz!!!$"z"98E%z!!!!azz&-)\1&-)\1!!*~	zzzzzzzzzzzzzzzzzzzz!!*'"!!3~
GTGATAT/ATATCAC	0	5	5	1	-1.8	11	zzzz!!!!#zzzzzzz!!kgi!WW3#zzzzzz!!E~	zzzzzzzzzzzzzzzzz#Q~
GACATAT/ATATGTC	0	7	7	2	-1.7	12	5QCcaz!!!"Lzz!!*'"zzzzz+92BAzzz!!!!#z!!*'"zz!!E~	zzzzzzzzzzzzz!!%NLzz!!!!1~
GCAGTAT/ATACTGC	0	6	6	1	-2.1	13	zz!!!-%z!!!!Azz!!!!#zzzzzz!!!$"z!!!99~	zzz!!!"L~
AGTATAT/ATATACT	0	6	6	1	-2.1	14	zz!WW3#z!!!QQzz!!!!%zzzzz!!!$"zzzzzz!!!9~	zzzzzzzzzzzzzzzzzzzzz#Q~
AGTATCT/AGATACT	0	7	7	0	-3.0	15	!!#7azz!!!!Azzzzzz!'gMezzz&-)\1zzz!!%NLz!!!!A~	
ACATATT/AATATGT	0	10	10	3	-1.7	16	zzzz!!E9%zz!!!!#zzz+92BAz!!!9)!'gMa!!!!3!!3-#!!*'"zz!!E~	zzzzzzzzzzz!!",Az!!%NLzzzz!!!!A~
AATATCT/AGATATT	0	11	11	0	-4.2	17	!!!!a!!!-%zzz5QCcazz!!!<*zz!'gMaz!"],1z!<<*"!!3-##QOi)!!%N~	
CCAATAT/ATATTGG	0	6	6	1	-2.1	18	z!$D7Izzz!!!!"zzzzz!!!!azzz+92BAzzz!!!"L~	zzzzzzzzzzzzzzzzz!!!!%~
CCAGTAT/ATACTGG	0	3	3	0	-1.8	19	zzzzzzz!"],1zzzzzzzzzz!!%NL!!%N~	
ATACTAG/CTAGTAT	0	7	7	1	-2.4	20	zzz!!!!1!!E9%zz!!!!%zzzzzzz!WW3#z!!!!%!!!$"zz!!!-~	zz!!E~
CAAATAT/ATATTTG	0	8	8	2	-2.0	21	zz!WW3#zzzzzzz!!E9%zzzz!<<*"5QCcb#ll(~	z"98E%zzzzzz!!!'~
GGATATT/AATATCC	0	10	10	4	-1.6	22	z^]4?7z!!!9)zz!WW3#!"],1zzzz!!!-%!!*'"zz!!!'#!!!9)!<~	zJ,fQLz!!!!az!!#7azzzzzz!!!-~
AATCTTC/GAAGATT	0	11	11	4	-1.6	23	zzz!.Y%L!!!"Lzz!!!!Az!!E9%!)NXqzz!<<*"zz!!!!a!.Y%Lz!WW3$~	z!"],1zzzz!$D7Azzzzzzzzzzzz!!!"Lz+9~
ATCTTCG/CGAAGAT	0	6	6	2	-1.5	24	z!!!-%zzz!!!'#zzzz!!!!)z!!!'#zzz!!!'#z!!%N~	zzzzz!!!!#zzzzzzzzzz!!!!#~
%%%
6 0 5 0 0 0 6 0 0 0 5 0 0 0 0 5 0 5 0 0 0 7 5 0 6 0 0 0 0 0 7 0 0 0 5 0 5 0 5 9 5 5 0 0 0 8 0 5 5 0 7 0 0 0 0 0 0 0 5 8 0 0 5 0 0 5 0 7 0 0 0 0 0 5 5 6 0 5 5 5 0 0 5 6 0 7 0 5 5 0 5 0 5 0 0 6 5 5 0 5 0 0 5 0 6 6 5 5 5 7 0 5 0 0 0 7 0 0 0 0 6 5 0 5 7 5 5 5 0 0 0 0 5 5 0 0 0 5 8 6 0 0 0 0 0 5 5 0 5 0 5 0 6 5 0 5 5 6 5 5 0 5 5 5 0 6 7 5 6 0 0 5 5 5 6 0 5 7 0 0 0 7 0 0 7 0 0 6 0 0 0 6 0 8 0 0 5 5 8 5 0 0 0 6 6 6 5 5 5 0 0 0 0 5 5 0 7 0 0 5 6 6 0 6 5 0 5 5 5 6 0 0 5 0 5 7 7 7 0 0 7 5 5 5 0 0 0 5 0 7 6 0 0 5 0 0 5 0 0 0 0 0 5 0 0 0 5 0 5 0 0 0 7 0 5 7 0 5 0 0 0 5 0 5 5 5 0 0 5 5 5 5 0 5 6 5 0 0 5 0 6 5 0 0 5 0 5 0 0 6 7 0 0 0 6 0 0 0 0 5 0 5 0 0 5 0 0 7 5 0 7 0 5 6 5 0 5 0 5 0 0 0 0 5 0 0 5 5 0 0 0 5 6 6 6 5 5 5 0 6 0 5 0 0 6 0 8 0 6 0 5 5 0 5 5 0 6 5 0 0 5 5 5 0 0 0 5 6 0 5 0 0 5 0 0 5 0 0 5 0 0 5 7 5 5 0 5 0 5 0 0 5 0 5 0 0 5 5 0 6 5 5 0 0 8 0 0 0 8 0 0 5 5 5 0 6 5 5 0 6 0 6 0 0 5 0 5 0 0 0 6 0 5 5 5 5 5 6 0 0 6 0 6 0 5 5 5 0 0 0 5 5 5 0 0 5 0 5 0 0 5 5 0 0 5 8 0 0 0 0 6 5 0 5 0 0 0 0 0 5 5 0 0 0 0 5 0 0 5 5 5 0 5 6 0 0 5 0 7 0 0 6 5 5 0 0 0 5 0 9 0 5 0 0 0 5 6 5 5 0 5 7 5 5 7 6 5 5 5 5 0 0 5 0 0 5 5 0 6 5 0 0 0 8 5 6 0 0 0 5 5 0 0 0 0 5 5 0 5 0 7 0 5 0 5 0 0 0 0 5 5 5 5 5 0 0 0 0 5 6 0 0 5 5 0 5 0 0 0 5 0 5 0 5 0 8 0 0 0 0 5 0 6 0 5 0 0 0 0 5 0 5 5 0 0 7 0 0 5 8 0 0 0 0 5 0 0 7 5 0 5 0 6 0 5 0 0 0 0 5 0 6 0 0 5 5 5 5 0 5 0 0 6 5 0 0 5 0 0 0 0 5 5 0 0 5 0 0 0 0 5 5 6 0 
5 5 5 0 0 0 5 0 0 0 5 0 0 5 5 5 0 0 0 0 0 0 0 0 0 5 5 0 5 0 0 0 0 5 6 0 5 5 5 7 0 5 0 5 5 0 0 7 0 0 0 0 0 0 0 0 5 0 5 0 0 0 0 0 5 0 5 5 0 0 0 0 5 0 5 0 0 0 0 0 5 0 5 0 0 5 5 5 6 0 0 0 0 5 0 5 0 0 5 0 7 6 5 0 0 6 0 0 5 0 0 0 0 5 5 0 0 6 0 0 5 0 0 5 5 5 7 5 0 0 5 5 5 0 0 6 0 0 5 5 0 0 5 0 0 0 5 5 7 0 6 8 5 5 0 0 0 5 0 0 0 0 0 6 0 0 7 5 0 0 0 5 6 5 5 0 0 0 0 0 0 0 7 0 0 5 5 6 6 0 5 0 5 0 0 0 5 0 7 7 0 7 0 0 0 5 0 0 5 0 0 0 0 0 0 0 0 0 0 5 5 5 0 0 0 0 5 0 0 0 5 0 0 0 0 0 0 0 0 0 0 0 0 0 0 0 0 0 5 5 6 0 0 0 5 0 0 0 0 0 0 5 5 0 0 0 5 0 0 0 5 0 5 7 0 0 6 0 0 0 0 6 0 0 0 5 0 5 0 0 5 0 0 0 5 5 0 0 0 0 6 0 0 0 5 5 5 0 0 0 0 0 0 0 0 0 5 5 0 0 5 5 0 5 0 0 0 0 5 0 0 5 0 0 0 0 0 0 0 6 5 5 5 0 0 5 0 0 0 0 6 5 5 5 5 5 5 0 0 7 5 0 5 5 5 0 0 0 0 5 5 5 0 7 0 0 6 0 5 0 0 5 6 0 5 0 5 6 0 0 0 5 5 5 0 0 0 0 5 0 5 0 7 5 0 0 0 5 5 0 0 0 5 0 5 5 0 7 5 5 7 0 0 0 0 0 0 5 5 0 5 5 5 0 0 6 0 5 0 5 0 5 5 0 6 0 6 0 0 5 6 0 6 0 0 0 0 5 0 0 0 0 0 0 0 0 5 0 6 0 0 0 0 5 0 0 0 5 0 0 0 0 0 0 0 0 0 0 0 0 0 0 5 7 5 0 0 5 0 5 0 0 0 5 0 5 0 0 5 5 5 5 0 0 0 0 0 0 0 0 5 5 0 0 0 0 5 0 0 0 0 0 5 0 0 5 6 5 0 0 5 6 0 0 0 6 5 6 0 0 0 0 0 5 0 0 0 0 5 0 0 5 0 0 0 0 0 0 0 5 5 0 0 0 0 5 5 5 0 5 0 0 5 5 5 0 0 5 0 0 0 0 5 5 0 0 0 0 0 0 0 5 0 5 0 7 0 0 0 0 0 0 5 7 5 7 5 0 5 0 5 6 0 0 0 0 0 0 0 0 0 0 5 0 6 0 0 0 0 5 0 0 0 0 0 0 0 7 6 0 0 0 0 0 0 0 0 0 0 0 0 0 0 0 5 0 0 5 0 5 0 0 0 0 0 5 0 5 0 0 0 6 0 0 0 0 5 0 0 8 5 5 5 0 
1.7202 1.5494 1.7778 1.8120 1.5442 1.5944 1.0101 1.5153 1.5327 1.6043 1.1637 1.5832 1.4622 1.5309 1.5477 1.0965 1.4032 1.4045 1.4264 1.5741 1.0474 1.0644 1.0728 1.4411 1.3748 1.2840 1.2100 1.0101 1.2528 1.1791 1.0678 1.4306 0.9934 0.9991 0.9445 1.2172 1.0136 1.0850 1.1922 1.0721 1.2388 1.3482 1.2394 1.4951 0.9538 1.4944 1.3245 0.9575 1.3629 1.1134 0.9745 1.4172 1.1712 1.2902 0.9713 1.0340 1.1643 1.0030 0.9547 0.9836 0.9492 0.9795 0.9548 0.9836 1.0093 0.9145 0.9627 0.9492 0.9722 0.9915 1.2740 1.0484 1.0535 0.9915 1.2100 0.9249 1.0863 1.0274 1.0497 0.9901 1.0040 0.9145 0.9398 0.9249 0.9410 0.9230 0.9249 0.9145 0.9863 0.9198 1.3029 1.3211 0.9323 0.9492 0.9492 0.9300 0.9198 1.0673 0.9198 0.9349 0.9198 0.9538 1.8238 0.9349 0.9113 0.9349 0.9398 1.2834 0.9145 0.9375 1.2100 0.9492 1.1063 0.9092 0.9795 0.9795 0.9915 0.9289 0.9198 1.0274 0.9198 0.9538 0.9538 0.9300 0.9445 0.9300 0.9991 1.0245 1.1014 1.0859 0.9349 0.9145 0.9713 0.9583 1.1336 1.1248 0.9670 0.9198 0.9349 1.1939 1.1378 0.9398 0.9091 0.9249 0.9249 0.9145 0.9349 0.9539 0.9091 0.9145 0.9145 0.9445 0.9349 1.3173 0.9389 1.0407 0.9249 0.9349 0.9150 0.9249 0.9145 0.9445 1.0206 0.9754 0.9836 1.0466 0.9445 0.9249 0.9349 0.9670 0.9445 1.1419 0.9300 0.9445 0.9538 0.9449 0.9198 0.9249 1.0136 0.9145 0.9152 1.2957 0.9991 0.9583 0.9249 0.9713 0.9265 0.9349 0.9445 0.9915 0.9583 0.9127 0.9249 0.9198 0.9492 0.9198 0.9627 0.9145 0.9249 0.9145 0.9825 0.9398 0.9398 1.1014 0.9091 0.9198 0.9300 0.9091 0.9641 0.9230 0.9300 0.9300 1.1419 0.9533 0.9796 0.9145 1.2946 0.9538 0.9445 1.0240 0.9145 0.9145 1.0101 0.9404 0.9349 0.9583 0.9349 0.9145 0.9349 1.0404 0.9145 0.9145 0.9145 0.9583 0.9445 0.9754 1.1922 0.9300 1.2704 0.9538 0.9713 0.9492 0.9145 1.1038 0.9349 0.9627 0.9145 0.9383 0.9617 0.9991 0.9349 0.9249 0.9583 0.9754 0.9091 0.9300 0.9445 0.9754 0.9398 0.9538 0.9145 0.9795 0.9398 0.9538 0.9993 1.0028 0.9091 1.4536 0.9145 0.9349 0.9300 0.9795 0.9359 0.9145 1.2282 0.9349 0.9492 0.9492 1.2924 0.9492 0.9145 0.9538 0.9445 1.0701 0.9249 0.9091 0.9189 1.0028 0.9348 0.9198 0.9294 0.9349 0.9538 0.9349 0.9198 0.9145 0.9670 0.9145 0.9274 0.9538 0.9121 0.9103 0.9198 0.9300 0.9398 0.9091 0.9636 0.9091 0.9492 0.9349 0.9583 0.9198 0.9249 0.9538 1.0295 0.9398 0.9145 0.9091 0.9876 0.9300 0.9145 0.9300 1.0101 0.9145 0.9249 0.9670 0.9670 0.9349 0.9198 0.9349 0.9408 0.9145 0.9360 0.9627 0.9630 0.9145 1.3289 0.9145 0.9172 0.9398 1.0206 1.0527 0.9091 1.3340 0.9311 1.0404 0.9836 0.9300 0.9627 0.9445 0.9538 0.9361 1.2297 0.9249 0.9145 0.9574 0.9198 0.9806 0.9349 0.9145 0.9127 0.9198 0.9965 0.9583 1.0615 1.0274 0.9091 0.9445 1.0372 1.0402 0.9374 0.9398 0.9670 0.9217 0.9145 0.9953 1.0435 0.9915 0.9249 0.9718 0.9198 0.9349 0.9249 0.9349 0.9249 1.0537 0.9836 0.9492 1.0734 0.9091 0.9300 0.9091 0.9445 0.9300 0.9249 0.9970 0.9538 0.9145 0.9145 0.9198 0.9349 0.9091 0.9492 0.9145 0.9939 0.9249 0.9300 0.9538 0.9249 0.9300 0.9301 0.9349 0.9300 0.9091 0.9145 0.9198 0.9627 0.9398 0.9398 0.9091 0.9145 0.9359 0.9261 0.9585 0.9583 1.0819 1.0863 0.9538 0.9991 0.9492 1.0350 0.9398 0.9670 0.9145 0.9198 0.9198 0.9300 0.9754 0.9709 1.2592 0.9300 0.9091 0.9091 1.0542 0.9145 0.9145 0.9713 0.9300 0.9398 0.9249 0.9197 0.9445 0.9145 0.9300 0.9369 0.9398 0.9145 0.9795 0.9198 0.9308 1.1357 0.9222 0.9218 0.9583 0.9300 0.9145 0.9355 0.9145 0.9398 0.9349 0.9349 0.9486 0.9198 0.9133 0.9091 0.9754 0.9145 0.9398 0.9091 0.9091 1.0783 0.9445 0.9091 0.9583 0.9300 0.9198 0.9583 0.9238 1.0783 0.9249 0.9249 0.9300 0.9445 0.9091 0.9091 0.9558 0.9121 0.9091 0.9249 0.9091 0.9795 0.9314 0.9713 1.1352 0.9177 0.9103 0.9091 0.9492 0.9091 0.9198 0.9198 0.9349 0.9145 0.9249 0.9327 0.9953 0.9198 0.9566 0.9198 0.9145 0.9198 0.9492 0.9300 0.9145 0.9198 0.9527 0.9583 0.9207 0.9195 0.9198 1.2630 0.9505 0.9445 0.9145 1.0184 0.9318 1.0767 0.9795 0.9140 0.9198 1.0659 0.9583 0.9329 0.9091 0.9754 1.1521 0.9198 0.9349 0.9991 1.0557 0.9091 0.9249 1.0075 0.9953 0.9145 0.9091 1.0180 0.9492 1.1111 0.9398 0.9198 0.9349 0.9616 0.9445 0.9145 0.9091 0.9300 0.9428 0.9200 0.9300 0.9398 0.9145 0.9249 0.9249 0.9312 0.9300 0.9249 0.9349 0.9300 0.9091 0.9583 1.0123 1.0288 0.9091 0.9398 0.9876 0.9398 0.9198 0.9141 1.0863 0.9847 0.9411 0.9538 0.9772 0.9627 0.9091 0.9145 1.0610 0.9349 0.9198 0.9263 0.9091 0.9145 0.9300 0.9445 0.9349 1.0430 0.9145 0.9492 0.9198 0.9249 0.9145 1.0756 0.9376 0.9492 0.9349 0.9300 0.9915 0.9249 0.9289 0.9091 0.9128 1.0466 0.9091 0.9492 0.9300 1.0788 0.9445 1.2719 0.9145 1.0235 0.9583 0.9349 0.9300 1.0298 0.9179 1.1313 0.9145 0.9492 0.9648 0.9254 0.9091 0.9398 0.9445 0.9706 1.0990 1.1637 0.9670 1.0372 0.9091 0.9145 0.9300 0.9627 0.9436 0.9149 0.9398 0.9331 0.9262 0.9627 1.0274 0.9110 0.9145 1.1881 0.9248 1.5724 1.0742 0.9398 1.7165 0.9354 0.9198 0.9583 0.9445 0.9161 0.9300 0.9091 1.0466 0.9198 0.9195 1.0629 0.9670 0.9349 1.4853 1.7285 0.9693 1.0217 1.0559 1.1591 0.9349 1.1332 1.6931 1.6054 1.6409 1.5883 0.9627 
