#Cat8_GEM_1.m2
#KSM version: 1
#98/98
#1.22
#k-mer/r.c.  	Offset	PosCt	wPosCt	NegCt	HgpLg10	CIDs	PosHits (base85 encoding)	NegHits (base85 encoding)
CGGCTA/TAGCCG	1	10	10	0	-4.1	*	#TuAFOoPI^TE~	
CCGGCG/CGCCGG	0	9	9	4	-1.4	*	5_&hO!$VCSKE~	!.[<?!!!!A~
GGCAAA/TTTGCC	2	9	9	2	-2.3	*	!!EH,&ca$S!WW3+~	!!!!"!!!"L~
GGGCAA/TTGCCC	1	9	9	2	-2.3	*	5Qh2i&-@@^5QD,~	&-)\1z!!!9~
TTNCCCG/CGGGNAA	-4	8	8	1	-2.8	-0,-1	N.A.	N.A.
CGGCNAT/ATNGCCG	1	7	7	0	-3.1	-2,3	N.A.	N.A.
GCGGCNA/TNGCCGC	0	7	7	0	-3.1	4,5	N.A.	N.A.
CGGCCC/GGGCCG	1	7	7	3	-1.5	*	&;gSr!!3~	!!!$"!!3-#!!!9~
GNGGCAA/TTGCCNC	0	7	7	1	-2.5	6,4	N.A.	N.A.
AGCGGC/GCCGCT	-1	6	6	1	-2.2	*	!WXtU!"],1+9~	z!W~
TCATCG/CGATGA	-3	6	6	2	-1.5	*	&:a`\!$hPp!!",~	!!!-%"9~
GGCAAT/ATTGCC	2	6	6	1	-2.2	*	#QOl+!!3-#^]~	&-~
CGGCTNC/GNAGCCG	1	6	6	0	-2.8	7,-8	N.A.	N.A.
TTTCGG/CCGAAA	-3	6	6	2	-1.5	*	!!&,]!WW3#!!*(M~	!!!!%!!!!"~
AAACGG/CCGTTT	-2	5	5	1	-1.8	*	!!!!"KE(uP!WW3$~	zz!!i~
GGCTAT/ATAGCC	2	5	5	1	-1.8	*	!"],AJcGcN+9~	J,~
TCGGCT/AGCCGA	0	5	5	1	-2.2	*	(]XO9J,fQL!!r~	zz"9~
CGATTT/AAATCG	3	4	4	1	-1.5	*	!!!$"!<<*"!!!-E~	z!!!!%~
CAAACG/CGTTTG	4	4	4	1	-1.5	*	zJ,fQl!WW3$~	!!3~
GGCTAC/GTAGCC	2	4	4	0	-2.5	*	#QOi)&-)\qJ,~	
TAAAGG/CCTTTA	-4	4	4	1	-1.5	*	!!iQI!!%NL!!*~	zz!"]~
TGGTTA/TAACCA	0	3	3	0	-1.5	*	!!!!A!!!"L!$D~	
$$$
CGGGAAA/TTTCCCG	0	4	4	0	-2.2	0	z!!!!1!!k7~	
CGGGCAA/TTGCCCG	0	4	4	1	-1.5	1	5QCoe!!3-#!!!'~	&-~
ATAGCCG/CGGCTAT	0	4	4	0	-2.2	2	!!!!1JcGcN+9~	
CGGCAAT/ATTGCCG	0	3	3	0	-1.8	3	!!!$#zJ,~	
GCGGCAA/TTGCCGC	0	3	3	0	-1.8	4	!!!!1zJc~	
GCGGCTA/TAGCCGC	0	5	5	0	-2.5	5	!$FN>!W~	
GGGGCAA/TTGCCCC	0	4	4	1	-1.5	6	!!E9%&-.4\!!!9~	zz!!!9~
CGGCTCC/GGAGCCG	0	3	3	0	-1.8	7	!!!!)z!!iQI~	
GTAGCCG/CGGCTAC	0	3	3	0	-2.2	8	#QOi)&-)\1J,~	
%%%
6 6 6 8 8 0 6 6 0 0 8 0 6 7 0 6 11 7 9 0 7 6 7 6 10 7 0 6 8 6 0 0 0 8 6 0 7 0 0 8 0 7 6 0 7 6 0 0 0 0 0 0 6 6 0 7 0 0 0 0 9 6 6 6 0 10 6 0 0 7 7 8 6 0 0 7 6 6 0 0 0 6 0 7 0 6 0 0 6 0 0 6 0 6 0 6 6 0 
0 6 0 0 7 0 0 6 0 6 0 0 0 0 0 6 0 0 6 0 0 0 6 0 6 0 6 6 0 0 0 0 0 6 6 0 0 0 0 0 0 6 0 0 0 0 0 0 0 0 0 0 0 0 0 0 6 0 0 0 0 6 0 6 0 0 6 0 0 0 0 0 0 0 0 6 0 0 0 0 0 0 0 7 0 0 0 0 6 0 0 0 0 0 0 0 0 0 
1.3723 1.2285 1.2104 1.2293 1.3868 0.7873 1.1978 1.3631 1.2665 1.2562 1.2621 1.3235 0.9070 1.1405 1.1849 1.1640 0.9939 1.0968 1.2293 1.0875 1.1056 1.2033 0.9873 1.1255 0.8660 0.9754 0.7635 1.0629 0.9692 0.8008 1.0440 1.0680 0.9479 0.8679 1.1759 1.0818 1.2349 0.9212 0.8084 1.1176 1.4326 1.0082 0.8946 0.9560 1.0038 0.8487 0.7398 0.7845 0.7503 0.8205 0.8980 0.8917 0.8964 0.8383 0.7325 0.9305 0.7414 1.0174 1.3924 0.7287 1.0158 0.7697 1.0107 0.7901 1.0214 0.9948 1.1536 0.9503 0.7398 0.8340 0.8917 1.0491 1.0799 0.8001 0.7697 0.8609 0.7209 0.7537 0.7728 0.8801 0.7325 0.7778 0.8286 0.9305 0.9892 0.9318 1.3575 0.9040 0.9458 1.0158 0.8749 0.9394 0.9255 0.9143 1.3538 1.1273 1.2844 1.1863 
