#Cat8_GEM_1.m1
#KSM version: 1
#98/98
#1.22
#k-mer/r.c.    	Offset	PosCt	wPosCt	NegCt	HgpLg10	CIDs	PosHits (base85 encoding)	NegHits (base85 encoding)
AATGGAA/TTCCATT	1	8	8	4	-1.4	*	&4?d(!!!!s!!!!"~	!<<-#!!!!)!!3~
AAGTGGA/TCCACTT	0	4	4	1	-1.5	*	!!!!1z!$DgQ!<~	z!<~
AATGGAG/CTCCATT	1	4	4	1	-1.8	*	JNs28z"9~	!"]~
TAAGGGA/TCCCTTA	0	4	4	0	-2.2	*	!!!$"!!!!A!>#~	
CAATGGA/TCCATTG	0	4	4	1	-1.8	*	&-)\1"98E5!!!!"~	zz!!3~
AAATGGA/TCCATTT	0	4	4	0	-2.2	*	!%7gI!!!$""9~	
GACCTTT/AAAGGTC	5	3	3	0	-1.8	*	z"98K'!!!!)~	
AACAATT/AATTGTT	-5	3	3	0	-1.8	*	z!!!!5&-~	
TGCCGGT/ACCGGCA	-3	3	3	0	-1.8	*	!!!$"!!!Q1!!%N~	
ACGGAAG/CTTCCGT	2	3	3	0	-1.8	*	z!)NXq!!!!%~	
ATGGAGC/GCTCCAT	2	3	3	0	-1.8	*	J,fQL!!!9)"9~	
GTGGAAT/ATTCCAC	2	3	3	0	-1.8	*	!!",A!<<*"5Q~	
GGCCAAT/ATTGGCC	-3	3	3	0	-1.8	*	!!!'#!!3-#!!!!"~	
TTGGATG/CATCCAA	-2	3	3	0	-1.8	*	!'gMaz!!%NL!<~	
TATGGGG/CCCCATA	1	3	3	0	-1.8	*	&-)\1z!!FD~	
ATCGGAG/CTCCGAT	6	3	3	0	-1.8	*	#Ts*Q~	
CTCTATA/TATAGAG	7	3	3	0	-1.8	*	z!!%NL!!#=~	
GATCGAT/ATCGATC	5	3	3	0	-1.8	*	!!*'"!!!$"z!<~	
GATGAAT/ATTCATC	-3	3	3	0	-1.8	*	!!E9%z!!",A!<~	
AATGGAC/GTCCATT	1	3	3	0	-1.8	*	!!iQ)"98H~	
GCCGGAA/TTCCGGC	-7	3	3	0	-1.8	*	z!!!!#!!!QA~	
$$$
%%%
7 0 0 7 8 0 0 8 7 0 11 8 0 7 7 0 7 7 0 7 0 7 0 0 0 0 7 7 7 0 0 0 7 0 12 0 0 0 0 0 0 7 0 0 7 0 7 0 8 7 0 7 7 0 0 0 0 7 7 0 7 7 7 7 7 0 9 0 7 0 7 0 0 0 7 0 7 7 0 0 0 0 0 0 7 7 0 7 7 0 7 7 0 0 0 0 12 0 
7 0 0 0 0 0 0 0 0 0 0 0 7 0 0 0 7 0 0 0 0 0 0 0 0 0 0 0 0 0 0 0 7 0 0 0 0 0 0 0 0 0 0 0 0 0 0 0 0 0 0 0 0 0 0 0 0 0 0 7 0 0 0 0 0 0 0 0 0 0 0 0 0 8 0 0 0 0 0 0 0 0 0 0 0 0 0 0 0 0 0 0 0 0 0 0 0 0 
1.3723 1.2285 1.2104 1.2293 1.3868 0.7873 1.1978 1.3631 1.2665 1.2562 1.2621 1.3235 0.9070 1.1405 1.1849 1.1640 0.9939 1.0968 1.2293 1.0875 1.1056 1.2033 0.9873 1.1255 0.8660 0.9754 0.7635 1.0629 0.9692 0.8008 1.0440 1.0680 0.9479 0.8679 1.1759 1.0818 1.2349 0.9212 0.8084 1.1176 1.4326 1.0082 0.8946 0.9560 1.0038 0.8487 0.7398 0.7845 0.7503 0.8205 0.8980 0.8917 0.8964 0.8383 0.7325 0.9305 0.7414 1.0174 1.3924 0.7287 1.0158 0.7697 1.0107 0.7901 1.0214 0.9948 1.1536 0.9503 0.7398 0.8340 0.8917 1.0491 1.0799 0.8001 0.7697 0.8609 0.7209 0.7537 0.7728 0.8801 0.7325 0.7778 0.8286 0.9305 0.9892 0.9318 1.3575 0.9040 0.9458 1.0158 0.8749 0.9394 0.9255 0.9143 1.3538 1.1273 1.2844 1.1863 
