#Cat8_GEM_1.m5
#KSM version: 1
#98/98
#1.11
#k-mer/r.c.      	Offset	PosCt	wPosCt	NegCt	HgpLg10	CIDs	PosHits (base85 encoding)	NegHits (base85 encoding)
AAAAAAGA/TCTTTTTT	1	5	5	1	-1.8	*	!!%fT!!!!#!WW6~	zz!!*~
AATGGAAA/TTTCCATT	3	5	5	2	-1.5	*	&-Mt5!!!!s~	!<<*"!!!!)~
GGAAAAGG/CCTTTTCC	1	4	4	1	-1.5	*	!!!!aJ-5iP!!!!)~	zz!!3~
GTTGAATG/CATTCAAC	-1	3	3	0	-1.8	*	J,fQLz!'l&~	
CGGATTAA/TTAATCCG	-3	3	3	0	-2.2	*	!([(iz!<~	
GATCGGAG/CTCCGATC	8	3	3	0	-1.8	*	#Ts*Q~	
GGGAATGG/CCATTCCC	0	3	3	0	-1.8	*	!!!9)!!!!a&-~	
TAAAGGGG/CCCCTTTA	2	3	3	0	-1.8	*	!!iQI!!%N~	
TCAATGGA/TCCATTGA	1	3	3	0	-2.2	*	&-)\1"98E5~	
TCCGTCCG/CGGACGGA	-6	3	3	0	-1.8	*	!e:7Nz!!!!%~	
TGAATGGA/TCCATTCA	1	3	3	1	-1.5	*	JHP~	z!!!!)~
$$$
%%%
8 8 0 0 10 0 0 8 0 0 10 13 0 0 8 8 0 0 0 8 0 0 0 8 0 0 0 0 0 8 8 0 0 0 8 0 0 0 0 8 0 0 8 0 0 0 0 0 0 0 0 0 0 0 0 8 0 8 0 0 10 0 11 0 8 8 0 0 8 0 0 0 0 8 0 0 0 0 10 0 8 0 0 0 0 8 0 8 0 0 8 8 0 0 0 0 0 0 
8 0 0 0 0 0 0 0 0 0 0 0 0 0 0 0 0 0 0 0 0 0 0 0 0 0 0 0 0 0 0 0 0 0 0 0 0 0 0 0 0 0 0 0 0 0 0 0 0 0 0 0 0 0 0 0 0 0 0 10 0 0 0 0 0 0 0 0 0 0 0 0 8 8 0 0 0 0 0 0 0 0 0 0 0 0 0 0 0 0 0 0 0 0 0 0 0 0 
1.3723 1.2285 1.2104 1.2293 1.3868 0.7873 1.1978 1.3631 1.2665 1.2562 1.2621 1.3235 0.9070 1.1405 1.1849 1.1640 0.9939 1.0968 1.2293 1.0875 1.1056 1.2033 0.9873 1.1255 0.8660 0.9754 0.7635 1.0629 0.9692 0.8008 1.0440 1.0680 0.9479 0.8679 1.1759 1.0818 1.2349 0.9212 0.8084 1.1176 1.4326 1.0082 0.8946 0.9560 1.0038 0.8487 0.7398 0.7845 0.7503 0.8205 0.8980 0.8917 0.8964 0.8383 0.7325 0.9305 0.7414 1.0174 1.3924 0.7287 1.0158 0.7697 1.0107 0.7901 1.0214 0.9948 1.1536 0.9503 0.7398 0.8340 0.8917 1.0491 1.0799 0.8001 0.7697 0.8609 0.7209 0.7537 0.7728 0.8801 0.7325 0.7778 0.8286 0.9305 0.9892 0.9318 1.3575 0.9040 0.9458 1.0158 0.8749 0.9394 0.9255 0.9143 1.3538 1.1273 1.2844 1.1863 
