DE Cat8_GEM_1_m0 5.80 5 k7_c64
1 0 61 2 0 C
2 5 56 3 0 C
3 0 15 48 0 G
4 0 33 30 0 C
5 51 0 12 0 A
XX

DE Cat8_GEM_1_m1 5.84 0 k7_c63
1 50 5 8 0 A
2 0 8 8 46 T
3 0 0 62 0 G
4 0 0 62 0 G
5 48 6 8 0 A
XX

DE Cat8_GEM_1_m2 6.73 4 k6_c49
1 0 35 13 0 C
2 0 0 48 0 G
3 0 2 45 1 G
4 0 45 1 3 C
5 13 11 6 20 T
6 26 17 0 5 A
XX

DE Cat8_GEM_1_m3 6.83 -3 k6_c54
1 0 4 49 0 G
2 0 8 46 0 G
3 41 12 1 0 A
4 52 2 0 0 A
5 47 0 0 6 A
6 31 5 9 10 A
XX

DE Cat8_GEM_1_m4 5.52 6 k5_c46
1 2 4 36 3 G
2 0 0 0 45 T
3 10 30 1 4 C
4 45 0 0 0 A
5 1 2 5 38 T
XX

DE Cat8_GEM_1_m5 7.33 7 k8_c42
1 7 6 16 13 G
2 9 9 20 4 G
3 41 0 0 0 A
4 41 0 0 0 A
5 26 1 1 14 A
6 20 0 17 4 A
7 0 0 41 0 G
8 19 6 12 4 A
XX

DE Cat8_GEM_1_m6 5.51 3 k6_c21
1 11 1 5 4 A
2 0 0 20 0 G
3 0 20 0 0 C
4 12 0 8 0 A
5 0 0 0 20 T
6 0 0 20 0 G
XX

DE Cat8_GEM_1_m7 9.88 2 k8_c20
1 0 6 7 6 G
2 0 16 1 2 C
3 0 4 15 0 G
4 0 18 1 0 C
5 1 17 1 0 C
6 1 5 14 0 G
7 2 0 15 2 G
8 3 1 15 1 G
XX

DE Cat8_GEM_1_m8 8.64 -9 k9_c19
1 10 0 6 2 A
2 15 0 3 0 A
3 17 1 0 0 A
4 15 2 2 0 A
5 17 0 1 0 A
6 15 0 4 0 A
7 18 0 0 0 A
8 3 0 14 2 G
9 15 2 0 1 A
XX

DE Cat8_GEM_1_m9 8.71 18 k9_c18
1 12 1 3 2 A
2 0 0 16 2 G
3 0 11 6 0 C
4 0 0 17 0 G
5 0 2 15 0 G
6 8 7 3 0 A
7 0 0 17 0 G
8 0 0 17 0 G
9 1 8 9 0 G
XX

DE Cat8_GEM_1_m10 10.88 27 k9_c13
1 0 0 0 12 T
2 0 12 0 0 C
3 8 3 0 2 A
4 0 3 3 7 T
5 0 10 1 1 C
6 0 0 11 1 G
7 0 1 9 3 G
8 0 12 0 0 C
9 0 12 0 0 C
XX

