-300	6.15507653990594E-4
-299	6.921415561984898E-4
-298	7.59399087629567E-4
-297	8.079038775070067E-4
-296	8.282795550539907E-4
-295	8.167426425502651E-4
-294	7.918812345018357E-4
-293	7.778763184712737E-4
-292	7.927800579716545E-4
-291	8.301293203180746E-4
-290	8.773321487761351E-4
-289	9.231681635841885E-4
-288	9.619032928715943E-4
-287	9.89175041740463E-4
-286	0.0010023670632142805
-285	0.0010058476020020372
-284	0.0010057310507340992
-283	0.0010063843198173834
-282	0.0010051843907650131
-281	9.977607628666634E-4
-280	9.82443105523766E-4
-279	9.683617685847859E-4
-278	9.673472720099445E-4
-277	9.882225644320772E-4
-276	0.0010277803091744738
-275	0.001079805598233037
-274	0.001135490507591497
-273	0.0011756550491848925
-272	0.0011785262189360904
-271	0.0011351023074666928
-270	0.0010874667841932445
-269	0.0010904744132310268
-268	0.001175577867502386
-267	0.0012806214551579294
-266	0.0013200473931553288
-265	0.0012392134080354627
-264	0.0011071392646720322
-263	0.0010237602375219427
-262	0.0010584629670494278
-261	0.0011584395577480266
-260	0.0012403334801186054
-259	0.0012444316720027144
-258	0.0012055949406046408
-257	0.0011823275604693566
-256	0.0012143745618235146
-255	0.001266443997620496
-254	0.001284484676495363
-253	0.0012333039822398175
-252	0.0011531435992721201
-251	0.0011031037871671713
-250	0.0011249581061418866
-249	0.001191173318981245
-248	0.0012568894891122416
-247	0.0012871838130526227
-246	0.0012868820196831469
-245	0.001270746970975324
-244	0.0012521133322752878
-243	0.0012386029824276651
-242	0.0012364096036517047
-241	0.001248547062868896
-240	0.0012653099658096916
-239	0.001273813102906782
-238	0.0012672429290614647
-237	0.0012630725570494578
-236	0.0012848467641150844
-235	0.001347117532542798
-234	0.0014284656647775731
-233	0.0014984791683045151
-232	0.0015335259473498461
-231	0.0015370934931042658
-230	0.0015194491934995907
-229	0.0014921421773269195
-228	0.0014718485368144774
-227	0.0014765261050497707
-226	0.0015150374316644111
-225	0.001559863932466432
-224	0.0015743917398079728
-223	0.0015376343095093266
-222	0.0014911143912634084
-221	0.0014919820582312865
-220	0.0015752727580649161
-219	0.0016875634363797904
-218	0.001753316413282289
-217	0.00172268343536352
-216	0.001648573955153515
-215	0.001609586851667035
-214	0.0016590545148411
-213	0.0017492433783017716
-212	0.0018071533865973678
-211	0.0017811511755340093
-210	0.0017050701459490176
-209	0.0016341103899375157
-208	0.0016109412503165644
-207	0.0016281090727909848
-206	0.0016656294537875378
-205	0.0017088092529610318
-204	0.0017641203828784732
-203	0.0018433260193349153
-202	0.001947025855983418
-201	0.0020311656579090624
-200	0.0020405277080549357
-199	0.0019448261106003468
-198	0.0018135022546694997
-197	0.0017409293506228224
-196	0.001792618077334147
-195	0.0019186289877309295
-194	0.002040160103254032
-193	0.0020963456575434805
-192	0.002098064733035965
-191	0.002074132624367339
-190	0.002049766413991236
-189	0.0020357903356324134
-188	0.0020394304108334064
-187	0.0020647505174599956
-186	0.002103165958670932
-185	0.002142929893948212
-184	0.002174435281771872
-183	0.0021966342766141164
-182	0.0022106188319451904
-181	0.00221751185413699
-180	0.0022185600611680117
-179	0.0022150411239184034
-178	0.0022096012999142842
-177	0.002210361193265662
-176	0.002226809994728514
-175	0.0022671526091175413
-174	0.0023344567974823258
-173	0.0024305060349311715
-172	0.0025513045064197507
-171	0.00266973923629321
-170	0.002752917958744063
-169	0.0027787460083324583
-168	0.0027683191210890776
-167	0.002753530633412237
-166	0.0027555977611495
-165	0.0027530332379454387
-164	0.0027136736768938745
-163	0.0026235363961462283
-162	0.0025413615340843195
-161	0.0025440699341475674
-160	0.0026813005278818187
-159	0.0028935645992586374
-158	0.0030940915203560154
-157	0.0032093884958763635
-156	0.003219074061019775
-155	0.0031160445836107597
-154	0.002915176512612105
-153	0.002719266621539699
-152	0.002653091765047707
-151	0.0027924239207907926
-150	0.0030170155584256352
-149	0.0031576142706094155
-148	0.003091842805239204
-147	0.0028848245311716325
-146	0.0026485579725032244
-145	0.0024793537327098933
-144	0.002410770732785127
-143	0.0024606799731018035
-142	0.002625965849904497
-141	0.0028195663429245598
-140	0.0029334328277650385
-139	0.0028951587754288068
-138	0.0027749060385180587
-137	0.002678478565034813
-136	0.002682473376459032
-135	0.0027466597881824423
-134	0.0028016001890747125
-133	0.0028006557457612015
-132	0.0027883827358900436
-131	0.0028321362148650653
-130	0.002970185082316122
-129	0.0031244536147771894
-128	0.0031877799330082735
-127	0.0030928973057004223
-126	0.0029321195932688494
-125	0.0028376558040598084
-124	0.0028989912461702167
-123	0.003034716426699635
-122	0.0031206981524982856
-121	0.00307008223451412
-120	0.0029451305000860123
-119	0.002845383780650566
-118	0.0028441073942872142
-117	0.0029094646056467073
-116	0.0029833431660226256
-115	0.0030219174542624135
-114	0.003038508359428982
-113	0.003060723398139108
-112	0.0031088584160258283
-111	0.003173962574787227
-110	0.0032397733651376498
-109	0.0032910393705017863
-108	0.003316553545145708
-107	0.00330611993604583
-106	0.0032496761942764473
-105	0.0031376943873033733
-104	0.002960780186690299
-103	0.0027267705402410683
-102	0.002512427500720137
-101	0.002411744397132111
-100	0.0024857561325268038
-99	0.002663663906134857
-98	0.0028417104912321174
-97	0.002942274966648447
-96	0.0029922816334297664
-95	0.0030447910981760105
-94	0.0031363004879597913
-93	0.003237053011744425
-92	0.0033007283989659048
-91	0.003293112810342177
-90	0.0032284181317190075
-89	0.003132962680224117
-88	0.003034182116416443
-87	0.002963981474579793
-86	0.0029553831324291915
-85	0.0030292263154301866
-84	0.003157617640050417
-83	0.003300480570508044
-82	0.0034222310615795865
-81	0.0035052550302749836
-80	0.0035364308841625315
-79	0.003512693201022675
-78	0.003471201239484462
-77	0.0034591704283890926
-76	0.0035133778028731332
-75	0.003628846823254631
-74	0.0037901625561470023
-73	0.003972987770154547
-72	0.004117296041845097
-71	0.004154138649777367
-70	0.004042844922788035
-69	0.003855856390825629
-68	0.0036938926341166414
-67	0.0036335768278947323
-66	0.003655146527422241
-65	0.003714742882968674
-64	0.0037738077966515647
-63	0.0038149861779805463
-62	0.0038262236883132806
-61	0.0037976002593117075
-60	0.0037277329038548955
-59	0.0036173729051261934
-58	0.0034799873751159816
-57	0.0033799067410427643
-56	0.0033941772589320763
-55	0.0035639024159868846
-54	0.0037864146241198887
-53	0.003923103526421222
-52	0.0038813459335447394
-51	0.00375246732639918
-50	0.003673780353457009
-49	0.0037415711394245526
-48	0.0038880197139435956
-47	0.004004279582889789
-46	0.004010807810477235
-45	0.0039452756942738665
-44	0.003874658090186069
-43	0.003850764172303595
-42	0.0038647403874496663
-41	0.0038925675006308688
-40	0.003911285413197032
-39	0.0039021705718709516
-38	0.003847558559718669
-37	0.003741119131568034
-36	0.003621858729294151
-35	0.003540117966533937
-34	0.0035363176785699665
-33	0.00361119958726746
-32	0.003755585636137296
-31	0.003945571593867562
-30	0.004098348529855195
-29	0.004116381338674343
-28	0.003945554950084144
-27	0.003705434434583729
-26	0.003559004897857223
-25	0.003637802126107028
-24	0.003947564627608659
-23	0.004462581591155907
-22	0.005130328473101666
-21	0.005791025800035239
-20	0.006258080366105025
-19	0.006392263307535416
-18	0.006243803128854758
-17	0.005910292676667393
-16	0.005497801422163428
-15	0.005146305334876057
-14	0.0050042570089242405
-13	0.005157266860082766
-12	0.005439576590749722
-11	0.005622585724979023
-10	0.005543186285655359
-9	0.005300240290986525
-8	0.005058102258011094
-7	0.0049387264488412255
-6	0.004894466105883449
-5	0.00483527421661788
-4	0.00469727562232563
-3	0.004521282579491776
-2	0.004374279198402391
-1	0.004299715958161502
0	0.004246908813144975
1	0.004141640086546631
2	0.003932564856809664
3	0.0036598292233747448
4	0.0033864520409319096
5	0.003167322914596533
6	0.003024814451185331
7	0.002973170007940357
8	0.003011754915772643
9	0.003080422400269153
10	0.0031041476606858322
11	0.0030280140787682635
12	0.0028775377662205877
13	0.0026983430172365847
14	0.0025293061316662463
15	0.002382311431984407
16	0.002262495246322115
17	0.0021754050590173644
18	0.0021282329792359452
19	0.002128582272350591
20	0.002175278378032356
21	0.002232035433145568
22	0.0022537897488528707
23	0.002211374789289641
24	0.0021392126304821788
25	0.0020876225014295167
26	0.002089942640788738
27	0.002111587325849137
28	0.0021009898435580604
29	0.0020259307409140844
30	0.001931579605120706
31	0.0018824532834326524
32	0.0019219310633768983
33	0.0020088419935694168
34	0.002080877562898428
35	0.002088557732208953
36	0.0020337163501732204
37	0.0019310157374202578
38	0.0018004247522442438
39	0.0016831384035999545
40	0.0016256582381073152
41	0.001654197384164318
42	0.0017138152972812205
43	0.0017292830147463466
44	0.001647981919301314
45	0.001507734775500918
46	0.0013689746933532472
47	0.0012793936262598127
48	0.0012357189011958103
49	0.0012219366885298576
50	0.0012238793653802068
51	0.0012347641358636497
52	0.0012496544108466137
53	0.0012607353980451383
54	0.001248679492573718
55	0.0011912808863964609
56	0.0010823184062481253
57	9.79509417946074E-4
58	9.565559220783202E-4
59	0.0010589476629070083
60	0.0012193253593908097
61	0.0013421174741625253
62	0.0013562442462872117
63	0.0012885930205589465
64	0.0011905429182040618
65	0.0011041949239215972
66	0.0010345374763014255
67	9.772808774061263E-4
68	9.293422803534695E-4
69	8.924662424819811E-4
70	8.696041721853771E-4
71	8.614817552760369E-4
72	8.599217872409949E-4
73	8.54521340985948E-4
74	8.380356493413921E-4
75	8.158525848370121E-4
76	7.965181799272907E-4
77	7.85361449245775E-4
78	7.748433361422697E-4
79	7.542077661456441E-4
80	7.187798955237528E-4
81	6.882098035003982E-4
82	6.882288000383681E-4
83	7.340203893624647E-4
84	7.985768527455491E-4
85	8.44342665722497E-4
86	8.437691549658794E-4
87	8.093350516990509E-4
88	7.635259382830612E-4
89	7.246060946084523E-4
90	6.939545906837343E-4
91	6.687291940469084E-4
92	6.481605944533517E-4
93	6.39771170527944E-4
94	6.531562231129407E-4
95	6.912561086430421E-4
96	7.303914059227289E-4
97	7.402277493489271E-4
98	7.029549607522531E-4
99	6.508596116980878E-4
100	6.287524611855031E-4
101	6.671667888821156E-4
102	7.395259571297244E-4
103	8.049758489386738E-4
104	8.320794801474718E-4
105	8.270683979072838E-4
106	8.055912821974385E-4
107	7.807575852683355E-4
108	7.555198484546564E-4
109	7.302913853621539E-4
110	7.058352977389184E-4
111	6.843138399023957E-4
112	6.682390543123696E-4
113	6.600362788715461E-4
114	6.617840332543173E-4
115	6.754741325779974E-4
116	7.000706459424053E-4
117	7.224266583773768E-4
118	7.263675088952532E-4
119	7.026883151569787E-4
120	6.700633094179127E-4
121	6.541365025820179E-4
122	6.716384134407286E-4
123	7.036455923353648E-4
124	7.22321097494718E-4
125	7.078869627305198E-4
126	6.728011241862632E-4
127	6.375804935883817E-4
128	6.18223485601321E-4
129	6.126545266415766E-4
130	6.142795460636561E-4
131	6.166223914779423E-4
132	6.136785835183177E-4
133	5.995615610745398E-4
134	5.724000230987697E-4
135	5.46383708792786E-4
136	5.397176174207709E-4
137	5.625576343796416E-4
138	5.928631895972563E-4
139	6.005445991342083E-4
140	5.657525615269939E-4
141	5.095993052157229E-4
142	4.63437441116409E-4
143	4.4950299403889987E-4
144	4.5356564436838305E-4
145	4.5227848638388057E-4
146	4.2841273181439227E-4
147	3.892120621888303E-4
148	3.480382764860846E-4
149	3.1742746652415265E-4
150	3.066128954774629E-4
151	3.2400211935955104E-4
152	3.7154459891485046E-4
153	4.2535741381138323E-4
154	4.5509954844806923E-4
155	4.4038240371862994E-4
156	4.006270464959946E-4
157	3.652069601478942E-4
158	3.5604751184869886E-4
159	3.652816039993332E-4
160	3.775940228073607E-4
161	3.804358153654732E-4
162	3.723230723068765E-4
163	3.5453814514990446E-4
164	3.3024253824592945E-4
165	3.101143672784759E-4
166	3.067109007641067E-4
167	3.267666497024498E-4
168	3.5372509502539423E-4
169	3.652069601478942E-4
170	3.467506346665951E-4
171	3.1556517290490547E-4
172	2.9677729536792486E-4
173	3.0770657373095574E-4
174	3.3444398435011257E-4
175	3.552733547517124E-4
176	3.5443912253272405E-4
177	3.400281655727219E-4
178	3.2608797182193165E-4
179	3.2253964097497383E-4
180	3.227987197040484E-4
181	3.1615436642574985E-4
182	2.961864967320231E-4
183	2.7363805491621376E-4
184	2.635427424470175E-4
185	2.7610058912967656E-4
186	3.0217693811561837E-4
187	3.278034608928169E-4
188	3.4150603104688446E-4
189	3.417873305539868E-4
190	3.2964424348792826E-4
191	3.073301338998874E-4
192	2.8212428575054093E-4
193	2.6256246297794026E-4
194	2.550292122586587E-4
195	2.573042112233587E-4
196	2.6501592024122487E-4
197	2.744770075189797E-4
198	2.8473697261349767E-4
199	2.95529522919191E-4
200	3.0658836583047203E-4
