#Rgt1_GEM_1.m4
#KSM version: 1
#143/143
#1.33
#k-mer/r.c.    	Offset	PosCt	wPosCt	NegCt	HgpLg10	CIDs	PosHits (base85 encoding)	NegHits (base85 encoding)
ATANTCCG/CGGANTAT	2	7	8	0	-3.4	-0,1	N.A.	N.A.
GATAANCC/GGNTTATC	1	7	8	1	-2.8	2,3	N.A.	N.A.
GAGATNTT/AANATCTC	-1	7	7	0	-3.1	4,5	N.A.	N.A.
GATATTC/GAATATC	1	7	7	2	-1.7	*	&cr%=!!5E9~	zzzz!"8~
ATATTCC/GGAATAT	2	5	5	1	-2.1	*	&c_n3!!3.O~	z!!i~
GATAATC/GATTATC	1	4	4	1	-1.5	*	!X&K'!"],1!'g~	zzz!!!-~
AGATATT/AATATCT	0	3	3	0	-1.8	*	!Wi?%!!!-~	
GTTATTC/GAATAAC	1	3	3	0	-1.8	*	&-.4\zz+9~	
GAGATAT/ATATCTC	-1	3	3	0	-1.8	*	!Wi?%!!!-~	
$$$
CGGAATAT/ATATTCCG	0	4	4	0	-2.5	0	&c_n3!!3.N~	
ATAATCCG/CGGATTAT	0	4	4	0	-2.1	1	!X&K'z!'gMaz!<~	
GATAATCC/GGATTATC	0	4	4	1	-1.5	2	!X&K'!"],1!'g~	zzz!!!-~
GATAAACC/GGTTTATC	0	3	3	0	-1.8	3	!<<*"+92BAzz!<~	
GAGATATT/AATATCTC	0	3	3	0	-1.8	4	!Wi?%!!!-~	
GAGATTTT/AAAATCTC	0	4	4	0	-1.8	5	z!<<*"z!XJc/~	
%%%
7 9 0 0 9 0 0 0 0 9 9 0 0 0 0 0 0 0 0 0 0 0 0 7 0 0 0 7 0 0 0 0 9 0 0 0 0 7 0 0 0 9 0 7 8 0 0 0 0 0 7 0 0 0 7 0 7 0 0 0 0 0 0 9 0 0 0 0 0 0 0 7 0 0 0 0 0 0 9 7 0 0 0 0 0 0 0 0 7 0 0 0 0 0 0 0 0 9 0 0 0 7 0 0 0 0 0 9 0 0 0 0 0 0 0 0 0 0 0 0 0 0 9 0 0 0 0 0 7 0 0 0 0 0 0 0 0 0 0 0 0 0 0 
0 0 0 0 7 0 0 0 0 0 0 0 0 0 0 0 0 0 0 0 0 0 0 0 0 0 0 0 0 0 0 0 0 0 0 0 0 0 0 0 0 0 0 7 0 0 0 0 0 7 0 0 0 0 0 0 0 0 0 0 0 0 0 0 0 0 0 0 0 0 0 0 0 0 0 0 0 0 0 0 0 0 0 0 0 0 0 0 0 0 0 7 0 0 0 0 0 0 0 0 0 0 0 0 0 0 0 0 0 0 0 0 0 0 8 0 0 0 0 0 0 0 0 0 0 0 0 0 0 0 0 0 0 0 0 0 0 0 7 7 0 0 0 
1.3798 1.2632 1.3520 1.4000 1.3532 1.2076 1.2839 1.3013 0.9963 1.2568 1.3329 0.7161 1.1100 0.7833 1.1154 1.2446 1.2417 0.7833 1.2216 1.1332 1.2662 1.2794 1.1022 1.1532 1.2283 1.1857 1.2180 0.7804 1.2103 1.1139 0.8986 0.7340 0.9474 0.7056 1.0163 1.2640 1.0359 1.1954 1.0498 0.9336 1.0690 1.0547 0.9661 1.0256 0.9151 1.1684 1.0367 1.1700 1.0633 0.7392 0.7226 1.0733 1.1301 1.0454 0.8430 0.8678 1.3010 0.9645 0.7123 1.1310 1.1495 0.8833 0.9745 0.9098 0.8957 0.9077 0.6982 0.8068 1.1463 0.8562 0.8145 1.0468 0.8068 0.9421 1.0578 1.1922 0.8459 0.8353 0.8629 1.1174 0.7699 1.1378 1.0023 1.0158 1.0259 0.8815 1.0018 1.0130 0.8649 0.9674 0.7289 0.8767 0.8260 0.7161 1.1193 1.0783 0.8491 0.6559 0.9174 0.8844 0.8358 0.7847 1.1456 0.8217 0.8721 0.7521 0.8459 0.7987 0.8302 0.8416 1.0439 1.0736 0.8815 0.9095 1.0590 0.8440 1.0161 1.1030 1.1240 0.7454 0.8477 1.0481 0.9471 0.9989 0.8246 0.7226 0.9106 0.8292 0.9225 0.8522 0.7818 0.7668 1.1416 1.1323 1.3383 1.1456 1.1300 1.0174 1.1096 1.1153 1.1212 1.0908 1.0024 
