#Rgt1_GEM_1.m3
#KSM version: 1
#143/143
#1.22
#k-mer/r.c.	Offset	PosCt	wPosCt	NegCt	HgpLg10	CIDs	PosHits (base85 encoding)	NegHits (base85 encoding)
CATCA/TGATG	1	16	16	8	-1.6	*	!!!'#!<NN0&-)]^5QUoc((C~	!!#7a!!%fT!!!!A5QUoc!!N~
CATCT/AGATG	1	15	15	7	-1.5	*	!.Y'""99!L!!E9%![&$cJ3X~	!'gN,!"],1z"98u5!+5~
GCATC/GATGC	0	14	14	4	-2.5	*	!!!(N5sZ=f!!!!#!!3-#P!B~	!!!!Azz#QOi)!C-~
CCCNCA/TGNGGG	0	12	12	2	-3.1	0,1	N.A.	N.A.
CNCTCA/TGAGNG	0	11	11	1	-3.7	2,0	N.A.	N.A.
CNTCAG/CTGANG	1	10	11	1	-3.7	-3,4	N.A.	N.A.
CGTCA/TGACG	1	11	11	5	-1.5	*	!!#gq!,)@_!!!!1!.YU\+T~	!!!!a!!!#'!'g~
CANCAG/CTGNTG	1	10	10	1	-3.4	4,-5	N.A.	N.A.
CGNCAG/CTGNCG	1	9	10	1	-3.4	-3,-6	N.A.	N.A.
CGTNAG/CTNACG	1	9	10	0	-4.0	-3,-7	N.A.	N.A.
GCANCA/TGNTGC	0	11	10	1	-3.4	8,9	N.A.	N.A.
CCNTCA/TGANGG	0	9	9	1	-3.1	0,-10	N.A.	N.A.
CNTCAC/GTGANG	1	9	9	2	-2.3	11,12	N.A.	N.A.
GCAGNA/TNCTGC	0	8	8	1	-2.8	-13,8	N.A.	N.A.
$$$
CCCTCA/TGAGGG	0	6	6	0	-2.8	0	!!!Q1+92BA+92ZI!!!9)J,~	
CCCACA/TGTGGG	0	6	6	2	-1.5	1	!!iQ)6i[4;!!!!"z+9~	!!iQ)zz!!3~
CTCTCA/TGAGAG	0	5	5	1	-1.8	2	#_2mT!!!-%!r~	zz!$D~
CTGACG/CGTCAG	0	5	5	0	-2.5	3	!!#gq!!!"Lz!.YU~	
CATCAG/CTGATG	0	5	5	1	-1.8	4	z!!3E+zz!X/~	zz!!!!A~
CTGCTG/CAGCAG	0	5	5	0	-2.5	5	z!!!!A!!!!%!!!!a&.e~	
CTGCCG/CGGCAG	0	4	4	1	-1.5	6	!0@0l!!%N~	zzz!!!!)~
CTCACG/CGTGAG	0	4	4	0	-2.1	7	#QOi)+92BA!WW3#!W~	
GCAGCA/TGCTGC	0	4	4	1	-1.5	8	zz!!!9)!!!!a#S6~	zzzz!!i~
GCATCA/TGATGC	0	7	7	0	-3.1	9	!!!'#!<<B*!!!!#!!3-#&c~	
TGACGG/CCGTCA	0	4	4	1	-1.5	10	!!!Q1!'gO7z!!!Q~	!!!!a~
CGTCAC/GTGACG	0	4	4	1	-1.5	11	!!#7a!$D7A!!!!1z!<~	z!!!!1~
CCTCAC/GTGAGG	0	5	5	1	-1.8	12	!!!!#+@#o,z!WW3#J,~	zz!!!!)~
TACTGC/GCAGTA	0	4	4	0	-2.1	13	!!!!2!!!!A!$D~	
%%%
0 0 0 5 0 0 0 0 0 0 0 5 5 0 0 5 0 6 0 0 7 0 6 0 0 5 0 0 5 0 0 6 6 0 5 0 0 7 5 0 5 6 0 5 0 6 6 0 0 0 5 7 6 0 0 5 0 0 5 5 0 5 5 7 5 5 0 0 5 6 0 0 0 0 5 0 0 0 0 0 0 0 0 6 0 0 0 0 5 6 5 0 6 0 0 5 0 5 0 0 0 0 5 0 0 6 0 0 0 5 0 6 0 0 0 6 7 0 0 0 0 0 0 0 5 0 6 0 6 7 5 5 6 5 0 7 6 0 6 5 5 0 6 
0 0 0 0 0 0 0 0 0 0 0 5 0 0 5 0 0 0 0 0 0 0 5 0 0 0 0 0 0 6 6 0 0 0 0 0 0 0 0 0 0 0 0 0 5 0 0 0 0 0 0 5 0 0 0 5 0 0 0 0 6 5 0 5 0 0 0 0 0 0 0 0 0 0 0 0 0 5 5 0 0 0 0 0 0 0 0 0 0 0 0 5 0 6 0 0 0 0 5 5 0 0 5 0 0 5 0 0 0 0 0 0 0 0 0 0 5 0 0 0 0 0 0 5 0 0 0 0 5 0 0 0 0 0 0 0 5 0 5 5 0 5 6 
1.3798 1.2632 1.3520 1.4000 1.3532 1.2076 1.2839 1.3013 0.9963 1.2568 1.3329 0.7161 1.1100 0.7833 1.1154 1.2446 1.2417 0.7833 1.2216 1.1332 1.2662 1.2794 1.1022 1.1532 1.2283 1.1857 1.2180 0.7804 1.2103 1.1139 0.8986 0.7340 0.9474 0.7056 1.0163 1.2640 1.0359 1.1954 1.0498 0.9336 1.0690 1.0547 0.9661 1.0256 0.9151 1.1684 1.0367 1.1700 1.0633 0.7392 0.7226 1.0733 1.1301 1.0454 0.8430 0.8678 1.3010 0.9645 0.7123 1.1310 1.1495 0.8833 0.9745 0.9098 0.8957 0.9077 0.6982 0.8068 1.1463 0.8562 0.8145 1.0468 0.8068 0.9421 1.0578 1.1922 0.8459 0.8353 0.8629 1.1174 0.7699 1.1378 1.0023 1.0158 1.0259 0.8815 1.0018 1.0130 0.8649 0.9674 0.7289 0.8767 0.8260 0.7161 1.1193 1.0783 0.8491 0.6559 0.9174 0.8844 0.8358 0.7847 1.1456 0.8217 0.8721 0.7521 0.8459 0.7987 0.8302 0.8416 1.0439 1.0736 0.8815 0.9095 1.0590 0.8440 1.0161 1.1030 1.1240 0.7454 0.8477 1.0481 0.9471 0.9989 0.8246 0.7226 0.9106 0.8292 0.9225 0.8522 0.7818 0.7668 1.1416 1.1323 1.3383 1.1456 1.1300 1.0174 1.1096 1.1153 1.1212 1.0908 1.0024 
