-300	4.945909580276094E-4
-299	5.190800303289577E-4
-298	5.443125103961032E-4
-297	5.767251926406354E-4
-296	5.957709022324383E-4
-295	8.620155969967919E-4
-294	8.246936276424306E-4
-293	7.6530438583715E-4
-292	7.39182368973751E-4
-291	7.863099642780698E-4
-290	8.78773534312527E-4
-289	9.473569954903535E-4
-288	9.292413554085482E-4
-287	8.286226737436236E-4
-286	7.244870908002554E-4
-285	7.034270802917716E-4
-284	7.969604779995852E-4
-283	9.343568372808139E-4
-282	0.0010220575888933037
-281	9.958812788310872E-4
-280	8.976582612567481E-4
-279	7.992857134272814E-4
-278	7.689033774294211E-4
-277	8.032890256906982E-4
-276	8.772378398713017E-4
-275	9.568559853192853E-4
-274	0.0010215419801777596
-273	0.0010558351590341899
-272	0.0010569530091688424
-271	0.001057571809460279
-270	0.0010970650871758515
-269	0.0011919173795483613
-268	0.001295755551540922
-267	0.0013511591991217113
-266	0.0013326280044430748
-265	0.0012795093302739148
-264	0.0012423102973574355
-263	0.0012444968504935977
-262	0.0012614444973769112
-261	0.001260948238789078
-260	0.0012313439120495723
-259	0.001191517731842482
-258	0.0011626185935548583
-257	0.0011470697568595224
-256	0.0011401124009485862
-255	0.0011435974510119417
-254	0.0011812088613403784
-253	0.0012548138264529365
-252	0.0013487476134575206
-251	0.00141669585472342
-250	0.0014436244866446609
-249	0.0014331220613184941
-248	0.0014151423928135424
-247	0.0014015319583730484
-246	0.0013933860759796212
-245	0.0013780523729350945
-244	0.0013503604934547834
-243	0.0013147253779853018
-242	0.0012960094679022695
-241	0.0013007615231625453
-240	0.001317940818668189
-239	0.0013049077182174602
-238	0.0012627669904113374
-237	0.0012181740499881614
-236	0.001232042584751921
-235	0.0013256362130234145
-234	0.001495010826711848
-233	0.0016841449181718262
-232	0.0018139647267150297
-231	0.0018162226072710801
-230	0.0016962819623618985
-229	0.0015514270379924048
-228	0.0014894027861544422
-227	0.0015554564966875739
-226	0.0016820065473581098
-225	0.0017734547367207673
-224	0.001752565731380147
-223	0.001646986372173535
-222	0.0015282839375254976
-221	0.0015082641184953006
-220	0.0016020455217526893
-219	0.00176498047369285
-218	0.0018546299648289322
-217	0.0018068970960715012
-216	0.0016221553337308718
-215	0.0014322932813823895
-214	0.0013393643881369308
-213	0.0014002056197027681
-212	0.0015592069803305297
-211	0.0017383621243564596
-210	0.0018699306356242764
-209	0.0019254400147088392
-208	0.0019023620482975846
-207	0.0018138235562202656
-206	0.0017186225213463389
-205	0.0016879253092884677
-204	0.001769406376116068
-203	0.0019140027554875832
-202	0.002041882802499384
-201	0.0020928596955364204
-200	0.0020836976750559354
-199	0.0020179555886383933
-198	0.0018923084962339115
-197	0.0017338154094414617
-196	0.0016645553273311568
-195	0.0017965545652538167
-194	0.002080320430483814
-193	0.002320770452014799
-192	0.002343609237741442
-191	0.002190021997490832
-190	0.0020304700602579596
-189	0.002016571155241022
-188	0.002132486589847149
-187	0.002276829856010299
-186	0.0023501899894965927
-185	0.002322674740614483
-184	0.002238098720257703
-183	0.0021670186572456496
-182	0.002200982903162747
-181	0.002339683259567361
-180	0.0025289179494202138
-179	0.0026293612895030224
-178	0.0025811778279767935
-177	0.0023856071246094682
-176	0.0021683028511982746
-175	0.002039534785249795
-174	0.0020645743923121958
-173	0.00217806650117344
-172	0.002281174383765029
-171	0.002301127850660801
-170	0.0022713213417788216
-169	0.002255510144113352
-168	0.002300459370485628
-167	0.002378626409626918
-166	0.0024353691254645586
-165	0.0024235137177633795
-164	0.0023445043504446064
-163	0.0022481416313668862
-162	0.00219494867145725
-161	0.002235919269289826
-160	0.002367900239594722
-159	0.002560967627487339
-158	0.0027413271168832604
-157	0.0028542058680962093
-156	0.0028672698417182116
-155	0.0028095154129133782
-154	0.00273863487775197
-153	0.0027116362103427826
-152	0.0027593333908625148
-151	0.0028714825222340527
-150	0.003017553078151429
-149	0.003126663552438114
-148	0.0031327904427849097
-147	0.0029997569904895156
-146	0.0027936274977800038
-145	0.002601512351842403
-144	0.002485126970964413
-143	0.002422509568929916
-142	0.002419857353883883
-141	0.0024967419809833477
-140	0.0026480430525220072
-139	0.0027655684361074756
-138	0.002740077858165046
-137	0.002584151757752518
-136	0.0024257806563115804
-135	0.0023864237938742393
-134	0.0024609808938286255
-133	0.002575902451035648
-132	0.0026635652712382377
-131	0.002717338736355433
-130	0.0027384304723152716
-129	0.0027181589661055988
-128	0.002629560166016582
-127	0.002491237349510396
-126	0.002353171966648023
-125	0.0023123661365793773
-124	0.0023837839212137468
-123	0.0025282175574964363
-122	0.00261836764949403
-121	0.002611972746166503
-120	0.0025201911784283933
-119	0.0024344644015579925
-118	0.0023943130514223554
-117	0.002407421324825772
-116	0.002439618399144576
-115	0.0024788935579760805
-114	0.00252839297341552
-113	0.00261216684290695
-112	0.00274102358213271
-111	0.0029129005831092267
-110	0.0030859693388055136
-109	0.0031785319485939795
-108	0.003110855820067688
-107	0.0028750955500326603
-106	0.0026017631934979707
-105	0.002443309995838431
-104	0.002473348908504339
-103	0.002602594495361084
-102	0.0027164572069834788
-101	0.0027740386272545564
-100	0.0028360113162337504
-99	0.002964491707710705
-98	0.0031241556256553986
-97	0.0032008511202033497
-96	0.0030957353414291116
-95	0.002853364044987843
-94	0.002644380424253388
-93	0.0026327048033936867
-92	0.0028268106805699605
-91	0.0030751784332992242
-90	0.0032135351215775818
-89	0.003186210838475182
-88	0.003078721915601897
-87	0.0030001389818541608
-86	0.003009601488443912
-85	0.0030693516376314764
-84	0.003122448738920196
-83	0.003137840516777394
-82	0.003138113928759114
-81	0.003155474357055399
-80	0.003206608682210265
-79	0.0032905219260645625
-78	0.003400561173084848
-77	0.0035203544430948445
-76	0.0036243136247947126
-75	0.003688918007085792
-74	0.003707189207951497
-73	0.003680161698834432
-72	0.003610356334532654
-71	0.0035025456135595497
-70	0.0033637219437127525
-69	0.003206819518118482
-68	0.0030754379196000175
-67	0.003053339503261708
-66	0.0032073539308852448
-65	0.0034774887998952736
-64	0.003680439549555317
-63	0.003649782505368272
-62	0.003414066652458975
-61	0.0031620917525619166
-60	0.0030709880764483773
-59	0.0031360461951214858
-58	0.0032462706917764784
-57	0.003308212843543259
-56	0.0033642362560427352
-55	0.0034934491883764516
-54	0.003745666154810551
-53	0.004047579490268925
-52	0.004283965270268985
-51	0.0043604395949679575
-50	0.004290572106474897
-49	0.0041626033868252905
-48	0.004069971242809086
-47	0.0040629458907254145
-46	0.004131899031347231
-45	0.0042460371312413306
-44	0.00435269023743101
-43	0.004432734760244041
-42	0.004486486218540178
-41	0.004529787021292204
-40	0.004505062382706756
-39	0.004332623309769045
-38	0.003969958710727422
-37	0.0035457865380264177
-36	0.003241212518629419
-35	0.003215760135276361
-34	0.0034045455515519666
-33	0.0036615472102640265
-32	0.00380302521489583
-31	0.0038353850908892603
-30	0.0038248242108723917
-29	0.003829557478817326
-28	0.0037772922434382967
-27	0.0035960182245176006
-26	0.003373317407765621
-25	0.0033168575242086577
-24	0.0036087934040967625
-23	0.004219319489278663
-22	0.0049742328949770685
-21	0.005674869136763667
-20	0.006144954632624108
-19	0.006299074486862554
-18	0.006115848711177005
-17	0.005742511115172199
-16	0.00538127093203239
-15	0.005215629533915401
-14	0.0053010037052564655
-13	0.00551237769140838
-12	0.00567643496120087
-11	0.005642179449158546
-10	0.00547876303182446
-9	0.00532203647284052
-8	0.005294478585011392
-7	0.005322868373688946
-6	0.005289847977346685
-5	0.005140379441494042
-4	0.004961330163985658
-3	0.0048529693221291345
-2	0.004812659410523707
-1	0.0047304110034856435
0	0.00449601150912843
1	0.004112705192701398
2	0.00371441024261547
3	0.003442234093981091
4	0.003326487357784718
5	0.003255693483534583
6	0.0031181161083528087
7	0.0029415598627419983
8	0.0028595387147294427
9	0.002977029100892361
10	0.0031970090767808623
11	0.0033258225023059034
12	0.0032041261527306834
13	0.00287433664406306
14	0.002486677823476288
15	0.002182298170137011
16	0.0019951101054488706
17	0.0018956814237796622
18	0.001856910649678179
19	0.001898357188304737
20	0.0020451205641703846
21	0.002299542706209325
22	0.002577951070246864
23	0.0027694787501168217
24	0.00278207617915585
25	0.0026194588653639947
26	0.0023633795479953384
27	0.0021200683575684867
28	0.0020173424953762575
29	0.0021185904271932903
30	0.0024223714884368435
31	0.0027534321651511364
32	0.002934402488401982
33	0.0028520634220104684
34	0.0026031689470126795
35	0.0023274481514350027
36	0.0021345759214783946
37	0.002028828431358693
38	0.0020056274454788676
39	0.0020632657833772297
40	0.0021783170902958233
41	0.002267393559995129
42	0.0022452350379478024
43	0.0020943823344176677
44	0.0018785387115206633
45	0.0016729961558292947
46	0.0015244074178900854
47	0.00144788627991445
48	0.0014492785586166798
49	0.0015191950372545164
50	0.0016288092104018751
51	0.001742851206572122
52	0.0018195579364953423
53	0.001825329809397989
54	0.001739648587604419
55	0.0015898684938320986
56	0.001437760507671177
57	0.0013446823102612538
58	0.0013356548524036426
59	0.0013863462074023435
60	0.001456886525620313
61	0.0014970998441035373
62	0.0014875798110947941
63	0.0014276789696043369
64	0.0013495745497391516
65	0.0012687436665851353
66	0.0011883707467004213
67	0.0010984067959705953
68	0.0010206343183264519
69	9.84610822568185E-4
70	0.0010012551314703382
71	0.0010308656635172361
72	0.001028973509341722
73	9.906676285215716E-4
74	9.569354430512659E-4
75	9.657383552845308E-4
76	0.0010001186755826696
77	0.001012868621670508
78	9.667336386545035E-4
79	8.831909278336457E-4
80	8.032650259990715E-4
81	7.587310338440204E-4
82	7.391851828281685E-4
83	7.237073547214654E-4
84	6.992863069596307E-4
85	6.823977740015477E-4
86	6.889457338868651E-4
87	7.24242405798036E-4
88	7.634265295536441E-4
89	7.880453076746266E-4
90	7.873350875261605E-4
91	7.662965239650802E-4
92	7.334576593245273E-4
93	7.02070642171989E-4
94	6.974919163717377E-4
95	7.209787558735843E-4
96	7.568825918282896E-4
97	7.625106033013812E-4
98	7.320796280485514E-4
99	6.83283383174799E-4
100	6.694715435874747E-4
101	7.091473120096358E-4
102	7.928162912353791E-4
103	8.553970686534351E-4
104	8.543823224259456E-4
105	7.772607146731253E-4
106	6.859315586280238E-4
107	6.358803911029474E-4
108	6.580128407295416E-4
109	7.135318707757888E-4
110	7.534626489691066E-4
111	7.419255727615157E-4
112	6.909804807584049E-4
113	6.370080135109991E-4
114	6.121646994092848E-4
115	6.14928294306787E-4
116	6.217669129597145E-4
117	6.153277360196037E-4
118	6.15232305903333E-4
119	6.419538318064262E-4
120	7.023052294707579E-4
121	7.632628942464656E-4
122	8.037938470707135E-4
123	8.14890191758049E-4
124	8.08454449185286E-4
125	7.874535880574184E-4
126	7.524955909999024E-4
127	7.119964408552323E-4
128	6.843362867775736E-4
129	6.823836661387289E-4
130	6.86412814387805E-4
131	6.61043601048212E-4
132	5.830369991031972E-4
133	4.868491566459317E-4
134	4.255772085316279E-4
135	4.3668250662123274E-4
136	4.892743900527832E-4
137	5.304596639248985E-4
138	5.187308740148546E-4
139	4.6669244084885086E-4
140	4.1295205033416496E-4
141	3.9408553290214165E-4
142	4.203553933777509E-4
143	4.771498530748463E-4
144	5.418303668032759E-4
145	5.830979892125609E-4
146	5.822298634329113E-4
147	5.325956563786294E-4
148	4.5964704550731123E-4
149	3.9474064777140783E-4
150	3.632921399843588E-4
151	3.67140238331238E-4
152	3.94467666004953E-4
153	4.3109905981180747E-4
154	4.634317462155249E-4
155	4.844780947682736E-4
156	4.916607792162958E-4
157	4.914701760735374E-4
158	4.864003927100021E-4
159	4.759150189956932E-4
160	4.5740955360065825E-4
161	4.4041211355163776E-4
162	4.363858625524587E-4
163	4.4831304535675474E-4
164	4.66825095387813E-4
165	4.8099540267455983E-4
166	4.8341799440602647E-4
167	4.632177709558966E-4
168	4.1210931356643705E-4
169	3.4180005206537443E-4
170	2.877264531720357E-4
171	2.821923047889164E-4
172	3.1842934924904544E-4
173	3.552946278409916E-4
174	3.546168667311275E-4
175	3.221896207230767E-4
176	2.9666372739403055E-4
177	3.1279073242231823E-4
178	3.603154513438395E-4
179	3.9490946006472566E-4
180	3.749204470870545E-4
181	3.027655582467676E-4
182	2.2571185139942456E-4
183	1.932593256438422E-4
184	2.1791570142305484E-4
185	2.660556566527082E-4
186	2.989783958982957E-4
187	3.0362208966624966E-4
188	2.980729810252669E-4
189	3.0385046536682097E-4
190	3.2671164020154855E-4
191	3.5682045098320346E-4
192	3.828688956030507E-4
193	3.9959644025320775E-4
194	4.0140132741984543E-4
195	3.821876420474918E-4
196	6.159716895617475E-4
197	5.245364178280526E-4
198	4.6045238686291E-4
199	4.4488489959669915E-4
200	4.63918939519636E-4
