DE Rgt1_GEM_1_m0 9.19 -1 k8_c77
1 5 58 6 8 C
2 3 5 63 6 G
3 6 0 70 0 G
4 75 0 1 0 A
5 57 0 14 6 A
6 69 6 0 2 A
7 74 0 0 2 A
8 73 2 0 2 A
XX

DE Rgt1_GEM_1_m1 7.22 5 k6_c74
1 1 7 2 64 T
2 1 60 3 10 C
3 0 69 1 3 C
4 0 10 63 0 G
5 8 5 35 26 G
6 18 14 39 3 G
XX

DE Rgt1_GEM_1_m2 5.10 0 k5_c81
1 73 0 6 2 A
2 74 3 3 1 A
3 74 5 0 2 A
4 13 67 0 1 C
5 4 27 5 46 T
XX

DE Rgt1_GEM_1_m3 5.60 4 k5_c74
1 0 73 0 0 C
2 43 12 19 0 A
3 0 0 10 63 T
4 0 73 0 0 C
5 51 2 2 20 A
XX

DE Rgt1_GEM_1_m4 6.63 -1 k7_c23
1 0 2 20 0 G
2 17 1 1 4 A
3 0 0 3 20 T
4 22 0 0 0 A
5 5 0 0 17 T
6 0 0 0 22 T
7 2 20 0 0 C
XX

DE Rgt1_GEM_1_m5 9.39 -3 k9_c29
1 12 15 0 2 C
2 2 7 16 3 G
3 0 1 27 0 G
4 8 0 12 8 G
5 0 0 28 0 G
6 19 0 6 5 A
7 28 0 0 0 A
8 27 1 0 0 A
9 9 0 0 19 T
XX

DE Rgt1_GEM_1_m6 8.34 15 k9_c19
1 0 18 0 0 C
2 0 0 18 0 G
3 16 0 2 0 A
4 2 0 16 0 G
5 13 0 2 3 A
6 3 0 2 13 T
7 0 2 2 14 T
8 0 2 0 16 T
9 0 3 0 15 T
XX

