DE Rgt1_GEM_2_m0 8.19 10 k9_c451
1 80 44 56 271 T
2 6 0 7 437 T
3 0 0 0 450 T
4 0 0 25 425 T
5 0 32 8 411 T
6 0 215 0 236 T
7 0 288 0 162 C
8 34 254 137 26 C
XX

DE Rgt1_GEM_2_m1 4.23 -2 k6_c534
1 2 11 424 98 G
2 261 12 246 14 A
3 441 61 26 6 A
4 96 7 425 6 G
XX

DE Rgt1_GEM_2_m2 6.53 4 k7_c145
1 106 4 21 14 A
2 35 1 1 109 T
3 116 1 7 22 A
4 119 10 4 12 A
5 48 2 1 95 T
6 104 1 3 38 A
7 29 75 13 28 C
XX

DE Rgt1_GEM_2_m3 4.33 -5 k6_c602
1 601 0 0 0 A
2 429 0 80 92 A
3 0 0 0 601 T
4 601 0 0 0 A
XX

DE Rgt1_GEM_2_m4 4.94 6 k5_c477
1 18 20 12 427 T
2 0 476 0 0 C
3 0 183 0 293 T
4 0 0 476 0 G
5 29 141 47 260 T
XX

DE Rgt1_GEM_2_m5 5.69 2 k5_c331
1 216 27 43 45 A
2 40 0 275 16 G
3 0 303 0 28 C
4 273 5 53 0 A
5 6 4 313 8 G
XX

DE Rgt1_GEM_2_m6 11.30 -2 k9_c25
1 6 0 19 0 G
2 2 6 15 2 G
3 24 0 0 0 A
4 24 0 0 0 A
5 23 0 1 0 A
6 24 0 0 0 A
7 2 1 22 0 G
8 1 0 23 0 G
9 2 1 20 1 G
XX

