#Rgt1_GEM_1.m6
#KSM version: 1
#143/143
#1.11
#k-mer/r.c.        	Offset	PosCt	wPosCt	NegCt	HgpLg10	CIDs	PosHits (base85 encoding)	NegHits (base85 encoding)
CGAGATTTT/AAAATCTCG	1	4	4	0	-1.8	*	z!<<*"z!XJc/~	
TTTTATTTT/AAAATAAAA	6	3	3	0	-1.8	*	z!<<*"!"],1J,~	
GAAAAACCC/GGGTTTTTC	-7	3	3	0	-1.8	*	!!!!)!!!!Az!.Y~	
$$$
%%%
0 0 0 0 0 0 0 0 0 0 0 0 0 0 0 0 0 0 0 0 0 0 0 0 0 0 0 10 0 0 0 0 9 0 0 0 0 0 0 0 0 0 0 0 0 0 0 0 0 0 0 0 0 0 0 0 0 0 0 0 0 9 0 0 0 0 0 0 0 0 0 0 0 0 9 0 9 0 0 0 0 0 0 0 0 0 0 0 0 0 0 0 0 0 0 0 0 9 0 0 0 0 0 9 0 0 0 9 0 0 0 10 0 0 0 0 0 0 0 0 0 0 9 0 0 0 0 0 0 0 0 0 0 0 0 0 0 0 0 0 0 0 0 
0 0 0 0 0 0 0 0 0 0 0 0 0 0 0 0 0 0 0 0 0 0 0 0 0 0 0 0 0 0 0 0 0 0 0 0 0 0 0 0 0 0 0 0 0 0 0 0 0 0 0 0 0 0 0 0 0 0 0 0 0 0 0 0 0 0 0 0 0 0 0 0 0 0 0 0 0 0 0 0 0 0 0 0 0 0 0 0 0 0 0 0 0 0 0 0 0 0 0 0 0 0 0 0 0 0 0 0 0 0 0 0 0 0 0 0 0 0 0 0 0 0 0 0 0 0 0 0 0 0 0 0 0 0 0 0 0 0 0 0 0 0 0 
1.3798 1.2632 1.3520 1.4000 1.3532 1.2076 1.2839 1.3013 0.9963 1.2568 1.3329 0.7161 1.1100 0.7833 1.1154 1.2446 1.2417 0.7833 1.2216 1.1332 1.2662 1.2794 1.1022 1.1532 1.2283 1.1857 1.2180 0.7804 1.2103 1.1139 0.8986 0.7340 0.9474 0.7056 1.0163 1.2640 1.0359 1.1954 1.0498 0.9336 1.0690 1.0547 0.9661 1.0256 0.9151 1.1684 1.0367 1.1700 1.0633 0.7392 0.7226 1.0733 1.1301 1.0454 0.8430 0.8678 1.3010 0.9645 0.7123 1.1310 1.1495 0.8833 0.9745 0.9098 0.8957 0.9077 0.6982 0.8068 1.1463 0.8562 0.8145 1.0468 0.8068 0.9421 1.0578 1.1922 0.8459 0.8353 0.8629 1.1174 0.7699 1.1378 1.0023 1.0158 1.0259 0.8815 1.0018 1.0130 0.8649 0.9674 0.7289 0.8767 0.8260 0.7161 1.1193 1.0783 0.8491 0.6559 0.9174 0.8844 0.8358 0.7847 1.1456 0.8217 0.8721 0.7521 0.8459 0.7987 0.8302 0.8416 1.0439 1.0736 0.8815 0.9095 1.0590 0.8440 1.0161 1.1030 1.1240 0.7454 0.8477 1.0481 0.9471 0.9989 0.8246 0.7226 0.9106 0.8292 0.9225 0.8522 0.7818 0.7668 1.1416 1.1323 1.3383 1.1456 1.1300 1.0174 1.1096 1.1153 1.1212 1.0908 1.0024 
