Position	IP	CondAna_Present	CondAna_IP	CondAna_Control	CondAna_Fold	CondAna_Expectd	CondAna_Q_-lg10	CondAna_P_-lg10	CondAna_P_poiss	CondAna_IPvsEMP	CondAna_Noise	CondEth_Present	CondEth_IP	CondEth_Control	CondEth_Fold	CondEth_Expectd	CondEth_Q_-lg10	CondEth_P_-lg10	CondEth_P_poiss	CondEth_IPvsEMP	CondEth_Noise	CondGlu_Present	CondGlu_IP	CondGlu_Control	CondGlu_Fold	CondGlu_Expectd	CondGlu_Q_-lg10	CondGlu_P_-lg10	CondGlu_P_poiss	CondGlu_IPvsEMP	CondGlu_Noise	CondNit_Present	CondNit_IP	CondNit_Control	CondNit_Fold	CondNit_Expectd	CondNit_Q_-lg10	CondNit_P_-lg10	CondNit_P_poiss	CondNit_IPvsEMP	CondNit_Noise	KmerGroup	MotifId	KG_score	Strand
1:60278	 1914.0	1	  273.0	NaN	NaN	   30.1	 157.14	NaN	 157.73	  -0.82	   0.12	1	 1008.0	NaN	NaN	   41.8	 999.00	NaN	 999.00	  -0.68	   0.12	1	  615.0	NaN	NaN	   38.8	 999.00	NaN	 999.00	  -0.77	   0.12	0	   18.0	NaN	NaN	    9.3	   1.10	NaN	   2.14	  -0.61	   0.12	--------	-1	0.00	*
10:10588	  209.0	0	   31.0	NaN	NaN	   22.0	   1.35	NaN	   1.40	  -0.91	   0.00	1	  114.0	NaN	NaN	   24.5	  38.61	NaN	  38.72	  -1.01	   0.00	1	   60.0	NaN	NaN	   28.7	   6.55	NaN	   6.64	  -0.92	   0.00	0	    4.0	NaN	NaN	    7.8	  -0.13	NaN	   0.02	  -0.62	   0.00	--------	-1	0.00	*
10:11686	  137.0	0	   30.0	NaN	NaN	   22.0	   1.18	NaN	   1.23	  -0.94	   0.00	1	   80.0	NaN	NaN	   24.5	  18.30	NaN	  18.38	  -0.92	   0.00	0	   26.0	NaN	NaN	   28.7	   0.12	NaN	   0.14	  -0.80	   0.00	0	    1.0	NaN	NaN	    7.8	  -0.05	NaN	   0.00	  -4.00	   0.00	--------	-1	0.00	*
10:15207	 2505.5	1	  424.4	NaN	NaN	   24.3	 999.00	NaN	 999.00	  -0.83	   0.00	1	 1544.2	NaN	NaN	   25.7	 999.00	NaN	 999.00	  -0.62	   0.00	1	  529.0	NaN	NaN	   28.7	 999.00	NaN	 999.00	  -0.76	   0.00	0	    7.9	NaN	NaN	    7.8	  -0.09	NaN	   0.28	  -0.81	   0.00	--------	-1	0.00	*
10:15402	  610.5	1	  125.6	NaN	NaN	   24.9	  45.92	NaN	  46.32	  -0.56	   0.00	1	  346.8	NaN	NaN	   25.4	 255.51	NaN	 255.79	  -0.50	   0.00	1	  133.0	NaN	NaN	   29.6	  43.80	NaN	  44.02	  -0.55	   0.00	0	    5.1	NaN	NaN	    7.8	  -0.19	NaN	   0.10	  -0.68	   0.00	--------	-1	0.00	*
10:25431	  243.0	0	   35.0	NaN	NaN	   25.1	   1.39	NaN	   1.44	  -0.75	   0.22	1	  110.0	NaN	NaN	   24.5	  35.96	NaN	  36.07	  -0.94	   0.22	1	   90.0	NaN	NaN	   31.1	  17.14	NaN	  17.29	  -0.86	   0.22	0	    8.0	NaN	NaN	    8.9	  -0.14	NaN	   0.18	  -1.28	   0.22	--------	-1	0.00	*
10:148793	  711.0	1	  101.0	NaN	NaN	   23.4	  31.56	NaN	  31.91	  -0.89	   0.09	1	  338.0	NaN	NaN	   25.3	 246.26	NaN	 246.54	  -0.85	   0.09	1	  262.0	NaN	NaN	   31.6	 142.04	NaN	 142.37	  -0.86	   0.09	0	   10.0	NaN	NaN	    9.4	  -0.06	NaN	   0.33	  -0.73	   0.09	--------	-1	0.00	*
11:74474	  160.0	0	   27.0	NaN	NaN	   24.1	   0.49	NaN	   0.52	  -0.91	   0.00	1	   74.0	NaN	NaN	   30.9	  10.36	NaN	  10.43	  -1.06	   0.00	1	   57.0	NaN	NaN	   33.3	   3.87	NaN	   3.94	  -1.00	   0.00	0	    2.0	NaN	NaN	    8.2	  -0.08	NaN	   0.00	  -1.45	   0.00	--------	-1	0.00	*
11:237745	  445.0	1	   69.0	NaN	NaN	   24.2	  12.86	NaN	  13.10	  -0.84	   0.18	1	  269.0	NaN	NaN	   34.0	 140.91	NaN	 141.16	  -0.82	   0.18	1	   98.0	NaN	NaN	   42.1	  12.73	NaN	  12.86	  -0.87	   0.18	0	    9.0	NaN	NaN	    9.2	  -0.09	NaN	   0.25	  -0.66	   0.18	--------	-1	0.00	*
11:587135	13788.0	1	 2065.0	NaN	NaN	   44.7	 999.00	NaN	 999.00	  -0.59	   0.07	1	 7396.0	NaN	NaN	   79.4	 999.00	NaN	 999.00	  -0.57	   0.07	1	 4289.0	NaN	NaN	   68.7	 999.00	NaN	 999.00	  -0.55	   0.07	1	   38.0	NaN	NaN	   11.6	   7.59	NaN	   9.15	  -1.14	   0.07	--------	-1	0.00	*
11:636330	  490.0	1	  125.0	NaN	NaN	   24.1	  46.67	NaN	  47.08	  -0.88	   0.14	1	  215.0	NaN	NaN	   30.9	 102.43	NaN	 102.64	  -0.97	   0.14	1	  142.0	NaN	NaN	   33.3	  43.52	NaN	  43.74	  -0.93	   0.14	0	    8.0	NaN	NaN	    8.1	  -0.10	NaN	   0.25	  -0.68	   0.14	--------	-1	0.00	*
11:641145	 1012.0	1	  118.0	NaN	NaN	   25.0	  40.20	NaN	  40.58	  -0.91	   0.16	1	  478.0	NaN	NaN	   37.6	 999.00	NaN	 999.00	  -0.71	   0.16	1	  405.0	NaN	NaN	   38.4	 256.49	NaN	 256.93	  -0.69	   0.16	0	   11.0	NaN	NaN	    8.1	   0.10	NaN	   0.71	  -0.67	   0.16	--------	-1	0.00	*
12:22051	  725.0	1	   66.0	NaN	NaN	   25.1	  10.82	NaN	  11.03	  -0.77	   0.28	1	  398.0	NaN	NaN	   29.4	 291.83	NaN	 292.15	  -0.79	   0.28	1	  256.0	NaN	NaN	   32.6	 133.25	NaN	 133.57	  -0.78	   0.28	0	    5.0	NaN	NaN	    7.9	  -0.15	NaN	   0.05	  -0.53	   0.28	--------	-1	0.00	*
12:82689	 1156.0	1	  115.0	NaN	NaN	   21.9	  43.53	NaN	  43.91	  -0.91	   0.10	1	  558.0	NaN	NaN	   27.6	 999.00	NaN	 999.00	  -0.78	   0.10	1	  472.0	NaN	NaN	   32.6	 999.00	NaN	 999.00	  -0.75	   0.10	0	   11.0	NaN	NaN	    8.3	   0.07	NaN	   0.66	  -0.67	   0.10	--------	-1	0.00	*
12:347393	 1816.0	1	  173.0	NaN	NaN	   33.2	  64.39	NaN	  64.84	  -0.86	   0.06	1	 1043.0	NaN	NaN	   42.6	 999.00	NaN	 999.00	  -0.73	   0.06	1	  585.0	NaN	NaN	   44.1	 999.00	NaN	 999.00	  -0.81	   0.06	0	   15.0	NaN	NaN	    9.2	   0.54	NaN	   1.33	  -0.53	   0.06	--------	-1	0.00	*
12:369810	  516.0	1	   71.0	NaN	NaN	   22.6	  15.15	NaN	  15.42	  -0.76	   0.24	1	  245.0	NaN	NaN	   24.9	 149.19	NaN	 149.44	  -0.80	   0.24	1	  196.0	NaN	NaN	   31.3	  85.97	NaN	  86.25	  -0.75	   0.24	0	    4.0	NaN	NaN	    7.7	  -0.14	NaN	   0.02	  -1.29	   0.24	--------	-1	0.00	*
12:546017	 1271.0	1	   93.0	NaN	NaN	   26.9	  22.46	NaN	  22.77	  -0.99	   0.10	1	  743.0	NaN	NaN	   28.7	 999.00	NaN	 999.00	  -0.71	   0.10	1	  424.0	NaN	NaN	   31.6	 309.01	NaN	 309.52	  -0.79	   0.10	0	   11.0	NaN	NaN	    8.6	   0.05	NaN	   0.61	  -0.49	   0.10	--------	-1	0.00	*
13:270292	 2228.4	1	  333.9	NaN	NaN	   34.5	 200.34	NaN	 201.05	  -0.60	   0.00	1	 1177.1	NaN	NaN	   37.8	 999.00	NaN	 999.00	  -0.52	   0.00	1	  717.4	NaN	NaN	   43.4	 999.00	NaN	 999.00	  -0.55	   0.00	0	    0.0	NaN	NaN	    9.3	  -0.03	NaN	   0.00	  -1.21	   0.00	--------	-1	0.00	*
13:270410	 7042.1	1	 1129.1	NaN	NaN	   34.2	 999.00	NaN	 999.00	  -0.66	   0.00	1	 4304.2	NaN	NaN	   37.6	 999.00	NaN	 999.00	  -0.55	   0.00	1	 1584.8	NaN	NaN	   43.9	 999.00	NaN	 999.00	  -0.60	   0.00	1	   24.0	NaN	NaN	    9.0	   3.38	NaN	   4.63	  -1.25	   0.00	--------	-1	0.00	*
13:270541	 1542.5	1	  250.0	NaN	NaN	   34.0	 123.77	NaN	 124.34	  -0.52	   0.00	1	  829.7	NaN	NaN	   36.6	 999.00	NaN	 999.00	  -0.44	   0.00	1	  458.8	NaN	NaN	   44.4	 286.62	NaN	 287.10	  -0.50	   0.00	0	    4.0	NaN	NaN	    8.8	  -0.15	NaN	   0.03	  -0.37	   0.00	--------	-1	0.00	*
13:517853	  492.6	1	   86.4	NaN	NaN	   25.2	  21.08	NaN	  21.38	  -0.81	   0.00	1	  238.0	NaN	NaN	   31.3	 122.03	NaN	 122.26	  -0.75	   0.00	1	  165.2	NaN	NaN	   33.4	  59.26	NaN	  59.51	  -0.78	   0.00	0	    3.0	NaN	NaN	   12.4	  -0.05	NaN	   0.00	  -0.61	   0.00	--------	-1	0.00	*
13:518169	 1019.4	1	  193.6	NaN	NaN	   25.0	 100.21	NaN	 100.73	  -0.92	   0.00	1	  516.0	NaN	NaN	   30.6	 999.00	NaN	 999.00	  -0.78	   0.00	1	  308.8	NaN	NaN	   33.4	 180.12	NaN	 180.49	  -0.86	   0.00	0	    1.0	NaN	NaN	   12.5	  -0.02	NaN	   0.00	  -4.00	   0.00	--------	-1	0.00	*
13:534668	  308.0	1	   56.0	NaN	NaN	   23.6	   7.83	NaN	   8.01	  -0.76	   0.00	1	  163.0	NaN	NaN	   29.5	  64.34	NaN	  64.49	  -0.89	   0.00	1	   86.0	NaN	NaN	   34.8	  12.56	NaN	  12.68	  -0.86	   0.00	0	    3.0	NaN	NaN	    8.1	  -0.11	NaN	   0.01	  -1.69	   0.00	--------	-1	0.00	*
13:630569	  761.0	1	   97.0	NaN	NaN	   25.3	  26.58	NaN	  26.91	  -0.80	   0.34	1	  449.0	NaN	NaN	   32.0	 999.00	NaN	 999.00	  -0.69	   0.34	1	  207.0	NaN	NaN	   38.0	  80.33	NaN	  80.61	  -0.86	   0.34	0	    8.0	NaN	NaN	    8.1	  -0.10	NaN	   0.25	  -1.20	   0.34	--------	-1	0.00	*
13:829092	 2569.0	1	  368.0	NaN	NaN	   26.2	 274.64	NaN	 275.39	  -0.81	   0.06	1	 1321.0	NaN	NaN	   32.0	 999.00	NaN	 999.00	  -0.65	   0.06	1	  864.0	NaN	NaN	   34.8	 999.00	NaN	 999.00	  -0.72	   0.06	0	   16.0	NaN	NaN	   10.1	   0.50	NaN	   1.28	  -0.95	   0.06	--------	-1	0.00	*
14:199973	 1448.0	1	  190.0	NaN	NaN	   26.6	  92.21	NaN	  92.72	  -0.85	   0.17	1	  722.0	NaN	NaN	   31.6	 999.00	NaN	 999.00	  -0.72	   0.17	1	  524.0	NaN	NaN	   39.2	 999.00	NaN	 999.00	  -0.71	   0.17	0	   12.0	NaN	NaN	    9.7	   0.03	NaN	   0.57	  -0.84	   0.17	--------	-1	0.00	*
14:291303	 1393.0	1	  207.0	NaN	NaN	   34.0	  88.31	NaN	  88.79	  -0.77	   0.58	1	  836.0	NaN	NaN	   69.1	 999.00	NaN	 999.00	  -0.65	   0.58	1	  340.0	NaN	NaN	   45.2	 171.21	NaN	 171.56	  -0.76	   0.58	0	   10.0	NaN	NaN	    8.6	  -0.02	NaN	   0.45	  -0.78	   0.58	--------	-1	0.00	*
14:491015	  454.0	0	   33.0	NaN	NaN	   26.0	   0.93	NaN	   0.98	  -0.78	   0.20	1	  262.0	NaN	NaN	   51.9	  94.39	NaN	  94.58	  -0.86	   0.20	1	  144.0	NaN	NaN	   53.0	  24.25	NaN	  24.44	  -0.88	   0.20	0	   15.0	NaN	NaN	   10.6	   0.27	NaN	   0.93	  -0.46	   0.20	--------	-1	0.00	*
14:492997	 1352.7	1	   96.8	NaN	NaN	   27.5	  23.99	NaN	  24.32	  -0.59	   0.00	1	  910.2	NaN	NaN	   45.6	 999.00	NaN	 999.00	  -0.48	   0.00	1	  343.1	NaN	NaN	   45.9	 172.82	NaN	 173.17	  -0.49	   0.00	0	    2.5	NaN	NaN	    9.3	  -0.09	NaN	   0.00	  -0.34	   0.00	--------	-1	0.00	*
14:493102	 2439.3	1	  273.2	NaN	NaN	   27.0	 169.43	NaN	 170.07	  -0.88	   0.00	1	 1458.8	NaN	NaN	   42.6	 999.00	NaN	 999.00	  -0.61	   0.00	1	  702.9	NaN	NaN	   43.1	 999.00	NaN	 999.00	  -0.67	   0.00	0	    4.5	NaN	NaN	    9.3	  -0.12	NaN	   0.02	  -0.87	   0.00	--------	-1	0.00	*
14:537249	  883.0	1	   75.0	NaN	NaN	   22.7	  17.30	NaN	  17.58	  -0.80	   0.21	1	  368.0	NaN	NaN	   28.7	 261.84	NaN	 262.14	  -0.80	   0.21	1	  418.0	NaN	NaN	   33.2	 293.97	NaN	 294.45	  -0.72	   0.21	1	   22.0	NaN	NaN	    8.9	   2.64	NaN	   3.84	  -0.71	   0.21	--------	-1	0.00	*
14:641876	  313.0	0	   20.0	NaN	NaN	   21.9	   0.14	NaN	   0.17	  -0.78	   0.10	1	  211.0	NaN	NaN	   26.7	 110.84	NaN	 111.05	  -0.86	   0.10	1	   80.0	NaN	NaN	   29.7	  13.61	NaN	  13.75	  -0.93	   0.10	0	    2.0	NaN	NaN	    7.9	  -0.09	NaN	   0.00	  -1.80	   0.10	--------	-1	0.00	*
14:749062	  143.0	0	   26.0	NaN	NaN	   23.4	   0.46	NaN	   0.50	  -0.62	   0.00	1	   64.0	NaN	NaN	   26.7	   9.14	NaN	   9.20	  -0.85	   0.00	1	   48.0	NaN	NaN	   29.7	   2.86	NaN	   2.92	  -0.74	   0.00	0	    5.0	NaN	NaN	    7.9	  -0.15	NaN	   0.05	  -2.19	   0.00	--------	-1	0.00	*
15:24657	 1987.0	1	  298.0	NaN	NaN	   22.8	 214.15	NaN	 214.87	  -0.90	   0.08	1	 1208.0	NaN	NaN	   28.3	 999.00	NaN	 999.00	  -0.59	   0.08	1	  465.0	NaN	NaN	   31.2	 999.00	NaN	 999.00	  -0.77	   0.08	0	   16.0	NaN	NaN	    8.0	   1.09	NaN	   2.07	  -0.65	   0.08	--------	-1	0.00	*
15:43510	  256.0	1	   39.0	NaN	NaN	   22.8	   2.81	NaN	   2.91	  -0.91	   0.08	1	  132.0	NaN	NaN	   28.3	  44.64	NaN	  44.76	  -0.87	   0.08	1	   78.0	NaN	NaN	   31.2	  11.74	NaN	  11.85	  -0.81	   0.08	0	    7.0	NaN	NaN	    8.0	  -0.14	NaN	   0.16	  -1.06	   0.08	--------	-1	0.00	*
15:69147	 1078.0	1	   96.0	NaN	NaN	   24.4	  27.04	NaN	  27.37	  -0.84	   0.16	1	  695.0	NaN	NaN	   29.2	 999.00	NaN	 999.00	  -0.72	   0.16	1	  277.0	NaN	NaN	   34.4	 146.79	NaN	 147.14	  -0.84	   0.16	0	   10.0	NaN	NaN	    8.1	   0.02	NaN	   0.54	  -0.72	   0.16	--------	-1	0.00	*
15:236893	  989.0	1	   67.0	NaN	NaN	   24.9	  11.44	NaN	  11.66	  -0.85	   0.09	1	  558.0	NaN	NaN	   28.3	 999.00	NaN	 999.00	  -0.77	   0.09	1	  358.0	NaN	NaN	   38.1	 210.64	NaN	 211.03	  -0.75	   0.09	0	    6.0	NaN	NaN	    9.1	  -0.16	NaN	   0.05	  -1.21	   0.09	--------	-1	0.00	*
15:384618	  331.0	1	   84.0	NaN	NaN	   25.5	  19.18	NaN	  19.48	  -0.85	   0.00	1	  176.0	NaN	NaN	   33.7	  65.92	NaN	  66.08	  -0.92	   0.00	1	   70.0	NaN	NaN	   35.0	   6.82	NaN	   6.92	  -0.92	   0.00	0	    1.0	NaN	NaN	    8.1	  -0.04	NaN	   0.00	  -4.00	   0.00	--------	-1	0.00	*
15:385238	  391.0	1	   64.0	NaN	NaN	   24.2	  10.63	NaN	  10.85	  -0.82	   0.54	1	  147.0	NaN	NaN	   30.1	  51.90	NaN	  52.03	  -0.71	   0.54	1	  175.0	NaN	NaN	   35.6	  61.76	NaN	  62.02	  -0.82	   0.54	0	    5.0	NaN	NaN	    8.1	  -0.15	NaN	   0.04	  -0.93	   0.54	--------	-1	0.00	*
15:417830	 1965.9	1	  300.8	NaN	NaN	   28.8	 189.47	NaN	 190.15	  -0.72	   0.05	1	  988.5	NaN	NaN	   34.8	 999.00	NaN	 999.00	  -0.61	   0.05	1	  664.6	NaN	NaN	   41.8	 999.00	NaN	 999.00	  -0.66	   0.05	0	   12.0	NaN	NaN	    8.0	   0.27	NaN	   0.94	  -0.85	   0.05	--------	-1	0.00	*
15:417912	 1825.1	1	  272.2	NaN	NaN	   28.4	 163.12	NaN	 163.73	  -0.73	   0.05	1	 1006.5	NaN	NaN	   35.2	 999.00	NaN	 999.00	  -0.61	   0.05	1	  545.4	NaN	NaN	   41.5	 999.00	NaN	 999.00	  -0.64	   0.05	0	    1.0	NaN	NaN	    8.0	  -0.08	NaN	   0.00	   0.86	   0.05	--------	-1	0.00	*
15:424212	 1008.0	1	   61.0	NaN	NaN	   25.1	   8.82	NaN	   9.02	  -0.73	   0.23	1	  703.0	NaN	NaN	   36.4	 999.00	NaN	 999.00	  -0.70	   0.23	1	  237.0	NaN	NaN	   37.3	 104.81	NaN	 105.10	  -0.79	   0.23	0	    7.0	NaN	NaN	   10.0	  -0.17	NaN	   0.06	  -0.57	   0.23	--------	-1	0.00	*
15:426207	 1080.0	1	  111.0	NaN	NaN	   27.5	  32.03	NaN	  32.39	  -0.96	   0.12	1	  616.0	NaN	NaN	   39.7	 999.00	NaN	 999.00	  -0.74	   0.12	1	  347.0	NaN	NaN	   38.3	 199.40	NaN	 199.78	  -0.85	   0.12	0	    6.0	NaN	NaN	    8.8	  -0.17	NaN	   0.06	  -0.63	   0.12	--------	-1	0.00	*
15:443753	 4693.0	1	  614.0	NaN	NaN	   29.9	 999.00	NaN	 999.00	  -0.71	   0.09	1	 2555.0	NaN	NaN	   46.6	 999.00	NaN	 999.00	  -0.63	   0.09	1	 1506.0	NaN	NaN	   47.8	 999.00	NaN	 999.00	  -0.66	   0.09	0	   18.0	NaN	NaN	    9.8	   0.99	NaN	   1.91	  -0.73	   0.09	--------	-1	0.00	*
15:820096	  534.1	1	   50.9	NaN	NaN	   22.8	   6.42	NaN	   6.60	  -0.96	   0.00	1	  318.2	NaN	NaN	   28.3	 210.89	NaN	 211.16	  -0.83	   0.00	1	  165.1	NaN	NaN	   31.2	  63.23	NaN	  63.50	  -0.92	   0.00	0	    0.0	NaN	NaN	    8.0	  -0.04	NaN	   0.00	  -4.00	   0.00	--------	-1	0.00	*
15:820202	  284.9	1	   38.1	NaN	NaN	   22.8	   2.81	NaN	   2.91	  -0.83	   0.00	1	  198.8	NaN	NaN	   28.3	  95.88	NaN	  96.08	  -0.77	   0.00	0	   44.9	NaN	NaN	   31.2	   1.89	NaN	   1.93	  -0.75	   0.00	0	    3.0	NaN	NaN	    8.0	  -0.11	NaN	   0.01	  -1.04	   0.00	--------	-1	0.00	*
15:973072	  489.0	1	   75.0	NaN	NaN	   24.3	  15.74	NaN	  16.02	  -0.91	   0.13	1	  250.0	NaN	NaN	   29.9	 136.29	NaN	 136.53	  -0.83	   0.13	1	  160.0	NaN	NaN	   31.2	  58.93	NaN	  59.18	  -0.84	   0.13	0	    4.0	NaN	NaN	   10.5	  -0.10	NaN	   0.00	  -0.67	   0.13	--------	-1	0.00	*
15:1001246	  361.0	0	   32.0	NaN	NaN	   26.1	   0.80	NaN	   0.84	  -0.80	   0.19	1	  221.0	NaN	NaN	   28.3	 115.04	NaN	 115.26	  -0.91	   0.19	1	  101.0	NaN	NaN	   34.6	  19.42	NaN	  19.59	  -0.88	   0.19	0	    7.0	NaN	NaN	   10.4	  -0.16	NaN	   0.05	  -0.27	   0.19	--------	-1	0.00	*
16:510729	 3789.0	1	  494.0	NaN	NaN	   32.5	 999.00	NaN	 999.00	  -0.65	   0.02	1	 1937.0	NaN	NaN	   42.0	 999.00	NaN	 999.00	  -0.59	   0.02	1	 1345.0	NaN	NaN	   49.2	 999.00	NaN	 999.00	  -0.58	   0.02	0	   13.0	NaN	NaN	    8.7	   0.29	NaN	   0.99	  -0.67	   0.02	--------	-1	0.00	*
16:511120	 5464.0	1	  902.0	NaN	NaN	   31.8	 999.00	NaN	 999.00	  -0.66	   0.15	1	 2584.0	NaN	NaN	   42.1	 999.00	NaN	 999.00	  -0.59	   0.15	1	 1966.0	NaN	NaN	   48.9	 999.00	NaN	 999.00	  -0.59	   0.15	0	   12.0	NaN	NaN	    9.1	   0.08	NaN	   0.68	  -0.67	   0.15	--------	-1	0.00	*
16:649577	  633.0	1	   96.0	NaN	NaN	   24.3	  27.17	NaN	  27.51	  -0.98	   0.03	1	  285.0	NaN	NaN	   26.0	 185.43	NaN	 185.69	  -0.88	   0.03	1	  237.0	NaN	NaN	   31.3	 120.37	NaN	 120.68	  -0.94	   0.03	0	   15.0	NaN	NaN	   10.8	   0.25	NaN	   0.88	  -1.19	   0.03	--------	-1	0.00	*
16:848940	  317.0	1	   48.0	NaN	NaN	   22.2	   5.70	NaN	   5.86	  -0.93	   0.30	1	  167.0	NaN	NaN	   25.7	  75.81	NaN	  75.97	  -0.90	   0.30	1	   95.0	NaN	NaN	   30.4	  20.17	NaN	  20.34	  -0.91	   0.30	0	    7.0	NaN	NaN	    9.3	  -0.18	NaN	   0.09	  -0.98	   0.30	--------	-1	0.00	*
2:165482	  185.0	1	   36.0	NaN	NaN	   22.4	   2.22	NaN	   2.31	  -0.94	   0.00	1	   92.0	NaN	NaN	   27.2	  21.86	NaN	  21.95	  -0.89	   0.00	1	   56.0	NaN	NaN	   34.0	   3.41	NaN	   3.47	  -0.82	   0.00	0	    1.0	NaN	NaN	    8.2	  -0.03	NaN	   0.00	  -4.00	   0.00	--------	-1	0.00	*
2:313823	  409.0	1	   51.0	NaN	NaN	   23.1	   6.26	NaN	   6.44	  -0.93	   0.32	1	  199.0	NaN	NaN	   29.9	  91.70	NaN	  91.89	  -0.90	   0.32	1	  149.0	NaN	NaN	   35.0	  45.54	NaN	  45.76	  -0.90	   0.32	0	   10.0	NaN	NaN	   10.0	  -0.09	NaN	   0.27	  -0.81	   0.32	--------	-1	0.00	*
2:362727	  368.0	1	   54.0	NaN	NaN	   27.3	   5.22	NaN	   5.37	  -0.79	   0.33	1	  204.0	NaN	NaN	   30.7	  93.81	NaN	  94.00	  -0.81	   0.33	1	  101.0	NaN	NaN	   36.5	  17.90	NaN	  18.06	  -0.77	   0.33	0	    9.0	NaN	NaN	    8.0	  -0.02	NaN	   0.39	  -0.73	   0.33	--------	-1	0.00	*
2:397022	  230.0	0	   37.0	NaN	NaN	   25.4	   1.68	NaN	   1.74	  -1.00	   0.00	1	  112.0	NaN	NaN	   28.3	  31.92	NaN	  32.02	  -1.09	   0.00	1	   76.0	NaN	NaN	   36.5	   8.03	NaN	   8.13	  -0.91	   0.00	0	    5.0	NaN	NaN	   10.7	  -0.11	NaN	   0.01	  -0.40	   0.00	--------	-1	0.00	*
2:440081	 2314.0	1	  130.0	NaN	NaN	   24.9	  48.78	NaN	  49.19	  -1.01	   0.06	1	 1559.0	NaN	NaN	   32.4	 999.00	NaN	 999.00	  -0.60	   0.06	1	  618.0	NaN	NaN	   36.6	 999.00	NaN	 999.00	  -0.76	   0.06	0	    7.0	NaN	NaN	    9.8	  -0.18	NaN	   0.07	  -0.99	   0.06	--------	-1	0.00	*
2:583537	  356.0	1	   52.0	NaN	NaN	   24.6	   5.84	NaN	   6.00	  -0.86	   0.26	1	  168.0	NaN	NaN	   25.8	  76.25	NaN	  76.42	  -0.95	   0.26	1	  129.0	NaN	NaN	   32.0	  37.28	NaN	  37.48	  -0.95	   0.26	0	    7.0	NaN	NaN	    9.5	  -0.18	NaN	   0.08	  -0.37	   0.26	--------	-1	0.00	*
2:616383	 1010.0	1	  157.0	NaN	NaN	   27.6	  63.40	NaN	  63.85	  -0.95	   0.07	1	  526.0	NaN	NaN	   26.1	 999.00	NaN	 999.00	  -0.77	   0.07	1	  325.0	NaN	NaN	   29.7	 210.87	NaN	 211.27	  -0.71	   0.07	0	    2.0	NaN	NaN	    8.0	  -0.09	NaN	   0.00	  -1.94	   0.07	--------	-1	0.00	*
2:691280	  295.0	1	   47.0	NaN	NaN	   21.8	   5.55	NaN	   5.71	  -0.73	   0.38	1	  125.0	NaN	NaN	   25.0	  45.24	NaN	  45.37	  -0.76	   0.38	1	  117.0	NaN	NaN	   29.3	  33.49	NaN	  33.68	  -0.69	   0.38	0	    6.0	NaN	NaN	    8.2	  -0.18	NaN	   0.08	  -0.81	   0.38	--------	-1	0.00	*
3:321444	  311.0	1	   42.0	NaN	NaN	   19.2	   5.17	NaN	   5.31	  -0.88	   0.15	1	  125.0	NaN	NaN	   21.4	  52.12	NaN	  52.26	  -0.89	   0.15	1	  136.0	NaN	NaN	   27.5	  48.60	NaN	  48.83	  -0.91	   0.15	0	    8.0	NaN	NaN	    7.0	  -0.02	NaN	   0.39	  -0.91	   0.15	--------	-1	0.00	*
3:326775	  718.6	1	   65.6	NaN	NaN	   28.7	   8.55	NaN	   8.75	  -1.03	   0.08	1	  413.3	NaN	NaN	   39.5	 261.20	NaN	 261.50	  -0.72	   0.08	1	  230.7	NaN	NaN	   34.9	 105.65	NaN	 105.95	  -0.75	   0.08	0	    9.0	NaN	NaN	    7.0	   0.04	NaN	   0.57	  -0.75	   0.08	--------	-1	0.00	*
3:326839	  631.4	1	   46.4	NaN	NaN	   28.6	   2.91	NaN	   3.02	  -0.81	   0.08	1	  346.7	NaN	NaN	   40.2	 193.00	NaN	 193.27	  -0.71	   0.08	1	  238.3	NaN	NaN	   34.9	 112.28	NaN	 112.58	  -0.78	   0.08	0	    0.0	NaN	NaN	    7.0	  -0.07	NaN	   0.00	  -0.66	   0.08	--------	-1	0.00	*
4:368688	 1221.0	1	  155.0	NaN	NaN	   24.4	  68.74	NaN	  69.20	  -0.75	   0.00	1	  816.0	NaN	NaN	   35.0	 999.00	NaN	 999.00	  -0.70	   0.00	1	  247.0	NaN	NaN	   34.1	 121.20	NaN	 121.51	  -0.79	   0.00	0	    3.0	NaN	NaN	    8.1	  -0.10	NaN	   0.01	  -1.02	   0.00	--------	-1	0.00	*
4:410639	  404.0	1	   40.7	NaN	NaN	   24.5	   2.76	NaN	   2.86	  -0.73	   0.00	1	  265.3	NaN	NaN	   35.0	 135.42	NaN	 135.66	  -0.71	   0.00	1	   94.9	NaN	NaN	   35.4	  16.08	NaN	  16.22	  -0.83	   0.00	0	    3.1	NaN	NaN	   10.4	  -0.10	NaN	   0.00	  -0.76	   0.00	--------	-1	0.00	*
4:410813	  321.0	0	   26.3	NaN	NaN	   24.5	   0.45	NaN	   0.48	  -0.70	   0.00	1	  238.7	NaN	NaN	   35.0	 112.24	NaN	 112.46	  -0.70	   0.00	1	   53.1	NaN	NaN	   35.8	   2.51	NaN	   2.56	  -0.78	   0.00	0	    2.9	NaN	NaN	   10.2	  -0.07	NaN	   0.00	  -0.73	   0.00	--------	-1	0.00	*
4:505947	 1342.0	1	  156.0	NaN	NaN	   28.7	  60.50	NaN	  60.94	  -0.84	   0.12	1	  676.0	NaN	NaN	   35.0	 999.00	NaN	 999.00	  -0.77	   0.12	1	  502.0	NaN	NaN	   37.8	 999.00	NaN	 999.00	  -0.75	   0.12	0	    8.0	NaN	NaN	   10.2	  -0.18	NaN	   0.10	  -0.67	   0.12	--------	-1	0.00	*
4:702090	  508.0	1	   74.0	NaN	NaN	   24.7	  14.73	NaN	  14.99	  -0.91	   0.14	1	  251.0	NaN	NaN	   38.9	 112.44	NaN	 112.66	  -0.88	   0.14	1	  172.0	NaN	NaN	   38.7	  54.88	NaN	  55.12	  -0.84	   0.14	0	   11.0	NaN	NaN	    9.1	   0.02	NaN	   0.52	  -0.45	   0.14	--------	-1	0.00	*
4:889308	  269.0	1	   46.0	NaN	NaN	   24.4	   4.07	NaN	   4.20	  -0.73	   0.00	1	  132.0	NaN	NaN	   35.0	  35.36	NaN	  35.46	  -0.86	   0.00	1	   86.0	NaN	NaN	   34.1	  13.03	NaN	  13.16	  -0.82	   0.00	0	    5.0	NaN	NaN	    9.4	  -0.12	NaN	   0.02	  -1.15	   0.00	--------	-1	0.00	*
4:956020	  324.0	1	   56.0	NaN	NaN	   24.4	   7.33	NaN	   7.51	  -0.77	   0.35	1	  180.0	NaN	NaN	   35.0	  66.46	NaN	  66.62	  -0.81	   0.35	1	   83.0	NaN	NaN	   34.1	  11.84	NaN	  11.96	  -0.80	   0.35	0	    5.0	NaN	NaN	    9.0	  -0.14	NaN	   0.02	  -0.84	   0.35	--------	-1	0.00	*
4:995581	 2039.5	1	  309.8	NaN	NaN	   31.1	 189.35	NaN	 190.00	  -0.74	   0.02	1	 1269.1	NaN	NaN	   60.7	 999.00	NaN	 999.00	  -0.61	   0.02	1	  454.5	NaN	NaN	   46.6	 274.13	NaN	 274.59	  -0.59	   0.02	0	    6.1	NaN	NaN	   11.2	  -0.15	NaN	   0.03	  -0.46	   0.02	--------	-1	0.00	*
4:995636	 3994.5	1	  315.2	NaN	NaN	   31.3	 194.78	NaN	 195.47	  -0.80	   0.02	1	 2849.9	NaN	NaN	   60.6	 999.00	NaN	 999.00	  -0.64	   0.02	1	  812.5	NaN	NaN	   46.8	 999.00	NaN	 999.00	  -0.67	   0.02	0	   16.9	NaN	NaN	   11.3	   0.43	NaN	   1.16	  -0.78	   0.02	--------	-1	0.00	*
4:1135757	 3351.6	1	  424.8	NaN	NaN	   31.5	 310.47	NaN	 311.26	  -0.59	   0.00	1	 2287.9	NaN	NaN	   66.7	 999.00	NaN	 999.00	  -0.54	   0.00	1	  633.7	NaN	NaN	   45.3	 999.00	NaN	 999.00	  -0.52	   0.00	0	    5.2	NaN	NaN	    8.1	  -0.19	NaN	   0.09	  -0.50	   0.00	--------	-1	0.00	*
4:1135915	 5546.4	1	  636.2	NaN	NaN	   30.4	 999.00	NaN	 999.00	  -0.69	   0.00	1	 3973.1	NaN	NaN	   67.4	 999.00	NaN	 999.00	  -0.58	   0.00	1	  923.3	NaN	NaN	   44.6	 999.00	NaN	 999.00	  -0.58	   0.00	0	   13.8	NaN	NaN	    8.1	   0.61	NaN	   1.44	  -0.65	   0.00	--------	-1	0.00	*
4:1136766	 4788.8	1	  441.1	NaN	NaN	   34.7	 312.43	NaN	 313.25	  -0.73	   0.14	1	 3208.9	NaN	NaN	   70.9	 999.00	NaN	 999.00	  -0.62	   0.14	1	 1122.7	NaN	NaN	   47.3	 999.00	NaN	 999.00	  -0.60	   0.14	0	   16.0	NaN	NaN	    8.1	   1.10	NaN	   2.05	  -0.64	   0.14	--------	-1	0.00	*
4:1136819	 2106.2	1	  155.9	NaN	NaN	   34.7	  50.22	NaN	  50.64	  -0.72	   0.14	1	 1457.1	NaN	NaN	   71.0	 999.00	NaN	 999.00	  -0.61	   0.14	1	  492.3	NaN	NaN	   47.5	 308.84	NaN	 309.33	  -0.59	   0.14	0	    1.0	NaN	NaN	    8.1	  -0.08	NaN	   0.00	   1.18	   0.14	--------	-1	0.00	*
4:1137065	 3205.0	1	  291.0	NaN	NaN	   34.2	 160.20	NaN	 160.80	  -0.34	   0.41	1	 2114.0	NaN	NaN	   71.2	 999.00	NaN	 999.00	   0.00	   0.41	1	  787.0	NaN	NaN	   47.3	 999.00	NaN	 999.00	  -0.16	   0.41	0	   13.0	NaN	NaN	    8.1	   0.43	NaN	   1.17	  -0.69	   0.41	--------	-1	0.00	*
4:1141094	 2242.0	1	  260.0	NaN	NaN	   24.4	 165.79	NaN	 166.41	  -0.75	   0.00	1	 1562.0	NaN	NaN	   35.0	 999.00	NaN	 999.00	  -0.64	   0.00	1	  406.0	NaN	NaN	   34.1	 276.44	NaN	 276.90	  -0.76	   0.00	0	   14.0	NaN	NaN	    8.1	   0.59	NaN	   1.44	  -0.63	   0.00	--------	-1	0.00	*
4:1141588	 2375.0	1	  589.0	NaN	NaN	   32.9	 999.00	NaN	 999.00	  -0.72	   0.26	1	 1289.0	NaN	NaN	   42.8	 999.00	NaN	 999.00	  -0.64	   0.26	1	  496.0	NaN	NaN	   38.2	 999.00	NaN	 999.00	  -0.70	   0.26	0	    1.0	NaN	NaN	    8.3	  -0.03	NaN	   0.00	  -4.00	   0.26	--------	-1	0.00	*
4:1144427	 5431.8	1	  979.1	NaN	NaN	   53.6	 999.00	NaN	 999.00	  -0.57	   0.01	1	 2878.2	NaN	NaN	   64.8	 999.00	NaN	 999.00	  -0.59	   0.01	1	 1535.5	NaN	NaN	   70.5	 999.00	NaN	 999.00	  -0.55	   0.01	1	   39.0	NaN	NaN	   10.9	   8.57	NaN	  10.42	  -0.73	   0.01	--------	-1	0.00	*
4:1144477	 9059.2	1	 1367.9	NaN	NaN	   52.8	 999.00	NaN	 999.00	  -0.57	   0.01	1	 3813.8	NaN	NaN	   62.7	 999.00	NaN	 999.00	  -0.59	   0.01	1	 3877.5	NaN	NaN	   69.8	 999.00	NaN	 999.00	  -0.55	   0.01	0	    0.0	NaN	NaN	   10.9	  -0.02	NaN	   0.00	  -0.82	   0.01	--------	-1	0.00	*
4:1144755	 6067.0	1	  957.0	NaN	NaN	   50.9	 999.00	NaN	 999.00	  -0.15	   0.41	1	 2571.0	NaN	NaN	   61.4	 999.00	NaN	 999.00	   0.00	   0.41	1	 2521.0	NaN	NaN	   67.6	 999.00	NaN	 999.00	  -0.07	   0.41	0	   18.0	NaN	NaN	   11.5	   0.52	NaN	   1.34	  -0.45	   0.41	--------	-1	0.00	*
4:1324708	  167.4	1	   41.5	NaN	NaN	   24.4	   3.00	NaN	   3.12	  -0.35	   0.00	1	   79.7	NaN	NaN	   35.0	  10.24	NaN	  10.30	  -0.11	   0.00	0	   42.7	NaN	NaN	   34.1	   1.07	NaN	   1.10	  -0.12	   0.00	0	    3.5	NaN	NaN	    8.3	  -0.12	NaN	   0.02	  -0.20	   0.00	--------	-1	0.00	*
4:1324848	 2209.6	1	  172.5	NaN	NaN	   24.4	  83.64	NaN	  84.12	  -0.88	   0.00	1	 1447.3	NaN	NaN	   35.0	 999.00	NaN	 999.00	  -0.62	   0.00	1	  581.3	NaN	NaN	   34.1	 999.00	NaN	 999.00	  -0.72	   0.00	0	    8.5	NaN	NaN	    8.5	  -0.05	NaN	   0.33	  -1.27	   0.00	--------	-1	0.00	*
5:124162	  277.0	1	   42.0	NaN	NaN	   23.3	   3.38	NaN	   3.50	  -1.02	   0.00	1	  133.0	NaN	NaN	   29.8	  42.86	NaN	  42.98	  -0.77	   0.00	1	   96.0	NaN	NaN	   33.2	  18.23	NaN	  18.40	  -1.01	   0.00	0	    6.0	NaN	NaN	    9.6	  -0.15	NaN	   0.04	  -0.56	   0.00	--------	-1	0.00	*
5:213081	 9947.0	1	 1304.0	NaN	NaN	   42.6	 999.00	NaN	 999.00	  -0.62	   0.08	1	 5130.0	NaN	NaN	   87.3	 999.00	NaN	 999.00	  -0.61	   0.08	1	 3472.0	NaN	NaN	   81.5	 999.00	NaN	 999.00	  -0.63	   0.08	1	   41.0	NaN	NaN	   12.0	   8.65	NaN	  10.32	  -0.78	   0.08	--------	-1	0.00	*
5:281504	 1162.0	1	  119.0	NaN	NaN	   23.3	  43.73	NaN	  44.12	  -1.00	   0.05	1	  670.0	NaN	NaN	   29.8	 999.00	NaN	 999.00	  -0.77	   0.05	1	  363.0	NaN	NaN	   35.8	 224.40	NaN	 224.82	  -0.82	   0.05	0	   10.0	NaN	NaN	    8.5	  -0.02	NaN	   0.46	  -1.08	   0.05	--------	-1	0.00	*
5:485496	  205.0	1	   39.0	NaN	NaN	   23.3	   2.64	NaN	   2.73	  -0.65	   0.00	1	  101.0	NaN	NaN	   29.8	  23.88	NaN	  23.97	  -0.92	   0.00	1	   64.0	NaN	NaN	   33.2	   5.78	NaN	   5.87	  -0.96	   0.00	0	    1.0	NaN	NaN	    8.1	  -0.04	NaN	   0.00	  -4.00	   0.00	--------	-1	0.00	*
6:20336	 2196.0	1	  238.0	NaN	NaN	   25.7	 138.95	NaN	 139.52	  -0.84	   0.11	1	 1411.0	NaN	NaN	   40.4	 999.00	NaN	 999.00	  -0.66	   0.11	1	  538.0	NaN	NaN	   36.5	 999.00	NaN	 999.00	  -0.76	   0.11	0	    9.0	NaN	NaN	    7.9	  -0.03	NaN	   0.40	  -0.41	   0.11	--------	-1	0.00	*
6:23615	 1314.0	1	   86.0	NaN	NaN	   25.6	  20.08	NaN	  20.38	  -0.88	   0.09	1	  841.0	NaN	NaN	   35.9	 999.00	NaN	 999.00	  -0.74	   0.09	1	  377.0	NaN	NaN	   33.1	 250.39	NaN	 250.83	  -0.84	   0.09	0	   10.0	NaN	NaN	    7.9	   0.03	NaN	   0.57	  -0.87	   0.09	--------	-1	0.00	*
6:257608	 2850.4	1	  348.7	NaN	NaN	   41.7	 189.46	NaN	 190.12	  -0.86	   0.07	1	 1454.8	NaN	NaN	   44.1	 999.00	NaN	 999.00	  -0.61	   0.07	1	 1036.5	NaN	NaN	   45.9	 999.00	NaN	 999.00	  -0.72	   0.07	0	   10.4	NaN	NaN	    9.3	  -0.01	NaN	   0.49	  -0.67	   0.07	--------	-1	0.00	*
6:257731	  919.6	1	  101.3	NaN	NaN	   41.7	  14.34	NaN	  14.60	  -0.43	   0.07	1	  539.2	NaN	NaN	   44.1	 999.00	NaN	 999.00	  -0.48	   0.07	1	  273.5	NaN	NaN	   45.7	 115.36	NaN	 115.66	  -0.50	   0.07	0	    5.6	NaN	NaN	    8.7	  -0.17	NaN	   0.06	  -0.24	   0.07	--------	-1	0.00	*
7:29830	  379.0	1	   71.6	NaN	NaN	   24.8	  13.72	NaN	  13.97	  -0.91	   0.00	1	  164.3	NaN	NaN	   30.7	  63.59	NaN	  63.73	  -0.96	   0.00	1	  139.1	NaN	NaN	   32.6	  43.26	NaN	  43.47	  -0.94	   0.00	0	    4.0	NaN	NaN	    8.1	  -0.12	NaN	   0.02	  -0.64	   0.00	--------	-1	0.00	*
7:29942	  283.0	0	   34.4	NaN	NaN	   25.1	   1.39	NaN	   1.45	  -0.94	   0.00	1	  130.7	NaN	NaN	   30.7	  40.37	NaN	  40.48	  -0.93	   0.00	1	  117.9	NaN	NaN	   32.6	  30.11	NaN	  30.30	  -0.89	   0.00	0	    0.0	NaN	NaN	    8.0	  -0.05	NaN	   0.00	  -2.00	   0.00	--------	-1	0.00	*
7:107090	 3425.0	1	  492.0	NaN	NaN	   38.1	 999.00	NaN	 999.00	  -0.78	   0.12	1	 1532.0	NaN	NaN	   75.6	 999.00	NaN	 999.00	  -0.61	   0.12	1	 1386.0	NaN	NaN	   65.3	 999.00	NaN	 999.00	  -0.66	   0.12	0	   15.0	NaN	NaN	   12.0	   0.06	NaN	   0.64	  -1.18	   0.12	--------	-1	0.00	*
7:107771	 6254.0	1	  810.0	NaN	NaN	   41.6	 999.00	NaN	 999.00	  -0.67	   0.17	1	 3470.0	NaN	NaN	   75.1	 999.00	NaN	 999.00	  -0.61	   0.17	1	 1943.0	NaN	NaN	   62.2	 999.00	NaN	 999.00	  -0.61	   0.17	1	   31.0	NaN	NaN	   12.5	   3.82	NaN	   5.13	  -0.69	   0.17	--------	-1	0.00	*
7:225007	 1491.0	1	  226.0	NaN	NaN	   28.2	 119.53	NaN	 120.07	  -0.85	   0.18	1	  765.0	NaN	NaN	   43.0	 999.00	NaN	 999.00	  -0.70	   0.18	1	  488.0	NaN	NaN	   42.1	 999.00	NaN	 999.00	  -0.72	   0.18	0	   12.0	NaN	NaN	   10.8	  -0.03	NaN	   0.41	  -0.72	   0.18	--------	-1	0.00	*
7:227221	 2880.0	1	  379.0	NaN	NaN	   27.5	 279.91	NaN	 280.68	  -0.85	   0.09	1	 1628.0	NaN	NaN	   43.7	 999.00	NaN	 999.00	  -0.65	   0.09	1	  863.0	NaN	NaN	   36.9	 999.00	NaN	 999.00	  -0.75	   0.09	0	   10.0	NaN	NaN	    8.5	  -0.02	NaN	   0.45	  -0.57	   0.09	--------	-1	0.00	*
7:341687	 1245.0	1	  111.0	NaN	NaN	   26.0	  34.18	NaN	  34.54	  -0.77	   0.09	1	  709.0	NaN	NaN	   36.7	 999.00	NaN	 999.00	  -0.73	   0.09	1	  418.0	NaN	NaN	   37.7	 272.84	NaN	 273.29	  -0.75	   0.09	0	    7.0	NaN	NaN	    8.6	  -0.18	NaN	   0.12	  -0.57	   0.09	--------	-1	0.00	*
7:431462	  189.0	0	   35.0	NaN	NaN	   22.9	   1.87	NaN	   1.94	  -0.72	   0.28	1	   85.0	NaN	NaN	   30.7	  15.13	NaN	  15.20	  -0.90	   0.28	1	   62.0	NaN	NaN	   32.6	   5.45	NaN	   5.54	  -0.79	   0.28	0	    7.0	NaN	NaN	    9.7	  -0.17	NaN	   0.07	  -0.77	   0.28	--------	-1	0.00	*
7:451254	 2451.0	1	  234.0	NaN	NaN	   33.1	 112.68	NaN	 113.21	  -0.92	   0.25	1	 1401.0	NaN	NaN	   49.6	 999.00	NaN	 999.00	  -0.61	   0.25	1	  807.0	NaN	NaN	   50.3	 999.00	NaN	 999.00	  -0.72	   0.25	0	    9.0	NaN	NaN	   10.1	  -0.15	NaN	   0.17	  -0.97	   0.25	--------	-1	0.00	*
7:501304	  898.6	1	  127.9	NaN	NaN	   29.4	  40.10	NaN	  40.47	  -0.85	   0.04	1	  424.6	NaN	NaN	   36.4	 286.02	NaN	 286.33	  -0.71	   0.04	1	  342.2	NaN	NaN	   44.5	 175.80	NaN	 176.16	  -0.74	   0.04	0	    3.9	NaN	NaN	   13.3	  -0.06	NaN	   0.00	  -1.32	   0.04	--------	-1	0.00	*
7:501466	 1256.4	1	  227.1	NaN	NaN	   28.6	 119.84	NaN	 120.40	  -0.82	   0.04	1	  631.4	NaN	NaN	   35.3	 999.00	NaN	 999.00	  -0.66	   0.04	1	  394.8	NaN	NaN	   44.5	 223.52	NaN	 223.93	  -0.64	   0.04	0	    3.1	NaN	NaN	   13.0	  -0.07	NaN	   0.00	  -0.73	   0.04	--------	-1	0.00	*
7:615815	 2014.0	1	  320.0	NaN	NaN	   25.9	 222.36	NaN	 223.10	  -0.78	   0.21	1	 1234.0	NaN	NaN	   32.4	 999.00	NaN	 999.00	  -0.64	   0.21	1	  453.0	NaN	NaN	   33.4	 999.00	NaN	 999.00	  -0.83	   0.21	0	    7.0	NaN	NaN	    9.6	  -0.18	NaN	   0.08	  -1.37	   0.21	--------	-1	0.00	*
7:616461	  483.0	1	   70.0	NaN	NaN	   24.0	  13.42	NaN	  13.67	  -0.62	   0.45	1	  276.0	NaN	NaN	   32.3	 152.76	NaN	 153.02	  -0.70	   0.45	1	  128.0	NaN	NaN	   33.1	  35.27	NaN	  35.47	  -0.66	   0.45	0	    9.0	NaN	NaN	    9.4	  -0.11	NaN	   0.23	  -0.60	   0.45	--------	-1	0.00	*
7:701351	  576.0	1	   40.0	NaN	NaN	   22.9	   2.99	NaN	   3.11	  -0.93	   0.04	1	  375.0	NaN	NaN	   30.7	 259.56	NaN	 259.85	  -0.87	   0.04	1	  151.0	NaN	NaN	   32.6	  50.40	NaN	  50.64	  -0.92	   0.04	0	   10.0	NaN	NaN	    7.8	   0.03	NaN	   0.59	  -0.60	   0.04	--------	-1	0.00	*
7:789875	 4285.0	1	  667.0	NaN	NaN	   23.5	 999.00	NaN	 999.00	  -0.81	   0.09	1	 2447.0	NaN	NaN	   34.8	 999.00	NaN	 999.00	  -0.64	   0.09	1	 1158.0	NaN	NaN	   38.7	 999.00	NaN	 999.00	  -0.70	   0.09	0	   13.0	NaN	NaN	    7.8	   0.50	NaN	   1.26	  -0.59	   0.09	--------	-1	0.00	*
7:1095649	  412.0	1	   87.0	NaN	NaN	   22.9	  23.59	NaN	  23.91	  -0.87	   0.58	1	  189.0	NaN	NaN	   30.7	  81.84	NaN	  82.02	  -0.80	   0.58	1	  132.0	NaN	NaN	   32.6	  38.29	NaN	  38.50	  -0.74	   0.58	0	    4.0	NaN	NaN	    7.8	  -0.13	NaN	   0.02	  -0.74	   0.58	--------	-1	0.00	*
7:1102501	  296.0	1	   57.0	NaN	NaN	   22.9	   8.60	NaN	   8.80	  -0.92	   0.00	1	  133.0	NaN	NaN	   30.7	  41.63	NaN	  41.75	  -0.90	   0.00	1	  102.0	NaN	NaN	   32.6	  21.64	NaN	  21.82	  -0.97	   0.00	0	    4.0	NaN	NaN	    7.8	  -0.13	NaN	   0.02	  -1.27	   0.00	--------	-1	0.00	*
8:289711	 7028.5	1	 1289.3	NaN	NaN	   63.5	 999.00	NaN	 999.00	  -0.57	   0.00	1	 3574.7	NaN	NaN	  127.1	 999.00	NaN	 999.00	  -0.59	   0.00	1	 2153.9	NaN	NaN	  105.0	 999.00	NaN	 999.00	  -0.59	   0.00	0	   10.5	NaN	NaN	   10.4	  -0.07	NaN	   0.33	  -0.83	   0.00	--------	-1	0.00	*
8:289832	12015.5	1	 1979.7	NaN	NaN	   63.5	 999.00	NaN	 999.00	  -0.55	   0.00	1	 5991.3	NaN	NaN	  127.4	 999.00	NaN	 999.00	  -0.52	   0.00	1	 3997.1	NaN	NaN	  104.8	 999.00	NaN	 999.00	  -0.56	   0.00	1	   47.5	NaN	NaN	   10.7	  14.20	NaN	  16.35	  -0.91	   0.00	--------	-1	0.00	*
8:290128	 5203.0	1	  846.0	NaN	NaN	   63.1	 999.00	NaN	 999.00	  -0.13	   0.56	1	 2642.0	NaN	NaN	  127.7	 999.00	NaN	 999.00	   0.01	   0.56	1	 1691.0	NaN	NaN	  105.5	 999.00	NaN	 999.00	  -0.02	   0.56	1	   24.0	NaN	NaN	   10.5	   2.44	NaN	   3.60	  -0.54	   0.56	--------	-1	0.00	*
8:293757	 8730.4	1	 1120.6	NaN	NaN	   88.3	 999.00	NaN	 999.00	  -0.43	   0.45	1	 4407.6	NaN	NaN	  218.0	 999.00	NaN	 999.00	  -0.44	   0.45	1	 3178.1	NaN	NaN	  174.2	 999.00	NaN	 999.00	  -0.44	   0.45	0	   24.0	NaN	NaN	   12.4	   1.87	NaN	   2.98	   1.02	   0.45	--------	-1	0.00	*
8:294032	10030.6	1	 2459.4	NaN	NaN	   86.6	 999.00	NaN	 999.00	  -0.56	   0.45	1	 4771.4	NaN	NaN	  217.4	 999.00	NaN	 999.00	  -0.58	   0.45	1	 2764.9	NaN	NaN	  172.5	 999.00	NaN	 999.00	  -0.57	   0.45	1	   35.0	NaN	NaN	   11.9	   5.91	NaN	   7.36	  -0.89	   0.45	--------	-1	0.00	*
8:294320	 4093.0	1	 1016.0	NaN	NaN	   86.0	 999.00	NaN	 999.00	  -0.11	   0.38	1	 1940.0	NaN	NaN	  218.2	 999.00	NaN	 999.00	   0.00	   0.38	1	 1118.0	NaN	NaN	  173.1	 999.00	NaN	 999.00	  -0.10	   0.38	0	   19.0	NaN	NaN	   11.6	   0.68	NaN	   1.55	  -0.69	   0.38	--------	-1	0.00	*
8:297334	  404.0	1	  107.0	NaN	NaN	   52.8	  10.22	NaN	  10.43	  -0.86	   0.26	1	  167.0	NaN	NaN	  118.9	   4.69	NaN	   4.74	  -0.81	   0.26	0	  123.0	NaN	NaN	   99.1	   1.90	NaN	   1.95	  -0.83	   0.26	0	    7.0	NaN	NaN	   10.2	  -0.17	NaN	   0.05	  -0.64	   0.26	--------	-1	0.00	*
8:456116	  317.0	1	   56.0	NaN	NaN	   29.5	   4.89	NaN	   5.04	  -0.86	   0.13	1	  185.0	NaN	NaN	   46.2	  52.62	NaN	  52.76	  -0.81	   0.13	1	   72.0	NaN	NaN	   42.9	   4.41	NaN	   4.49	  -0.78	   0.13	0	    4.0	NaN	NaN	    9.0	  -0.12	NaN	   0.01	  -1.25	   0.13	--------	-1	0.00	*
8:522323	 1233.0	1	  156.0	NaN	NaN	   29.5	  58.93	NaN	  59.36	  -0.91	   0.14	1	  719.0	NaN	NaN	   46.2	 999.00	NaN	 999.00	  -0.71	   0.14	1	  349.0	NaN	NaN	   42.9	 185.94	NaN	 186.32	  -0.79	   0.14	0	    9.0	NaN	NaN	    7.9	  -0.02	NaN	   0.40	  -0.66	   0.14	--------	-1	0.00	*
9:13017	  274.3	1	   47.9	NaN	NaN	   21.8	   5.91	NaN	   6.07	  -0.64	   0.00	1	  165.9	NaN	NaN	   24.7	  77.43	NaN	  77.61	  -0.64	   0.00	1	   60.5	NaN	NaN	   28.9	   6.77	NaN	   6.87	  -0.67	   0.00	0	    0.0	NaN	NaN	    7.7	  -0.06	NaN	   0.00	  -1.45	   0.00	--------	-1	0.00	*
9:13149	  916.7	1	  174.1	NaN	NaN	   21.8	  92.83	NaN	  93.34	  -0.88	   0.00	1	  494.1	NaN	NaN	   24.7	 999.00	NaN	 999.00	  -0.68	   0.00	1	  243.5	NaN	NaN	   28.9	 133.86	NaN	 134.19	  -0.92	   0.00	0	    5.0	NaN	NaN	    7.7	  -0.16	NaN	   0.05	  -1.20	   0.00	--------	-1	0.00	*
9:31192	  340.1	1	   71.0	NaN	NaN	   28.1	  11.24	NaN	  11.46	  -0.66	   0.00	1	  175.8	NaN	NaN	   27.8	  77.95	NaN	  78.13	  -0.50	   0.00	1	   86.6	NaN	NaN	   39.9	  10.02	NaN	  10.12	  -0.58	   0.00	0	    6.7	NaN	NaN	    8.0	  -0.14	NaN	   0.17	  -0.83	   0.00	--------	-1	0.00	*
9:31296	 1493.9	1	  194.0	NaN	NaN	   28.4	  91.02	NaN	  91.52	  -0.98	   0.00	1	  894.2	NaN	NaN	   28.4	 999.00	NaN	 999.00	  -0.72	   0.00	1	  403.4	NaN	NaN	   39.7	 250.01	NaN	 250.43	  -0.83	   0.00	0	    2.3	NaN	NaN	    8.1	  -0.10	NaN	   0.01	  -0.38	   0.00	--------	-1	0.00	*
9:383383	  243.0	1	   41.0	NaN	NaN	   25.3	   2.52	NaN	   2.61	  -0.74	   0.40	1	  110.0	NaN	NaN	   35.1	  23.37	NaN	  23.46	  -0.84	   0.40	1	   86.0	NaN	NaN	   30.2	  16.08	NaN	  16.23	  -0.77	   0.40	0	    6.0	NaN	NaN	    7.7	  -0.19	NaN	   0.11	  -1.04	   0.40	--------	-1	0.00	*
mit:23720	  207.0	1	   76.0	NaN	NaN	   27.8	  13.15	NaN	  13.40	  -0.95	   0.00	1	   55.0	NaN	NaN	   19.3	  10.49	NaN	  10.56	  -0.84	   0.00	1	   69.0	NaN	NaN	   25.9	  11.65	NaN	  11.76	  -0.84	   0.00	0	    7.0	NaN	NaN	    2.2	   1.11	NaN	   2.12	  -1.70	   0.00	--------	-1	0.00	*
mit:24729	  127.7	1	   45.2	NaN	NaN	   27.8	   2.90	NaN	   3.01	  -1.18	   0.00	1	   31.0	NaN	NaN	   19.3	   2.02	NaN	   2.05	  -1.07	   0.00	1	   48.6	NaN	NaN	   25.9	   4.40	NaN	   4.47	  -1.15	   0.00	0	    2.9	NaN	NaN	    2.5	  -0.06	NaN	   0.33	  -1.03	   0.00	--------	-1	0.00	*
mit:24994	  153.3	1	   55.8	NaN	NaN	   33.1	   3.61	NaN	   3.74	  -1.00	   0.00	1	   41.0	NaN	NaN	   23.5	   3.39	NaN	   3.43	  -1.15	   0.00	1	   53.4	NaN	NaN	   29.7	   4.32	NaN	   4.39	  -1.10	   0.00	0	    3.1	NaN	NaN	    3.1	  -0.03	NaN	   0.42	  -1.38	   0.00	--------	-1	0.00	*
mit:25725	  148.0	1	   59.1	NaN	NaN	   35.1	   3.95	NaN	   4.08	  -1.09	   0.00	1	   38.4	NaN	NaN	   24.6	   2.30	NaN	   2.34	  -1.01	   0.00	0	   45.1	NaN	NaN	   32.6	   1.78	NaN	   1.82	  -1.07	   0.00	0	    5.4	NaN	NaN	    3.4	   0.24	NaN	   0.89	  -1.06	   0.00	--------	-1	0.00	*
mit:27350	  137.0	1	   51.0	NaN	NaN	   27.8	   4.15	NaN	   4.29	  -1.00	   0.00	1	   34.0	NaN	NaN	   19.3	   2.75	NaN	   2.79	  -1.18	   0.00	1	   49.0	NaN	NaN	   25.9	   4.40	NaN	   4.47	  -0.93	   0.00	0	    3.0	NaN	NaN	    2.2	  -0.03	NaN	   0.42	  -0.84	   0.00	--------	-1	0.00	*
mit:42409	  131.0	1	   52.0	NaN	NaN	   35.4	   2.20	NaN	   2.28	  -1.11	   0.00	0	   34.0	NaN	NaN	   26.0	   1.10	NaN	   1.13	  -0.93	   0.00	0	   44.0	NaN	NaN	   30.9	   1.78	NaN	   1.82	  -0.88	   0.00	0	    1.0	NaN	NaN	    2.5	  -0.14	NaN	   0.04	  -4.00	   0.00	--------	-1	0.00	*
mit:49150	  207.0	1	   77.0	NaN	NaN	   30.0	  12.02	NaN	  12.25	  -0.88	   0.00	1	   46.0	NaN	NaN	   19.8	   6.39	NaN	   6.45	  -0.82	   0.00	1	   77.0	NaN	NaN	   25.9	  15.29	NaN	  15.43	  -0.88	   0.00	0	    7.0	NaN	NaN	    2.6	   0.87	NaN	   1.77	  -1.34	   0.00	--------	-1	0.00	*
mit:79782	  122.0	0	   41.0	NaN	NaN	   27.8	   1.87	NaN	   1.95	  -0.92	   0.00	1	   32.0	NaN	NaN	   19.3	   2.25	NaN	   2.29	  -1.15	   0.00	1	   45.0	NaN	NaN	   25.9	   3.32	NaN	   3.38	  -0.91	   0.00	0	    4.0	NaN	NaN	    2.2	   0.12	NaN	   0.74	  -1.20	   0.00	--------	-1	0.00	*
plasmid-2-micron:3525	 3722.0	1	 1036.0	NaN	NaN	  775.0	  18.87	NaN	  19.15	  -0.49	   0.81	1	  984.0	NaN	NaN	  789.2	  10.81	NaN	  10.88	  -0.50	   0.81	1	 1269.0	NaN	NaN	 1017.7	  13.60	NaN	  13.73	  -0.48	   0.81	1	  433.0	NaN	NaN	  336.3	   5.24	NaN	   6.62	  -0.61	   0.81	--------	-1	0.00	*
unplaced_telomere_2:23556	  203.0	0	   13.0	NaN	NaN	    6.4	   1.77	NaN	   1.83	  -0.91	   0.00	1	   89.0	NaN	NaN	    6.1	  68.54	NaN	  68.70	  -1.05	   0.00	1	   95.0	NaN	NaN	    7.2	  69.22	NaN	  69.49	  -0.97	   0.00	0	    6.0	NaN	NaN	    2.9	   0.44	NaN	   1.15	  -1.14	   0.00	--------	-1	0.00	*
