-300	0.0012159170836634615
-299	0.0013585535915480282
-298	0.0013020115851473963
-297	0.0012838625941413138
-296	0.001321106271303066
-295	0.001412468615160076
-294	0.0015421548121337177
-293	0.0016569049591820418
-292	0.001702884773578572
-291	0.0016466902797113438
-290	0.0015335653252913977
-289	0.001452058015329311
-288	0.001472990789044762
-287	0.001561948529216167
-286	0.0016240200855955121
-285	0.0015858402839311937
-284	0.001500835443613119
-283	0.001469661642986656
-282	0.0015651029079829723
-281	0.0017261843692610737
-280	0.0018371039047846858
-279	0.0018000580115632013
-278	0.0016287808158371422
-277	0.0014276275595776057
-276	0.0013089430169713797
-275	0.0013263706849981252
-274	0.0014298528022647975
-273	0.0015396423184985773
-272	0.0015746993308183093
-271	0.0015380481028224296
-270	0.0014660906422010566
-269	0.0014229389895672579
-268	0.0014204286743773528
-267	0.0014502602751812058
-266	0.0014905001312195338
-265	0.001529885810543357
-264	0.0015585161732340799
-263	0.001563317146896227
-262	0.0015544227033213872
-261	0.0015499382943483695
-260	0.0015641211736499114
-259	0.001572268710751281
-258	0.0015409179355258503
-257	0.0014570030089152846
-256	0.0013684603724890708
-255	0.0013381588198724907
-254	0.0014096665357425002
-253	0.0015489759795888026
-252	0.0016963487389263013
-251	0.0017822324099819526
-250	0.0017927794116522262
-249	0.001743611934508494
-248	0.0016987058021982492
-247	0.0017060380775158859
-246	0.0017914041927671442
-245	0.001919390336990637
-244	0.0020301215069977448
-243	0.002065596660681926
-242	0.0020000093721466677
-241	0.0018715867384625883
-240	0.0017418437639575184
-239	0.001687095670991101
-238	0.0017174794208505394
-237	0.0018112432361863083
-236	0.0019037104801501827
-235	0.001957322895128466
-234	0.001956073403755468
-233	0.0019259120658934664
-232	0.0018887481630333242
-231	0.0018537254444697877
-230	0.0018025482073732934
-229	0.0017405256726451535
-228	0.0016883932358545551
-227	0.0016818429987053441
-226	0.0017068604144696786
-225	0.0017304491579193345
-224	0.0017155991727557023
-223	0.0016801888560429843
-222	0.0016591020404033896
-221	0.0016848234525187408
-220	0.0017487274064608505
-219	0.0018285210013360331
-218	0.0018939064036267376
-217	0.0019255317293027645
-216	0.001912197947633752
-215	0.0018641306644080365
-214	0.0018067499625644288
-213	0.0017663341508607953
-212	0.0017601922297965707
-211	0.0017962358516348121
-210	0.001875541555683762
-209	0.001976330619000616
-208	0.002059309879273519
-207	0.002089544163633102
-206	0.002067486753081003
-205	0.00202257240724043
-204	0.0019867821798268933
-203	0.0019758738212475907
-202	0.001983054917907175
-201	0.0019922899581897393
-200	0.00197747202787657
-199	0.001936877719944275
-198	0.0018863077725588414
-197	0.0018733764600190313
-196	0.0019176954546981202
-195	0.002019325713178024
-194	0.0021438326070957444
-193	0.0022682359613442845
-192	0.0023744468412358077
-191	0.002447006332683376
-190	0.0024879203956851763
-189	0.002511239938387814
-188	0.0025451701491930457
-187	0.002561088591036616
-186	0.002511209403515373
-185	0.0023633535901707364
-184	0.002193756178286635
-183	0.0021061610381705865
-182	0.0021700094727849883
-181	0.0023229491013833418
-180	0.002466586557510921
-179	0.0025149134804039732
-178	0.0024792041501956233
-177	0.002400843756247867
-176	0.0023289278688383504
-175	0.002268475501370732
-174	0.0022126506849231543
-173	0.0021643010814615927
-172	0.002158817002974527
-171	0.00223115348642211
-170	0.002367581047239315
-169	0.0024866482093873796
-168	0.0025067204093297984
-167	0.002424644773439739
-166	0.0023317380558254782
-165	0.002320602122362137
-164	0.0023934347169721087
-163	0.0024709372402949184
-162	0.0024762671086770017
-161	0.002415468130681627
-160	0.002353708196957039
-159	0.0023498777418335536
-158	0.002385712187116053
-157	0.002382098685399634
-156	0.002271446857096899
-155	0.0020963069632751754
-154	0.002000716746044373
-153	0.002114414977721856
-152	0.0023986017890801447
-151	0.0026506165751161805
-150	0.002675930406792183
-149	0.0024794933448757856
-148	0.002255291968319634
-147	0.002195152982978233
-146	0.0023059897323096565
-145	0.0024441272895930105
-144	0.002470739904068623
-143	0.0023901746037280147
-142	0.002289292173829702
-141	0.0022476359630405032
-140	0.002266939223644278
-139	0.0023343386215852933
-138	0.002439951188704217
-137	0.0025682399653693525
-136	0.002655770288638078
-135	0.002638126577714546
-134	0.0025164915780664554
-133	0.0023832182862427048
-132	0.002338074720706559
-131	0.002409199056296108
-130	0.0025260674426944153
-129	0.002601290588265469
-128	0.002584782387221709
-127	0.0025056328399606317
-126	0.002416945635718254
-125	0.0023780695135812826
-124	0.0023925293183531637
-123	0.002436906596228266
-122	0.0024550668790810316
-121	0.002434620493658612
-120	0.002390869013982062
-119	0.002380041897425861
-118	0.0024144066194803815
-117	0.00247779982050248
-116	0.0025123936119811757
-115	0.002503388706047042
-114	0.0024615371591942257
-113	0.0024301354777943912
-112	0.0024131667337097496
-111	0.0023976678616599713
-110	0.0023667583242301
-109	0.0023522815646893984
-108	0.0023914410513544045
-107	0.0024759074061159996
-106	0.0025336328843247797
-105	0.002496870427978746
-104	0.0023841495697942395
-103	0.002285255285914361
-102	0.002283640387398286
-101	0.002371018591182494
-100	0.0024658748969603158
-99	0.0024867901258323684
-98	0.0024178405399925165
-97	0.002302471070048447
-96	0.0021963696173294507
-95	0.0021522930784638153
-94	0.002199609003013812
-93	0.002347049370664807
-92	0.0025471872796382225
-91	0.002746867466890177
-90	0.0029011242716351954
-89	0.002983342866902158
-88	0.0029507131635040495
-87	0.0027747363530285225
-86	0.002518900783335007
-85	0.0023168423330720144
-84	0.0022806029659522184
-83	0.0023710939920626134
-82	0.00245721579790968
-81	0.0024239813044360102
-80	0.0022930933429068817
-79	0.0021744133286401932
-78	0.002168856257566697
-77	0.0022631719563675034
-76	0.0023375902914201277
-75	0.0022730448192004693
-74	0.002068931532481751
-73	0.0018760261457859734
-72	0.0018584518955411591
-71	0.002064849757593793
-70	0.0023687752875716584
-69	0.0026158557638260756
-68	0.0027258681261709376
-67	0.002749252699124152
-66	0.002757621882847044
-65	0.002773084068811511
-64	0.0027506543564339288
-63	0.0026477237064048663
-62	0.0025005408327402564
-61	0.0024062783841118708
-60	0.002448374047091626
-59	0.0025979256054317677
-58	0.002747533648401713
-57	0.002799372558664169
-56	0.0027537698915942647
-55	0.0026584101174058155
-54	0.0025543796662223645
-53	0.0024440488610538345
-52	0.002365168684452162
-51	0.0023719394530002332
-50	0.0025060299134664478
-49	0.0026924812681787176
-48	0.0028236506419356566
-47	0.0028167020767244926
-46	0.002724309838278874
-45	0.0026354307668040506
-44	0.002627296595277119
-43	0.0027032339884856572
-42	0.0028412412803386386
-41	0.002989689450484834
-40	0.0030744698591812776
-39	0.0030380229224813986
-38	0.0029241446293199413
-37	0.0028735262999042845
-36	0.0030135954853622937
-35	0.0033192163328765512
-34	0.0036401816622503307
-33	0.003827495372993916
-32	0.003849395303245466
-31	0.0037771669444775073
-30	0.0036950424496323257
-29	0.003642969937312338
-28	0.003584518141423704
-27	0.003467506363023513
-26	0.0032645724082896468
-25	0.0030226360921740973
-24	0.0027995356400223447
-23	0.0026192577785069497
-22	0.0024789166136820777
-21	0.0023892878082546567
-20	0.002416913495071801
-19	0.002572839353949214
-18	0.002816355380649155
-17	0.0029958796958741963
-16	0.003014925898624088
-15	0.0028405944258850864
-14	0.0026039478921504725
-13	0.002469348840392328
-12	0.0025580439176377217
-11	0.002813139248499398
-10	0.003081154843516233
-9	0.003227195518954913
-8	0.0032538955486745157
-7	0.0032270310171053653
-6	0.0031998819597984325
-5	0.003149241775914998
-4	0.003048435836940386
-3	0.002888945924144988
-2	0.0027213885534964374
-1	0.002623187558661128
0	0.002660871845630706
1	0.002821934845408169
2	0.002989246540260934
3	0.0030316603045946063
4	0.002883879130834086
5	0.0026147952814549896
6	0.0023330879506672122
7	0.002154956835257338
8	0.002100787128488078
9	0.0021441852914085486
10	0.002196043105289497
11	0.0022272960988198903
12	0.002247306042486186
13	0.002316465808447463
14	0.002425788718042139
15	0.0025312497691936183
16	0.0025623452751579088
17	0.002539682356791442
18	0.002518120314261452
19	0.0025551715451266506
20	0.0025961000619186356
21	0.0025572844390283553
22	0.0023934076369088128
23	0.002194005094871026
24	0.0020733850809548774
25	0.002080615887029248
26	0.002133318998716055
27	0.002125204513482678
28	0.0020011185333400957
29	0.0018085747519748742
30	0.0016262339136531147
31	0.001543674888556189
32	0.0015864776539923002
33	0.0017356290833328606
34	0.001877177345278554
35	0.0019193986514910591
36	0.0018200843036078873
37	0.0016798748429572479
38	0.0016119322965073458
39	0.0016898746713541423
40	0.0018512153636679038
41	0.0019894463268690277
42	0.0020176813110048767
43	0.001948232671040399
44	0.0018558990721325907
45	0.0018110393784378888
46	0.001815316454266297
47	0.001812952815401065
48	0.0017526571063646468
49	0.0016544100812181605
50	0.0015949236068287032
51	0.001642008734485617
52	0.001774042885123224
53	0.0019008335336073226
54	0.0019380229776528547
55	0.0018830919911281918
56	0.0017885067558591728
57	0.0017063152019252622
58	0.001648084486288018
59	0.0016078356053094694
60	0.0015762899451045003
61	0.0015403240720791268
62	0.0014912255582307853
63	0.0014307461024132921
64	0.0013935959748081978
65	0.0014108466701368194
66	0.0014982695168298686
67	0.0016186151278452033
68	0.0017045400754396838
69	0.0016967837602646298
70	0.0016005171193242663
71	0.0014900393617864316
72	0.0014399220843856729
73	0.0014583715044969156
74	0.0014961280608574855
75	0.0015098088517906422
76	0.0015215298106697132
77	0.0015637545820885157
78	0.0016499333079001853
79	0.0017305399978372403
80	0.0017652386840918573
81	0.0017331064226759974
82	0.0016629761292607044
83	0.0015912450228158445
84	0.0015485135011598951
85	0.0015451681785248045
86	0.0015781942056034362
87	0.0016372494351416858
88	0.0016903352816077554
89	0.0016953448049937616
90	0.0016220788164986312
91	0.0015017630505828252
92	0.001413929687024155
93	0.0014343841452095516
94	0.0015705167232876634
95	0.0017437594983250684
96	0.001857029712177634
97	0.0018378707123634357
98	0.001714635034120043
99	0.0015574856316768854
100	0.0014765730752395088
101	0.0014934527592557775
102	0.0015787655713707654
103	0.0016296322165775749
104	0.0016184419522964285
105	0.0015611141115871939
106	0.0015264286565979527
107	0.0015162513235953818
108	0.0015064183560151894
109	0.0014693752300305994
110	0.0014339292126155903
111	0.0014418035663664012
112	0.0015093956923746437
113	0.0015868975418450117
114	0.0016075746191588753
115	0.0015275202947524402
116	0.0014085401675880025
117	0.0013428585971683989
118	0.0014033072553194883
119	0.0015288867031006677
120	0.0016225086855463824
121	0.0016092838275196517
122	0.0015285187581832083
123	0.001448073600149445
124	0.0014196291584358581
125	0.0014364317033057088
126	0.0014761384829121203
127	0.001518391338693217
128	0.0015670469954571253
129	0.0016362366326102154
130	0.0017392679840430962
131	0.0018269131228046773
132	0.0018289349715298459
133	0.0016914916164903666
134	0.0014921398568648195
135	0.0013491019192739219
136	0.001366561937863698
137	0.0014917699532397306
138	0.0016180906013985455
139	0.0016252500937114576
140	0.00153300373049771
141	0.0014131476066172827
142	0.0013607454882223994
143	0.0013570746889401313
144	0.0013457692660495807
145	0.0012744639650946658
146	0.0011930316485052083
147	0.0011749957908115335
148	0.0012556641764060656
149	0.0013676744269008952
150	0.00142743957210553
151	0.0014039509482593683
152	0.0013474170333766641
153	0.0013175913011841801
154	0.0013308515148530008
155	0.0013591879203133852
156	0.0013651518755061086
157	0.0013164607691676107
158	0.0012089050746516155
159	0.001061061637940892
160	9.445607652060227E-4
161	9.085773216066382E-4
162	9.719760653860637E-4
163	0.0010796922151983242
164	0.0011927192108531855
165	0.0012886299255820829
166	0.0013655998762427805
167	0.0013936860770855973
168	0.0013436047834779416
169	0.0012345503420348432
170	0.001136664193549356
171	0.001115721261496944
172	0.001169176719795785
173	0.0012420147893632324
174	0.0012832998658818889
175	0.0012975445547287726
176	0.0013082876161338139
177	0.0013264003619573217
178	0.001314776988865761
179	0.0012550713680117996
180	0.0011526707435531717
181	0.0010640170190365109
182	0.0010167859536266688
183	0.0010126954784238568
184	0.0010084747806540716
185	0.0010041462561000412
186	0.0010224435876246267
187	0.0010978808580996097
188	0.001189586022331561
189	0.0012386629186224454
190	0.001214448652738196
191	0.0011562502355999405
192	0.001110042145796263
193	0.0010784464531509337
194	0.001042309930573407
195	9.904112031521957E-4
196	9.511027808798664E-4
197	9.483061517868851E-4
198	9.956089612491656E-4
199	0.0010805429434250712
200	0.0012032336448420853
