DE Ert1_GEM_2_m0 4.87 5 k10_c2930
1 352 303 536 1740 T
2 117 91 70 2652 T
3 70 51 41 2768 T
4 64 46 311 2510 T
5 87 360 301 2182 T
XX

DE Ert1_GEM_2_m1 5.77 3 k8_c1463
1 0 1440 22 0 C
2 1451 0 0 11 A
3 659 207 576 20 A
4 49 1161 28 225 C
5 1462 0 0 0 A
XX

DE Ert1_GEM_2_m2 6.55 1 k7_c1594
1 0 74 37 1483 T
2 0 0 0 1593 T
3 0 1139 0 454 C
4 0 1482 111 0 C
5 159 135 0 1299 T
6 0 228 107 1258 T
XX

DE Ert1_GEM_2_m3 7.97 1 k7_c462
1 452 3 7 0 A
2 419 33 9 0 A
3 433 0 3 26 A
4 336 34 35 57 A
5 3 8 6 445 T
6 21 3 426 11 G
7 92 11 340 20 G
XX

DE Ert1_GEM_2_m4 5.22 6 k5_c1230
1 854 121 74 181 A
2 1216 0 0 13 A
3 13 0 0 1216 T
4 1216 0 0 13 A
5 0 0 13 1216 T
XX

