-300	6.093459188058211E-4
-299	6.821298727523663E-4
-298	6.718023763281323E-4
-297	6.731821188301979E-4
-296	6.904677663783828E-4
-295	7.191638331978248E-4
-294	7.502514559638104E-4
-293	7.692313993293278E-4
-292	7.749305335008974E-4
-291	7.729722014835075E-4
-290	7.772456670099934E-4
-289	7.915415789839892E-4
-288	8.147241458182837E-4
-287	8.383852919018203E-4
-286	8.502640328461593E-4
-285	8.382095503729448E-4
-284	7.978250125147944E-4
-283	7.459376898112681E-4
-282	7.06521707345165E-4
-281	7.046703235120445E-4
-280	7.398929355267043E-4
-279	7.982659970948102E-4
-278	8.464090733304878E-4
-277	8.711537495828788E-4
-276	8.741615465032669E-4
-275	8.814068510889719E-4
-274	8.939714557209119E-4
-273	8.993496201160356E-4
-272	8.751265501406485E-4
-271	8.39180981406378E-4
-270	8.23393112259454E-4
-269	8.564817351586599E-4
-268	9.155812508258891E-4
-267	9.620698581490352E-4
-266	9.624568076510159E-4
-265	9.369424228447233E-4
-264	9.211520795594196E-4
-263	9.438568965640835E-4
-262	9.846684199658622E-4
-261	0.0010115803728418925
-260	0.0010047396997760385
-259	9.773895432421908E-4
-258	9.478673510751644E-4
-257	9.232499793610635E-4
-256	9.093889068306582E-4
-255	9.158332768239877E-4
-254	9.571460868082533E-4
-253	0.0010188398639476319
-252	0.001074659956843197
-251	0.0010937721962928542
-250	0.0010823162849891267
-249	0.0010602470004801928
-248	0.0010542643206242449
-247	0.001063297907066324
-246	0.0010772840526739472
-245	0.0010862882228720545
-244	0.001097966639815499
-243	0.0011226280233156863
-242	0.001160553919303213
-241	0.0012023635676993568
-240	0.0012389156365269177
-239	0.0012685339820034851
-238	0.001287189741446502
-237	0.0012901004813771458
-236	0.001277299027770601
-235	0.0012625067425666736
-234	0.0012595850403634616
-233	0.001267861356232173
-232	0.0012763653016665735
-231	0.0012775360436070044
-230	0.0012809127335931386
-229	0.0012866338150804703
-228	0.0012867862698238094
-227	0.0012646864464453214
-226	0.0012346372696107914
-225	0.0012207567175599328
-224	0.0012417472362003016
-223	0.0012801402758090444
-222	0.0013105181456883864
-221	0.0013191789181373368
-220	0.0013192523818763616
-219	0.0013287325287803429
-218	0.0013546825848941972
-217	0.001383090768315766
-216	0.0013973585333676456
-215	0.0013941495603203816
-214	0.0013886086239066906
-213	0.001395860173746238
-212	0.0014134474884736792
-211	0.0014295561913801084
-210	0.0014342484756526986
-209	0.0014309105355801589
-208	0.0014282265710269001
-207	0.0014364462161694234
-206	0.0014653136276215027
-205	0.001506937558265945
-204	0.001545393451044307
-203	0.001560214096792311
-202	0.0015632251896799429
-201	0.0015761182837091684
-200	0.0016145044850477451
-199	0.0016553994764897703
-198	0.001668067405387183
-197	0.0016404786237225384
-196	0.0016034000879727793
-195	0.0015957369003293982
-194	0.0016384308998768343
-193	0.0017109789008999934
-192	0.0017822425986946367
-191	0.0018233952919283238
-190	0.0018265666415019093
-189	0.0017935817015872412
-188	0.001745464857634434
-187	0.001716120766703143
-186	0.0017366317030252589
-185	0.0018124497322143554
-184	0.0019211635829871172
-183	0.0020334912015043485
-182	0.0021176288652952928
-181	0.0021489247767319227
-180	0.0021142876839291315
-179	0.0020410592909157546
-178	0.0019760343072350774
-177	0.001958991242737817
-176	0.001989323317399856
-175	0.0020475046532300797
-174	0.002114608850613318
-173	0.002182739503269357
-172	0.0022438369006254856
-171	0.002286672843014804
-170	0.0022945705065723046
-169	0.0022649026965484353
-168	0.0022094908579882618
-167	0.0021740021221382513
-166	0.0021844039087910447
-165	0.0022445391605696707
-164	0.0023094187431012326
-163	0.0023579478395565692
-162	0.0023856318186563793
-161	0.00240796181876419
-160	0.0024157786207377988
-159	0.0023958038353321634
-158	0.0023531549504831224
-157	0.002309733314726901
-156	0.002286699958365482
-155	0.0022903243400817174
-154	0.0023271539708161833
-153	0.002401155947997024
-152	0.0024978136037929017
-151	0.002583385192671069
-150	0.002626104817649932
-149	0.002623413881866047
-148	0.0026015287151151248
-147	0.002589888000008736
-146	0.0026012216288973863
-145	0.0026189814473678618
-144	0.002621937763717072
-143	0.0026050064643624495
-142	0.0025975054107577706
-141	0.0026302392085962127
-140	0.002697540592924074
-139	0.0027470159746340143
-138	0.0027319643868219065
-137	0.002676680241176741
-136	0.002653616704744041
-135	0.002717810569662295
-134	0.0028207077321045037
-133	0.002882275770820262
-132	0.002848631070883639
-131	0.002773375563428182
-130	0.002725498895230033
-129	0.002751937969959311
-128	0.002825360420100542
-127	0.0029062132564971668
-126	0.0029620356246885257
-125	0.0029826955177179506
-124	0.002966381082827425
-123	0.002916600901852951
-122	0.0028545966961769894
-121	0.002803687995748215
-120	0.002781468331296879
-119	0.002787646643440688
-118	0.0028268615953418977
-117	0.0029040189468111407
-116	0.0030072959260511777
-115	0.0030915526653983627
-114	0.0031121603874680556
-113	0.0030683413415828684
-112	0.0030105156778516013
-111	0.0029910801419603676
-110	0.0030174488838489843
-109	0.0030483973132498813
-108	0.0030409747067292165
-107	0.0029931764889828474
-106	0.0029431023096362285
-105	0.0029281404438766317
-104	0.0029459322500686594
-103	0.002965272787447685
-102	0.0029583325960782733
-101	0.002934194044930805
-100	0.002923316326466749
-99	0.0029528876239589405
-98	0.003020031288070414
-97	0.0030992719419131003
-96	0.0031629178187105996
-95	0.0031947443966529503
-94	0.0031973119045262065
-93	0.0031801796006333664
-92	0.0031595701350889335
-91	0.0031370460399168967
-90	0.00310774714523701
-89	0.003065548094492344
-88	0.0030302994488092066
-87	0.00302683112212735
-86	0.003062191326721013
-85	0.003102780033410392
-84	0.003109496575090768
-83	0.0030682748759736024
-82	0.0030028855302581623
-81	0.0029433801081616834
-80	0.0029089569778878114
-79	0.0029074991479514146
-78	0.002941803002311113
-77	0.003001712900414199
-76	0.0030671562352648273
-75	0.0031204363473127843
-74	0.003158038870182492
-73	0.003170823557251238
-72	0.003149010604695293
-71	0.003097986260706348
-70	0.003056708525389762
-69	0.003063716778389169
-68	0.0031146238840348414
-67	0.003158736907968707
-66	0.003146181146235533
-65	0.003077565924182008
-64	0.0030008665488798813
-63	0.0029651713273661697
-62	0.0029810290931219633
-61	0.003027115683523859
-60	0.0030812402709755535
-59	0.0031409783914834698
-58	0.0032070184991964193
-57	0.0032722587959434528
-56	0.003302743432418504
-55	0.0032666394485382057
-54	0.0031481303089736625
-53	0.0029917731309497546
-52	0.002878718878615301
-51	0.0028803304701100017
-50	0.0029915528656183697
-49	0.003134481618782898
-48	0.003228691055399168
-47	0.0032528355564815656
-46	0.0032447284734104485
-45	0.003245227630400432
-44	0.0032574336398937948
-43	0.0032653070009746902
-42	0.0032585615757141787
-41	0.0032563374688643508
-40	0.0032703760694376017
-39	0.0033000014199876236
-38	0.0033143522481748483
-37	0.0032890651133273517
-36	0.003211959606523075
-35	0.003105787392726511
-34	0.0030064595977641554
-33	0.002945350443627575
-32	0.0029268454018135572
-31	0.0029331342689251647
-30	0.0029427656048692566
-29	0.00294081290965916
-28	0.002931274045096998
-27	0.0029283396581718905
-26	0.002963346050083212
-25	0.0030524928681151028
-24	0.003193950417051299
-23	0.0033432603592615704
-22	0.0034781976550946584
-21	0.003608286149432428
-20	0.00381819011602112
-19	0.004148464110397439
-18	0.004594396261004687
-17	0.00507750111244037
-16	0.005651615978617255
-15	0.006447925975994344
-14	0.007670882648716194
-13	0.009260850874583
-12	0.010994091369791369
-11	0.012341691090516697
-10	0.012885991283840447
-9	0.012399289846241647
-8	0.011233909261685809
-7	0.009963111546766316
-6	0.009065004606442202
-5	0.008537555902453945
-4	0.008189216341208151
-3	0.007876603403590705
-2	0.007697554795907198
-1	0.007714364730835775
0	0.007907217187746418
1	0.008044267182184508
2	0.007893813174089897
3	0.0072873670197056255
4	0.0062793357665906335
5	0.005080109024422146
6	0.003920955222561383
7	0.0029819702303368664
8	0.0023264124388434884
9	0.001962760656573896
10	0.0017964483854354806
11	0.001726244287126403
12	0.0016746445384591873
13	0.0016375483868751011
14	0.001624940581363324
15	0.0016380658529694613
16	0.0016500231696322384
17	0.0016353676515793874
18	0.0015782508566795778
19	0.001494916467101504
20	0.0014200004698628078
21	0.0013837545949014452
22	0.0013832924013024296
23	0.0013904157160300702
24	0.0013796987513928684
25	0.0013575047651339738
26	0.0013476586589423606
27	0.001368372894872937
28	0.0014048155342831414
29	0.0014322211606002137
30	0.0014321785207942884
31	0.0014134480950932762
32	0.0013914753325894342
33	0.0013786228993326577
34	0.0013736967857855532
35	0.0013670861678965781
36	0.0013489006373519964
37	0.0013161689761792125
38	0.0012776799092338114
39	0.0012446839640834879
40	0.0012266443535100444
41	0.0012290685714417056
42	0.0012540971024214403
43	0.0012905945782949028
44	0.0013107918002689
45	0.0012887746007885514
46	0.0012274200976848135
47	0.001163685611899217
48	0.0011361920108908423
49	0.0011548908667894469
50	0.001197632899700723
51	0.0012376596065687743
52	0.0012584102778353885
53	0.0012535196125899885
54	0.0012192068351092027
55	0.0011572572621581605
56	0.001083536543740702
57	0.0010193817824566739
58	9.895034447119355E-4
59	0.0010007889036626437
60	0.001049450519223579
61	0.001109952271393883
62	0.0011552240823259681
63	0.0011632302067094613
64	0.0011327988266251275
65	0.0010863109941887583
66	0.001052047523125366
67	0.001053954850907279
68	0.0010834930386067645
69	0.0011199806964488574
70	0.0011352626483922324
71	0.0011277992066910285
72	0.001106597002774902
73	0.001088931260733101
74	0.0010808925271086648
75	0.0010843788498704756
76	0.0010978574790375204
77	0.0011159526485971358
78	0.001132176618450685
79	0.0011404246876938846
80	0.0011408626573127206
81	0.0011339369068852248
82	0.0011158128265657187
83	0.0010860221382997322
84	0.0010487489520301745
85	0.0010192981724361158
86	0.001005418379769111
87	0.0010080333869535267
88	0.0010123080513799007
89	0.0010013968257650775
90	9.642186938846996E-4
91	9.136553461933031E-4
92	8.796886708180673E-4
93	8.878405702044409E-4
94	9.284610348302406E-4
95	9.625502765404021E-4
96	9.535365965069047E-4
97	9.033171038685243E-4
98	8.490155971616713E-4
99	8.2849783084399E-4
100	8.481169218438206E-4
101	8.794840477775154E-4
102	8.903327461421617E-4
103	8.687854596557751E-4
104	8.352297339904216E-4
105	8.160176511444401E-4
106	8.24692893209773E-4
107	8.427690043539572E-4
108	8.454625815797992E-4
109	8.207560377310847E-4
110	7.868371046952437E-4
111	7.671259906556122E-4
112	7.723321496030482E-4
113	7.918903346535032E-4
114	8.105050144138425E-4
115	8.159441704018724E-4
116	8.067960541083389E-4
117	7.873409161418436E-4
118	7.719883015799278E-4
119	7.705025135888723E-4
120	7.871266327028932E-4
121	8.112160033625513E-4
122	8.266831030007691E-4
123	8.18179229916063E-4
124	7.801641970296772E-4
125	7.283658308329644E-4
126	6.859006587359292E-4
127	6.778938912428776E-4
128	7.019384971132475E-4
129	7.426239030633212E-4
130	7.688395766588699E-4
131	7.695906294371739E-4
132	7.465241591183907E-4
133	7.219911559901121E-4
134	7.076909229030562E-4
135	7.075243292134493E-4
136	7.124969934859613E-4
137	7.15699391221496E-4
138	7.12341029762972E-4
139	7.01901125677551E-4
140	6.903869333356351E-4
141	6.844263551955589E-4
142	6.852270619537365E-4
143	6.848485179286174E-4
144	6.756440713788053E-4
145	6.607874490596522E-4
146	6.511530388612387E-4
147	6.563379490235081E-4
148	6.74424659237683E-4
149	6.965785957943242E-4
150	7.146440479568415E-4
151	7.272941262066292E-4
152	7.341806962503754E-4
153	7.336359829678516E-4
154	7.21706834718888E-4
155	7.021794058704887E-4
156	6.81935497730967E-4
157	6.684098707078933E-4
158	6.580570180348726E-4
159	6.440180422094997E-4
160	6.213443409741057E-4
161	5.979553262950008E-4
162	5.852333890329251E-4
163	5.917370990497266E-4
164	6.123468204463885E-4
165	6.368635833555567E-4
166	6.508998141052228E-4
167	6.476145312852658E-4
168	6.261136717309095E-4
169	5.991260988710309E-4
170	5.790435816811308E-4
171	5.740347531344909E-4
172	5.804347880293186E-4
173	5.956207640896432E-4
174	6.177721578449881E-4
175	6.426440590518165E-4
176	6.602590981703022E-4
177	6.621333327154547E-4
178	6.518223606902874E-4
179	6.381330858152158E-4
180	6.290685321736174E-4
181	6.264543559102877E-4
182	6.284306183528795E-4
183	6.306909568833344E-4
184	6.240192426892174E-4
185	6.076916300362543E-4
186	5.866139459064168E-4
187	5.740234920151309E-4
188	5.709172767749633E-4
189	5.734399039120587E-4
190	5.760568272819499E-4
191	5.82010323609162E-4
192	5.952450347758891E-4
193	6.120583884301589E-4
194	6.244099192648836E-4
195	6.257798182775184E-4
196	6.183377496300419E-4
197	6.064970679880838E-4
198	5.939471535894237E-4
199	5.814054119337504E-4
200	6.268344046278969E-4
