-300	6.030984264476463E-4
-299	6.043943372202644E-4
-298	6.057258916941336E-4
-297	6.071287335705047E-4
-296	6.086385065506287E-4
-295	6.120707329760403E-4
-294	6.263604497494087E-4
-293	6.622225724136866E-4
-292	7.229475610653416E-4
-291	7.821280540149014E-4
-290	8.05932234126408E-4
-289	7.73591117040807E-4
-288	7.165870495066559E-4
-287	6.794652110494158E-4
-286	6.928191882979132E-4
-285	7.314361962944398E-4
-284	7.561518571846528E-4
-283	7.408250205631542E-4
-282	7.114074458203247E-4
-281	7.068741197954889E-4
-280	7.517033866808705E-4
-279	8.123870200802879E-4
-278	8.40920150950458E-4
-277	8.064838689892292E-4
-276	7.470030988589761E-4
-275	7.175887239632055E-4
-274	7.54913281312816E-4
-273	8.218959223482779E-4
-272	8.630174521174539E-4
-271	8.410203328178585E-4
-270	7.916936552456124E-4
-269	7.690881673464878E-4
-268	8.103923889231937E-4
-267	8.853459272061858E-4
-266	9.468261612828572E-4
-265	9.599447043260167E-4
-264	9.387501058501417E-4
-263	9.095251494551264E-4
-262	8.931629419322248E-4
-261	8.88997882838131E-4
-260	8.909746949208996E-4
-259	8.938354751369735E-4
-258	8.955118172763516E-4
-257	8.947326893374212E-4
-256	8.915047668489283E-4
-255	8.909455554610558E-4
-254	8.994502683543447E-4
-253	9.203804173889682E-4
-252	9.449627091436279E-4
-251	9.613901488766574E-4
-250	9.618678632100303E-4
-249	9.546494642202828E-4
-248	9.520006853475913E-4
-247	9.634123368880796E-4
-246	9.87275536561662E-4
-245	0.0010192064789442
-244	0.0010555982832173728
-243	0.00109595176698613
-242	0.0011405446724612393
-241	0.0011870363588706054
-240	0.001222612653510681
-239	0.0012318410006950573
-238	0.0012062444152076504
-237	0.0011651681937136808
-236	0.0011349132033486949
-235	0.0011349526629885183
-234	0.0011574491984700898
-233	0.0011877377873706278
-232	0.0012134207034883643
-231	0.001231169405505594
-230	0.001239922648325626
-229	0.001239638427018907
-228	0.0012343516973244357
-227	0.0012291166551483472
-226	0.0012279376906135665
-225	0.0012306199707101757
-224	0.0012359188566450463
-223	0.001242917599714135
-222	0.0012520110115697475
-221	0.0012639217939532728
-220	0.0012780731065496933
-219	0.0012886899408183557
-218	0.001288697746162198
-217	0.0012750643188816125
-216	0.0012609268428668116
-215	0.0012634648489054624
-214	0.001293468785030751
-213	0.0013361727682579436
-212	0.001370421832847826
-211	0.0013820704196980764
-210	0.0013850105962539465
-209	0.00140014383659758
-208	0.0014389769393112991
-207	0.0014754380009781424
-206	0.001474060442681325
-205	0.001415414916082847
-204	0.0013442209951598412
-203	0.001321235484468224
-202	0.0013866976704094236
-201	0.0014987767667669137
-200	0.0015951244691696784
-199	0.0016294012904077633
-198	0.0016193030119154557
-197	0.0015985342322881043
-196	0.0015949832099214807
-195	0.001613272842413056
-194	0.0016522096871607243
-193	0.001707962640653918
-192	0.0017661499557482196
-191	0.001809752224390749
-190	0.0018271623876181735
-189	0.0018284227828253524
-188	0.0018289880964966919
-187	0.0018409348010612159
-186	0.0018628265127264188
-185	0.0018898486336444116
-184	0.0019158755524232211
-183	0.0019295376034945341
-182	0.0019181541077459533
-181	0.0018756981650055364
-180	0.0018227579908631614
-179	0.0017865755798491608
-178	0.0017921434964011966
-177	0.0018554565845862441
-176	0.0019902602583786095
-175	0.002192805334076483
-174	0.002389364237273598
-173	0.002488714795887573
-172	0.002431401362625884
-171	0.002285034389355424
-170	0.002148990852732942
-169	0.0020994061959560793
-168	0.0021194497283860466
-167	0.002169049225924944
-166	0.0022129770933677954
-165	0.002235384251081318
-164	0.0022252662483251496
-163	0.002180579377146069
-162	0.0021351229007394107
-161	0.002131656825087651
-160	0.0021956287314473574
-159	0.002283236502171474
-158	0.0023333655948870394
-157	0.002307395699066707
-156	0.0022566834315656025
-155	0.0022550796410844656
-154	0.0023499780560796543
-153	0.0024829439240299923
-152	0.0025690853721699225
-151	0.0025511343082750735
-150	0.0024823177622858308
-149	0.00244348654468377
-148	0.002490952037054691
-147	0.002582867905401304
-146	0.0026528483868305448
-145	0.0026522715145906356
-144	0.002603570506494949
-143	0.0025469423764981456
-142	0.002513815487680466
-141	0.002500543599624487
-140	0.0024947118210383664
-139	0.002489953883596883
-138	0.002504098010841302
-137	0.0025610210492795064
-136	0.0026709199726009793
-135	0.002789272263221588
-134	0.0028578755307387964
-133	0.002838166920539141
-132	0.002770141721165439
-131	0.002713434756949579
-130	0.0027131644429198294
-129	0.002756383556889989
-128	0.0028156284673702373
-127	0.0028694525275591424
-126	0.0029204770294088294
-125	0.002977340249559813
-124	0.00304211770251865
-123	0.003090633854256069
-122	0.003092150408608839
-121	0.0030291774559991634
-120	0.002937218633190963
-119	0.0028650259635335917
-118	0.0028488101220851022
-117	0.0028746163907383453
-116	0.0029159487030948734
-115	0.0029518202556727768
-114	0.0029832812966563162
-113	0.003016891337146291
-112	0.0030575652585112505
-111	0.003103639423190751
-110	0.0031518055638921
-109	0.0031943742858525697
-108	0.0032061316844293076
-107	0.003157482727509426
-106	0.0030375057086852314
-105	0.0029099722243698064
-104	0.002857327196681424
-103	0.002932860593286841
-102	0.0030732425640467294
-101	0.0031859883043702437
-100	0.003202361550023748
-99	0.0031486201982024497
-98	0.003074770686458767
-97	0.0030234748786904407
-96	0.0030080163441765
-95	0.0030343340785412972
-94	0.0031009512139657486
-93	0.0031767274288570214
-92	0.0032231065381788503
-91	0.003211882840233462
-90	0.0031562525666770686
-89	0.003079762432504377
-88	0.003006162015491544
-87	0.0029600123445405243
-86	0.002966077311334724
-85	0.0030356369070692617
-84	0.003126035520986114
-83	0.0031811336418389774
-82	0.003163030788980521
-81	0.0031067826041593426
-80	0.0030656837597230154
-79	0.00307807099348602
-78	0.0031224493051304537
-77	0.0031623657598053205
-76	0.0031718707882562552
-75	0.0031670282836154394
-74	0.0031744055046116874
-73	0.0032088570216703477
-72	0.003238386652002909
-71	0.003219285524517395
-70	0.003129544190348998
-69	0.0030339508895415915
-68	0.0030189932843662196
-67	0.0031357111951100017
-66	0.0032933530741243687
-65	0.0033657195317768267
-64	0.003270012451572992
-63	0.0030970388095709193
-62	0.0029810068549667727
-61	0.0030200982132492934
-60	0.003168388015077539
-59	0.0033439247674031457
-58	0.0034784155321202596
-57	0.003558201590893091
-56	0.0035832827803283594
-55	0.00355445627548977
-54	0.0034757086052689696
-53	0.00335182363701459
-52	0.0031990128616564265
-51	0.00307919826444895
-50	0.0030657294542277965
-49	0.0032001911788067583
-48	0.0033971087419122554
-47	0.003539242586248864
-46	0.0035412041622369787
-45	0.0034450089511602706
-44	0.0033245234420182313
-43	0.0032401301347022406
-42	0.00319827557267125
-41	0.003191922310276103
-40	0.003211318437510467
-39	0.003235854186939316
-38	0.00324220532677045
-37	0.003217324450257925
-36	0.0031892714508408256
-35	0.0031963830470044933
-34	0.003260899482826152
-33	0.0033406751047505593
-32	0.003377467784814355
-31	0.003333225266466923
-30	0.0032506547788086334
-29	0.0031926534223525997
-28	0.003205841190809613
-27	0.0032717296506811796
-26	0.003355553261666483
-25	0.003425378343778973
-24	0.0034605986582891737
-23	0.0034434398267818743
-22	0.0033813157209700725
-21	0.003382393213079583
-20	0.0035800274254644297
-19	0.004081616996168277
-18	0.004890734625993354
-17	0.0059849965314315344
-16	0.007323929803965422
-15	0.00879470503504057
-14	0.01026640369109325
-13	0.011600014781307394
-12	0.012624157485857487
-11	0.013159358527665659
-10	0.013080428688084
-9	0.012479314982184441
-8	0.011502248483468888
-7	0.010307170067405546
-6	0.009098859817327845
-5	0.00809380761853554
-4	0.007471696967268696
-3	0.007264985803528695
-2	0.007469325678257241
-1	0.008023229023973429
0	0.008636651799505918
1	0.008962410845260758
2	0.008734018451109882
3	0.008007768704788787
4	0.006920651143498864
5	0.005621515277658306
6	0.004306650510552535
7	0.0031842062186837826
8	0.002409728752609635
9	0.0019283523591090983
10	0.0016326082590165335
11	0.0014343307950270036
12	0.0013225667972783812
13	0.001305666217769241
14	0.0013771559038096
15	0.001471270283955246
16	0.0015074206820734103
17	0.0014344226105652514
18	0.0013187083359676441
19	0.0012561143133513909
20	0.0013102010994751826
21	0.0014154256578492626
22	0.0014739690536717633
23	0.0014183912868507432
24	0.0013027680961339733
25	0.0012115541549791507
26	0.0012064404937326334
27	0.0012580635702954229
28	0.0013142961994571818
29	0.001334839957819472
30	0.0013267114692314568
31	0.0013087561193541996
32	0.00129625171105238
33	0.0012902057160051462
34	0.0012880580230952632
35	0.0012867760209641112
36	0.0012814370972875318
37	0.0012666461394999831
38	0.0012399098705006867
39	0.0012103423550479256
40	0.0011899594933647464
41	0.0011871705804625192
42	0.001195958490505904
43	0.001206699492447884
44	0.0012118584083504347
45	0.001212254272711502
46	0.0012107946731380256
47	0.0012083150327693664
48	0.0011973621168745747
49	0.0011684105262551232
50	0.001117339832284004
51	0.0010616494886202944
52	0.001024243919494591
53	0.0010204371224507313
54	0.0010351813882855184
55	0.0010458385811089954
56	0.0010358454914014014
57	0.0010129386151237596
58	9.90929374607287E-4
59	9.80136462389777E-4
60	9.769076518353213E-4
61	9.740979865145872E-4
62	9.666144904130762E-4
63	9.575721091756321E-4
64	9.521377688619345E-4
65	9.543233007398367E-4
66	9.635201569098907E-4
67	9.779646946808237E-4
68	9.958524070236034E-4
69	0.0010152153295581653
70	0.0010340446335666865
71	0.001049288509844651
72	0.0010537232272407743
73	0.0010390820741170773
74	0.0010020679760184344
75	9.592624072211242E-4
76	9.322164791842762E-4
77	9.354830992124324E-4
78	9.556223579917844E-4
79	9.721961420539358E-4
80	9.696110436659255E-4
81	9.516524780365347E-4
82	9.269505661099799E-4
83	9.033588570244069E-4
84	8.856246126936811E-4
85	8.777185232255972E-4
86	8.823608538356924E-4
87	8.972701701704742E-4
88	9.189146129841925E-4
89	9.415808548775221E-4
90	9.508296958368374E-4
91	9.300404676949385E-4
92	8.714243917967531E-4
93	8.025202475357239E-4
94	7.596987038174218E-4
95	7.682097423287426E-4
96	8.088205958818829E-4
97	8.51177810070364E-4
98	8.707159087330686E-4
99	8.660213286903269E-4
100	8.414684850078306E-4
101	8.026012428304613E-4
102	7.596412676198642E-4
103	7.239796749168751E-4
104	7.045914704314383E-4
105	7.007872205499352E-4
106	7.094613818278559E-4
107	7.264916193591237E-4
108	7.436884323913949E-4
109	7.518455287107586E-4
110	7.447830304393952E-4
111	7.28426717043849E-4
112	7.117287823267556E-4
113	7.022587270744165E-4
114	7.020552800077989E-4
115	7.117744768315367E-4
116	7.29799665763212E-4
117	7.454234450722043E-4
118	7.456657255408414E-4
119	7.232328939473608E-4
120	6.935772410536363E-4
121	6.778375336174508E-4
122	6.894300548324798E-4
123	7.108811536359678E-4
124	7.169946954010518E-4
125	6.915128682596022E-4
126	6.539311513784241E-4
127	6.326833466830569E-4
128	6.468873535730436E-4
129	6.783974613439442E-4
130	6.997520567653225E-4
131	6.909511522357972E-4
132	6.618412626702062E-4
133	6.297305286124415E-4
134	6.095079104106408E-4
135	6.063856476299218E-4
136	6.231567996396477E-4
137	6.581326005743738E-4
138	6.916969836294262E-4
139	6.997520567653225E-4
140	6.669578261801377E-4
141	6.130058910221733E-4
142	5.663457486772881E-4
143	5.495295366230304E-4
144	5.615199527037099E-4
145	5.953823348553262E-4
146	6.409108371424855E-4
147	6.748148781442181E-4
148	6.705326925681602E-4
149	6.140667017408833E-4
150	5.416760734646998E-4
151	5.021841621608568E-4
152	5.280605709673116E-4
153	5.863598978888604E-4
154	6.277829896470091E-4
155	6.179736297212637E-4
156	5.823473486231308E-4
157	5.612626136221161E-4
158	5.817307086292771E-4
159	6.173741841218757E-4
160	6.284684072187249E-4
161	5.888712269311203E-4
162	5.267704198402899E-4
163	4.839362444199446E-4
164	4.899432578568358E-4
165	5.255832121898781E-4
166	5.594521581710269E-4
167	5.679233802919478E-4
168	5.584790980031491E-4
169	5.463787644948486E-4
170	5.4326410803066E-4
171	5.463059571677743E-4
172	5.490574155367779E-4
173	5.472851937551781E-4
174	5.456104303881693E-4
175	5.508678709878669E-4
176	5.670714797470299E-4
177	5.869520954209887E-4
178	6.004197754057171E-4
179	6.003446106577312E-4
180	5.914368263757158E-4
181	5.813666813188987E-4
182	5.762348262156158E-4
183	5.758634796706382E-4
184	5.785052522578454E-4
185	5.814649768137048E-4
186	5.782563752250345E-4
187	5.614453916412403E-4
188	5.282117600462792E-4
189	4.941903737623119E-4
190	4.796299159460505E-4
191	4.966751559591326E-4
192	5.250552079829021E-4
193	5.36395272403629E-4
194	5.113313525005269E-4
195	4.6654266312458554E-4
196	4.2771922201973855E-4
197	4.149504078886377E-4
198	4.2592304326880773E-4
199	4.5272331165649156E-4
200	4.874373965479326E-4
