#Ino4_GEM_2.m3
#KSM version: 1
#1465/1465
#1.40
#k-mer/r.c.        	Offset	PosCt	wPosCt	NegCt	HgpLg10	CIDs	PosHits (base85 encoding)	NegHits (base85 encoding)
GAAAAAAAA/TTTTTTTTC	0	37	37	10	-5.4	*	!!",B!W`9D#QOiI"<[[Ezz#QOi)+92BAz"98E%!<<*"!!*'"zz!!!!"zzzzzz#QR*i!<<*"!!",Azzz+92BA#QOo+zz!!!!#z!"8i-&-)\1zzJ,fTM!!!!%!!!!aJ3Y4W!!3-#!.Y+NzJ,~	z!!!!Azzzzzzzzzzzzzz!!3-#zzz5QCcaz!!3-#zzzzzzzzzzzzz!!*'"!!!$"!!!!%z!!!'##QOi)!.Y~
AAAAAAAANA/TNTTTTTTTT	2	33	35	6	-6.5	0,1	N.A.	N.A.
GAAAAANAAA/TTTNTTTTTC	0	32	34	7	-5.7	2,-3	N.A.	N.A.
AAAAAAANAA/TTNTTTTTTT	2	31	33	6	-6.0	4,0	N.A.	N.A.
AAAAAAAAG/CTTTTTTTT	2	31	31	7	-5.4	*	!!",B&chtT!!!!A!$D7Azzzzz"98E%!It.Mz!!iQ)!!%NLzzz!!!$"zzz#QR*iz!!",Azzzz#QOo+z!!!!Azz!!iQ)&-)\1z!!*'"z!!!!%!!!!a!!",A+9E)S!.Y%Lz+9~	zzzzzzzz!<<*"z!!!$"zzzzzz!!3-#zzzzzzzzzzzzzzzzzz!!*W2!!!$"zz!!!'~
AAAAANAAAG/CTTTNTTTTT	1	25	26	4	-5.4	5,-6	N.A.	N.A.
GTGAAAAAA/TTTTTTCAC	-1	22	22	4	-5.4	*	O8pCg!WW3##Z1REzzzz!!%NLzzzzzz!!",A"98E%!!!"Lzzzzzzzzz!!!'#z!!!'#z!!!9)!!#7a!WW3#zzzzz!!%NTzzzzz!.Y~	zzzzzzzzzzzzzzzz!!3-#zzzzzzzzzzzzzzzzzzzzz&-)\1zz+92BAzz5Q~
GAAAAAGAA/TTCTTTTTC	0	21	21	3	-5.0	*	z!!*'B!!!9)zzz!!%NLzzzzzzz!!!!"zzzzzz!!%NLzz!!iQ)zzzzz&-/@'#QOi9z!!!-%!!!!"!!!!az!!!!"!!*'&z!!!'#z!.Y%Lzz"9~	zz!!3-#zzzzzzzzzzzzzz!'gMazzzzzzzzzzzzzzzz!!!!"~
$$$
AAAAAAAAAA/TTTTTTTTTT	0	24	24	6	-4.3	0	"9AK'&-)\Q!!!!Azzzzzzz!<<*"!!*'"zz!!!!"zzz!!!!)zz#QOi)!<<*"z!.Y%Lzzz!!!!%zzzzzz!.Y%L!!*'"!WW6$!!!!%+92BAJ3X)7!!!Q1zz+9~	z!!!!Azzzzzzzz!!!$"zzzzzz!!3-#zzz!!!!"zzzzzz#QOi)zzzzzzzzzzzzzzz+9~
AAAAAAAAGA/TCTTTTTTTT	0	11	11	0	-4.5	1	!!",A!WW3#zzzzzzz"98E%!<<*"zzzzzzzzzzzzzzzzz#QOo+z!!!!Azzzzzzz!!!!%!!!!az!!3-#!.Y~	
GAAAAAAAAA/TTTTTTTTTC	0	23	23	5	-4.3	2	!!!!"!!!!A!!!!A!$D7Azz#QOi)+92BAzz!<<*"!!*'"zz!!!!"zzzzzz#QOi)!<<*"!!",Azzzz#QOo+zzzz!"8i-&-)\1zz!!!$"!!!!%zJ3X)7!!3-#!.Y~	z!!!!Azzzzzzzzzzzzzzzzzzzz!!3-#zzzzzzzzzzzzzz!!!$"!!!!%z!!!'~
TTTCTTTTTC/GAAAAAGAAA	0	13	13	2	-3.6	3	z!!*'Bzzzzzzzzzzzz!!!!"zzzzzz!!%NLzz!!iQ)zzzzz&-*gQ#QOi9z!!!-%z!!!!azz!!!!%zzz!.Y~	zz!!3-#zzzzzzzzzzzzzzzzzzzzzzzzzzzzzzz!!!!"~
AAAAAAAGAA/TTCTTTTTTT	0	8	8	0	-3.3	4	zz!"],1zzzzzz"98E%zzzz!$D7Azzzzz!'gMazzzzzzzzzzzzzzzz!!FDE!!!!%!!",~	
AAAAAAAAAG/CTTTTTTTTT	0	19	19	4	-3.6	5	z&-)\Q!!!!A!$D7Azzzzzz!<<*"zzzzzz!!!$"zzz#QOi)z!!",Azzzz#QOo+zzzz!!iQ)&-)\1z!!*'"z!!!!%zz+9E)S!.Y%Lz+9~	zzzzzzzzzz!!!$"zzzzzz!!3-#zzzzzzzzzzzzzzzzzzz!!!$"zz!!!'~
CTTTCTTTTT/AAAAAGAAAG	0	8	8	0	-3.6	6	z!!*'Bzzzzzzzzzzzzzzzzzzz!W[`Nzzzzz!"],1zz!!",A#QOi)zzzzzz!!!!%~	
%%%
0 0 10 0 9 0 0 9 10 0 0 0 0 0 0 0 0 0 0 0 0 12 0 0 10 0 0 0 0 0 9 0 0 12 0 0 10 0 0 0 11 0 0 0 0 0 0 0 0 0 0 0 0 0 0 0 0 0 0 0 0 12 0 0 0 0 0 9 0 0 0 0 9 0 0 0 12 0 9 0 0 0 0 9 0 0 0 0 0 0 0 0 0 13 0 0 0 0 9 0 0 0 0 0 0 0 0 0 0 11 0 0 0 0 0 0 0 0 0 0 0 0 0 0 0 0 0 0 0 0 0 0 0 0 0 0 0 0 0 0 0 0 0 0 0 0 0 0 0 0 0 0 0 0 0 0 0 0 0 0 0 0 0 0 0 0 0 0 0 0 0 0 0 0 0 0 0 0 0 0 0 0 0 0 0 0 0 0 0 0 0 0 0 0 0 10 0 0 0 0 0 0 0 0 0 0 0 0 0 0 0 0 0 0 0 9 0 0 0 0 0 0 0 0 0 0 0 0 0 10 0 0 0 0 0 0 0 0 0 0 0 0 0 0 0 0 0 9 0 0 0 0 0 0 0 0 0 0 0 0 0 0 0 0 0 0 0 0 0 0 0 0 0 0 0 0 0 0 0 0 0 0 0 0 0 0 0 0 0 0 11 0 0 0 0 0 0 0 0 0 0 0 0 0 0 0 0 0 0 0 0 0 0 0 0 0 0 0 0 0 11 0 0 0 0 0 0 0 0 0 0 0 0 0 0 0 0 0 0 0 0 0 0 0 0 0 0 0 0 0 0 0 0 0 0 0 0 0 0 0 10 0 0 0 0 0 0 0 0 0 0 0 0 0 0 0 0 0 0 0 0 0 0 0 0 0 0 0 0 0 0 0 0 0 0 0 0 0 0 0 0 0 0 0 0 0 0 0 0 0 0 0 0 0 0 0 0 0 0 0 0 0 0 0 0 0 0 0 0 0 0 0 0 0 0 0 0 0 0 0 0 0 0 0 0 0 0 0 0 0 0 0 0 0 0 0 0 0 0 0 0 9 0 0 0 0 0 0 0 9 0 0 10 0 0 0 0 0 0 0 0 0 9 0 0 0 0 0 0 0 0 0 0 0 0 0 0 0 0 0 0 0 0 0 0 0 0 0 0 0 0 0 0 0 0 0 0 0 0 0 0 0 0 0 0 0 0 0 0 0 0 0 0 0 0 0 0 0 0 0 0 0 0 9 0 0 0 0 0 0 0 0 0 0 0 0 0 0 0 0 9 0 0 0 0 0 0 0 0 0 0 0 0 0 0 0 0 0 0 0 0 0 0 0 0 0 0 0 0 0 0 0 0 0 0 0 0 0 0 0 0 0 0 10 0 0 0 0 0 0 0 0 0 0 0 0 0 0 0 0 0 0 0 0 0 0 0 0 0 0 0 0 0 0 0 0 0 0 0 0 0 0 0 0 0 0 0 0 0 0 0 0 0 0 9 0 0 0 0 0 0 0 0 0 0 0 0 0 0 0 0 0 0 9 0 12 0 0 0 0 0 0 0 0 0 0 0 0 0 0 0 0 0 0 9 11 0 0 0 0 0 0 0 0 10 0 0 0 0 0 0 0 0 0 0 0 0 0 0 0 0 0 0 0 0 0 0 0 0 0 0 0 0 0 0 0 0 0 0 0 0 0 0 0 0 0 0 0 0 0 0 0 0 0 0 0 0 11 0 0 0 0 0 0 0 0 0 0 0 0 0 0 0 0 0 0 0 0 0 10 0 0 0 10 0 0 0 0 0 0 0 0 0 0 0 0 0 0 0 0 0 0 0 0 0 0 0 0 0 0 0 0 0 0 0 0 0 0 0 0 0 0 0 0 0 0 0 0 0 0 0 0 0 0 0 0 0 0 0 0 0 0 0 0 0 0 0 0 0 9 0 0 0 0 0 0 0 0 0 0 0 0 0 0 0 0 0 0 0 9 0 0 0 0 0 0 9 0 0 0 0 0 0 0 0 0 0 0 0 0 0 0 0 0 0 0 0 0 0 12 0 0 0 0 0 0 0 0 0 0 0 0 0 12 0 0 0 0 0 0 0 0 10 0 0 0 0 0 0 0 0 0 0 0 0 0 0 0 0 0 0 0 0 0 0 0 0 0 0 0 0 0 0 0 0 0 0 0 0 0 0 0 0 0 10 0 0 0 0 0 0 0 0 0 0 0 0 0 0 9 0 11 0 9 0 0 0 0 0 9 0 0 0 0 0 11 0 0 0 0 0 0 0 0 0 0 0 0 0 0 0 0 0 0 9 0 0 9 0 0 10 0 0 0 0 9 0 0 0 0 0 0 0 0 0 0 0 0 0 0 0 0 0 0 0 0 0 0 0 0 0 0 0 0 0 0 0 0 0 0 0 0 0 0 0 0 10 11 0 0 0 0 0 0 10 0 0 0 0 0 0 0 0 0 0 0 0 0 0 0 0 0 11 0 0 0 0 0 0 0 0 0 0 0 0 0 0 0 0 0 0 0 9 0 0 0 0 0 0 0 0 0 0 0 0 0 0 0 0 0 0 0 0 0 0 10 0 0 0 0 0 0 0 0 0 0 0 0 0 0 10 0 0 0 0 0 0 0 0 0 10 0 0 0 0 0 0 0 0 0 0 0 0 0 0 0 0 0 0 0 0 0 0 0 0 10 0 0 0 0 0 9 0 0 9 0 0 0 0 0 12 0 0 0 0 9 0 0 9 0 0 0 0 0 0 0 0 0 0 0 0 0 0 0 9 0 0 0 0 0 0 0 0 0 0 0 0 0 0 9 0 0 11 9 0 0 0 0 0 0 0 0 0 10 0 0 0 0 0 0 0 0 0 0 0 0 0 0 0 9 0 0 0 0 0 0 0 0 9 0 0 0 0 0 0 0 0 10 0 0 0 0 0 0 10 0 0 9 0 0 0 9 0 0 0 0 0 0 0 0 0 0 0 0 0 0 0 9 0 0 0 12 0 0 0 0 0 0 0 0 0 0 10 0 0 0 0 0 0 0 0 0 0 0 0 0 0 0 0 0 0 0 0 0 0 0 0 0 0 12 0 9 0 0 0 0 0 0 0 0 0 0 0 0 0 0 0 0 0 0 0 0 0 0 0 0 0 0 0 0 0 0 0 0 0 0 0 0 0 0 0 0 0 0 0 0 0 0 0 0 0 0 0 10 0 9 0 0 0 0 0 0 0 9 0 0 0 0 0 0 0 0 0 0 0 0 0 0 0 0 0 0 9 0 0 0 0 0 0 0 0 0 0 0 0 0 0 0 0 0 0 0 0 0 0 
0 0 0 0 0 0 0 0 0 0 0 0 0 0 0 0 0 0 0 0 0 0 0 0 0 0 0 0 0 0 0 0 0 0 0 0 0 0 0 0 0 0 0 0 0 0 0 0 0 0 0 0 0 0 0 0 0 0 0 0 0 10 0 0 0 0 0 0 0 0 0 0 0 10 0 0 0 0 0 0 0 0 0 0 0 0 0 0 0 0 0 0 0 0 0 0 0 0 0 0 0 0 0 0 0 0 0 0 0 0 0 0 0 0 0 0 0 0 0 0 0 0 0 0 0 0 0 0 0 0 0 0 0 0 0 0 0 0 0 0 0 0 0 0 0 0 0 0 0 0 0 0 0 0 0 0 0 0 0 0 0 0 0 0 0 0 0 0 0 0 0 0 0 0 0 0 0 0 0 0 0 0 0 0 0 0 0 0 0 0 0 0 0 0 0 0 0 0 0 0 0 0 0 0 0 0 0 0 0 0 0 0 0 0 0 0 0 0 0 0 0 0 0 0 0 0 0 0 0 0 0 0 0 0 0 0 0 0 0 0 0 0 0 0 0 0 0 0 0 0 0 0 0 0 0 0 0 0 0 0 0 0 0 0 0 0 0 0 0 0 0 0 0 0 0 0 0 0 0 0 0 0 0 0 0 0 0 0 0 0 0 0 0 0 0 0 0 0 0 0 0 0 0 0 0 0 0 0 0 0 0 0 0 0 0 0 0 0 0 0 0 0 0 0 0 0 0 0 0 0 0 0 0 0 0 0 10 0 0 0 0 0 0 0 0 0 0 0 0 0 0 0 0 0 0 0 0 0 0 0 0 0 0 0 0 0 0 0 0 0 0 0 0 0 0 0 0 0 0 0 0 0 0 0 0 0 0 0 0 0 0 0 0 0 0 0 0 0 0 0 0 0 0 0 0 0 0 0 0 0 0 0 0 0 0 0 0 0 0 0 0 0 0 0 0 0 0 0 0 0 0 0 0 0 0 0 0 0 0 0 0 0 0 0 0 0 0 0 0 0 0 0 0 0 0 0 0 0 0 0 0 0 0 0 0 0 0 0 0 0 0 0 0 0 0 0 0 0 0 0 0 0 0 0 0 0 0 0 0 0 0 0 0 0 0 0 0 0 0 0 0 0 0 0 0 0 0 0 0 0 0 0 0 0 0 0 0 0 0 0 0 9 0 0 0 0 0 0 0 0 0 0 0 0 0 0 0 0 0 0 0 0 0 0 0 0 0 0 0 0 0 0 0 10 0 0 0 0 9 0 0 0 0 0 0 0 0 0 0 0 0 0 0 0 0 0 0 0 0 0 0 0 0 0 0 0 0 0 0 0 0 0 0 0 0 0 0 0 0 0 0 0 0 0 0 0 0 0 0 0 0 0 0 0 0 0 0 0 0 0 0 0 0 0 0 0 0 0 0 0 0 0 0 0 0 0 0 0 0 0 0 0 0 0 0 0 9 0 0 0 0 0 0 0 0 0 0 0 0 0 0 0 0 0 0 0 0 0 0 0 0 0 0 0 0 0 0 0 0 0 0 0 0 0 0 0 0 0 0 0 0 0 0 0 0 0 10 0 0 0 0 0 0 0 0 0 0 0 0 0 0 0 0 10 0 0 0 0 0 0 0 0 0 0 0 0 0 0 0 0 0 0 0 0 0 0 0 0 0 0 0 0 0 0 0 0 0 0 0 0 0 0 0 0 0 0 0 0 0 0 0 0 0 0 0 0 0 0 0 0 0 0 0 0 0 0 0 0 0 0 0 0 0 0 0 0 0 0 0 0 0 0 0 0 0 0 0 0 0 0 0 0 0 0 0 0 0 0 0 0 0 0 0 0 0 0 0 0 0 0 0 0 0 0 0 0 0 0 0 0 0 0 0 0 0 0 0 0 0 0 0 0 0 0 0 0 0 0 0 0 0 0 0 0 0 0 0 0 0 0 0 0 0 0 0 0 0 0 0 0 0 0 0 0 0 0 0 0 0 0 0 0 0 0 0 0 0 0 0 0 0 0 0 0 0 0 0 0 0 10 0 0 0 0 0 0 0 0 0 0 0 0 0 0 0 0 0 0 0 0 0 0 0 0 0 0 0 0 0 0 0 0 0 0 0 0 0 0 0 0 0 0 0 0 0 0 0 0 0 0 0 0 0 0 0 0 0 0 0 0 0 0 0 0 0 0 0 0 0 0 0 0 0 0 0 0 0 0 0 0 0 0 0 0 0 0 0 0 0 0 0 0 0 0 0 0 0 0 0 0 0 0 0 0 0 0 0 0 0 0 0 0 0 0 0 0 0 0 0 0 0 0 0 0 0 0 0 0 0 0 0 0 0 0 0 0 0 0 0 0 0 0 0 0 0 0 0 0 0 0 0 0 0 0 0 0 0 0 0 0 0 0 0 0 0 0 0 0 0 0 0 0 0 0 0 0 0 0 0 0 0 0 0 0 0 0 0 0 0 0 0 0 0 0 0 0 0 0 0 0 0 0 0 0 0 0 0 0 0 0 0 0 10 0 0 0 0 0 0 0 0 0 0 0 0 0 0 0 0 0 0 0 0 0 0 0 0 0 0 0 0 0 0 0 0 0 0 0 0 0 0 0 0 0 0 0 0 0 0 0 9 0 0 0 0 0 0 0 0 0 0 0 0 0 0 0 0 0 0 0 0 0 0 0 0 0 0 0 0 0 0 0 0 0 0 0 0 0 0 0 11 0 0 0 0 0 0 0 0 0 0 0 0 0 0 0 0 0 0 0 9 0 0 0 0 0 0 0 0 0 0 0 0 0 0 0 0 0 0 0 0 0 10 0 0 0 0 0 0 0 0 0 0 0 0 0 0 0 0 0 0 0 0 0 0 0 0 0 0 0 0 0 0 0 0 0 0 0 0 0 0 0 0 0 0 0 0 0 0 0 0 0 0 0 0 0 0 11 0 0 0 0 0 0 0 0 0 0 0 0 0 0 0 0 0 9 0 9 0 0 0 0 0 0 0 0 0 0 0 0 0 0 0 0 0 0 0 0 0 0 0 0 0 0 0 0 0 0 0 0 0 0 0 0 0 0 0 0 0 9 0 0 0 0 0 0 0 0 0 0 0 0 0 0 0 0 0 0 0 0 0 0 0 0 0 0 0 0 0 0 0 0 0 0 0 0 0 0 0 0 0 0 0 0 0 0 0 0 0 0 0 0 0 10 9 0 0 0 0 0 0 0 0 0 0 0 0 0 0 0 0 0 0 0 0 0 0 0 0 0 0 0 0 0 0 0 0 0 0 0 0 0 0 0 0 0 0 0 0 0 0 0 0 0 0 
1.7721 1.8045 1.7708 1.4092 1.7946 1.6432 1.5640 1.6896 1.7407 1.2561 1.6179 1.5754 1.5277 1.6164 1.3259 1.4849 1.4727 1.5964 1.4842 1.5419 1.4714 1.4579 1.4594 1.5371 1.4805 1.4387 1.4174 1.4391 1.5017 1.5071 1.2715 1.1944 1.3004 1.4148 1.4610 1.1889 1.3822 1.2511 1.4542 1.2586 1.4618 1.4434 1.1340 1.3049 1.1279 1.3588 1.3712 1.1529 1.2649 1.3981 1.3934 1.2112 1.0541 1.3255 1.4488 1.2469 1.2997 1.4205 1.3878 1.4748 1.0979 1.3479 1.3933 1.2197 1.1698 1.4234 1.4126 1.1462 1.2889 1.1085 1.3717 1.2734 1.2792 1.3197 1.2284 1.1709 1.3054 1.3336 1.3800 1.3706 1.1833 1.3049 1.3156 1.3401 1.3056 1.1504 1.2203 1.4538 1.3539 1.3009 1.4174 1.3298 1.3400 1.0741 1.2278 1.0729 1.2495 1.2581 1.3234 1.2392 1.1401 1.2879 1.3930 1.3450 1.3283 1.3320 1.3063 1.1113 1.2827 1.2841 1.1848 1.2815 1.1791 1.1827 1.2176 1.0487 1.2818 1.0957 1.1031 1.3597 1.0539 1.0668 1.1331 1.2854 1.2079 1.3058 1.2454 1.2980 1.2682 1.3860 1.1476 1.2232 1.0946 1.2258 1.1211 1.2306 1.2278 1.2449 1.2019 1.0166 1.1286 1.3259 1.2980 1.2676 1.1586 1.3336 1.3182 0.9609 1.1052 1.1135 1.0198 1.1010 1.1153 1.1318 1.0605 1.1848 1.1394 0.8989 1.1601 1.1042 1.2330 1.2620 1.2422 1.1385 1.0751 1.1351 1.0213 1.1277 0.9748 1.2710 1.0289 1.2824 1.1411 0.9274 1.3937 1.0891 1.1437 1.2576 0.9557 0.9285 1.1436 1.1233 1.1216 1.1761 0.9673 0.8691 1.2596 1.1192 1.0520 1.1876 1.3197 1.1169 1.2910 1.2581 1.2118 1.0929 0.9097 1.0653 1.3111 0.9860 1.1529 1.2246 1.2051 1.1476 1.1083 0.9044 1.3175 1.2008 1.1162 1.0847 0.9805 1.1238 1.0683 1.1594 0.8950 1.1172 1.1052 1.2853 1.0150 1.1521 1.0823 1.0800 1.1042 1.1910 1.0717 1.1792 1.1517 1.0240 1.1625 1.2427 1.3360 1.1964 1.0376 1.1172 1.1068 1.0166 1.0729 1.1367 1.2610 1.1286 0.9385 0.9729 1.0845 0.9459 1.1277 1.0475 0.8490 1.0554 1.2357 0.8961 0.9690 1.2314 1.2993 1.1375 0.9879 1.0460 1.0444 1.1730 1.1374 0.8626 1.4496 1.0693 1.1277 0.9861 1.0880 1.0002 1.1123 1.0287 1.1826 1.1385 1.1548 1.1040 1.2521 1.0500 1.0845 0.9665 1.2404 1.0376 1.0681 1.1855 0.9709 1.0446 0.9488 1.0182 1.0823 0.9915 0.9124 0.9805 1.0182 0.9525 1.1300 1.0800 1.0580 1.1594 0.9629 1.0635 1.1444 0.9609 1.2167 0.9481 1.0729 1.0685 1.0225 0.9274 1.0705 1.1529 1.1951 1.0671 1.0228 1.0002 1.3579 1.0480 1.0298 0.8846 0.9629 1.0858 1.1747 1.0800 0.8691 1.2865 1.0446 1.1521 1.1939 0.9322 1.0656 1.0869 0.9588 1.0304 1.0460 1.0317 0.9459 1.0125 0.8904 1.2665 1.0365 0.9809 1.0452 0.8343 1.0705 0.8497 1.0073 1.0681 1.2526 1.0705 1.0217 1.2202 0.8593 0.8775 1.1367 1.0891 0.9459 1.0411 1.2234 0.8875 1.1010 1.0880 0.8989 1.0018 0.9164 0.9124 0.8418 1.2433 1.2016 0.9439 1.1201 0.9824 1.1222 0.9071 1.0274 1.0466 0.9843 1.1553 1.0979 1.1258 1.0709 0.8961 0.9525 0.8868 0.9298 1.1443 0.9635 0.9005 1.1694 0.9071 0.9017 1.0668 0.9175 1.0036 1.0846 1.2230 1.1819 0.8961 0.9481 0.9087 0.9067 0.9452 1.1717 0.8525 0.9322 0.8904 0.8904 0.9071 0.9768 0.9588 0.9609 1.0741 0.9503 0.8343 1.0213 1.2869 1.1754 0.9525 0.9567 0.9689 1.2889 0.8593 0.8454 0.8817 0.9985 0.8454 1.1679 0.9690 0.9346 1.1031 0.9915 1.0880 0.8343 1.0102 0.9546 1.0233 0.9787 1.0053 1.0835 0.8418 1.0102 0.8785 0.9520 1.0408 0.9650 1.0729 1.0979 0.8453 1.1466 0.8933 0.8785 0.9481 0.9393 0.9668 1.0941 1.1805 0.9670 1.0019 1.0421 0.9332 1.0036 1.0474 1.2432 0.9843 1.0198 1.1006 1.0333 0.9787 0.8343 0.8389 0.9477 0.9293 0.9200 0.9968 0.8846 1.0812 0.8343 1.0347 1.1783 0.8454 1.0150 0.9511 1.0608 1.0711 0.9629 0.8652 1.1751 1.1055 1.1052 0.8626 0.9650 1.0605 0.8989 0.9149 0.8697 1.1010 1.0036 0.8381 0.9204 0.8875 0.9124 0.9588 1.0946 0.8785 0.8407 0.9124 1.0288 0.9684 0.9200 1.1882 1.0271 0.8381 1.0925 0.9670 0.8933 0.8993 1.2001 0.9003 0.9038 0.8691 0.9481 0.8415 0.8903 1.1259 0.9525 1.0102 0.9133 1.0086 1.1062 1.0131 0.8961 0.8593 0.8920 0.9506 0.9088 0.9200 0.9709 0.9298 0.9588 0.8874 0.9481 0.8525 1.0785 0.8846 0.9392 1.1594 1.1561 0.9768 0.9650 1.0683 0.8875 0.8723 0.9985 0.9588 0.8626 1.1561 1.2837 0.9843 0.9459 0.9805 0.8525 1.1231 0.8659 0.8343 0.9650 1.0668 0.9124 0.8490 0.8559 0.8490 0.9346 0.8875 0.8704 0.8976 1.1494 0.8816 0.9588 0.9097 0.9650 0.8343 0.8989 0.8454 1.0134 0.9298 0.9071 0.9044 0.8371 0.9968 0.9369 0.9525 0.8525 0.8923 1.0058 0.8797 0.9825 0.8785 0.8343 0.9897 0.9709 0.8454 1.0259 0.9861 1.1366 1.0656 0.8525 0.8381 0.9322 1.0274 1.0002 0.8626 0.8547 0.9310 1.1248 1.0287 0.8846 1.0946 0.9392 0.8454 0.8490 0.9378 0.8426 1.0274 0.9588 0.8490 0.9250 0.8961 0.9567 1.0166 0.9153 0.9843 0.8785 1.0858 0.9805 0.8593 0.8529 1.0988 1.1633 1.0835 0.8525 0.9609 0.8961 0.9718 0.8619 0.9805 1.0741 0.8875 0.9175 0.9709 1.0432 0.8559 0.8525 0.9326 0.9569 0.8785 0.9176 0.8816 1.0593 0.9124 1.0460 0.8343 0.8933 1.0148 0.9670 0.8785 0.9437 0.9824 0.9897 0.8659 0.8559 1.0244 0.8875 0.8418 1.0958 0.9629 1.0812 0.9709 1.0289 0.9950 1.0032 1.0652 1.0081 0.8875 1.0425 1.0786 1.1153 0.9274 1.1021 1.0134 0.9459 0.8418 0.8343 0.8691 0.8691 1.0545 0.8677 1.1478 0.9661 1.1428 0.8525 0.8827 1.0347 0.9481 1.1391 0.8381 0.9174 0.9071 0.9017 1.0668 1.0053 0.8793 1.0467 0.8418 0.8418 0.8350 1.0347 1.1000 0.9968 0.8702 1.0011 0.8454 1.0536 0.9546 0.9546 0.8559 0.8785 0.8817 0.8454 1.1201 0.8875 1.0800 0.9843 1.0656 1.1143 1.0390 0.8454 1.0250 0.9462 1.0019 0.9805 0.8593 0.8723 0.8904 0.8816 0.8751 0.9861 0.8559 0.9588 0.8627 1.0627 0.8593 0.8846 0.8691 0.9149 0.8525 0.8990 1.1910 0.8692 0.9791 0.8381 0.9883 1.0036 0.8754 0.8626 0.8779 0.9845 0.9546 1.0166 0.8904 0.8352 0.8846 0.9950 1.1211 0.9567 0.9787 0.9824 0.9567 0.8593 0.9453 1.3314 1.1201 0.9985 0.9391 1.1558 0.9512 0.9225 1.1318 0.9124 0.8659 0.8381 0.9134 1.1166 0.8961 1.6151 0.9609 1.1798 1.0527 0.9729 0.9950 1.0166 0.9097 0.8525 0.9764 0.8482 0.8456 0.8525 0.9567 0.9298 0.8490 0.8754 1.0833 0.8463 0.9532 0.9609 0.8758 1.1258 0.9514 0.9944 1.1379 0.9861 1.0554 0.8754 0.9223 1.0053 0.9149 0.8960 1.0765 0.8989 0.8691 0.8904 0.9071 0.8381 0.8525 0.9017 0.9696 0.9161 0.9625 0.9071 0.8989 1.0166 1.0134 0.9985 0.8381 0.9170 0.8407 0.8626 0.9730 0.8989 1.0701 0.8754 0.8490 0.9415 0.8834 0.8626 0.8665 0.8938 0.8598 0.9017 0.8723 0.9346 0.8490 0.8396 0.8626 0.8820 0.8723 0.9044 1.1594 0.9915 0.9503 0.8681 0.9843 0.8917 1.0740 0.9017 1.0318 0.9567 0.8877 0.8436 0.8659 0.9670 1.5620 0.8785 0.8454 1.0370 0.9418 0.9847 1.0440 0.9609 1.0858 1.0902 0.8454 0.8875 0.8622 1.0864 0.9770 1.0800 0.9404 1.0259 0.9546 1.0228 0.8910 0.8777 0.8525 0.8933 0.9787 1.0376 0.9017 0.9346 1.1093 1.1073 1.1031 0.8961 0.8749 0.9824 0.9322 0.9729 0.8691 1.1135 0.8904 0.8816 0.9950 0.8381 0.8381 0.9017 0.9215 1.0069 0.8418 0.9131 0.9448 0.9369 0.9044 0.8343 0.9249 0.9805 0.8490 0.8490 1.0132 0.9985 0.9670 0.8525 0.9748 0.8490 1.0914 0.8361 0.8418 0.8454 0.9250 0.8593 0.8418 0.8691 0.8381 0.8626 0.8593 0.8575 1.0589 0.9071 0.8490 0.9471 0.8994 0.8622 1.0668 0.8628 0.9933 0.9324 0.9481 0.9957 0.9057 0.8785 1.0198 1.0166 1.0019 1.1149 1.0103 0.8525 0.8754 0.8754 0.8418 0.8490 0.9241 0.9225 0.9879 1.0705 0.9006 0.9879 0.8343 0.8626 0.8785 0.9012 1.0404 0.9250 0.9298 0.8785 0.8928 0.8418 0.8381 0.9670 0.9609 0.9709 1.0460 0.9686 0.8927 0.9825 1.1227 0.8442 0.9588 0.8593 0.8691 0.8904 1.0482 0.8875 0.8593 0.8723 0.8820 0.9499 0.8992 0.9149 0.9359 0.8694 0.9161 0.8785 1.0118 1.0362 0.8352 0.8691 0.9274 1.0605 0.8989 0.9481 1.1103 0.9148 0.8569 0.8875 1.1454 1.0289 0.8454 0.8785 0.9159 0.9805 0.8559 0.9985 0.8459 1.0499 0.9250 0.8381 0.8659 0.8343 0.9876 0.8923 1.0763 0.8418 0.8559 1.0362 0.8659 0.8525 0.9709 0.9588 0.8490 0.8468 0.9824 0.8381 0.9250 0.9071 0.9066 1.1023 1.0527 0.8933 0.9546 0.8933 0.8723 0.8454 0.8500 0.8507 0.9369 0.9682 0.9932 0.8488 0.8454 0.8381 0.8454 0.9585 0.9561 0.8723 0.8723 0.9709 1.0019 0.8525 0.8343 0.8575 0.8490 0.8440 0.8559 1.0979 0.8560 0.8904 0.9322 1.0514 0.8559 0.9415 0.8996 0.9322 0.9322 0.8875 0.9593 0.9062 0.8362 0.9097 0.8910 1.0777 0.9044 0.8846 0.9824 0.8479 1.1207 0.8559 0.8448 0.8381 0.8525 0.9124 0.9415 0.8659 0.8818 0.9116 0.8381 0.8722 0.8418 0.8606 0.8593 0.8454 0.8559 0.8659 0.9503 0.9149 0.9097 0.8904 1.1267 0.8754 0.9200 0.8381 1.0408 0.9048 0.8723 0.8343 0.8347 1.0155 0.8846 0.8785 0.8723 0.9686 0.9950 0.8431 1.0868 0.8490 0.9295 0.9865 0.8525 0.8593 0.8490 0.9797 0.8559 0.8925 0.8723 1.1833 1.0134 0.9097 0.8974 0.8873 0.8989 0.8754 1.0432 0.8559 0.8343 0.8494 0.8891 0.8699 0.9097 0.8608 0.8418 0.8559 1.0681 0.8906 0.8593 0.8784 0.8343 0.8593 0.9548 0.9097 0.8904 1.0334 0.9617 1.0002 0.9950 0.9161 0.9225 0.8381 0.9567 0.8593 0.9412 0.9661 1.0418 0.9017 0.8418 0.9392 0.9308 0.8490 0.9773 0.8381 1.1388 0.9225 1.0746 0.8626 0.8343 0.8601 1.0541 1.1709 0.8659 0.9246 0.8559 0.9153 0.9072 0.9441 0.9274 0.8635 0.8559 0.9298 0.8723 0.9459 0.8593 0.9964 0.9565 0.8875 0.8490 0.8999 0.8605 0.8559 0.9044 0.8397 0.9690 0.8691 0.8454 0.9902 0.8793 0.8381 0.8593 1.0053 0.8559 0.8570 0.8961 0.8546 0.8933 1.0541 0.9415 0.8626 0.9440 0.9259 0.8785 0.8454 0.8626 0.8525 0.8452 1.1596 0.9225 0.9307 1.0069 0.8381 0.8361 0.8381 0.8343 0.9321 0.9363 0.8691 1.0918 0.8933 0.8754 1.1230 0.9481 0.8490 0.9546 0.9017 0.8381 0.8792 0.9017 0.9079 0.8659 0.8816 0.9445 0.8626 0.8410 0.9346 0.8798 0.8343 1.2955 0.8381 0.8454 0.8543 0.8405 0.8454 0.8450 0.8381 0.8454 0.8723 0.8381 0.9616 0.8754 0.8418 0.8343 0.8589 0.9281 0.8354 0.8753 0.8454 1.0754 0.8490 0.8659 0.8632 0.8844 0.9384 0.9132 0.9097 0.8348 1.0248 0.9044 0.8754 0.9459 0.8727 0.8548 0.8691 0.9071 0.8933 1.0420 0.8904 0.8961 0.8381 0.8989 0.8870 0.8963 0.9491 0.9690 1.2673 0.9225 0.8626 0.9841 0.8875 0.8776 0.8578 0.9700 0.9346 0.9284 0.8476 0.8343 0.9225 0.8343 0.8498 0.8473 1.0053 0.8343 0.8846 0.8343 0.9099 0.8846 0.8525 0.8343 0.8875 0.9369 0.8548 0.9415 1.0336 0.9071 0.9503 1.0501 0.8343 0.8598 0.9339 0.8454 0.8381 1.0663 0.8358 1.0002 1.0432 0.8989 0.8816 0.9991 0.9299 0.9274 0.8846 0.8495 0.9201 0.8388 0.9646 0.9121 0.8691 0.8787 0.8961 1.0914 0.9225 0.8525 0.8381 0.8875 0.8559 0.8563 0.8682 0.9274 0.8626 0.8343 0.9250 0.9200 1.0989 0.8792 1.0318 0.9578 0.8843 0.9629 0.8734 0.9298 0.8490 0.8485 0.8818 0.8418 0.9129 0.9567 0.8490 0.8376 0.8343 0.8522 0.8785 0.9174 0.8468 0.8645 0.9958 0.8343 0.8723 0.9388 0.8413 0.9265 0.8360 0.8847 0.8559 0.8490 0.8666 1.1848 0.8875 0.8363 0.8692 0.8532 0.9437 0.8454 0.8490 0.8401 0.8454 0.8767 0.8754 0.8454 0.9154 0.8490 0.8939 0.9030 0.8761 0.8785 0.8420 0.9072 1.0297 0.9057 0.8754 0.8528 1.4854 0.9873 1.1230 0.9967 1.4137 1.3950 1.5320 1.3996 1.2950 
