#Ino4_GEM_1.m2
#KSM version: 1
#574/574
#2.43
#k-mer/r.c.  	Offset	PosCt	wPosCt	NegCt	HgpLg10	CIDs	PosHits (base85 encoding)	NegHits (base85 encoding)
TTTTCA/TGAAAA	2	132	132	52	-11.3	*	1mR6_Llq`<6=u0!8H9k5(b$R-<$3=c_%6SL#Qu9#J;?n7i$o(!!&.l<&d!(T!$m@%!##d&TM?)L!$S%d-k65S_AECa~	&-)\1!0])J5QCca!rr<4J.M\\!!!!##lju+!<`Z6+92BA!!"2C!([.k&c_t7z'G(9FV>pVs!!!TBJ0Z6;69kS~
TTTTTC/GAAAAA	1	132	132	63	-8.0	*	A-$(l#So;u?t:gf8,rVi&.p#b5d17j!=:"[!!":'J,i4%U]Urh&/[Z_:]b&?!=aV^J.ic]P_'LK!2UtCTF(Zr65]b3~	z5a*l%!!!--'*nRPJ1ps)^`WUW!!!91!!",A!/(>="<[\4&-tT&&c_q6!WW3C+:nMY'S$dG!.YXo+9V[0!!!'S~
TTTCAC/GTGAAA	3	123	123	24	-21.1	*	1mQ=WM@p0p5^\5/5lq#d=90NM;?1)>8.Yb(#T*Uc(k>7]."m0P!$DK-+G)o[#Tt#c!=AgYW(K@-!.gjE-ia6E^_son~	5QH<9!!Y+gz!!!-%!"],1!!!9)z!<doQ!!*'"zz!!!'#!!%N\zL&_2R!!!-%!$D=~
CTTTTT/AAAAAG	0	116	116	55	-7.1	*	9EDq_#SIaR87[I*8dGD`&.oHRJ-^Z,!&4l^+9VZIJH,a]TKii0&I;3`:^VaVJIM_^J/81gP_'I0%YY&hTND=_!XK&7~	5U$12!`2bp5QCd,!WW3#z:]M%4zz&;1$K,p377!!5Cc!.o_6"=4*L!"],6"FpK&%"J?Y!.Y&7![%IS~
TNTTNTTC/GAANAANA	-1	53	53	11	-8.4	0,-1,-2	N.A.	N.A.
AANTTTC/GAAANTT	0	51	50	17	-5.2	3,4	N.A.	N.A.
ATNTTCA/TGAANAT	1	47	49	13	-6.5	5,-6	N.A.	N.A.
AATTNTC/GANAATT	0	34	35	8	-5.5	4,-7	N.A.	N.A.
ANNTTTCA/TGAAANNT	0	28	29	2	-8.0	8,-9	N.A.	N.A.
$$$
TCTTTTTC/GAAAAAGA	0	15	15	1	-4.9	0	z!"]\A!!!"Lz!!*'"!!!!#zz!!!!"!!!'#z!!3-#!!*'"zKE)P`!!!0&!!!!"~	zzzzzzzzzzzzz!"]~
GAAGAAAA/TTTTCTTC	0	14	14	2	-3.6	1	!!!"P!!"2C!!!-%!!iQ)zzz!!!9)!$D7Azzzz!!!!#!!!"L#QOj4z!!!'~	zzzzzzzzzzz!!!$"z+9~
GAAAAAAA/TTTTTTTC	0	30	30	10	-3.8	2	!!#98#S7[M!'geqz!!",A5QCca!!rW*z!!!",,QIlGz!!!!1!!!'#!!3-#'S$/`!!!$"J,fQ\!!*'&~	z!!*W2z!!iQ)zzzz!!!!#"98E%z!WW3#z+:nMQ!.Y%L!!!$~
AAATTTC/GAAATTT	0	29	29	10	-3.2	3	!'gMa!"],1+92BCz!!",B:]LIq!WW3#z!!!9+!!#7az!!",A!!!9)!!iQi!!#8.!$D:B!#,GG!'jo~	z!!!'#z!!!-)!!iQ)zzzzz!!!Q1!!!$"zzzz!WW3#!!nA~
AATTTTC/GAAAATT	0	26	26	7	-4.1	4	&-.4\!71]G!!E9%z!$D7A5QCfdzz!&4HR+<UYL!!",A!!!]5!!!9)!!#Ce+92BA!!!!#!!!!q~	!!!!#!!iQ)!!",Az&0LrQzzzz!!3-#zzzzzz!!3~
ATATTCA/TGAATAT	0	15	15	3	-3.5	5	J,fQLz#QPD9!<<*$!!3-#!0@0\!!!$"zzz!$D7A!!!$"!!",Azz!<<Z2z!!!!#~	z!.Y%Lzzz!WW3#zzz!!3~
TGAAAAT/ATTTTCA	0	33	33	10	-4.4	6	&-.:f!0@0\!W[`N!<=5B!$D7A6i\A3^^pJG!!E9%z+=I3i!!",I&-*7A!!!9)!!!-%+:%rIzzJ,fQP~	zzzzzz#lju+!<<*"z!!!'#zzz"98E%J,fQLzJ,g\l5Q~
GATAATT/AATTATC	0	9	9	1	-3.0	7	!!%NLz!!#7az!!*'"zzzz!WW3#!!!!5zz&-)\1zz!!3-#!!",~	zzzzzzzzzz!!!!)~
ATATTTCA/TGAAATAT	0	14	14	2	-3.6	8	!.Y%Nzzz!$D7I!!",A#QOo+!"],1!$D7A#QfMZzzzzzz!!!!#~	z!!E9%!!!-~
TGAAAATT/AATTTTCA	0	15	15	0	-5.8	9	&-.4\!0@0\zz!$D7A5QCfdzzz+<UXa!!",A!!!Q1!!!9)!!!-%+9~	
%%%
0 0 6 0 6 6 6 6 6 0 6 0 6 0 6 6 6 7 6 6 0 7 6 6 7 6 6 6 6 0 0 6 0 6 0 6 0 0 0 6 0 6 6 0 6 0 7 8 0 6 7 6 7 6 0 0 0 0 0 0 0 0 0 0 0 7 0 6 0 6 6 0 0 6 6 6 6 6 6 0 0 0 6 8 6 6 6 6 6 6 0 7 0 6 0 7 6 0 0 7 0 0 6 0 0 6 0 6 0 0 0 0 0 0 0 0 0 7 0 0 0 6 0 0 0 0 0 0 0 0 0 6 6 0 6 0 6 6 0 6 6 8 0 0 0 0 0 0 0 6 0 0 6 0 0 6 0 0 0 0 0 6 7 0 6 0 6 0 0 0 0 0 6 6 0 6 8 0 0 0 0 6 6 0 6 8 6 0 6 0 0 0 7 6 0 6 0 0 6 7 7 0 0 7 6 0 0 0 6 6 6 0 0 6 0 0 0 0 6 6 0 0 0 0 0 0 0 6 0 0 0 0 0 0 7 6 6 0 0 0 0 6 6 6 0 7 0 0 0 0 6 6 0 6 0 7 0 0 0 6 6 0 0 7 7 0 0 6 7 6 0 6 6 6 6 6 0 0 6 0 7 6 0 6 6 7 6 6 0 6 7 6 0 6 6 7 6 7 6 7 0 8 0 6 0 6 0 7 0 0 6 6 0 0 6 0 0 0 7 0 0 0 0 0 6 0 0 0 0 0 0 6 7 6 0 0 0 6 6 0 0 8 7 0 0 0 6 7 6 0 0 6 0 6 0 0 7 6 6 0 0 6 0 0 0 0 0 6 6 6 7 0 8 7 6 0 6 6 6 0 7 0 0 0 6 0 0 6 0 0 0 0 7 0 7 6 0 6 0 0 0 6 0 6 6 6 0 7 0 7 0 0 0 0 0 0 6 0 0 0 6 0 0 6 7 6 0 6 7 0 0 0 0 0 8 7 6 0 7 0 0 6 0 0 7 0 6 6 0 0 7 6 7 6 0 6 0 6 6 6 0 0 6 7 6 0 0 0 8 0 6 0 0 6 6 6 0 6 0 6 6 0 0 6 0 0 0 0 6 0 6 0 0 7 0 6 7 6 7 0 6 6 0 6 0 7 0 0 0 6 6 6 0 0 0 6 0 6 0 7 0 7 6 7 6 0 0 0 6 0 0 0 0 0 0 0 6 6 0 0 6 0 6 0 0 7 0 0 0 0 6 6 6 0 0 6 6 0 6 0 0 6 6 0 0 6 6 6 0 6 8 6 0 0 
0 0 0 0 6 0 6 0 0 0 0 0 0 0 0 0 0 0 0 0 0 0 0 6 0 6 0 0 0 0 0 0 0 0 0 0 0 0 6 0 8 6 6 7 7 0 0 6 0 6 0 0 6 6 0 0 0 0 0 0 6 0 0 0 0 0 0 0 0 0 6 0 0 0 0 0 0 0 0 0 0 0 6 0 0 7 0 0 0 0 0 6 0 0 0 0 7 7 0 0 6 0 0 0 0 0 0 7 0 0 0 0 0 0 6 0 0 0 0 0 0 0 6 0 7 0 0 0 0 0 0 0 7 0 0 7 0 0 0 6 6 6 0 0 0 0 0 0 0 0 0 0 0 6 0 0 0 0 0 0 0 6 0 0 0 0 6 6 0 0 0 0 0 6 0 0 0 0 0 6 0 0 0 0 0 6 0 0 0 0 0 0 7 0 0 7 0 0 0 0 0 0 0 0 0 0 0 0 7 0 0 6 0 0 0 0 0 0 0 6 0 0 0 0 6 0 0 0 0 0 0 0 0 0 6 0 0 0 0 0 0 0 0 6 0 6 0 6 0 0 0 6 0 0 0 0 0 0 0 0 0 6 0 0 6 0 6 0 0 0 0 6 0 0 0 0 0 0 0 0 0 7 0 0 0 0 6 0 0 0 7 0 0 0 0 0 0 6 0 0 0 6 0 0 0 7 0 0 0 6 0 0 0 0 6 0 0 0 6 0 0 0 0 0 6 0 0 0 0 0 0 7 0 0 6 0 0 7 0 0 6 0 6 0 0 0 0 6 0 0 0 0 0 8 0 0 6 0 0 0 0 0 0 0 0 0 0 0 6 6 0 0 0 0 0 0 0 7 0 0 0 0 0 0 0 6 0 0 0 0 0 0 0 0 0 0 0 0 0 0 0 0 0 0 0 0 0 6 0 0 0 0 6 6 0 0 0 0 7 0 6 6 0 0 0 0 0 0 7 0 0 0 6 0 0 0 0 0 0 0 0 0 0 6 0 0 0 0 0 6 6 0 6 6 0 6 0 0 0 0 0 0 0 7 7 0 0 0 6 0 0 0 0 0 0 0 0 0 0 6 0 0 0 0 0 0 0 0 0 0 0 0 0 0 0 6 6 0 6 0 7 0 0 0 0 6 0 0 7 0 0 0 0 6 0 0 0 6 0 7 0 7 7 0 0 6 0 0 0 6 0 0 0 7 0 0 0 0 0 0 0 0 6 0 0 6 0 0 0 0 7 0 0 0 0 6 0 0 6 0 0 6 0 6 0 0 0 6 0 0 0 0 6 6 
1.5800 1.5489 1.2706 1.5685 1.5540 1.5773 1.4643 1.4411 1.4860 1.1046 1.5311 1.3824 1.4489 1.3422 1.1634 1.3020 1.4013 1.2827 1.3124 1.3001 1.3333 1.3542 1.2833 1.3494 1.2996 1.3535 1.2696 1.2721 1.3804 1.2457 1.3217 1.2531 1.1198 1.0519 1.2416 1.1175 1.3127 1.1029 1.1560 1.0419 1.2150 1.2785 1.1063 1.0045 1.2833 1.2694 1.1653 1.1222 1.2225 1.2022 0.9294 1.0110 1.1913 1.2752 1.1304 1.1435 1.2206 1.2032 1.2257 1.2173 1.1611 0.9592 1.1985 1.0804 1.0885 1.1214 1.1628 1.1772 1.2077 1.0313 1.1222 1.1288 1.1532 1.1792 1.2115 1.1479 1.0419 1.1472 1.1349 1.1574 1.0103 1.1042 1.1371 1.0833 1.2372 1.0558 1.2506 1.2491 1.0759 1.2752 1.0972 1.1613 1.0909 1.1902 1.0302 1.1775 1.1046 0.9985 1.1277 1.1812 1.0037 1.0461 1.0994 1.1674 1.0703 1.1291 1.1664 0.9454 1.1320 1.1245 1.1351 1.1932 0.9260 1.0431 1.1407 1.0519 0.9067 0.8988 0.9282 0.9730 1.1571 0.9998 0.9874 1.1056 0.9890 1.0899 1.0833 1.1138 1.1704 1.1331 0.9930 1.1603 1.0248 0.9898 1.0781 1.0097 1.0030 1.1438 1.0597 0.9969 1.2155 1.0478 0.9694 0.9703 1.1347 1.1683 0.9630 0.9055 1.1609 1.0677 1.0332 1.1339 1.1305 1.0187 1.0922 1.0717 1.1650 1.1134 1.1783 1.0950 0.9914 1.0300 1.0364 1.0374 1.0852 1.1072 0.9799 1.0913 1.0677 1.1171 1.0899 1.0201 1.0272 1.1371 1.1210 1.0059 1.0662 1.1042 0.9840 1.0310 1.0052 0.9747 1.1565 0.7672 0.9154 0.9832 1.0407 0.9573 1.0337 0.9999 1.0138 0.9832 0.9738 0.9515 0.9515 0.9166 1.0553 0.8720 0.9259 1.0528 1.0074 0.9602 0.9797 1.0931 0.9271 0.9592 1.1542 0.9202 1.2725 0.9260 0.9166 1.0871 0.9202 1.0394 0.9961 1.0958 0.9248 1.1945 0.9930 1.0443 0.9423 0.9945 1.0166 0.9534 0.8895 0.9914 0.9602 1.0413 1.0193 1.0899 0.8977 0.9413 0.8582 1.1435 1.0254 0.8625 0.9042 1.0401 0.9835 1.0045 0.7672 0.9564 1.0214 1.0222 0.9294 0.9721 0.9392 1.0809 1.0698 0.9444 0.9316 1.0981 1.0241 0.9294 1.0201 1.1150 0.9260 0.9892 0.9584 0.9515 0.9413 0.8795 0.8735 0.9454 1.3993 1.0759 0.9042 0.9434 1.0307 0.9639 0.9443 1.0716 1.0160 0.9667 1.0971 0.9969 0.8576 1.1331 1.4295 1.0595 1.0656 0.9260 1.0734 0.9444 1.1007 0.9495 0.9055 0.9906 1.0693 1.1353 0.9105 0.9564 1.0443 0.9900 1.0326 0.8748 0.9357 1.0294 1.0651 1.0536 0.9649 0.8491 1.0201 0.9765 0.8040 1.0407 0.8936 0.8881 1.0413 0.9190 0.8867 0.9602 1.0185 1.0274 0.7972 0.8809 0.8809 0.9360 0.9294 0.8456 0.8704 0.8347 1.0936 0.9152 0.9882 1.0581 0.9630 0.8559 0.8420 0.9154 0.9765 0.9225 0.7949 0.9621 0.9639 0.8990 1.0364 0.9945 1.0166 0.9712 0.9464 0.9573 0.9694 0.9534 0.8895 0.9080 0.9402 0.9621 0.8923 0.8673 0.8474 0.9515 0.9402 0.9105 1.0067 0.9080 0.9371 0.8936 0.9190 0.8491 0.7609 0.9738 0.9413 0.9772 0.9454 0.9896 0.9564 0.9961 0.9214 0.8289 0.8250 0.9592 0.9042 0.8689 0.9438 0.9485 0.8795 0.8824 1.0208 0.9544 0.8963 1.0214 0.8509 1.1279 0.9381 0.8673 0.8973 1.0466 0.8720 0.9154 0.8689 1.0167 0.8824 0.8474 1.0478 0.8795 0.8657 0.9029 0.8420 0.8853 0.9525 1.0221 0.9080 0.8526 0.8704 0.9042 0.8881 0.9142 0.7344 0.9703 0.9042 1.1338 0.9658 0.7352 0.8903 0.8420 0.7941 0.8704 0.9790 0.8673 0.8750 0.8127 0.7972 0.9305 0.9945 0.9093 0.9747 0.9029 0.9611 1.1746 0.8950 0.9132 0.9865 1.1126 0.7972 0.8838 0.9117 0.8923 0.9874 0.8141 0.8306 0.9282 0.8909 0.9611 0.9611 0.8593 0.8689 0.9105 0.9865 0.9392 0.8365 0.8795 0.8690 0.8230 0.9554 0.9055 0.9042 0.9886 0.8853 0.9166 0.9721 0.8040 0.9747 0.8750 1.0124 0.9413 0.9413 0.8750 0.9842 0.8750 0.9969 0.9349 0.8881 0.9067 0.8402 0.7925 0.8838 0.9564 0.9525 0.8795 0.8625 0.9190 0.9649 0.7777 0.8255 0.9260 0.9360 0.7672 0.9178 0.8735 0.8641 0.8456 0.8210 0.7935 0.9740 0.9413 0.9327 0.7559 0.9190 1.1288 0.8106 0.8867 0.9042 0.8474 0.9589 0.9898 0.8864 0.8062 0.7616 0.8456 0.7949 0.8309 0.8018 0.7892 0.9271 0.7470 1.0425 0.8559 0.9630 0.8230 0.9237 0.8809 0.8413 0.8625 0.7530 0.8438 0.8765 0.9485 0.9454 0.8474 0.8559 0.8838 0.8420 0.8488 0.9464 1.3775 0.8230 0.8018 0.8543 0.8559 1.0214 0.8765 0.8289 0.7897 0.7877 0.8365 0.8662 0.8270 0.8824 0.8210 0.8289 1.1142 0.9237 0.7672 0.7877 0.8018 0.9649 0.8526 0.8867 0.7901 0.8270 0.9336 0.7351 0.7777 0.9756 0.7440 0.8474 0.7877 0.8809 1.0256 0.7330 0.7803 0.8543 0.8148 
