-300	8.559653330962547E-4
-299	8.256021578947358E-4
-298	7.96379331193494E-4
-297	7.694372014928067E-4
-296	7.459161172929512E-4
-295	7.292800112354115E-4
-294	7.322871525265007E-4
-293	7.700193945137389E-4
-292	8.462588554124802E-4
-291	9.195887129094162E-4
-290	9.372924095590731E-4
-289	8.68041444701873E-4
-288	7.660595448218206E-4
-287	7.069584931888167E-4
-286	7.43278605337383E-4
-285	8.35274325860527E-4
-284	9.201286316158779E-4
-283	9.509785346851536E-4
-282	9.447771880464306E-4
-281	9.344317799018739E-4
-280	9.440120152266266E-4
-279	9.622376660877422E-4
-278	9.68991021325251E-4
-277	9.513092903589832E-4
-276	9.248493649279639E-4
-275	9.124230573510178E-4
-274	9.29288501580944E-4
-273	9.604891181064422E-4
-272	9.835146490501873E-4
-271	9.817383276437951E-4
-270	9.620673515546489E-4
-269	9.372924095590732E-4
-268	9.210249895429655E-4
-267	9.301597758305156E-4
-266	9.824122518554863E-4
-265	0.0010837796431207476
-264	0.0011933861434055989
-263	0.0012586376885584465
-262	0.0012424922155827372
-261	0.0011701156661020847
-260	0.0010822259828951412
-259	0.0010140377120347985
-258	9.787518127709028E-4
-257	9.840658476475376E-4
-256	0.0010309566934112431
-255	0.001093518483618385
-254	0.0011391246660277846
-253	0.0011455744786132167
-252	0.0011323703202082698
-251	0.001129440379861486
-250	0.0011552726241147548
-249	0.0011825941294833597
-248	0.0011726917499759308
-247	0.0011053822712808654
-246	0.001034602205805626
-245	0.0010328179976374407
-244	0.0011449267516974071
-243	0.0013055482162421
-242	0.0014217328003619638
-241	0.0014280948998241555
-240	0.0013695048571026882
-239	0.0013183970013482891
-238	0.0013272349122764112
-237	0.0013685991718614145
-236	0.0013950996126423868
-235	0.0013723573577990554
-234	0.0013180386930737112
-233	0.0012628211948492866
-232	0.0012320414202323163
-231	0.0012296718492237487
-230	0.0012543439425481359
-229	0.0013031668000594184
-228	0.0013671600781290925
-227	0.0014358210722580428
-226	0.0014982562776354729
-225	0.001542008988203861
-224	0.001554231697594004
-223	0.0015278006040230626
-222	0.0014784867240536577
-221	0.0014277847788347726
-220	0.00139417203439816
-219	0.001384055936306642
-218	0.0014008264750058083
-217	0.0014423911579294817
-216	0.0014847275604644202
-215	0.0014983307749856143
-214	0.001466839594894128
-213	0.0014264676176953147
-212	0.0014265721419206014
-211	0.0014992014369776781
-210	0.0016071676557792942
-209	0.0016959739221144622
-208	0.0017250498479500268
-207	0.0017095309979641578
-206	0.0016784794250128568
-205	0.001656406368275871
-204	0.0016496198122279346
-203	0.001659876927667527
-202	0.001686744249886731
-201	0.0017210257721520393
-200	0.0017513348522235476
-199	0.0017686041197023101
-198	0.0017730432915532188
-197	0.001767181356582125
-196	0.0017557956641451366
-195	0.0017526570057993913
-194	0.0017737845336522839
-193	0.0018272468960318922
-192	0.0018893107261490263
-191	0.0019282921534351804
-190	0.0019217713024374434
-189	0.0018843842781652905
-188	0.0018400311807437925
-187	0.0018088912679285374
-186	0.0017962604279971863
-185	0.001803713706857917
-184	0.0018303468094014804
-183	0.0018653380764489208
-182	0.0018953865078038547
-181	0.0019112954702269875
-180	0.0019202857983073771
-179	0.0019336826935911684
-178	0.001959858318687983
-177	0.0019953726804613457
-176	0.0020338327468382568
-175	0.0020700676730078444
-174	0.002103795363207754
-173	0.0021359559089377603
-172	0.0021649512822878537
-171	0.002179030977708893
-170	0.002163906370241955
-169	0.0021141537980639497
-168	0.0020598094518951334
-167	0.002039774485591595
-166	0.0020801746609465576
-165	0.0021560341715017696
-164	0.002229601818736113
-163	0.0022683676251648932
-162	0.002260786497449123
-161	0.00220055456328624
-160	0.002096026401388725
-159	0.002014190394529232
-158	0.002036693376495456
-157	0.0022087548590093227
-156	0.0024298850655296777
-155	0.002563166897449597
-154	0.002515371785325526
-153	0.0023680252763673935
-152	0.0022463414469484975
-151	0.0022438808828949977
-150	0.0023275902078445047
-149	0.0024327625548874886
-148	0.0025061833830666417
-147	0.002540607455233546
-146	0.0025402818601920033
-145	0.0025120357044031262
-144	0.0024730261649572732
-143	0.002442992436602114
-142	0.002437372379775005
-141	0.002454398517672054
-140	0.002488002039179057
-139	0.0025318434540245655
-138	0.002578500555308155
-137	0.0026202804569721576
-136	0.0026526695969629013
-135	0.002683871709242705
-134	0.002725269851777883
-133	0.0027804793944164042
-132	0.0028220449545328465
-131	0.002814743461383442
-130	0.002739166236253534
-129	0.0026391621685449124
-128	0.0025743945396884764
-127	0.002587627739570933
-126	0.0026540305919022103
-125	0.0027318730288480417
-124	0.002785702724403889
-123	0.002805178319884131
-122	0.002786236198432873
-121	0.0027309926705145417
-120	0.002666283755874847
-119	0.0026251254015798183
-118	0.002632475116760962
-117	0.0026810566588117046
-116	0.00275553534719095
-115	0.002840210074150585
-114	0.002917914023114429
-113	0.0029711139502992833
-112	0.0029862385270001527
-111	0.0029655640848248485
-110	0.0029153288704593873
-109	0.0028511018808356913
-108	0.0028257751138693137
-107	0.0029015713177217187
-106	0.003104051959579916
-105	0.0033121333827331218
-104	0.0033680706494961005
-103	0.003171235022032056
-102	0.002849462561897964
-101	0.002587705530499242
-100	0.00252481875227568
-99	0.0026152673038045827
-98	0.002767418824697627
-97	0.0029029067579185784
-96	0.002996427759839553
-95	0.0030359442901847504
-94	0.003016926279341478
-93	0.002964873540349472
-92	0.0029127933569115753
-91	0.0028857732987303077
-90	0.002877222079506908
-89	0.002872628698942293
-88	0.002862956374193822
-87	0.002861065192244627
-86	0.002885289457534284
-85	0.002943581049715913
-84	0.003002362149296814
-83	0.0030176725119978307
-82	0.0029610905230760256
-81	0.002866349085933326
-80	0.0027827197335078767
-79	0.0027494215457179914
-78	0.0027654637904026545
-77	0.0028198032823810197
-76	0.002897028031935176
-75	0.0029642508311989633
-74	0.0029842156677691548
-73	0.0029384920381313887
-72	0.0028839514743267537
-71	0.0028962910172852002
-70	0.003022610228054722
-69	0.003195618748155477
-68	0.0033194287392256674
-67	0.0033221893435196573
-66	0.0032281976257564743
-65	0.0030857876312713082
-64	0.0029418259442186797
-63	0.0028373093040304346
-62	0.0028117669889577497
-61	0.0028855861457747086
-60	0.0030025853953470345
-59	0.003087441227063359
-58	0.003088167938185197
-57	0.0030461310574655953
-56	0.0030260339215304887
-55	0.003070754187073086
-54	0.0031358667910557146
-53	0.003155120990507979
-52	0.0030879706850219925
-51	0.0029966883444398963
-50	0.002969251081166339
-49	0.003060420479215296
-48	0.003192096009038052
-47	0.0032529616126952183
-46	0.0031702735619334433
-45	0.0030255774472435237
-44	0.0029389911888022947
-43	0.002995157041419703
-42	0.003136814598438141
-41	0.003271227787833115
-40	0.003328365853221042
-39	0.003329019300781995
-38	0.0033166839523369614
-37	0.0033271073294829155
-36	0.0033650437529207963
-35	0.003427499243127532
-34	0.0035030331930190357
-33	0.0035464184852671467
-32	0.0035039813749826896
-31	0.003349724338794246
-30	0.0031683547394014268
-29	0.0030722561610216025
-28	0.0031367972751764703
-27	0.003289287102605037
-26	0.003420019751350635
-25	0.0034478987140426076
-24	0.0034062650216543293
-23	0.003357069089745184
-22	0.003356384130221965
-21	0.003436774540381109
-20	0.003624927513866463
-19	0.003977934848190411
-18	0.004674506756339496
-17	0.0059237580551688
-16	0.007817439824831806
-15	0.009977848198675608
-14	0.011909915573345703
-13	0.013215912173875759
-12	0.013887459538852164
-11	0.014013517035249487
-10	0.013677650059550276
-9	0.012941848126269069
-8	0.011862706779428378
-7	0.010529380773347962
-6	0.009161261703536483
-5	0.008010300375799837
-4	0.0072710083005590054
-3	0.006908139806695331
-2	0.0068290099277052395
-1	0.006926593325741468
0	0.007036503177582015
1	0.006980012288661184
2	0.006623969465493068
3	0.006017527518910889
4	0.005255415260827662
5	0.004430510839042775
6	0.0036282897449011493
7	0.002932376805634089
8	0.0024043343625217333
9	0.0020174748130395684
10	0.0017230480687119194
11	0.0014850432296806954
12	0.0013184061505581485
13	0.001250821874574116
14	0.0012947856507934767
15	0.0014020335516212736
16	0.0015091118552975908
17	0.001565072450753756
18	0.0015689896696860725
19	0.001532443454482088
20	0.0014709801104441243
21	0.0014160113945336018
22	0.001402915426626717
23	0.0014510696507138534
24	0.001515848807242149
25	0.0015366269607729282
26	0.001473669284093833
27	0.0013708053828977655
28	0.0012927559711039432
29	0.0012842195938912082
30	0.0013098061214768992
31	0.0013141032553379785
32	0.001259550387301723
33	0.0011799936705966616
34	0.0011271309488016371
35	0.0011374365494007128
36	0.0011864907354988304
37	0.001234650254106152
38	0.001252014194393417
39	0.0012476510141736746
40	0.0012403715134205503
41	0.0012441082538482682
42	0.0012532808441334457
43	0.0012574306546932986
44	0.0012495230932030072
45	0.0012362197163696103
46	0.0012276061181581124
47	0.0012297599800244606
48	0.001232727333388379
49	0.0012225462971605344
50	0.0011896001545065086
51	0.0011416528456115347
52	0.0010908134749157618
53	0.0010478960613500227
54	0.0010185342818078906
55	0.0010070667276736247
56	0.0010147943812592027
57	0.0010308677885874818
58	0.0010413998866090383
59	0.0010374431610375
60	0.0010298082926387016
61	0.0010342455109415287
62	0.0010590286168646963
63	0.0010825256968862351
64	0.001075628408874005
65	0.0010226672858882292
66	9.617283617585849E-4
67	9.443365455071127E-4
68	0.001001795787964361
69	0.0010845262071949124
70	0.0011227269630718567
71	0.001070784089664636
72	9.79831117828101E-4
73	9.251884526134558E-4
74	9.567905702689638E-4
75	0.00102302823183113
76	0.0010469062695335199
77	9.793411422994688E-4
78	8.828958158113927E-4
79	8.480448824414777E-4
80	9.325073435230513E-4
81	0.0010629798362340086
82	0.0011334034067133863
83	0.0010726558303396005
84	9.493617994485879E-4
85	8.670827356156646E-4
86	8.972877858101137E-4
87	9.83076998577086E-4
88	0.0010354581478556996
89	9.920916631201546E-4
90	8.972485959849784E-4
91	8.218526535997815E-4
92	8.17366467102114E-4
93	8.57408363581289E-4
94	8.961355941145602E-4
95	8.983867345425803E-4
96	8.717256597596025E-4
97	8.343975694232792E-4
98	8.021175188705876E-4
99	7.804799861558038E-4
100	7.725493050125279E-4
101	7.793496476740197E-4
102	7.937445403721766E-4
103	8.065573478385545E-4
104	8.120263984837203E-4
105	8.180498754342828E-4
106	8.359409254958605E-4
107	8.706510877031272E-4
108	9.016854700069795E-4
109	9.021875725873688E-4
110	8.566945336436497E-4
111	7.953180434527874E-4
112	7.595634303111498E-4
113	7.75803242902017E-4
114	8.09878911456318E-4
115	8.124990865918932E-4
116	7.527732716920114E-4
117	6.734143812016556E-4
118	6.355361823312372E-4
119	6.794764174134001E-4
120	7.624687292697239E-4
121	8.209707358440206E-4
122	8.11010173069937E-4
123	7.668952488404575E-4
124	7.425042890384015E-4
125	7.738661513777911E-4
126	8.256118208974631E-4
127	8.44522814467458E-4
128	7.946157359719806E-4
129	7.088475373518946E-4
130	6.374102575622287E-4
131	6.167609846977859E-4
132	6.284170034124697E-4
133	6.401606474999577E-4
134	6.284259011614338E-4
135	6.042533502281051E-4
136	5.873352309386847E-4
137	5.939411582784979E-4
138	6.266502622193229E-4
139	6.846190514795504E-4
140	7.611925189441195E-4
141	8.264695941641664E-4
142	8.44737690857375E-4
143	7.938657888942557E-4
144	7.060491327566212E-4
145	6.270645330791095E-4
146	5.904690356381764E-4
147	5.809406267775452E-4
148	5.709375279827569E-4
149	5.419307699107228E-4
150	5.114426199038375E-4
151	5.060081544758662E-4
152	5.433055985042442E-4
153	6.05585770321088E-4
154	6.66242636622184E-4
155	7.031437889574783E-4
156	7.120513182935525E-4
157	6.93200940451148E-4
158	6.50218893832254E-4
159	6.00293507163856E-4
160	5.640036317541874E-4
161	5.559647346590323E-4
162	5.669387459243767E-4
163	5.817242113437563E-4
164	5.883578089736902E-4
165	5.878287459226313E-4
166	5.843643615620153E-4
167	5.821363316516957E-4
168	5.85093677505195E-4
169	5.971297568244532E-4
170	6.186780302253071E-4
171	6.36332369979179E-4
172	6.332267512713883E-4
173	5.995875745376845E-4
174	5.540109412155391E-4
175	5.221853779928539E-4
176	5.225548261243566E-4
177	5.445848851320784E-4
178	5.704965691048765E-4
179	5.845797340592532E-4
180	5.793996037222917E-4
181	5.495902437487213E-4
182	4.963153257169932E-4
183	4.4685694490045246E-4
184	4.350268024961669E-4
185	4.8082154497184536E-4
186	5.489775998777601E-4
187	5.904163400348239E-4
188	5.712243274721908E-4
189	5.181488810519772E-4
190	4.7310250884454054E-4
191	4.664536655931777E-4
192	4.823945927329451E-4
193	4.935734783718386E-4
194	4.804369637189757E-4
195	4.546255023879602E-4
196	4.3557800109351736E-4
197	4.384017626499477E-4
198	4.608776742698515E-4
199	4.964550192654044E-4
200	5.385830809487817E-4
