#Ino2_GEM_1.m3
#KSM version: 1
#561/561
#2.17
#k-mer/r.c.  	Offset	PosCt	wPosCt	NegCt	HgpLg10	CIDs	PosHits (base85 encoding)	NegHits (base85 encoding)
TTTTTC/GAAAAA	1	120	120	67	-5.0	*	8VnPl3&hH]!Wa2F!!,,G#QYhT!"&_1JH>iP!!!$>e,U(*5l^mM\Nl)r)usAT!\f.X!`gHE#hT,n$5*VZ^]4@t<(H~	'S%;+#S7OJ!!Ei5!C-W]&-)\A!!!'#JH>g:!!!!q(]YBR!$DOITKrh`$@lLa!$HfB"@++q*^B]B"p,&3"<`3p7L/~
TTTTCA/TGAAAA	2	93	93	43	-6.3	*	?'m\S&3,1?!!**+J,gDh!!*E<&d\UfJH-9)!$D9#:d?`Y"V:r)i'7Pj&HEpT#V_&[!'gPb5QCff$4m2.Jcl&Z#RL~	"98Kg+92BBz!!!!1'EJ1F!!!!qJH>fO&-)\E"<[sN!!!9)+FjFl!WYIcz!'gQU$31&+":th?"<`4;"o~
TTTCAC/GTGAAA	4	79	79	25	-9.1	*	?+:II&ho+AO9GUi"@*e*"9Ac^JID`2!<<BL!'gMa&3pg."9:[e^d'"d&HEpd#Tsre#QP#.!!!!A$@i*V5QF%T~	!<<*"z!"],1!!!$"&-W%6!!!!a!!!Q1z!$D7A!"_Bq!.Y%L!!",Az!!30,#QOi+&-)\Q5TgU\"9~
TNTTNTTC/GAANAANA	2	25	25	3	-5.9	0,1	N.A.	N.A.
$$$
TTTTCTTC/GAAGAAAA	0	14	14	2	-3.6	0	!.Y%M&-)\2z!!",A!!!-%#QOi)zzzz!!!!"!.Y%Lz!!",A!!!!"!!!'#!!!!#5Q~	zz!!!'#!!!!"~
TCTTTTTC/GAAAAAGA	0	11	11	1	-3.6	1	z!"]\A!!!'#zz!!3-#z!!!!%!!!$"zJ,fQL"9:[ezz#QOi)z!!!!1~	zzzzzzzzz!$D~
%%%
6 0 6 6 6 0 6 0 6 0 0 6 6 6 6 6 6 6 0 6 6 7 0 0 6 6 6 0 0 0 0 0 0 6 6 6 6 6 0 0 0 0 0 8 6 6 0 0 0 0 0 6 6 0 0 6 6 0 0 0 6 0 0 0 0 6 0 0 6 6 0 6 6 0 6 0 0 6 0 0 6 6 0 6 6 0 0 0 0 0 0 11 0 0 0 0 0 0 6 0 0 0 0 6 6 0 0 0 0 0 6 0 0 6 6 6 6 9 6 0 0 6 6 0 0 0 6 0 0 0 6 6 0 0 0 0 6 0 0 0 0 0 0 0 0 7 6 6 6 0 0 0 0 0 6 0 6 6 0 0 6 6 6 6 6 0 0 6 6 6 6 6 0 0 0 0 0 6 6 0 0 6 0 0 0 0 0 6 6 6 0 6 6 0 0 0 0 0 0 7 0 6 0 0 0 0 0 0 6 0 0 6 6 0 6 0 0 6 0 0 0 6 0 0 0 0 0 0 0 0 0 0 0 0 0 6 0 6 6 0 6 0 0 0 0 0 0 6 0 0 6 7 6 0 0 6 0 0 6 0 6 0 7 6 0 0 0 0 0 0 6 0 6 0 0 0 6 8 0 0 6 6 0 0 0 7 0 0 6 0 6 0 0 0 6 0 0 0 6 0 6 0 0 6 0 0 0 6 0 0 6 6 0 0 0 0 0 0 7 0 6 0 0 6 6 6 6 6 0 0 0 0 0 0 6 0 0 0 6 7 0 6 0 6 6 6 6 0 0 6 0 0 6 0 6 6 6 0 0 0 6 0 0 0 6 0 0 6 0 0 0 0 0 6 6 0 6 6 0 0 6 6 6 0 0 6 0 6 0 0 0 0 0 0 0 0 7 6 0 6 0 0 0 6 6 0 0 7 0 0 8 0 0 6 0 6 0 6 6 6 0 0 0 0 0 6 6 0 6 0 7 0 8 0 6 0 0 6 0 0 0 0 0 0 0 0 0 0 0 0 0 6 0 0 6 0 0 0 0 6 6 0 6 6 6 0 0 0 0 0 0 0 6 0 7 6 6 6 6 0 0 6 0 6 0 0 0 0 0 6 6 0 7 0 0 6 0 6 0 6 0 0 0 0 0 6 0 7 6 6 7 0 0 6 0 0 0 0 6 7 0 0 6 0 0 0 0 0 6 0 0 0 0 0 6 0 0 9 6 6 6 0 0 6 0 0 6 6 6 0 9 0 6 0 0 7 0 0 6 0 0 
6 0 7 0 6 0 0 0 6 6 0 0 0 0 6 6 0 6 0 0 0 6 0 0 0 0 0 0 0 0 6 0 0 0 0 6 6 6 0 0 0 0 0 6 6 6 0 0 0 0 0 0 6 0 0 0 6 0 6 0 0 0 0 0 0 0 0 0 0 0 0 0 0 0 6 0 6 0 0 0 0 6 0 0 6 0 0 0 0 0 0 0 0 0 0 0 6 0 0 0 0 0 0 6 0 0 0 0 0 0 6 0 6 0 0 0 0 0 0 0 6 0 0 0 7 6 6 0 0 0 6 6 6 0 0 0 6 0 6 0 0 0 0 0 0 0 0 0 0 0 0 0 0 0 0 0 7 0 0 0 0 0 0 0 0 0 0 0 0 6 0 0 0 0 0 0 0 6 0 0 0 0 0 0 0 0 0 0 6 0 6 0 7 0 0 0 0 0 0 7 0 7 0 0 0 0 0 0 0 0 6 0 6 0 0 0 0 0 0 0 0 0 6 0 0 0 0 0 6 0 0 0 0 0 0 0 0 0 0 0 0 0 0 0 0 0 0 0 0 0 6 0 7 0 6 0 0 0 6 6 6 0 6 0 0 0 0 0 0 6 0 0 0 0 0 7 6 0 0 0 7 0 0 0 0 0 0 0 6 0 0 0 0 0 0 0 0 0 0 0 6 6 0 0 0 0 0 7 0 0 6 0 0 0 0 0 0 0 0 0 0 0 0 0 0 7 0 6 6 0 0 0 0 0 6 6 0 0 0 6 0 0 0 0 0 0 0 0 0 0 0 0 0 6 0 6 0 6 0 6 0 0 0 0 0 0 0 6 0 0 0 6 0 6 7 0 0 0 0 0 0 0 0 0 0 0 0 0 0 0 0 0 0 0 0 0 0 6 0 0 0 0 0 0 0 0 0 6 0 0 0 0 0 0 0 6 0 0 6 0 0 0 0 0 0 6 0 0 0 0 7 0 6 0 0 0 0 6 0 0 0 0 0 6 0 0 7 0 0 7 6 6 6 0 0 0 0 0 0 0 0 0 6 0 0 0 0 0 0 0 0 0 0 6 0 6 6 0 0 0 0 6 7 0 6 0 0 0 0 6 0 0 6 6 0 0 0 0 0 7 0 0 0 0 0 7 0 0 0 6 0 0 0 0 7 0 0 0 6 0 0 0 0 0 0 6 0 0 6 0 0 0 6 0 0 7 0 0 0 6 0 6 0 0 0 7 6 0 0 0 6 0 0 0 0 6 0 0 0 0 0 
1.5851 1.4716 1.3864 1.1374 1.4146 1.3722 1.4020 1.3920 1.2927 1.0510 1.3090 1.3556 1.2795 1.3220 1.2546 1.2765 1.2823 1.2721 1.0642 1.2287 1.2993 1.3087 1.1011 1.2499 1.1734 1.2074 1.3519 1.2137 1.1529 1.2316 1.2373 1.3519 1.2617 1.2850 1.2732 1.1227 1.1223 0.9705 1.1132 1.2375 1.1907 1.2001 1.2031 1.1907 1.1558 1.2074 1.0945 1.1788 1.1445 1.2276 1.1041 1.1008 1.1493 1.1579 1.1223 1.1596 1.1882 1.1565 1.1198 1.2863 1.0547 0.8501 1.1748 1.1443 1.1497 1.1493 1.0236 1.1677 1.1453 1.1799 1.2605 1.0030 1.0547 1.0839 1.2052 1.0930 1.0546 1.1758 1.3066 1.1482 0.9879 1.0313 1.2348 1.0930 1.0214 1.1843 1.0693 1.2254 1.2190 1.1197 1.1082 1.0228 1.2351 1.0424 1.1723 1.0177 0.9534 1.0802 0.9286 1.0935 1.1707 1.1332 1.1703 1.1189 0.9843 1.1471 1.1679 0.9596 1.0192 1.1231 1.2707 1.1305 1.1814 1.1486 1.0285 1.0101 0.9853 1.1223 1.0802 1.0214 1.0078 1.0414 1.0776 1.0061 1.0250 1.3025 1.1529 1.0850 1.0516 1.0834 1.0885 1.0618 1.1504 1.0935 1.1363 1.0421 1.0797 1.0109 1.1235 1.0292 1.1017 1.0596 0.9835 1.0243 1.0361 1.0434 1.1154 1.1041 1.1248 1.0427 0.9956 0.9586 1.1145 1.1767 1.0738 1.0960 1.0676 1.0117 1.0895 1.1051 1.0155 1.0334 1.0759 0.9761 0.9789 0.9402 0.9646 0.8573 1.0401 1.1313 0.9013 1.0297 1.0155 0.9780 1.0607 1.0759 1.1027 0.9807 0.9391 1.0989 1.2119 0.9122 1.0070 0.9512 1.1434 1.1101 1.0038 1.0648 1.0228 1.0271 1.0299 1.0132 1.0132 1.0607 1.0839 1.0759 1.0085 0.9523 0.8726 0.9733 0.9852 0.9425 1.0485 0.8898 1.0368 1.1373 1.0014 1.0595 1.0834 1.1309 0.9041 0.9666 0.9922 1.0839 0.9565 0.9905 1.1394 0.9237 0.9776 1.0348 0.9103 1.0014 0.9174 1.1332 0.9368 1.1136 1.0236 1.0850 0.8676 1.0781 1.1826 0.8676 0.9436 0.9321 1.0292 0.9798 1.2517 1.0109 1.0776 1.0427 0.9095 1.0285 0.9447 0.8608 1.0424 0.8676 1.0508 1.0006 0.8912 1.1059 1.0114 0.8971 0.9246 0.8999 0.9565 0.9842 0.9780 1.0320 0.9286 1.1059 1.0038 0.8912 0.9286 0.9964 1.0038 1.0539 0.9636 0.9705 0.9502 0.9997 0.8883 0.9685 0.8573 1.0741 0.9817 0.9787 0.9391 0.9941 0.9436 1.1283 0.8742 0.9544 1.0590 0.9586 0.9570 0.8932 1.0243 1.0393 0.7705 0.9989 0.8710 0.9656 0.9922 1.0732 0.8903 0.9321 0.9041 1.0014 0.9523 0.9380 1.0648 0.9578 0.9523 0.8764 0.9905 0.9771 1.0298 0.8759 0.8852 1.0974 0.9273 0.9414 0.9469 0.7970 0.9345 0.9534 0.8852 0.8005 1.1008 0.9068 1.0541 0.9095 0.9380 0.9402 0.9095 1.0782 1.0765 0.9789 1.0647 0.8999 1.0078 1.0093 0.9122 0.9273 0.9458 1.0341 1.0485 0.9469 0.8710 1.0199 0.9565 0.9761 0.8157 0.8868 0.9224 0.9458 0.9695 0.8608 0.8759 0.7734 1.0292 0.9041 0.9843 0.8201 0.9939 0.7842 1.0813 0.9789 1.0053 0.8806 0.9469 0.8482 0.9380 0.8898 0.9664 0.8912 1.3092 0.7945 1.0575 1.1561 0.9616 0.9480 0.9135 0.9425 0.9945 0.9010 0.9082 0.9761 0.9575 0.9646 0.9161 1.0559 0.9798 0.9148 0.8065 0.7945 0.9636 0.9068 0.7721 0.8956 0.8883 0.9380 0.8898 0.9789 0.8367 1.0093 0.8444 0.9135 1.0192 1.0046 0.9237 1.1625 1.0407 0.9068 0.9345 0.9041 1.0906 0.9380 0.9027 0.8089 0.8367 1.0481 1.0553 1.0163 0.8742 0.8243 1.0792 0.9174 0.9333 1.1096 0.9835 0.8573 0.8956 0.8285 0.8837 0.9103 0.8963 0.9997 1.0271 0.9224 0.8482 0.8265 0.9027 0.9523 0.9083 0.8912 1.0054 0.8726 0.9135 0.9214 0.8326 0.8573 0.9743 0.8573 0.9085 0.8444 0.7761 0.8306 0.9680 0.8679 0.9013 0.9249 0.9861 0.8710 0.9436 1.0199 0.9752 0.8463 0.9277 0.8519 0.9082 0.9013 0.9082 0.7789 0.7865 0.8710 0.9095 0.8519 1.0630 0.8625 0.8425 0.7804 0.7570 1.0232 0.8660 0.9212 0.9917 0.9174 1.0199 0.8868 0.7463 0.8868 0.8895 0.8710 0.9523 0.8971 0.8018 0.8425 0.7994 0.8726 0.8252 0.9837 0.8985 0.8112 0.8243 0.8625 0.8430 0.8018 0.7427 0.8726 0.7888 0.9569 0.9309 0.8463 0.9148 0.7937 0.8660 0.8243 0.8482 0.8042 0.9896 0.8912 0.7789 0.8806 0.9789 0.8201 1.0456 0.8157 0.8501 0.8240 0.8089 0.8943 1.0559 0.7994 1.0817 0.7734 1.0385 1.0285 0.9402 0.7994 1.0372 0.7994 1.3015 0.8426 0.8501 0.7789 0.7397 0.9345 0.9956 0.8643 0.8988 0.8898 0.7588 0.8243 0.7618 0.7648 0.8179 0.8386 0.8555 0.7823 0.8814 0.7965 0.9781 1.0694 0.8119 0.7865 0.8367 0.7797 0.9763 1.0438 0.7800 
