-300	9.888081734596844E-4
-299	9.8851818033534E-4
-298	9.893233832998088E-4
-297	9.923189784419037E-4
-296	9.986001618504374E-4
-295	0.0010073558310997439
-294	0.0010101496897062393
-293	9.96639142671861E-4
-292	9.596813483982408E-4
-291	9.049324788857889E-4
-290	8.4124845953461E-4
-289	7.84210057870812E-4
-288	7.762974099245158E-4
-287	8.667154938518444E-4
-286	0.0010741828040921621
-285	0.001295471900217797
-284	0.001396868858084318
-283	0.0012919072900857156
-282	0.0010831109547696709
-281	9.202511472222864E-4
-280	9.119841672910781E-4
-279	0.0010025063338692155
-278	0.0010948989706112803
-277	0.0011161397038758057
-276	0.001088791370837127
-275	0.0010593131113735303
-274	0.0010612135825820179
-273	0.0010761995104344585
-272	0.0010730271381214358
-271	0.0010310801152753244
-270	9.722517172956559E-4
-269	9.290626260237511E-4
-268	9.278704790177107E-4
-267	9.703807367027541E-4
-266	0.0010521358152208793
-265	0.0011626197045224481
-264	0.0012670826897912732
-263	0.0013247166300195301
-262	0.0013118594968955493
-261	0.0012734337128922862
-260	0.0012715078131788505
-259	0.0013449060620347167
-258	0.0014394756401808156
-257	0.001477819457448442
-256	0.0014096951774547183
-255	0.001293479478960078
-254	0.0012147037945107815
-253	0.0012360690237191408
-252	0.0013289539344616688
-251	0.0014419067616809294
-250	0.0015306730270494698
-249	0.001579787399159772
-248	0.0015809818333343017
-247	0.001533339861620358
-246	0.0014653513229645784
-245	0.0014128576330384337
-244	0.0014028340587595306
-243	0.0014267912720300137
-242	0.0014673737959981638
-241	0.0015098271158003134
-240	0.0015498005645250097
-239	0.0015855444372488514
-238	0.001617810049606446
-237	0.0016573527994644295
-236	0.0017174291052474444
-235	0.0017985329754234996
-234	0.0018501087786340648
-233	0.0018088384735639755
-232	0.0016440650413137342
-231	0.0014557755526465152
-230	0.0013766181007411585
-229	0.0014937950520124614
-228	0.0017127258658190458
-227	0.0018933842747554893
-226	0.0019303790442151323
-225	0.0018568590707863648
-224	0.0017406082838563397
-223	0.001644976757910312
-222	0.00161557914782595
-221	0.0016935962535790236
-220	0.0018922830432473144
-219	0.002113191157316648
-218	0.00222994640437486
-217	0.0021563343810543497
-216	0.001966779836165768
-215	0.0017758673065643273
-214	0.0016714048384813146
-213	0.001634094515652312
-212	0.0016178619311889742
-211	0.0015908532671536513
-210	0.0015780970614114726
-209	0.0016188424407782625
-208	0.0017340200477781271
-207	0.0018712865877683034
-206	0.0019599802818143115
-205	0.001951253787291425
-204	0.0018835175068139419
-203	0.0018169962793059147
-202	0.0018008652728070352
-201	0.0018401009718195507
-200	0.001928630189961348
-199	0.0020518618148407672
-198	0.0021611330300279645
-197	0.002199263093083551
-196	0.0021299971185855656
-195	0.002000783649181768
-194	0.0018799970845373467
-193	0.001825016821282514
-192	0.0018492422439075782
-191	0.0019550777338678705
-190	0.002129315975538273
-189	0.0022963028649718754
-188	0.0023647726011413175
-187	0.002279637081430191
-186	0.0021305189968658933
-185	0.002043218736886774
-184	0.00211098238796616
-183	0.0022968388247172878
-182	0.0025312626187883724
-181	0.002749090480988395
-180	0.0029026076787694085
-179	0.002948461618744233
-178	0.0028621904528772215
-177	0.0026948953145388625
-176	0.002516568082451179
-175	0.002387558709478345
-174	0.002329649445053158
-173	0.002354980612750565
-172	0.002459023929196419
-171	0.0025705766832201816
-170	0.0026017675567022182
-169	0.002497915763550032
-168	0.0023371026457796864
-167	0.0022306000774343854
-166	0.002254749593207762
-165	0.002346171370395179
-164	0.0024065552469424304
-163	0.0023708531116302667
-162	0.0023070650565792626
-161	0.0023164532247449505
-160	0.0024664235680686222
-159	0.0026889572744346196
-158	0.0028821793407130454
-157	0.0029667976302930775
-156	0.0029538514726402
-155	0.0028769630637389704
-154	0.002775714104858645
-153	0.002713524318407266
-152	0.002759772932077571
-151	0.0029442982957341
-150	0.0031387752479285994
-149	0.003175337749384618
-148	0.0029496152825611004
-147	0.002611219416858588
-146	0.0023732572434130195
-145	0.002385672035435719
-144	0.0025457517944395556
-143	0.002687620704012783
-142	0.002692607139551194
-141	0.00263085624368074
-140	0.0026197173508349103
-139	0.0027423644756307533
-138	0.0029452703534195534
-137	0.003140732399736156
-136	0.003256175268344627
-135	0.003279532565925926
-134	0.003213865137390232
-133	0.00307033364608732
-132	0.0028924980291253305
-131	0.0027320180420519974
-130	0.0026324684751825745
-129	0.002605084257902397
-128	0.002653015354364321
-127	0.002767076695569126
-126	0.002888743079909282
-125	0.002947154272625182
-124	0.002897692119942433
-123	0.002800706792027494
-122	0.0027427905400320388
-121	0.0027825290908468857
-120	0.0028664820743194387
-119	0.0029132025960362457
-118	0.0028680956963174128
-117	0.0027839741544172696
-116	0.0027405026843237
-115	0.0027895378356192855
-114	0.0028717035002653974
-113	0.002899815405818103
-112	0.0028141575240061764
-111	0.0026648868032492236
-110	0.002529628436139559
-109	0.002468857663556469
-108	0.0024744499195271394
-107	0.002521130686365728
-106	0.0025860684031386743
-105	0.002656203335921547
-104	0.0027209187075421942
-103	0.0027700343594933277
-102	0.0027951166079271048
-101	0.0027881683876605414
-100	0.0027502310847283508
-99	0.002718499890036032
-98	0.0027392084457067774
-97	0.0028383214073685156
-96	0.0029607274846681127
-95	0.0030310464007571704
-94	0.0029946725580536435
-93	0.0028800990760409033
-92	0.0027365937534686753
-91	0.0026113729879533353
-90	0.0025434475725778553
-89	0.002569776899291858
-88	0.0027035197661050563
-87	0.002862632595267531
-86	0.0029412712150894533
-85	0.0028677078716780177
-84	0.002706680482328511
-83	0.002557043382133241
-82	0.0025009733044653645
-81	0.002553936575821429
-80	0.0027147219209788308
-79	0.0029618387802990004
-78	0.0031926794564795056
-77	0.00328435696780195
-76	0.0031605535425299957
-75	0.0029312282488555435
-74	0.002752909364952554
-73	0.0027365352628999006
-72	0.0028106846903961104
-71	0.0028583464890446246
-70	0.002797163938053593
-69	0.0026833980670500105
-68	0.002607964343265581
-67	0.0026347638975583705
-66	0.0027196405152918966
-65	0.0027914236454560397
-64	0.002796959859743588
-63	0.002755164220658965
-62	0.0027029689134095017
-61	0.00267156858124873
-60	0.00266920769961499
-59	0.002698393201992824
-58	0.0027556855653412616
-57	0.0028138594405172955
-56	0.002839743021852407
-55	0.00281831012092098
-54	0.002807117018269014
-53	0.0028818656116854115
-52	0.0030899230306270327
-51	0.003365317331222569
-50	0.0036137418012686696
-49	0.0037551998755296126
-48	0.003766935576640191
-47	0.003640503074202826
-46	0.0033917842306985047
-45	0.003133971680122468
-44	0.0030045857493485196
-43	0.0030969430558279716
-42	0.00332754537932216
-41	0.0035686907901699297
-40	0.0037139446427130384
-39	0.0037419414273049192
-38	0.003652582918301918
-37	0.003463377067179812
-36	0.003262256533892096
-35	0.003154760155511696
-34	0.0032105800685077865
-33	0.0033560216069345563
-32	0.0034815434042424426
-31	0.00350708251217531
-30	0.003470489655650723
-29	0.0034390939778796755
-28	0.003471380916590999
-27	0.0035904610875848934
-26	0.003810601401179399
-25	0.004112195331653766
-24	0.004340142609132078
-23	0.004305469527699629
-22	0.003914009495073223
-21	0.0034508243734957273
-20	0.0032957831388415165
-19	0.003722015325261634
-18	0.0045756927000137875
-17	0.005596247588632352
-16	0.006563216801584733
-15	0.007416555089070482
-14	0.008136321686222189
-13	0.008692387274416541
-12	0.009013868320006667
-11	0.009019692735589802
-10	0.00866680877499424
-9	0.008064246056972533
-8	0.0073590545415082986
-7	0.0066845050932946215
-6	0.006118752195862491
-5	0.005726171237452367
-4	0.0055389875205701855
-3	0.005460826004783785
-2	0.005363161563926475
-1	0.0051515052014441485
0	0.004867512439233017
1	0.004586874928801873
2	0.004362768287689751
3	0.0041583039975566696
4	0.0039140775060928935
5	0.003595820257222381
6	0.003269807679803867
7	0.003027451198929781
8	0.0029252383275565185
9	0.002879960930096341
10	0.002773486958825476
11	0.002532842550905392
12	0.002265686583038525
13	0.0021248361168125524
14	0.0022116229219084917
15	0.00242143760038072
16	0.002598185462376957
17	0.002627703363584536
18	0.0025635543418492707
19	0.002501232980556588
20	0.002511482707385864
21	0.0025660423271922543
22	0.002611899489124862
23	0.0026026122953746143
24	0.0025180206602997387
25	0.0023445349513002865
26	0.00209258276532457
27	0.0018686606175139409
28	0.0018032822525580092
29	0.001978511855804531
30	0.002282615375233843
31	0.0025554091994844275
32	0.0026687065567749563
33	0.002622308033644866
34	0.002448011056213781
35	0.0021848972889286556
36	0.0019011853495457631
37	0.0016723780941487044
38	0.0015540253771410847
39	0.0015218650462065244
40	0.0015316819473486466
41	0.0015434766826377417
42	0.0015341128784107628
43	0.0014846699170713304
44	0.0013871403917592906
45	0.0012771697385593995
46	0.001201316604292639
47	0.0011914107036351917
48	0.0012203660226840435
49	0.0012463676153913789
50	0.0012388841736191824
51	0.0012125189408686307
52	0.0011931587985506997
53	0.0011977457546084893
54	0.0012074423231135984
55	0.0011944661446697505
56	0.0011416990367691803
57	0.0010746795244581692
58	0.0010296103096715092
59	0.0010325589638842606
60	0.0010690525367325536
61	0.0011144829473927862
62	0.0011458871351085536
63	0.0011468821193922475
64	0.001102729939823457
65	0.0010090545801993834
66	9.02927801187682E-4
67	8.317833076736199E-4
68	8.275885651181812E-4
69	8.60446081285218E-4
70	8.849921245142991E-4
71	8.71759790977781E-4
72	8.548694881791734E-4
73	8.843384514547737E-4
74	9.878397553939311E-4
75	0.0011036698315982029
76	0.001147780950922197
77	0.0010657283787726007
78	9.214793587644164E-4
79	8.086041290647245E-4
80	7.956736773819321E-4
81	8.51261989589755E-4
82	9.189438011032355E-4
83	9.545198482539541E-4
84	9.626948710396463E-4
85	9.603996103745857E-4
86	9.589052240884638E-4
87	9.468445376726437E-4
88	9.071907935339065E-4
89	8.321200307611187E-4
90	7.506194751714897E-4
91	7.008791492643151E-4
92	7.090890648782434E-4
93	7.534391912093397E-4
94	8.001194867930225E-4
95	8.23237736612165E-4
96	8.285730314394571E-4
97	8.298222884950436E-4
98	8.36378694749514E-4
99	8.404205161752414E-4
100	8.298222884950436E-4
101	7.985512002094571E-4
102	7.6494505092989E-4
103	7.534342930454688E-4
104	7.781517327505644E-4
105	8.120395914605269E-4
106	8.177424443959519E-4
107	7.705508944953977E-4
108	6.963396555692775E-4
109	6.336294691459678E-4
110	6.106629529734646E-4
111	6.145702296782439E-4
112	6.222032981064013E-4
113	6.14965950220814E-4
114	5.924691504514868E-4
115	5.588756563452065E-4
116	5.228960604156049E-4
117	5.114322950436969E-4
118	5.559341275773423E-4
119	6.701022406864806E-4
120	7.966409783293712E-4
121	8.60505599786353E-4
122	8.120401274396669E-4
123	7.03143636079164E-4
124	6.111039635965977E-4
125	5.934825918171405E-4
126	6.289355782996416E-4
127	6.763926245363689E-4
128	7.019935544341445E-4
129	7.007186815580085E-4
130	6.747584418875553E-4
131	6.294733114838925E-4
132	5.829039267341834E-4
133	5.562609641071049E-4
134	5.627737342474801E-4
135	5.837460845047195E-4
136	5.925004964043802E-4
137	5.709837430395991E-4
138	5.356397637738352E-4
139	5.115367895381275E-4
140	5.150497148830042E-4
141	5.277800888369482E-4
142	5.226361240479313E-4
143	4.842744703822778E-4
144	4.443455265797236E-4
145	4.4624812859835647E-4
146	5.146554844064637E-4
147	5.993382900131275E-4
148	6.313416134376287E-4
149	5.653770577735666E-4
150	4.508223664118121E-4
151	3.607218178175544E-4
152	3.484844621783989E-4
153	3.889784365716158E-4
154	4.374366497968918E-4
155	4.5921946039676257E-4
156	4.601970258851617E-4
157	4.5636695351887203E-4
158	4.609400842472091E-4
159	4.7598019378962045E-4
160	5.007642915580866E-4
161	5.319855792718935E-4
162	5.560020278795494E-4
163	5.565878006368677E-4
164	5.24170619974611E-4
165	4.7579244502333703E-4
166	4.3514879408855284E-4
167	4.1996835074169497E-4
168	4.241124596179203E-4
169	4.354756306183156E-4
170	4.431337813355824E-4
171	4.40888460128881E-4
172	4.237226230489865E-4
173	3.9168125885079817E-4
174	3.65057487105714E-4
175	3.692064600892563E-4
176	4.1853625365212795E-4
177	4.836666379457552E-4
178	5.242703066967448E-4
179	5.113971144905361E-4
180	4.6160555934789756E-4
181	4.0283130014843007E-4
182	3.591951781140738E-4
183	3.395587638361265E-4
184	3.4896881024822535E-4
185	3.8711659695611807E-4
186	4.3227151025399576E-4
187	4.5734746310816015E-4
188	4.4422157717733995E-4
189	4.1062380888997306E-4
190	3.832473233669244E-4
191	3.820694429507779E-4
192	4.002041188709933E-4
193	4.240494595787492E-4
194	4.424407870021669E-4
195	4.5396227697713863E-4
196	4.5963531881649915E-4
197	4.60512197731893E-4
198	4.5776878253020437E-4
199	4.526118379171274E-4
200	4.462481285983565E-4
