DE Stb5_GEM_1_m0 8.18 2 k7_c167
1 0 165 2 0 C
2 0 0 166 0 G
3 0 0 166 0 G
4 48 29 45 45 A
5 19 26 110 12 G
6 32 22 3 110 T
7 1 4 3 159 T
XX

DE Stb5_GEM_1_m1 7.94 4 k8_c117
1 30 62 12 12 C
2 35 55 11 15 C
3 0 116 0 0 C
4 0 86 30 0 C
5 0 8 108 0 G
6 23 73 19 2 C
7 63 34 8 11 A
XX

DE Stb5_GEM_1_m2 5.80 8 k8_c146
1 15 31 18 82 T
2 18 11 33 84 T
3 4 2 6 134 T
4 16 1 3 126 T
5 10 3 2 131 T
6 5 9 1 131 T
XX

DE Stb5_GEM_1_m3 5.48 7 k6_c169
1 0 69 6 93 T
2 0 9 0 159 T
3 0 168 0 0 C
4 0 121 47 0 C
5 0 8 160 0 G
XX

DE Stb5_GEM_1_m4 7.19 6 k6_c122
1 0 119 0 2 C
2 2 119 0 0 C
3 0 0 121 0 G
4 0 96 4 21 C
5 3 13 8 98 T
6 12 17 13 81 T
XX

DE Stb5_GEM_1_m5 10.29 1 k9_c43
1 0 39 3 0 C
2 5 36 1 0 C
3 6 24 13 0 C
4 0 40 1 1 C
5 3 0 39 1 G
6 0 5 34 4 G
7 28 11 3 0 A
8 26 2 10 5 A
9 2 35 0 6 C
XX

DE Stb5_GEM_1_m6 10.71 -14 k12_c27
1 2 20 4 0 C
2 0 19 2 5 C
3 0 24 3 0 C
4 0 21 6 0 C
5 4 0 20 2 G
6 22 0 5 0 A
7 17 7 2 2 A
8 2 1 23 0 G
9 0 2 22 3 G
10 22 0 3 2 A
11 2 0 22 3 G
12 4 2 4 17 T
XX

DE Stb5_GEM_1_m7 14.50 5 k13_c9
1 7 0 1 0 A
2 1 0 7 0 G
3 0 0 2 7 T
4 0 0 7 1 G
5 7 1 1 0 A
6 0 1 7 0 G
7 1 0 7 0 G
8 2 0 6 0 G
9 6 0 1 1 A
10 1 7 1 1 C
11 1 8 0 1 C
12 1 8 0 1 C
13 1 8 0 1 C
XX

DE Stb5_GEM_1_m8 12.25 21 k15_c11
1 4 0 0 7 T
2 2 0 0 8 T
3 9 0 0 1 A
4 0 0 0 10 T
5 1 0 1 8 T
6 4 0 0 6 T
7 5 0 0 5 A
8 1 0 0 9 T
9 10 0 0 0 A
10 1 1 8 0 G
11 0 0 1 9 T
12 0 1 1 8 T
13 0 10 0 0 C
14 0 10 0 0 C
15 0 1 9 0 G
XX

