-300	0.001051038320824859
-299	0.001257903813921995
-298	0.0012500878137904432
-297	0.0012435971563809392
-296	0.0012386193122010541
-295	0.0012325398878999538
-294	0.0012222781405356348
-293	0.0012071024269717052
-292	0.0011921657576927209
-291	0.0011838576761647023
-290	0.0011874786147620768
-289	0.0012066140814491367
-288	0.0012411013435167692
-287	0.0012764134200533496
-286	0.001291019360889313
-285	0.0012710447582861162
-284	0.0012364508700753903
-283	0.0012140418510748997
-282	0.0012203689166767778
-281	0.0012365726980540228
-280	0.00124948150326187
-279	0.0012561345099604538
-278	0.0012729453738757324
-277	0.0012988239106715802
-276	0.0013242294735610475
-275	0.0013334504881774782
-274	0.0013234587682836015
-273	0.0012977208219507657
-272	0.0012721733232300442
-271	0.001272117675559307
-270	0.0013177581683839468
-269	0.001395209450279961
-268	0.0014556730678003966
-267	0.0014533000492210127
-266	0.0013921964474881744
-265	0.001326483421167585
-264	0.0013112854133134472
-263	0.001355416222691637
-262	0.0014175032013939712
-261	0.001451341618533634
-260	0.0014420981793230533
-259	0.0014184714356432363
-258	0.0014161602290403686
-257	0.001451677081324761
-256	0.0015025408409606227
-255	0.0015376210903506864
-254	0.0015357664716717824
-253	0.0015086924834707275
-252	0.001477987511256319
-251	0.0014661558246336249
-250	0.0014727602908689472
-249	0.0014886839917483852
-248	0.0014989862043200445
-247	0.0015029462754317664
-246	0.0015041938301612002
-245	0.001505926500579385
-244	0.0015070638572207563
-243	0.0015085778505330865
-242	0.0015223968483856559
-241	0.0015568089364939224
-240	0.001612910476175201
-239	0.0016714308920421177
-238	0.001713990181823879
-237	0.001728960755828876
-236	0.0017238761106651665
-235	0.0017055571286227458
-234	0.001677549963394014
-233	0.0016404460622412961
-232	0.0016101274320985748
-231	0.0016054124089046066
-230	0.0016342920908864287
-229	0.0016815206354692822
-228	0.0017287837525351954
-227	0.0017692647925649848
-226	0.001806043856087305
-225	0.0018410570520451658
-224	0.0018652671250253545
-223	0.0018709925955670526
-222	0.0018559316845302692
-221	0.0018357308290876415
-220	0.0018335302950157194
-219	0.001869372878836548
-218	0.001942885801176603
-217	0.0020305231160006425
-216	0.0021020035683462926
-215	0.002126658631286735
-214	0.0021010232331930127
-213	0.0020392389331107402
-212	0.0019890324601874437
-211	0.0019775728570155865
-210	0.002010960029732413
-209	0.0020486141075721216
-208	0.002063457242662806
-207	0.002044398143014124
-206	0.002015722400316704
-205	0.0020041126712402185
-204	0.0020318653892296337
-203	0.0021026903835600088
-202	0.002185955791432633
-201	0.0022400614091803587
-200	0.0022276070554674726
-199	0.0021737375871852815
-198	0.0021272151171056524
-197	0.0021470684664953153
-196	0.002225114582968691
-195	0.0023244456044483573
-194	0.0023799123198844562
-193	0.0023651580646109225
-192	0.0022777060525857413
-191	0.002163615988518526
-190	0.0020883068952722065
-189	0.0021072265183253412
-188	0.0022136850539125254
-187	0.002330912443919751
-186	0.0023809014605938425
-185	0.0023547183982791887
-184	0.0023200977161475156
-183	0.002344286166323399
-182	0.0024198886267209757
-181	0.002485857221331636
-180	0.002487233147514089
-179	0.0024360579236444085
-178	0.0023810691101777727
-177	0.002367654634697887
-176	0.0024006979385781976
-175	0.002453092858722298
-174	0.002493175933394385
-173	0.0025021183362090474
-172	0.0024933353301043173
-171	0.0024909416301990123
-170	0.0025212822310901203
-169	0.0025752731845188853
-168	0.0026287815466616423
-167	0.0026446409628981997
-166	0.00261534031799474
-165	0.002551181988435344
-164	0.0024940362644538024
-163	0.002476497083856341
-162	0.002515107593742751
-161	0.002581351695215376
-160	0.0026385648425232273
-159	0.0026603825422076917
-158	0.0026579124111951414
-157	0.002650115182150315
-156	0.0026499151460526826
-155	0.0026494242761526576
-154	0.002641992252631911
-153	0.0026263433278815107
-152	0.002614856051372585
-151	0.002619670723209663
-150	0.0026461616680008193
-149	0.00267456713300364
-148	0.002671463393974129
-147	0.002614977229965188
-146	0.0025422129541822903
-145	0.0025234156583319603
-144	0.002610981093238205
-143	0.002758577912139829
-142	0.0028662920710241855
-141	0.0028510954929494574
-140	0.00273705102990747
-139	0.002607692052141603
-138	0.002539487898344289
-137	0.0025396402532629407
-136	0.002575031803201713
-135	0.0026096104390310147
-134	0.002622982857900653
-133	0.002609404573756161
-132	0.0025713573839807637
-131	0.002529846147134971
-130	0.0024995101758265668
-129	0.002486519563696056
-128	0.0024808622625168823
-127	0.0024908506961152225
-126	0.0025281185970110255
-125	0.0025877172813899515
-124	0.002638028799771912
-123	0.0026515482317483164
-122	0.0026417944905758584
-121	0.0026345917417711913
-120	0.0026480321315359634
-119	0.002670188803551098
-118	0.002693236356514254
-117	0.0027120845123666617
-116	0.0027191945218847037
-115	0.0027026317251195304
-114	0.0026582403609332725
-113	0.002614330326104464
-112	0.0025972554951764083
-111	0.0026170763902850203
-110	0.002636928181214829
-109	0.0026363551675983163
-108	0.0026170457697576636
-107	0.002626944187303293
-106	0.002679417798396257
-105	0.002763128812030603
-104	0.002827033941618563
-103	0.002847282390664521
-102	0.0028161574673781237
-101	0.002749814516407313
-100	0.0026663609135246413
-99	0.0025864119248700562
-98	0.0025403197313807677
-97	0.0025437019057322706
-96	0.0025961404459321122
-95	0.0026555392598222836
-94	0.002684948166757689
-93	0.002663952976559109
-92	0.0026227129048093135
-91	0.0026079026693680766
-90	0.0026591141328594706
-89	0.0027725019929722705
-88	0.0028922037195356367
-87	0.0029512034800301726
-86	0.0029029846423709077
-85	0.0027856951649357004
-84	0.0026703105973694043
-83	0.002645693612539978
-82	0.002698000668619724
-81	0.0027668321236889687
-80	0.0027529980981631113
-79	0.0026717772811717267
-78	0.0025854445361251414
-77	0.0025827731514818392
-76	0.0026502520142033296
-75	0.002741553795710868
-74	0.0028076390746053378
-73	0.0028452272602738694
-72	0.0028559505304025083
-71	0.002819049278051541
-70	0.0027362526492599017
-69	0.0026319373570249677
-68	0.0025761271798358638
-67	0.0025940674503123705
-66	0.0026796472460333914
-65	0.002768841615227149
-64	0.0028115524653632455
-63	0.0027794189821197424
-62	0.002701478014262963
-61	0.0026239193561015447
-60	0.0025833707384447483
-59	0.002574915354002317
-58	0.0025821033146575943
-57	0.0025946906765035482
-56	0.0026236713667915435
-55	0.0026673138490560977
-54	0.0027137769525336928
-53	0.0027370221441496787
-52	0.00273372623002961
-51	0.0027120288928491683
-50	0.002695736156029333
-49	0.002704434976832312
-48	0.0027540645039323187
-47	0.002848138044130967
-46	0.0029626400601790227
-45	0.0030623996478894903
-44	0.0031053142696227886
-43	0.0030911958236645664
-42	0.003041107531377142
-41	0.0030027034956653705
-40	0.002985820876607724
-39	0.002981605563751059
-38	0.0029645786248648815
-37	0.0029452722457354373
-36	0.002946636496839307
-35	0.0029907766314076468
-34	0.0030708196571791794
-33	0.0031707822642047423
-32	0.0032704521804353365
-31	0.003354287886016627
-30	0.0034117051227911745
-29	0.003446571134683744
-28	0.003469112219372876
-27	0.00348534394601451
-26	0.003484514332351248
-25	0.0034629468312442247
-24	0.003425564677645874
-23	0.003396973049362651
-22	0.0033965774561350143
-21	0.0034351176734764
-20	0.0034984470543993444
-19	0.0035623786602001642
-18	0.003611299739591206
-17	0.0036768121236638385
-16	0.0038354884174210983
-15	0.004171034360399561
-14	0.004738592833900273
-13	0.005504726781546727
-12	0.006373403316871136
-11	0.0070902469706502005
-10	0.007380692501533111
-9	0.0070582123096382225
-8	0.006308147923073424
-7	0.005560336254112588
-6	0.005215893334066663
-5	0.005343296043821972
-4	0.00571739028568462
-3	0.006061331480542063
-2	0.006138033930556726
-1	0.005802919920374396
0	0.004994738137437805
1	0.003923555557314392
2	0.0029650893147746605
3	0.002452006548381761
4	0.0024002922293828366
5	0.002596234951558914
6	0.002810453830761527
7	0.002929653800509547
8	0.0029378218913852223
9	0.00284653241079137
10	0.002702900693688186
11	0.002555439603543077
12	0.002441256108296522
13	0.0023645272582238086
14	0.002338847952314731
15	0.00237729038013443
16	0.002461914520589282
17	0.0025291734638435985
18	0.0025185987635022405
19	0.002430207524173754
20	0.002308366758563552
21	0.002197664624128776
22	0.0021132835408396947
23	0.002066379888826915
24	0.002066688858590927
25	0.0021053413999950516
26	0.002133670922933913
27	0.002101762976177274
28	0.0020037256530206684
29	0.0018878892224980142
30	0.0018060326457032256
31	0.0017713739043711345
32	0.0017640228403280225
33	0.001762375202285578
34	0.0017634534520572836
35	0.001770626720307577
36	0.0017839181241712597
37	0.0017867126238567009
38	0.0017527927171131128
39	0.0016624453511738554
40	0.0015347942523778627
41	0.0014249718283139074
42	0.0013836309491167414
43	0.0014071946733650077
44	0.0014475578211170321
45	0.0014589866549512018
46	0.0014421142570517729
47	0.0014235862077003763
48	0.0014267363007690898
49	0.0014447417075670605
50	0.0014575130780786515
51	0.0014455186313679946
52	0.0014020059225405984
53	0.0013400668519347278
54	0.0012825613843308369
55	0.0012650986829572076
56	0.0012943617830902113
57	0.0013566464134233075
58	0.0014001455347350477
59	0.001397996924632579
60	0.0013462857756386562
61	0.0012920591635720289
62	0.0012798825089305988
63	0.0013357927299680174
64	0.0014236988282025898
65	0.0014760371672955968
66	0.0014365936184943158
67	0.0013217369332886076
68	0.0012041621356560105
69	0.0011537420358547741
70	0.0011777670203126577
71	0.001228253195632869
72	0.0012550586971806917
73	0.0012493128480261988
74	0.0012410845951597528
75	0.0012609777192860328
76	0.0013049222098493482
77	0.0013366176935141758
78	0.0013208542529041716
79	0.001258431973894265
80	0.001183586456117837
81	0.0011322394465602954
82	0.0011160357501857653
83	0.0011219522453753575
84	0.0011317558660930787
85	0.0011300015704686832
86	0.001116150815240679
87	0.00109773467323617
88	0.0010932503081372688
89	0.0011008529759864694
90	0.0011077615852564597
91	0.0010906767987370588
92	0.0010559377886202373
93	0.0010211372412352118
94	0.0010064067282499123
95	0.0010023029339198916
96	9.911962533164869E-4
97	9.624916621900258E-4
98	9.356883617817804E-4
99	9.364379568967623E-4
100	9.76080189876232E-4
101	0.0010297636210351395
102	0.0010651384541764356
103	0.0010630195620906712
104	0.0010389029755572855
105	0.0010167786473287285
106	0.001014997114592275
107	0.0010275023856472878
108	0.0010404144898293406
109	0.0010383653275042922
110	0.0010254072676294961
111	0.001014826747984461
112	0.0010283198972261855
113	0.0010618805785250183
114	0.0010971890293210202
115	0.001097683340414915
116	0.0010573186491803193
117	9.882667999267438E-4
118	9.313619314504041E-4
119	9.091470893868392E-4
120	9.287695221319974E-4
121	9.639588055557921E-4
122	9.838841168884483E-4
123	9.6589883276738E-4
124	9.19098552891767E-4
125	8.719608560673193E-4
126	8.496772397130647E-4
127	8.497452229519843E-4
128	8.539633258874389E-4
129	8.476740271880784E-4
130	8.373594385824625E-4
131	8.257988077770277E-4
132	8.099207616050248E-4
133	7.801021540342173E-4
134	7.523209715197715E-4
135	7.496899788887167E-4
136	7.858684503594853E-4
137	8.38636324953273E-4
138	8.778089153456029E-4
139	8.839213806544998E-4
140	8.657938107727359E-4
141	8.392382735097933E-4
142	8.181001239553961E-4
143	8.058980742260709E-4
144	8.034493494837182E-4
145	8.100478959448934E-4
146	8.200769891911385E-4
147	8.252098600121735E-4
148	8.149388584782093E-4
149	7.925640800640262E-4
150	7.696468285004499E-4
151	7.697755494559614E-4
152	7.98140994846779E-4
153	8.458468682558152E-4
154	8.762195053191508E-4
155	8.671635779384059E-4
156	8.127018557793803E-4
157	7.462522551605418E-4
158	7.03132525557328E-4
159	7.085162876096454E-4
160	7.518976193535024E-4
161	8.004185469174828E-4
162	8.212738504027396E-4
163	8.036285477482531E-4
164	7.700086336299904E-4
165	7.494377114421134E-4
166	7.585725322520451E-4
167	7.786119761574245E-4
168	7.828451911540386E-4
169	7.562997889105238E-4
170	7.201385857623203E-4
171	7.028402385399756E-4
172	7.189140604508305E-4
173	7.500567377771388E-4
174	7.713386871802252E-4
175	7.678191745620055E-4
176	7.466257430235421E-4
177	7.209028417630487E-4
178	7.051216949923806E-4
179	7.070912950766696E-4
180	7.293013381921438E-4
181	7.58935089252714E-4
182	7.737638285560514E-4
183	7.565781146718878E-4
184	7.185337606037465E-4
185	6.866169158067562E-4
186	6.820309366322557E-4
187	6.941918304208251E-4
188	7.070641963994886E-4
189	7.120011922615483E-4
190	7.231888889312387E-4
191	7.452983498188811E-4
192	7.733892021403738E-4
193	7.847977352688829E-4
194	7.692454868364335E-4
195	7.274323434918182E-4
196	6.83653120128655E-4
197	6.591714402465117E-4
198	6.67892639096139E-4
199	7.038141506186228E-4
200	9.964067973957686E-4
