#Tye7_GEM_1.m5
#KSM version: 1
#196/196
#1.21
#k-mer/r.c.    	Offset	PosCt	wPosCt	NegCt	HgpLg10	CIDs	PosHits (base85 encoding)	NegHits (base85 encoding)
CTGCCAC/GTGGCAG	1	7	7	1	-2.8	*	!!*'"!rr<$5QCcaz&-)\5!!!!%~	zzzzz!.Y~
CNGCCCCT/AGGGGCNG	1	6	6	0	-2.8	-0,-1	N.A.	N.A.
CTGCNCCNT/ANGGNGCAG	1	6	6	0	-2.8	2,-3	N.A.	N.A.
TGCCCCT/AGGGGCA	2	5	5	0	-2.4	*	z!!E9%&-)\1!!*'$zz"9~	
GCAGCTG/CAGCTGC	6	5	5	0	-2.4	*	zzz!<<*"5QLib!!*'B~	
TTGCAAA/TTTGCAA	-5	5	5	0	-2.4	*	!!#=c!!!!a"98E%!.Y~	
CGGCCAC/GTGGCCG	1	4	4	1	-1.5	*	!!!9)zzz!!!",z!W~	zzz!!*~
GGCCACG/CGTGGCC	2	4	4	1	-1.5	*	zzzz!!!"4z!W~	zzz!!3~
GCTGCCA/TGGCAGC	0	4	4	0	-2.1	*	z#QOi)5QCcaz!!!!%!!!!%~	
CCACCAG/CTGGTGG	4	3	3	1	-1.5	*	!$FN,5Q~	zz!!!'~
CCACCGC/GCGGTGG	4	3	3	0	-1.8	*	zzzz!!!!%&-)\5~	
TGCCACC/GGTGGCA	2	3	3	0	-1.8	*	!!#7a!<<*"zzz&-~	
CCGCCAC/GTGGCGG	1	3	3	0	-1.8	*	!!!!Az5_&~	
$$$
AGGGGCCG/CGGCCCCT	0	3	3	0	-1.8	0	z!.Y%M!!!!)~	
AGGGGCAG/CTGCCCCT	0	3	3	0	-1.8	1	zz&-)\1!!*'$~	
CTGCGCCGT/ACGGCGCAG	0	3	3	0	-1.8	2	z!W[`Nzzz!!*~	
AAGGGGCAG/CTGCCCCTT	0	3	3	0	-1.8	3	zz&-)\1!!*'$~	
%%%
0 0 0 0 0 0 0 0 7 0 0 0 0 7 0 0 0 7 0 7 0 0 7 0 0 0 0 0 0 7 0 0 8 7 0 7 0 0 7 0 0 0 7 0 0 0 0 7 0 0 0 0 0 0 0 7 7 0 0 0 0 0 7 0 0 0 7 0 9 0 8 0 0 0 0 0 0 0 0 7 0 0 0 0 0 0 0 0 0 0 0 7 0 0 0 0 7 0 0 0 0 0 0 0 9 0 0 0 0 0 0 7 0 0 0 0 0 0 0 0 0 9 0 0 0 0 0 0 0 0 0 0 7 0 7 7 7 0 0 0 0 0 0 0 0 0 0 0 0 0 0 0 0 0 8 7 0 8 8 0 0 0 0 0 9 0 0 0 13 0 0 0 0 0 0 0 0 0 0 0 0 0 0 0 0 0 8 0 0 7 0 0 0 8 7 0 
0 0 0 0 0 0 0 0 0 0 0 0 0 0 0 0 0 0 0 0 0 0 0 0 0 0 0 0 0 0 0 0 0 7 0 0 0 0 0 0 0 0 0 0 0 0 0 0 0 0 0 0 0 0 0 0 0 0 0 0 0 0 0 0 0 0 0 0 0 0 0 0 0 0 0 0 0 0 0 0 0 7 0 0 0 0 0 0 0 0 0 0 0 0 0 0 0 0 0 0 0 0 0 0 7 7 0 0 0 0 0 0 0 0 0 0 0 0 0 0 0 0 0 0 0 0 0 0 0 0 0 0 0 0 0 0 0 0 0 0 0 0 0 0 0 0 0 0 0 0 0 0 0 0 0 0 0 0 0 0 0 0 0 0 0 0 0 0 0 0 0 0 0 0 0 7 0 0 0 0 0 0 0 0 0 0 0 0 0 0 0 0 0 0 0 0 
1.2961 1.4504 1.3654 1.2625 1.1827 1.2181 1.3034 1.1993 1.2130 1.1929 1.2825 1.3190 1.1473 1.2460 1.2545 1.1416 1.1761 1.1922 1.2905 1.1448 1.4232 1.3230 1.2947 1.1754 1.2994 1.2612 1.1249 1.1298 1.1757 1.1769 1.0057 1.2211 1.1668 0.9866 1.2825 1.0569 1.2151 0.9656 1.1456 0.9983 1.2650 1.0355 1.0411 1.1566 1.0902 1.0411 0.9815 0.8821 1.1129 0.7691 0.9121 0.9809 1.0286 0.9580 1.0180 0.9429 0.9550 1.0894 1.0146 1.2682 1.0336 1.0476 0.9580 0.9110 0.8633 1.0875 0.7598 0.9835 0.9494 0.9615 1.1772 0.9390 0.7233 0.9830 0.9871 1.0476 1.0975 0.9024 1.0124 0.9300 1.0080 1.1042 0.8675 0.8715 0.8152 0.8612 0.7578 0.8974 0.9729 1.0107 0.8457 0.9356 0.8803 0.7349 0.8166 0.9866 0.9487 0.8965 0.9804 0.8858 0.9487 1.0221 0.8644 1.1254 0.9206 0.8558 0.8849 0.9475 0.8623 0.8095 0.9221 0.9825 0.9462 0.8840 0.8991 0.8386 0.9820 0.9550 0.8110 0.9016 0.8503 0.8840 0.9598 0.9024 0.9314 0.9667 0.9121 0.7498 1.0100 0.9342 0.9257 0.8052 1.1775 0.8095 0.9113 0.8735 1.0171 0.9272 0.8982 1.0359 0.8180 0.8956 0.9257 0.8435 0.9751 1.0783 0.7425 1.0720 0.8220 0.9113 0.9074 0.9250 0.8664 1.1354 1.1772 0.9627 0.9788 1.0254 0.9065 0.9114 0.8849 0.9740 0.9410 0.8886 1.0133 0.8633 0.8445 0.9369 0.9449 0.9846 1.2829 0.9362 0.9243 0.8904 0.8982 0.9513 0.8774 0.7848 0.8651 0.8735 0.8480 0.9969 0.8781 0.8991 0.8654 0.7210 0.9493 1.0550 0.9328 0.8373 0.9624 1.2182 0.9597 0.8460 1.2750 1.1885 
