#Tye7_GEM_2.m9
#KSM version: 1
#817/817
#1.41
#k-mer/r.c.                    	Offset	PosCt	wPosCt	NegCt	HgpLg10	CIDs	PosHits (base85 encoding)	NegHits (base85 encoding)
CAACANNNNACAACACCTG/CAGGTGTTGTNNNNTGTTG	0	11	12	0	-4.5	-0,1	N.A.	N.A.
TCAACANNNNACAACACCT/AGGTGTTGTNNNNTGTTGA	-1	11	12	0	-4.5	-2,3	N.A.	N.A.
AACAAGAGACAACAC/GTGTTGTCTCTTGTT	1	7	7	0	-3.3	*	zzzzzzzzz!!",Azzzzzz!!*'"z!<<*"!!!!"z!!!!%!!!"Lzz!<~	
AAGAGACAACACCTG/CAGGTGTTGTCTCTT	4	7	7	0	-3.3	*	zzzzzzzzz!!",Azzzzzz!!*'"z!<<*"!!!!"z!!!!%!!!"Lzz!<~	
ACAAGAGACAACACC/GGTGTTGTCTCTTGT	2	7	7	0	-3.3	*	zzzzzzzzz!!",Azzzzzz!!*'"z!<<*"!!!!"z!!!!%!!!"Lzz!<~	
ACACCTGGGACATCA/TGATGTCCCAGGTGT	12	7	7	0	-3.3	*	zzzzzzzzz!!",Azzzzzz!!*'"z!<<*"!!!!"z!!!!%!!!"Lzz!<~	
ACCTGGGACATCAGC/GCTGATGTCCCAGGT	14	7	7	0	-3.3	*	zzzzzzzzz!!",Azzzzzz!!*'"z!<<*"!!!!"z!!!!%!!!"Lzz!<~	
CAACAAGAGACAACA/TGTTGTCTCTTGTTG	0	7	7	0	-3.3	*	zzzzzzzzz!!",Azzzzzz!!*'"z!<<*"!!!!"z!!!!%!!!"Lzz!<~	
CAAGAGACAACACCT/AGGTGTTGTCTCTTG	3	7	7	0	-3.3	*	zzzzzzzzz!!",Azzzzzz!!*'"z!<<*"!!!!"z!!!!%!!!"Lzz!<~	
CACCTGGGACATCAG/CTGATGTCCCAGGTG	13	7	7	0	-3.3	*	zzzzzzzzz!!",Azzzzzz!!*'"z!<<*"!!!!"z!!!!%!!!"Lzz!<~	
TCAACAAGAGACAAC/GTTGTCTCTTGTTGA	-1	7	7	0	-3.3	*	zzzzzzzzz!!",Azzzzzz!!*'"z!<<*"!!!!"z!!!!%!!!"Lzz!<~	
ACAGACAACAACACC/GGTGTTGTTGTCTGT	3	4	4	0	-2.1	*	zzzzzzzzzzzzzzzzzzz!!!!1!!%NLzz!!!!1!!!$~	
AACAGACAACAACAC/GTGTTGTTGTCTGTT	2	4	4	0	-2.1	*	zzzzzzzzzzzzzzzzzzz!!!!1!!%NLzz!!!!1!!!$~	
TCAACAGACAACAAC/GTTGTTGTCTGTTGA	0	4	4	0	-2.1	*	zzzzzzzzzzzzzzzzzzz!!!!1!!%NLzz!!!!1!!!$~	
CAACAGACAACAACA/TGTTGTTGTCTGTTG	1	4	4	0	-2.1	*	zzzzzzzzzzzzzzzzzzz!!!!1!!%NLzz!!!!1!!!$~	
$$$
CAGGTGTTGTTGTCTGTTG/CAACAGACAACAACACCTG	0	4	4	0	-2.1	0	zzzzzzzzzzzzzzzzzzz!!!!1!!%NLzz!!!!1!!!$~	
CAACAAGAGACAACACCTG/CAGGTGTTGTCTCTTGTTG	0	7	7	0	-3.3	1	zzzzzzzzz!!",Azzzzzz!!*'"z!<<*"!!!!"z!!!!%!!!"Lzz!<~	
AGGTGTTGTTGTCTGTTGA/TCAACAGACAACAACACCT	0	4	4	0	-2.1	2	zzzzzzzzzzzzzzzzzzz!!!!1!!%NLzz!!!!1!!!$~	
TCAACAAGAGACAACACCT/AGGTGTTGTCTCTTGTTGA	0	7	7	0	-3.3	3	zzzzzzzzz!!",Azzzzzz!!*'"z!<<*"!!!!"z!!!!%!!!"Lzz!<~	
%%%
0 0 0 0 0 0 0 0 0 0 0 0 0 0 0 0 0 0 0 0 0 0 0 0 0 0 0 0 0 0 0 0 0 0 0 0 0 0 0 0 0 0 0 0 0 0 0 0 0 0 0 0 0 0 0 0 0 0 0 0 0 0 0 0 0 0 0 0 0 0 0 0 0 0 0 0 0 0 0 0 0 0 0 0 0 0 0 0 0 0 0 0 0 0 0 0 0 0 0 0 0 0 0 0 0 0 0 0 0 0 0 0 0 0 0 0 0 0 0 0 0 0 0 0 0 0 0 0 0 0 0 0 0 0 0 0 0 0 0 0 0 0 0 0 0 0 0 0 0 0 0 0 0 0 0 0 0 0 0 0 0 0 0 0 0 0 0 0 0 0 0 0 0 0 0 0 0 0 0 0 0 0 0 0 0 0 0 0 0 0 0 0 0 0 0 0 0 0 0 0 0 0 0 0 0 0 0 0 0 0 0 0 0 0 0 0 0 0 0 0 0 0 0 0 0 0 0 0 0 0 0 0 0 0 0 0 0 0 0 0 0 0 0 0 0 0 0 0 0 0 0 0 0 0 0 0 0 0 0 0 0 0 0 0 0 0 0 0 0 0 0 0 0 0 0 0 0 0 0 0 0 0 0 0 0 0 0 0 0 0 0 0 0 0 0 0 0 0 0 0 0 0 0 0 0 0 0 0 0 30 0 0 0 0 0 0 0 0 0 0 0 0 0 0 0 0 0 0 0 0 0 0 0 0 0 0 0 0 0 0 0 0 0 0 0 0 0 0 0 0 0 0 0 0 0 0 0 0 0 0 0 0 0 0 0 0 0 0 0 0 0 0 0 0 0 0 0 0 0 0 0 0 0 0 0 0 0 0 0 0 0 0 0 0 0 0 0 0 0 0 0 0 0 0 0 0 0 0 0 0 0 0 0 0 0 0 0 0 0 0 0 0 0 0 0 0 0 0 0 0 0 0 0 0 0 0 0 0 0 0 0 0 0 0 0 0 0 0 0 0 0 0 0 0 0 0 0 0 0 0 0 0 0 0 0 0 0 0 0 0 0 0 0 0 0 0 0 0 0 0 0 0 0 0 0 0 0 0 0 0 0 0 0 0 0 0 0 0 0 0 0 0 0 0 0 0 0 0 0 0 0 0 0 0 0 0 0 0 0 0 30 0 0 0 0 0 0 0 0 0 0 0 0 0 0 0 0 0 0 0 0 0 0 0 0 0 0 0 0 0 0 0 0 0 0 0 0 0 0 0 0 0 0 0 0 0 0 0 0 0 0 0 0 0 0 0 30 0 0 0 0 0 0 0 0 0 0 0 0 0 0 0 0 0 0 0 0 0 0 0 0 0 0 0 0 0 0 0 0 0 0 0 0 0 0 0 0 0 0 0 0 0 0 0 0 0 0 0 0 0 0 0 30 0 0 0 18 0 0 0 0 0 0 0 0 0 0 0 0 0 0 0 0 0 0 0 0 0 0 0 0 0 0 18 0 0 0 0 0 0 0 0 0 0 0 0 0 0 0 0 0 0 0 0 0 0 0 0 0 0 0 0 0 0 0 0 0 0 30 0 0 0 0 0 0 0 0 0 0 0 0 0 0 0 0 0 0 0 0 0 0 0 0 0 0 0 0 0 0 0 0 0 0 0 0 30 0 0 0 0 0 0 0 0 0 0 0 0 0 0 0 0 0 0 0 0 0 0 0 0 0 0 0 0 18 0 0 0 0 0 0 0 0 0 0 0 0 0 0 0 0 0 0 0 18 0 0 0 0 0 0 0 0 0 0 0 0 0 0 0 30 0 0 0 0 0 0 0 0 0 0 0 0 0 0 0 0 
0 0 0 0 0 0 0 0 0 0 0 0 0 0 0 0 0 0 0 0 0 0 0 0 0 0 0 0 0 0 0 0 0 0 0 0 0 0 0 0 0 0 0 0 0 0 0 0 0 0 0 0 0 0 0 0 0 0 0 0 0 0 0 0 0 0 0 0 0 0 0 0 0 0 0 0 0 0 0 0 0 0 0 0 0 0 0 0 0 0 0 0 0 0 0 0 0 0 0 0 0 0 0 0 0 0 0 0 0 0 0 0 0 0 0 0 0 0 0 0 0 0 0 0 0 0 0 0 0 0 0 0 0 0 0 0 0 0 0 0 0 0 0 0 0 0 0 0 0 0 0 0 0 0 0 0 0 0 0 0 0 0 0 0 0 0 0 0 0 0 0 0 0 0 0 0 0 0 0 0 0 0 0 0 0 0 0 0 0 0 0 0 0 0 0 0 0 0 0 0 0 0 0 0 0 0 0 0 0 0 0 0 0 0 0 0 0 0 0 0 0 0 0 0 0 0 0 0 0 0 0 0 0 0 0 0 0 0 0 0 0 0 0 0 0 0 0 0 0 0 0 0 0 0 0 0 0 0 0 0 0 0 0 0 0 0 0 0 0 0 0 0 0 0 0 0 0 0 0 0 0 0 0 0 0 0 0 0 0 0 0 0 0 0 0 0 0 0 0 0 0 0 0 0 0 0 0 0 0 0 0 0 0 0 0 0 0 0 0 0 0 0 0 0 0 0 0 0 0 0 0 0 0 0 0 0 0 0 0 0 0 0 0 0 0 0 0 0 0 0 0 0 0 0 0 0 0 0 0 0 0 0 0 0 0 0 0 0 0 0 0 0 0 0 0 0 0 0 0 0 0 0 0 0 0 0 0 0 0 0 0 0 0 0 0 0 0 0 0 0 0 0 0 0 0 0 0 0 0 0 0 0 0 0 0 0 0 0 0 0 0 0 0 0 0 0 0 0 0 0 0 0 0 0 0 0 0 0 0 0 0 0 0 0 0 0 0 0 0 0 0 0 0 0 0 0 0 0 0 0 0 0 0 0 0 0 0 0 0 0 0 0 0 0 0 0 0 0 0 0 0 0 0 0 0 0 0 0 0 0 0 0 0 0 0 0 0 0 0 0 0 0 0 0 0 0 0 0 0 0 0 0 0 0 0 0 0 0 0 0 0 0 0 0 0 0 0 0 0 0 0 0 0 0 0 0 0 0 0 0 0 0 0 0 0 0 0 0 0 0 0 0 0 0 0 0 0 0 0 0 0 0 0 0 0 0 0 0 0 0 0 0 0 0 0 0 0 0 0 0 0 0 0 0 0 0 0 0 0 0 0 0 0 0 0 0 0 0 0 0 0 0 0 0 0 0 0 0 0 0 0 0 0 0 0 0 0 0 0 0 0 0 0 0 0 0 0 0 0 0 0 0 0 0 0 0 0 0 0 0 0 0 0 0 0 0 0 0 0 0 0 0 0 0 0 0 0 0 0 0 0 0 0 0 0 0 0 0 0 0 0 0 0 0 0 0 0 0 0 0 0 0 0 0 0 0 0 0 0 0 0 0 0 0 0 0 0 0 0 0 0 0 0 0 0 0 0 0 0 0 0 0 0 0 0 0 0 0 0 0 0 0 0 0 0 0 0 0 0 0 0 0 0 0 0 0 0 0 0 0 0 0 0 0 0 0 0 0 0 0 0 0 0 0 0 0 0 0 0 0 0 0 0 0 0 0 0 0 0 0 0 0 0 0 0 0 0 0 0 0 0 0 0 0 0 0 0 0 0 0 0 0 0 0 0 0 0 0 0 0 0 0 0 0 0 0 0 0 0 0 0 0 0 0 0 0 0 
1.6253 1.7152 1.7720 1.6757 1.7751 1.5147 1.5892 1.4783 1.4613 1.4544 1.5428 1.4973 1.4308 1.4876 1.6015 1.5878 1.3885 1.6163 1.3769 1.5104 1.1950 1.4482 1.4323 1.3697 1.4068 1.4145 1.2162 1.4870 1.4721 1.4755 0.8870 0.8899 1.1990 1.5601 1.4223 0.8782 0.9333 0.9036 0.9286 1.3966 0.8870 0.9263 1.1702 0.8882 0.8812 0.8927 0.8927 0.8782 0.8812 0.8841 0.9009 0.9194 0.8963 0.8759 0.8982 0.9571 0.8927 0.9510 1.3302 0.8927 1.1187 0.8752 0.8971 0.8782 0.8792 1.5316 1.2591 0.9558 0.8955 0.8869 0.9190 0.8899 0.8955 0.8814 0.9378 1.4090 0.8787 0.9356 0.8812 1.0906 0.8841 0.9063 0.8812 0.9445 0.8870 0.9063 0.8899 0.9467 0.8899 0.9445 0.8955 0.8870 0.8841 1.3240 0.8899 0.8812 0.8778 0.8927 0.8982 0.8955 1.3549 0.8927 0.8760 0.8752 0.8782 0.9009 1.2493 0.8877 0.9036 0.9996 0.9190 0.9841 0.8776 0.8841 0.9009 0.9841 0.8812 0.8955 0.8794 0.9213 0.8870 1.1938 0.8912 1.2615 0.8905 1.3501 0.8989 0.9114 0.8870 0.8752 0.8752 1.2395 0.8841 0.8927 0.8841 0.9150 1.3245 0.8982 0.8766 0.8752 1.2388 0.9114 0.8782 0.8782 1.1672 0.9707 0.9286 0.8899 0.9467 0.9165 0.8870 0.8899 0.8870 0.9653 0.8870 0.8927 0.8782 0.9613 0.8841 0.8982 0.8782 1.1443 0.9009 0.9165 0.9267 1.0047 0.9063 0.9036 0.8752 0.9310 0.9263 0.8782 0.9912 0.8830 0.8752 0.8782 1.0676 1.1177 0.8778 0.8841 1.1093 0.8752 0.8812 0.8752 0.8782 0.8752 0.8752 0.9089 1.1716 0.9009 0.9263 0.8782 1.1243 0.8752 0.9008 1.1878 0.8841 0.8906 1.5489 0.8870 0.8812 0.8841 0.8752 0.8782 0.8982 0.9009 0.8841 0.9396 0.9964 0.8982 0.8899 1.2253 0.8899 0.9165 0.9356 0.8864 1.0474 0.9378 0.8870 0.9467 0.9378 0.8982 1.2390 0.8782 1.2353 0.9445 0.8752 0.8752 0.8899 0.9510 0.8782 0.8955 0.8899 0.8841 1.2028 0.8870 0.8752 1.4323 1.1767 0.9036 0.8752 0.9079 0.9263 0.8899 0.8752 0.8927 0.9263 0.8782 0.9089 0.9401 0.8812 0.8752 0.8752 0.8870 0.8863 1.1726 0.8752 1.1424 0.8752 0.8752 0.8841 0.9286 0.8870 0.9043 0.9960 0.8841 0.9009 1.2684 1.1367 0.8927 0.8782 0.8955 1.1944 0.9488 1.0939 0.8899 0.8812 0.8899 0.8870 0.8982 0.8899 0.8899 0.9593 0.8982 0.9165 0.9140 0.8899 1.1515 0.9190 0.8778 0.8754 1.0293 0.8782 0.9165 0.8982 0.9114 0.9711 1.0243 0.8752 1.0968 0.9467 0.8752 1.0688 1.1233 0.9036 0.8752 0.8870 0.9498 0.9467 1.2723 0.8841 0.9140 0.8752 0.8841 0.8812 0.8782 1.4487 1.0014 0.8841 0.8798 1.0111 0.8982 0.8899 0.8752 1.0988 0.8841 0.9022 0.8982 1.0433 0.8782 0.8782 1.1120 0.8812 1.1873 1.4560 0.9749 0.9009 0.9310 0.9036 0.8870 0.8916 0.8812 1.2185 1.1261 0.8955 0.9310 1.1990 0.9572 1.1443 1.2730 0.8955 0.9036 0.8982 0.9743 0.9356 0.8752 0.9190 0.9749 0.8899 0.8752 0.8752 0.8812 0.9912 0.8782 0.9876 0.8782 0.8752 1.0474 0.9089 0.9036 0.8899 0.9423 0.9089 0.9009 0.9687 0.8812 1.0861 1.3351 1.0460 0.8870 1.0513 1.0917 0.9089 0.9531 0.9089 0.8879 1.2114 0.9063 0.9911 0.9378 1.1809 0.8841 1.0244 1.1517 0.8841 0.9067 0.8982 0.8870 1.0460 1.0712 0.8955 0.8982 0.8752 0.8752 0.9063 0.8782 1.1224 0.9310 0.9378 1.1411 0.8841 1.0468 0.8841 1.0700 0.8841 0.9356 0.8782 1.3722 1.0915 1.1517 1.0664 1.0143 0.8982 1.1349 1.2265 0.8841 0.9063 0.9140 0.9905 0.8982 0.9467 0.9063 0.9089 0.8841 0.8899 1.0293 1.1509 1.0014 0.8870 1.0325 0.8817 1.1206 1.0174 0.9531 1.0577 0.9401 0.8805 1.0047 0.8782 0.8899 1.0014 0.9114 1.1393 0.8752 0.9730 0.8752 0.9859 0.8752 1.0021 0.9190 1.0433 0.8870 1.1509 1.1200 0.9299 0.9009 1.0894 0.9356 0.9401 0.9161 0.9009 1.0174 0.9633 0.9825 0.9009 1.1342 0.9805 0.9467 1.1925 0.8870 1.0798 0.8807 1.0073 0.9140 0.8752 0.8983 0.8812 1.1944 0.8782 0.9027 1.0143 1.1899 1.1565 0.8982 0.9877 0.9286 0.8752 1.0700 1.0111 0.9445 1.0736 0.9613 0.9263 1.0427 0.9841 0.9263 1.0234 1.2018 0.9310 0.8870 1.2369 0.9140 0.8927 0.9414 1.0105 0.9466 0.9286 1.1617 0.8870 0.8982 1.1222 0.8873 1.0279 1.0174 1.1444 1.1297 1.2187 0.9998 0.9447 0.9089 0.9768 0.9165 0.9613 0.9356 1.0433 1.0308 0.9310 1.0724 1.1367 1.1168 0.9572 1.1716 1.0958 1.0864 0.8752 1.0189 0.8982 0.9510 0.9140 0.9551 0.9659 0.9108 0.9682 1.1418 1.0312 1.0350 1.2181 0.8859 0.9214 0.9157 0.9151 0.9895 1.1187 0.9110 0.8812 0.9356 1.0926 0.9356 0.9317 0.9075 0.8870 1.2364 0.9921 0.9786 1.0603 1.1149 1.2538 1.1878 1.0391 0.9133 0.9424 0.9036 1.1040 0.9551 0.8911 0.9550 1.0158 1.1724 0.9786 1.1230 0.9190 0.9401 0.9263 0.8789 0.9841 0.9941 0.9189 0.8969 0.9383 0.9788 1.3496 0.9551 1.1253 0.9633 0.9239 0.9114 0.8845 1.0915 1.1261 0.8899 0.8816 1.0158 0.9672 0.9488 0.9572 1.1738 0.9613 1.0336 0.8782 1.0816 1.0357 0.8843 1.1270 0.9036 1.0913 0.9655 1.0744 0.9930 0.9310 1.4265 1.0158 0.8752 0.9998 0.9692 0.9692 0.8782 0.8870 1.0793 1.2447 1.0406 0.8782 0.9488 0.9912 1.1477 1.0264 1.0264 0.8821 0.8948 0.8803 1.0268 0.9643 0.8870 0.9234 0.9152 0.8868 0.8841 0.9981 0.9348 0.8918 1.1215 1.1020 1.1042 1.0774 1.1306 1.0096 0.8812 1.1946 0.9558 1.1010 1.0793 1.0890 0.9286 1.1113 0.8982 0.9009 0.8841 0.8796 1.1288 1.1468 0.9356 0.9239 0.9219 1.1774 1.0968 0.9572 1.0979 0.9356 0.9568 1.1876 0.8961 0.8912 1.0371 1.0926 0.9145 0.8821 0.9140 1.1367 1.0742 1.1948 0.9192 0.9831 0.8927 0.8923 0.9009 0.8752 0.9286 1.0304 0.9180 0.9848 1.0700 1.1224 0.9310 1.0134 0.9648 1.0904 0.9001 1.0329 1.0047 0.9399 0.8848 0.8825 1.0700 1.0406 1.2588 0.8752 0.8993 1.0004 0.8812 1.0474 0.9238 0.8782 0.9572 0.9356 1.1729 0.9190 1.1700 0.9331 0.9497 1.0460 1.0365 0.9408 0.9782 0.9531 0.9608 1.0109 0.8927 1.0143 1.1227 0.9500 0.9125 1.0139 1.0075 0.8765 0.9955 1.0762 0.9633 0.9239 0.8792 1.0399 1.0874 1.0805 0.9243 0.9371 1.0577 1.0580 0.8752 1.0640 0.8752 1.2271 0.9558 0.9277 0.9263 0.8870 0.8790 1.0456 0.9089 0.9081 0.9768 1.0460 0.9889 1.2837 0.9879 1.0031 0.9524 1.0204 1.0539 1.0852 0.8848 0.9749 0.9724 0.9286 1.1752 0.9413 1.2189 1.0174 0.8915 0.9786 0.9968 0.8955 1.0694 1.2765 1.0365 0.9234 1.1045 0.9531 0.8963 0.9070 0.9009 0.8891 0.9056 0.9711 1.5047 1.4939 1.4521 1.4154 1.4853 1.4001 
