#Tye7_GEM_2.m7
#KSM version: 1
#1454/1454
#1.20
#k-mer/r.c.                        	Offset	PosCt	wPosCt	NegCt	HgpLg10	CIDs	PosHits (base85 encoding)	NegHits (base85 encoding)
GGTTCTCTGGAACAGCT/AGCTGTTCCAGAGAACC	1	10	10	0	-4.5	*	zzzzzzzzzzzzzzzzz5QCcazzzzzz!<<*"zzzzzzzz!!%P"!!!9)z!!!Q1!!iQ*zz!!%NLzz!'g~	
GTTCTCTGGAACAGCTG/CAGCTGTTCCAGAGAAC	2	10	10	0	-4.5	*	zzzzzzzzzzzzzzzzz5QCcazzzzzz!<<*"zzzzzzzz!!%P"!!!9)z!!!Q1!!iQ*zz!!%NLzz!'g~	
TTCTCTGGAACAGCTGA/TCAGCTGTTCCAGAGAA	3	10	10	0	-4.5	*	zzzzzzzzzzzzzzzzz5QCcazzzzzz!<<*"zzzzzzzz!!%P"!!!9)z!!!Q1!!iQ*zz!!%NLzz!'g~	
CTCTGGAACAGCTGATG/CATCAGCTGTTCCAGAG	5	9	9	0	-4.2	*	zzzzzzzzzzzzzzzzz5QCcazzzzzz!<<*"zzzzzzzz!!%P"!!!9)z!!!Q1!!iQ*zz!!%N~	
TCTCTGGAACAGCTGAT/ATCAGCTGTTCCAGAGA	4	9	9	0	-4.2	*	zzzzzzzzzzzzzzzzz5QCcazzzzzz!<<*"zzzzzzzz!!%P"!!!9)z!!!Q1!!iQ*zz!!%N~	
ATGGTTCTCTGGAACAG/CTGTTCCAGAGAACCAT	-1	8	8	0	-3.6	*	zzzzzzzzzzzzzzzzz5QCcazzzzzz!<<*"zzzzzzzz!!%P"!!!9)z!!!Q1!!iQ)zzzzz!'g~	
TGATGGTTCTCTGGAAC/GTTCCAGAGAACCATCA	-3	8	8	0	-3.6	*	zzzzzzzzzzzzzzzzz5QCcazzzzzz!<<*"zzzzzzzz!!%P"!!!9)z!!!Q1!!iQ)zzzzz!'g~	
TGGTTCTCTGGAACAGC/GCTGTTCCAGAGAACCA	0	8	8	0	-3.6	*	zzzzzzzzzzzzzzzzz5QCcazzzzzz!<<*"zzzzzzzz!!%P"!!!9)z!!!Q1!!iQ)zzzzz!'g~	
GATGGTTCTCTGGAACA/TGTTCCAGAGAACCATC	-2	8	8	0	-3.6	*	zzzzzzzzzzzzzzzzz5QCcazzzzzz!<<*"zzzzzzzz!!%P"!!!9)z!!!Q1!!iQ)zzzzz!'g~	
$$$
%%%
0 0 0 0 0 0 0 0 0 0 0 0 0 0 0 0 0 0 0 0 0 0 0 0 0 0 0 0 0 0 0 0 0 0 0 0 0 0 0 0 0 0 0 0 0 0 0 0 0 0 0 0 0 0 0 0 0 0 0 0 0 0 0 0 0 0 0 0 0 0 0 0 0 0 0 0 0 0 0 0 0 0 0 0 0 0 0 0 0 0 0 0 0 0 0 0 0 0 0 0 0 0 0 0 0 0 0 0 0 0 0 0 0 0 0 0 0 0 0 0 0 0 0 0 0 0 0 0 0 0 0 0 0 0 0 0 0 0 0 0 0 0 0 0 0 0 0 0 0 0 0 0 0 0 0 0 0 0 0 0 0 0 0 0 0 0 0 0 0 0 0 0 0 0 0 0 0 0 0 0 0 0 0 0 0 0 0 0 0 0 0 0 0 0 0 0 0 0 0 0 0 0 0 0 0 0 0 0 0 0 0 0 0 0 0 0 0 0 0 0 0 0 0 0 0 0 0 0 0 0 0 0 0 0 0 0 0 0 0 0 0 0 0 0 0 0 0 0 0 0 0 0 0 0 0 0 0 0 0 0 0 0 0 0 0 0 0 0 0 0 0 0 0 0 0 0 0 0 0 0 0 0 0 0 0 0 0 0 0 0 0 0 0 0 0 0 0 0 0 0 0 0 0 0 0 0 0 0 0 0 0 0 0 0 0 0 0 0 0 0 0 0 0 0 0 0 0 0 0 0 0 0 0 0 0 0 0 0 0 0 0 0 0 0 0 0 0 0 0 0 0 0 0 0 0 0 0 0 0 0 0 0 0 0 0 0 0 0 0 0 0 0 0 0 0 0 0 0 0 0 0 0 0 0 0 0 0 0 0 0 0 0 0 0 0 0 0 0 0 0 0 0 0 0 0 0 0 0 0 0 0 0 0 0 0 0 0 0 0 0 0 0 0 0 0 0 0 0 0 0 0 0 0 0 0 0 0 0 0 0 0 0 0 0 0 0 0 0 0 0 0 0 0 0 0 0 0 0 0 0 0 0 0 0 0 0 0 0 0 0 0 0 0 0 0 0 0 0 0 0 0 0 0 0 0 0 0 0 0 0 0 0 0 0 0 0 0 0 0 0 0 0 0 0 0 0 0 0 0 0 0 0 0 0 0 0 0 0 0 0 0 0 0 0 0 0 0 0 0 0 0 0 0 0 0 0 0 0 0 0 0 0 0 0 0 0 0 0 0 0 25 0 0 0 0 0 0 0 0 0 0 0 0 0 0 0 0 0 0 0 0 0 0 0 0 0 0 0 0 0 0 0 0 0 0 0 0 0 0 0 0 0 0 0 0 0 0 0 0 0 0 0 0 0 0 0 0 0 0 0 0 0 0 0 0 0 0 0 0 0 0 0 0 0 0 0 0 0 0 0 0 0 0 0 0 0 0 0 0 0 0 0 0 0 0 0 0 0 0 0 0 0 0 0 0 0 0 0 0 0 0 0 0 0 0 0 0 0 0 0 0 0 0 0 0 0 0 0 0 0 0 0 0 0 0 0 0 0 0 0 0 0 0 0 0 0 0 0 0 0 0 0 0 0 0 0 0 0 0 0 0 0 0 0 0 0 0 0 0 0 0 0 0 0 0 0 0 0 0 0 0 0 0 0 0 0 0 0 0 0 0 0 0 0 0 0 0 0 0 0 0 0 0 0 0 0 0 0 0 0 0 0 0 0 0 0 0 0 25 0 0 0 0 0 0 0 0 0 0 0 0 0 0 0 0 0 0 0 0 0 0 0 0 0 0 0 0 0 0 0 0 0 0 0 0 0 0 0 0 0 0 0 0 0 0 0 0 0 0 0 0 0 0 0 0 0 0 0 0 0 0 0 0 0 0 0 0 0 0 0 0 0 0 0 0 0 0 0 0 0 0 0 0 0 0 0 0 0 0 0 0 0 0 0 0 0 0 0 0 0 0 0 0 0 0 0 0 0 0 0 0 0 0 0 0 0 0 0 0 0 0 0 0 0 0 0 0 0 0 0 0 0 0 0 0 0 0 0 0 0 0 0 0 0 0 0 0 0 0 0 0 0 0 0 0 0 0 0 0 0 0 0 0 0 0 0 0 0 0 0 0 0 0 0 0 0 0 0 0 0 0 0 0 0 0 0 0 0 0 0 0 0 0 0 0 0 0 0 0 0 0 0 0 0 0 0 0 0 0 0 0 0 0 0 0 0 0 0 0 0 0 0 0 0 0 0 0 0 0 0 0 0 0 0 0 0 0 0 0 0 0 0 0 0 0 0 0 0 0 0 0 0 0 0 0 0 0 0 0 0 0 0 0 0 0 0 0 0 0 0 0 0 0 0 0 0 0 0 0 0 0 0 0 0 0 0 0 0 0 0 0 0 0 0 0 0 0 0 0 0 0 0 0 0 0 0 0 0 0 25 0 0 0 0 0 0 0 25 0 0 0 0 0 0 0 0 0 0 0 0 0 0 0 0 0 0 0 25 0 0 0 0 0 0 0 0 0 0 0 0 0 0 0 0 0 0 0 0 0 0 0 0 0 0 0 0 0 0 0 0 0 0 0 0 0 0 0 0 0 0 0 0 0 0 0 0 0 0 0 0 0 0 0 0 0 0 0 0 0 0 0 0 25 0 0 0 0 0 0 0 0 0 0 0 0 0 0 0 0 0 0 0 0 0 0 25 0 0 0 0 0 0 0 0 0 0 0 0 21 0 0 0 0 0 0 0 0 0 0 0 0 0 0 0 0 0 0 0 0 0 0 0 0 0 0 0 0 0 0 0 0 0 0 0 0 0 0 0 0 0 0 0 0 0 0 0 0 0 0 0 0 0 0 0 0 0 0 0 0 0 0 0 0 0 0 0 0 0 0 0 0 0 0 0 0 0 0 0 0 0 0 0 0 0 0 0 0 0 0 0 0 0 0 21 0 0 0 0 0 0 0 0 0 0 0 0 0 0 0 0 0 0 0 0 0 0 0 0 0 0 0 0 0 0 0 0 0 0 0 0 0 0 0 0 0 0 0 0 0 0 0 0 0 0 0 0 0 0 0 0 0 0 0 0 0 0 0 0 0 0 0 0 0 0 0 0 0 0 0 0 0 0 0 0 0 0 0 0 0 0 23 0 0 0 0 0 0 0 0 0 0 0 0 0 0 0 0 0 0 0 0 0 0 0 0 0 0 0 0 0 0 0 0 0 0 0 0 0 0 0 0 0 0 0 0 0 0 0 0 0 0 0 0 0 0 0 0 0 0 0 0 0 0 0 
0 0 0 0 0 0 0 0 0 0 0 0 0 0 0 0 0 0 0 0 0 0 0 0 0 0 0 0 0 0 0 0 0 0 0 0 0 0 0 0 0 0 0 0 0 0 0 0 0 0 0 0 0 0 0 0 0 0 0 0 0 0 0 0 0 0 0 0 0 0 0 0 0 0 0 0 0 0 0 0 0 0 0 0 0 0 0 0 0 0 0 0 0 0 0 0 0 0 0 0 0 0 0 0 0 0 0 0 0 0 0 0 0 0 0 0 0 0 0 0 0 0 0 0 0 0 0 0 0 0 0 0 0 0 0 0 0 0 0 0 0 0 0 0 0 0 0 0 0 0 0 0 0 0 0 0 0 0 0 0 0 0 0 0 0 0 0 0 0 0 0 0 0 0 0 0 0 0 0 0 0 0 0 0 0 0 0 0 0 0 0 0 0 0 0 0 0 0 0 0 0 0 0 0 0 0 0 0 0 0 0 0 0 0 0 0 0 0 0 0 0 0 0 0 0 0 0 0 0 0 0 0 0 0 0 0 0 0 0 0 0 0 0 0 0 0 0 0 0 0 0 0 0 0 0 0 0 0 0 0 0 0 0 0 0 0 0 0 0 0 0 0 0 0 0 0 0 0 0 0 0 0 0 0 0 0 0 0 0 0 0 0 0 0 0 0 0 0 0 0 0 0 0 0 0 0 0 0 0 0 0 0 0 0 0 0 0 0 0 0 0 0 0 0 0 0 0 0 0 0 0 0 0 0 0 0 0 0 0 0 0 0 0 0 0 0 0 0 0 0 0 0 0 0 0 0 0 0 0 0 0 0 0 0 0 0 0 0 0 0 0 0 0 0 0 0 0 0 0 0 0 0 0 0 0 0 0 0 0 0 0 0 0 0 0 0 0 0 0 0 0 0 0 0 0 0 0 0 0 0 0 0 0 0 0 0 0 0 0 0 0 0 0 0 0 0 0 0 0 0 0 0 0 0 0 0 0 0 0 0 0 0 0 0 0 0 0 0 0 0 0 0 0 0 0 0 0 0 0 0 0 0 0 0 0 0 0 0 0 0 0 0 0 0 0 0 0 0 0 0 0 0 0 0 0 0 0 0 0 0 0 0 0 0 0 0 0 0 0 0 0 0 0 0 0 0 0 0 0 0 0 0 0 0 0 0 0 0 0 0 0 0 0 0 0 0 0 0 0 0 0 0 0 0 0 0 0 0 0 0 0 0 0 0 0 0 0 0 0 0 0 0 0 0 0 0 0 0 0 0 0 0 0 0 0 0 0 0 0 0 0 0 0 0 0 0 0 0 0 0 0 0 0 0 0 0 0 0 0 0 0 0 0 0 0 0 0 0 0 0 0 0 0 0 0 0 0 0 0 0 0 0 0 0 0 0 0 0 0 0 0 0 0 0 0 0 0 0 0 0 0 0 0 0 0 0 0 0 0 0 0 0 0 0 0 0 0 0 0 0 0 0 0 0 0 0 0 0 0 0 0 0 0 0 0 0 0 0 0 0 0 0 0 0 0 0 0 0 0 0 0 0 0 0 0 0 0 0 0 0 0 0 0 0 0 0 0 0 0 0 0 0 0 0 0 0 0 0 0 0 0 0 0 0 0 0 0 0 0 0 0 0 0 0 0 0 0 0 0 0 0 0 0 0 0 0 0 0 0 0 0 0 0 0 0 0 0 0 0 0 0 0 0 0 0 0 0 0 0 0 0 0 0 0 0 0 0 0 0 0 0 0 0 0 0 0 0 0 0 0 0 0 0 0 0 0 0 0 0 0 0 0 0 0 0 0 0 0 0 0 0 0 0 0 0 0 0 0 0 0 0 0 0 0 0 0 0 0 0 0 0 0 0 0 0 0 0 0 0 0 0 0 0 0 0 0 0 0 0 0 0 0 0 0 0 0 0 0 0 0 0 0 0 0 0 0 0 0 0 0 0 0 0 0 0 0 0 0 0 0 0 0 0 0 0 0 0 0 0 0 0 0 0 0 0 0 0 0 0 0 0 0 0 0 0 0 0 0 0 0 0 0 0 0 0 0 0 0 0 0 0 0 0 0 0 0 0 0 0 0 0 0 0 0 0 0 0 0 0 0 0 0 0 0 0 0 0 0 0 0 0 0 0 0 0 0 0 0 0 0 0 0 0 0 0 0 0 0 0 0 0 0 0 0 0 0 0 0 0 0 0 0 0 0 0 0 0 0 0 0 0 0 0 0 0 0 0 0 0 0 0 0 0 0 0 0 0 0 0 0 0 0 0 0 0 0 0 0 0 0 0 0 0 0 0 0 0 0 0 0 0 0 0 0 0 0 0 0 0 0 0 0 0 0 0 0 0 0 0 0 0 0 0 0 0 0 0 0 0 0 0 0 0 0 0 0 0 0 0 0 0 0 0 0 0 0 0 0 0 0 0 0 0 0 0 0 0 0 0 0 0 0 0 0 0 0 0 0 0 0 0 0 0 0 0 0 0 0 0 0 0 0 0 0 0 0 0 0 0 0 0 0 0 0 0 0 0 0 0 0 0 0 0 0 0 0 0 0 0 0 0 0 0 0 0 0 0 0 0 0 0 0 0 0 0 0 0 0 0 0 0 0 0 0 0 0 0 0 0 0 0 0 0 0 0 0 0 0 0 0 0 0 0 0 0 0 0 0 0 0 0 0 0 0 0 0 0 0 0 0 0 0 0 0 0 0 0 0 0 0 0 0 0 0 0 0 0 0 0 0 0 0 0 0 0 0 0 0 0 0 0 0 0 0 0 0 0 0 0 0 0 0 0 0 0 0 0 0 0 0 0 0 0 0 0 0 0 0 0 0 0 0 0 0 0 0 0 0 0 0 0 0 0 0 0 0 0 0 0 0 0 0 0 0 0 0 0 0 0 0 0 0 0 0 0 0 0 0 0 0 0 0 0 0 0 0 0 0 0 0 0 0 0 0 0 0 0 0 0 0 0 0 0 0 0 0 0 0 0 0 0 0 0 0 0 0 0 0 0 0 0 0 0 0 0 0 0 0 0 0 0 0 0 0 0 0 0 0 0 0 0 0 0 0 0 0 0 0 0 0 0 0 0 0 0 0 0 0 0 0 0 0 0 0 0 0 0 0 0 0 0 0 0 0 0 0 0 0 0 0 0 0 0 0 0 0 0 0 0 0 0 0 0 0 0 0 0 0 0 0 0 0 0 0 0 0 0 0 0 0 0 0 0 0 0 0 0 0 0 0 0 0 0 0 0 0 0 0 0 0 0 0 0 0 0 0 0 0 0 0 0 0 0 0 
1.7558 1.8081 1.7161 1.8187 1.6269 1.6282 1.5062 1.5561 1.4983 1.5332 1.4873 1.5959 1.6812 1.6463 1.3194 1.4937 1.5244 1.6555 1.5335 1.3928 1.3145 1.4675 0.9088 0.9601 0.9088 1.4521 0.9910 0.9312 1.1656 0.9664 1.3676 1.5228 1.1443 0.9843 0.9351 1.5966 1.3789 1.3134 0.9175 0.9048 0.9171 1.4302 0.9426 0.9231 0.9893 0.9280 0.9502 0.9147 0.9147 0.9175 0.9061 0.8972 0.9191 0.9095 0.9003 0.9312 0.8971 0.9014 0.9722 1.6203 0.9629 1.1905 0.9205 0.9029 0.9061 0.9059 0.9207 0.9087 0.9088 0.9051 0.8988 0.9213 0.9765 0.9586 0.9203 0.9360 0.9059 1.2984 0.9059 0.9001 0.9028 0.9163 0.8998 1.2146 0.9259 0.9321 0.9166 1.1103 1.5033 0.9343 0.8967 0.9059 0.8985 0.9111 1.2926 0.9459 0.9938 0.9070 0.9515 0.9003 0.9069 0.9312 0.8998 0.9203 0.9604 0.9203 0.9312 0.9010 0.9029 0.9268 0.9700 0.9118 0.9194 0.9339 0.9060 0.9491 0.9622 1.3777 0.9059 0.8977 0.8990 1.3563 1.4432 0.9286 0.9203 1.0310 0.9201 0.9875 0.8967 0.9011 0.9632 0.9182 0.9044 0.9047 0.9059 0.9125 0.9203 0.9046 0.9061 0.9108 0.8967 0.9188 0.9276 0.9343 0.9118 0.9350 0.8998 0.9153 0.9029 0.9059 0.8998 1.3591 0.9118 0.9039 0.9131 0.9203 0.9118 1.0496 0.9277 0.9150 1.0084 0.9231 0.9029 0.9312 0.8998 0.9149 0.9128 0.9367 0.8985 1.0136 0.9309 0.9048 0.9029 0.9029 1.2722 0.9203 0.8967 0.8998 0.9088 0.9203 1.3258 0.9147 0.9075 0.8997 0.9274 0.8968 0.9393 0.9031 0.9029 0.8989 1.2121 0.9088 0.8998 0.9001 0.9120 0.9030 0.8998 0.9025 0.8998 0.9349 0.8998 0.8997 0.9036 0.9088 0.9076 0.9059 0.9483 0.9159 0.9007 0.9203 0.9005 0.9029 0.9441 1.1423 0.9088 0.9033 0.9140 0.8967 0.9118 0.9029 0.9952 0.9185 0.9315 0.9359 0.9059 0.9553 0.9065 0.9511 1.1690 0.9029 0.9381 0.9339 0.9029 0.9165 0.9246 1.0295 0.9088 0.9416 1.3466 0.9029 0.9072 0.9073 0.9075 0.9175 0.9440 0.9029 0.9262 1.1991 0.9260 0.9803 0.8967 0.9625 1.1122 1.1700 0.9259 0.9041 0.9238 0.9399 0.9322 0.8998 0.9286 0.9002 0.9250 0.8977 0.8980 0.9094 0.9120 0.9203 0.9035 1.1558 1.1282 0.9141 0.9259 0.9072 0.9339 0.9339 0.9163 0.8967 0.9102 0.9203 0.8983 0.9339 0.9231 0.9045 0.8967 0.9365 0.9058 0.9059 1.0937 0.9008 0.9038 0.8998 0.9365 0.9165 1.0437 1.3605 0.9515 1.5037 0.9070 0.9131 0.9175 0.9135 0.9059 0.9088 0.9821 0.9152 0.9155 0.9018 0.9161 0.9147 0.9088 0.9231 0.9876 0.9203 1.1610 0.9030 0.9251 0.8978 0.9118 0.9307 0.9009 0.9059 0.9208 0.9101 0.9059 0.9040 0.9175 0.9088 1.2146 0.9653 1.0524 0.9466 0.8995 1.0244 0.9030 0.8998 0.9432 0.9911 0.8973 0.9189 0.9088 0.9271 0.8980 0.9033 0.9088 1.1658 0.9029 0.8967 0.9155 0.8983 0.9231 0.9500 0.9056 0.8967 0.8998 0.9679 0.8967 0.8967 1.1215 0.9539 0.9416 0.8998 0.9082 0.9482 0.9082 0.9930 0.9088 0.9722 0.9142 0.9490 0.9080 0.9244 0.9457 0.9163 0.9203 1.1575 0.9472 0.9088 0.9029 0.8976 0.9118 0.8996 1.2245 0.8967 0.9014 0.8998 0.8967 0.9517 0.8998 0.9916 0.9071 1.0047 0.9140 0.9057 0.9083 0.9146 1.2209 0.9231 0.8985 0.9730 1.0292 0.9113 0.9942 0.9175 1.0228 0.9440 0.9163 1.0160 0.9110 0.9088 1.0502 0.8976 0.9088 0.9194 0.9010 0.9950 1.1080 0.8998 0.9059 0.9059 0.9221 0.8971 0.9059 1.0132 0.9149 1.2612 0.9374 0.9052 0.9141 0.9153 0.9108 0.9030 0.9146 0.9203 0.9059 0.9088 0.8998 1.0150 1.0298 0.8972 0.9173 0.9059 1.2285 0.9096 0.9017 0.9059 0.9181 0.9700 0.8967 0.9286 0.9088 0.9034 1.0665 0.9231 0.9055 1.2237 1.2496 0.9365 0.9147 0.9022 0.8998 0.9059 0.8998 0.9761 0.9142 1.0752 1.2984 0.9088 0.9388 0.8998 0.8980 0.9062 1.1187 0.9636 0.9737 0.9379 1.0011 0.9008 0.9787 0.9022 0.9365 0.9273 1.2700 0.9037 1.0202 0.8998 0.9272 0.8998 0.9059 0.9466 1.1094 0.9243 0.9103 0.9216 0.9088 0.9796 1.2478 0.9287 0.8998 0.9539 0.9660 0.9118 0.9095 0.9178 0.8967 0.9029 0.8967 0.9365 1.0013 0.9505 0.9414 0.9477 1.0208 0.8998 0.9293 0.9344 1.1497 0.8989 0.9147 1.0158 0.8998 0.9492 0.8998 0.9182 1.1474 1.0704 0.8998 0.9391 0.9147 0.9147 0.9226 1.0109 1.0120 0.9203 0.8967 0.9362 0.9069 0.9609 0.9059 0.9333 0.9070 0.9060 0.8998 1.4528 0.9007 1.1537 0.9038 0.8980 0.9059 0.9015 1.3240 0.9199 1.0121 0.8982 0.9596 0.9197 1.2208 0.8967 1.0226 0.9005 0.9631 0.8985 0.9312 0.9226 0.9029 1.1634 0.8975 0.8967 0.9012 0.9942 0.9232 0.9418 0.9231 0.9001 1.2323 0.9029 0.9496 0.9910 0.9059 0.9289 0.9001 0.9147 0.9134 0.9558 0.9042 1.0863 0.9444 0.9118 1.1451 0.9005 0.9539 0.9059 0.9058 0.9070 0.9464 1.3672 0.9147 0.9769 1.1844 1.0595 1.3680 1.0671 0.9116 1.0817 0.9093 0.9787 1.2632 0.8968 0.9075 0.9391 0.9311 0.9406 1.0728 0.8967 0.9068 0.9147 0.9102 0.8988 0.9966 0.9171 0.9416 0.9059 0.9358 0.9769 1.3864 0.9365 1.0747 1.0726 0.9976 0.8967 0.9064 1.0906 1.3066 0.9412 0.9312 0.9700 0.9339 0.9768 0.9989 1.1197 0.9070 0.9466 0.9514 0.9216 0.9029 1.0051 0.9952 1.1959 1.0291 0.9118 0.9140 1.2689 0.9013 0.9338 0.9974 0.9118 0.9904 0.9423 0.9184 0.9147 0.8971 0.9073 0.9278 0.9437 1.0469 0.9563 0.8994 0.9539 0.9203 0.9970 0.9062 0.9106 0.9073 0.8975 0.9439 0.9226 0.9074 0.9099 0.9655 1.1348 0.9082 0.9055 0.9260 0.9233 0.8982 0.9741 0.9586 0.9132 0.9918 0.9147 1.2713 0.8995 0.9312 1.0498 0.8998 0.9795 1.2213 0.9373 1.1692 1.1322 0.9088 1.1729 0.9106 1.0851 0.9539 0.9199 1.1568 1.0988 0.8999 1.2333 0.9849 0.9362 0.9029 0.9877 1.1593 0.8998 1.0484 0.9203 0.9532 0.9008 0.9059 0.8978 0.9200 0.9539 1.1725 1.1141 0.9066 0.8994 1.1462 0.9636 1.0912 0.9147 0.9059 1.0433 0.9722 1.1357 0.9789 0.9476 0.9258 0.9387 0.8995 1.0289 0.9286 1.0534 0.9586 0.9003 0.9404 0.9391 0.9059 0.9661 0.9466 0.9377 0.9088 0.9088 0.9472 0.9088 0.9088 0.9850 1.2252 0.9198 0.9904 1.1395 1.1563 0.9147 0.9059 0.9553 0.9286 0.9088 1.1524 1.2459 0.9118 1.1967 0.9492 0.9808 0.9097 1.0010 0.9219 0.9627 0.9248 0.9259 0.9029 1.2245 0.9034 0.9456 1.1223 0.9705 0.9930 1.2491 0.9603 1.0490 0.9434 0.9587 1.0859 0.9039 0.9113 1.0172 1.0225 0.9412 1.1552 1.1001 1.2207 0.9431 0.9609 0.9921 0.9029 0.9363 1.1620 1.0474 1.0763 1.0024 0.9914 0.9535 1.1036 0.9445 1.0478 1.0619 1.0126 0.9147 0.9519 0.9067 0.9197 1.0171 1.1620 1.0042 1.0053 0.9210 0.9062 1.1582 0.9259 0.9191 1.2137 0.9515 0.9556 0.9975 0.9225 0.9118 0.9029 0.9212 1.0052 0.9531 0.9096 0.9140 0.9475 0.9886 1.1404 1.0683 1.0574 1.0410 0.9603 1.1627 1.0712 0.9593 1.4435 0.9011 1.1296 0.9339 0.9515 0.9643 1.1577 0.9300 0.9641 0.9695 0.9223 1.1686 0.9657 1.0973 0.9094 1.0279 0.9337 1.0008 0.9469 0.9146 0.9802 1.0079 1.0186 1.2342 0.9107 0.9224 1.0287 0.9094 0.9019 0.9258 1.1757 1.5663 0.8967 0.9297 1.0018 1.0292 0.9416 1.1145 1.1519 0.9931 1.0208 0.9385 0.9244 1.0760 0.9627 0.9539 0.9004 0.9508 0.9029 1.1746 1.1141 0.9586 1.1381 0.9780 0.8978 1.0698 1.0569 1.2673 0.9856 0.9930 0.9808 1.0347 0.9331 0.9312 1.0689 1.0291 0.9029 0.9420 0.9970 0.9061 0.9259 1.0902 1.1266 1.1057 0.9515 1.1923 0.9453 1.2015 1.2010 1.3635 0.9235 0.9141 1.4741 1.0108 0.9139 0.9218 0.9365 0.9472 0.9339 0.9849 1.0942 0.9770 0.9286 1.0278 1.0706 0.9105 1.0258 0.9068 1.0714 0.9201 0.9829 1.0718 1.1632 1.0864 0.9302 0.9722 0.9545 0.9231 1.1101 0.9994 1.0663 1.0005 0.9488 0.9288 1.0210 0.9341 0.9065 1.0393 0.9626 0.9610 1.0242 0.9491 1.0639 0.9665 1.5562 0.9787 0.9305 1.0993 1.1239 0.9109 1.1061 1.0972 0.9280 0.9870 1.0902 0.9887 0.9915 0.9013 1.0065 0.9575 1.0192 0.9515 0.8971 1.1020 0.8998 1.0063 0.9513 1.0778 0.9059 0.9246 1.1583 1.1067 1.1273 1.0093 1.0811 1.0543 0.9047 1.0225 1.0046 1.0416 0.9984 1.0409 0.9342 0.9401 0.9011 1.1965 1.0321 1.1682 0.9189 1.0032 1.2156 0.9029 0.9416 1.1333 0.9454 1.0192 1.1070 0.9044 1.1382 1.0777 0.9031 1.0172 1.1499 1.1557 0.9029 0.9149 0.9376 0.9947 0.9984 0.9647 0.9854 1.0204 1.0453 0.9718 0.9190 1.1311 0.8976 0.9849 1.1692 1.1238 1.0401 0.9995 0.9355 1.1410 1.0118 0.9059 0.9608 0.9392 0.9547 0.9147 1.0323 0.9064 0.9800 1.0058 0.9032 1.1490 0.9204 1.0705 0.8970 0.9029 0.9962 0.9707 0.9839 1.1214 1.0132 1.2205 0.9947 1.1921 1.0987 0.9203 0.8998 0.9205 1.1359 1.1646 1.1020 1.3384 1.0614 1.0422 0.8998 0.9312 0.9063 0.9265 0.9416 0.9107 0.9346 0.9473 0.9555 0.9025 0.9231 0.9737 0.9424 0.9563 0.9594 0.9713 0.9340 1.2863 0.9491 1.0884 1.3139 0.9046 0.9267 0.9360 0.9270 1.0031 1.0247 0.9586 0.9088 1.0382 0.9359 1.0320 0.9989 1.2206 1.0548 0.9334 1.3024 1.0176 0.9047 0.9197 0.9300 1.0848 0.9902 0.9228 0.9369 0.9754 0.9551 0.9391 1.0355 1.2444 1.0742 1.1413 1.0046 1.0390 0.9717 0.9175 0.9299 0.9229 1.0635 1.0144 0.9329 1.1655 1.1039 0.9792 0.9147 1.0300 0.9072 0.9652 1.0547 1.0467 0.9869 0.9118 0.9668 1.0582 1.1373 0.9201 0.9259 1.0128 0.9765 1.0838 0.9317 0.9288 1.0369 0.9460 1.0214 1.0977 1.0807 0.9515 0.9247 1.0927 0.9907 0.9261 1.1827 0.9175 0.9856 0.9349 0.9765 1.0110 1.0440 1.0050 0.9465 1.0172 1.1236 1.0517 0.9765 1.0136 1.0023 1.1260 0.9118 1.1419 1.2318 0.9059 0.9370 0.9523 0.8967 1.0195 1.0749 1.1392 1.1249 0.9108 0.9528 1.1796 0.9328 1.0718 0.9744 0.9678 0.9399 0.9785 1.2277 0.9042 1.0437 0.8967 0.9087 1.0651 0.8996 0.9647 1.0757 1.0344 0.9243 0.9583 0.9092 1.0744 0.9367 0.9755 1.0265 1.0562 0.9506 0.9625 1.1969 0.9601 1.1265 1.1455 0.9311 0.9560 1.0221 0.9358 0.8998 1.0114 0.8978 0.9616 1.0615 0.9664 1.1024 0.9880 0.9048 1.0486 0.9003 1.0113 1.0063 1.0662 0.8980 1.0895 1.0255 0.9828 1.1110 1.0838 0.9259 0.9669 0.9789 0.9606 0.9745 1.2941 0.8989 0.9194 0.9367 0.9887 1.3067 1.0616 0.9042 1.0932 1.1302 0.9960 0.9346 1.1259 0.9147 0.9472 1.0664 1.2089 1.0766 0.9176 1.0834 0.9032 1.1105 0.9748 0.9986 0.9009 1.0414 0.9808 0.9258 1.0449 0.9297 1.0257 1.0831 1.0732 1.1544 1.1504 0.9426 1.1095 0.8988 1.1092 1.1388 0.9890 1.1122 0.9891 1.0445 1.0479 1.1212 0.9398 1.0027 0.9539 0.9231 0.9566 0.9057 1.1073 0.9677 0.9160 0.9094 1.1216 0.9367 1.0732 0.9206 0.9885 1.0291 1.0477 1.0900 0.9984 1.0321 0.9339 0.9572 0.9925 0.9950 0.9937 1.0892 1.1422 1.0271 1.2227 1.1204 1.0370 0.9609 1.0146 0.9967 0.9741 1.0482 0.9897 1.0098 1.0766 1.0757 0.9219 1.0307 0.9991 0.9783 0.9365 1.0592 0.9873 0.9913 1.0260 1.1024 1.1357 0.9652 0.9913 1.0234 0.9431 1.0310 1.1474 0.9007 0.9824 0.9097 1.2347 1.0983 0.9009 0.9028 1.1166 0.9829 0.9626 1.0314 1.0471 1.0501 1.0769 1.0517 0.9849 1.1431 1.0211 0.8974 1.1067 0.9484 0.9997 1.0087 0.9848 0.8996 1.0079 1.0356 0.9950 0.9420 0.9158 0.8988 1.0759 0.9144 0.9156 1.1417 1.1087 0.9692 1.0311 0.9310 1.1210 0.9877 0.9437 0.9119 1.5276 1.3681 1.5298 1.5560 1.4157 1.4125 1.4033 1.4320 1.4142 1.2679 1.2140 1.1732 1.1447 1.1195 1.1201 1.1122 1.1291 1.1084 0.9655 1.1080 1.0502 0.9808 1.0156 1.0712 0.9084 1.0560 0.9644 1.0226 1.0046 0.9934 1.0634 1.0268 0.9969 0.9016 0.9712 0.8967 0.9563 
