DE Tye7_GEM_2_m0 5.51 8 k8_c777
1 21 204 21 531 T
2 0 776 0 0 C
3 719 57 0 0 A
4 89 567 58 63 C
5 0 275 501 0 G
XX

DE Tye7_GEM_2_m1 6.86 -3 k10_c772
1 138 170 377 86 G
2 14 33 34 690 T
3 15 9 714 34 G
4 591 7 121 54 A
5 21 4 165 582 T
6 42 13 707 10 G
XX

DE Tye7_GEM_2_m2 5.06 1 k10_c732
1 455 18 210 49 A
2 391 37 56 249 A
3 325 19 343 45 G
4 629 16 61 27 A
5 659 13 25 34 A
6 669 8 30 25 A
XX

DE Tye7_GEM_2_m3 8.21 3 k7_c255
1 59 2 190 4 G
2 196 0 57 2 A
3 254 0 0 0 A
4 35 0 219 0 G
5 39 0 215 0 G
6 203 10 29 13 A
7 19 0 235 0 G
XX

DE Tye7_GEM_2_m4 7.30 1 k6_c267
1 218 4 20 24 A
2 6 0 246 15 G
3 10 33 200 24 G
4 262 0 2 3 A
5 0 0 264 2 G
6 51 8 6 201 T
XX

DE Tye7_GEM_2_m5 10.80 13 k9_c96
1 3 0 93 0 G
2 1 0 94 1 G
3 3 1 89 3 G
4 0 2 81 12 G
5 4 1 5 85 T
6 6 51 5 34 C
7 4 82 6 4 C
8 3 66 23 3 C
9 15 19 40 22 G
XX

DE Tye7_GEM_2_m6 17.56 12 k14_c56
1 1 9 46 1 G
2 1 1 54 1 G
3 1 1 54 1 G
4 1 1 27 28 T
5 1 1 9 46 T
6 1 40 1 15 C
7 1 51 4 1 C
8 1 9 46 1 G
9 8 17 28 4 G
10 1 52 2 2 C
11 0 24 3 28 T
12 0 51 1 3 C
13 0 45 11 0 C
14 0 52 3 0 C
XX

DE Tye7_GEM_2_m7 32.14 12 k17_c12
1 0 0 11 0 G
2 0 0 11 0 G
3 0 0 0 11 T
4 0 0 0 11 T
5 0 11 0 0 C
6 0 0 0 11 T
7 0 11 0 0 C
8 0 0 0 11 T
9 0 0 11 0 G
10 0 0 11 0 G
11 11 0 0 0 A
12 11 0 0 0 A
13 0 11 0 0 C
14 11 0 0 0 A
15 0 0 11 0 G
16 0 11 0 0 C
17 0 0 0 11 T
XX

