#Tye7_GEM_1.m3
#KSM version: 1
#196/196
#1.21
#k-mer/r.c.  	Offset	PosCt	wPosCt	NegCt	HgpLg10	CIDs	PosHits (base85 encoding)	NegHits (base85 encoding)
TTCTCT/AGAGAA	-4	20	20	7	-2.7	*	+G9_#z!<<0$5QCci#`&`d%"TOP"9~	z"98E%!!!W;z!!!'#!!!!i~
TGGAAA/TTTCCA	1	20	20	9	-1.8	*	!"]\Q!!!"L!@!%>&d8sl!!!!"+92BA#Q~	&V'i]J,fcRz!!*'"!!E9%!"]~
GGAACA/TGTTCC	2	16	16	6	-1.9	*	z5_&t;!!!'#!!3-#!/VNm%%n^D~	!!!'#zz!!E9%!!rW:!!i~
CTGGAA/TTCCAG	0	15	15	7	-1.5	*	zz!<N<&&ci+8!/MHl"FqTq~	!!!-%J,g\l!!!-%!WW3#+:%~
TCTGGA/TCCAGA	-1	13	13	5	-1.9	*	!W`9$!!3-#!!!'#!!!-%!/MHl"FqTq~	z!!!"LzJ,fQL+:%rI!!!$~
CTGNAAC/GTTNCAG	0	13	12	2	-3.1	0,1	N.A.	N.A.
TGCAAA/TTTGCA	1	12	12	4	-2.3	*	"9@E]!!!!a"98u5!2';l5QCi~	!<<*#z!!!-5~
TGGAAC/GTTCCA	1	12	12	5	-1.7	*	!$D7Az!!!'#!WW3#!/MHm"FqTq~	zzz"98E%+:%s$~
TGNAACA/TGTTNCA	1	13	12	2	-3.1	2,-3	N.A.	N.A.
TGGAANNG/CNNTTCCA	1	11	11	0	-4.3	-4,5	N.A.	N.A.
TGGTAA/TTACCA	1	11	11	5	-1.7	*	&.A[A!!*'"!!!!1U&Y/nz!!ii~	z!!!!"z!!!'#z!!#99~
GGAAAG/CTTTCC	2	10	10	4	-1.6	*	!#,D5!!!!1!<N6$!!E9E!!*'"!!!!A#Q~	!!!!Izz!!",A!!!!1~
TTGCANA/TNTGCAA	0	9	10	1	-3.4	6,7	N.A.	N.A.
ATGCAA/TTGCAT	1	9	9	2	-2.6	*	"TTYF&-)\5z"s<nr~	!!!!"!"]~
CTGGNAC/GTNCCAG	0	9	9	2	-2.3	8,1	N.A.	N.A.
TGCAANT/ANTTGCA	1	8	9	0	-3.7	9,-10	N.A.	N.A.
TGGNAAG/CTTNCCA	1	9	9	0	-3.7	11,-12	N.A.	N.A.
TTNCAAA/TTTGNAA	0	9	9	1	-3.1	6,-13	N.A.	N.A.
CTGGNAA/TTNCCAG	0	9	9	1	-3.1	-14,15	N.A.	N.A.
TAGAAA/TTTCTA	2	8	8	2	-1.7	*	z!!iQ)!!*3&!!!$"+92BA!!iQi!<~	zzzz!!3-#z!W~
TGGAAG/CTTCCA	1	8	8	4	-1.4	*	+@H21!!!9)zz!!!!""98E'~	zz!!*'"!WW3#z!$D7E~
TGGTNAG/CTNACCA	1	8	8	1	-2.8	-12,16	N.A.	N.A.
TGCAANA/TNTTGCA	2	7	7	0	-3.1	-17,-3	N.A.	N.A.
GGAAANC/GNTTTCC	2	6	6	0	-2.8	18,19	N.A.	N.A.
TATGGNNA/TNNCCATA	-1	6	6	0	-2.8	-20,-21	N.A.	N.A.
TAGGAA/TTCCTA	0	6	6	2	-1.5	*	J3X)7!!!9)!!",A!!iQ)!!",~	!!!-%zz!!%N~
TANGNAAA/TTTNCNTA	-1	6	6	0	-2.8	-22,-20	N.A.	N.A.
TNGNAAAA/TTTTNCNA	0	6	6	0	-2.8	-22,-23	N.A.	N.A.
CCTCCG/CGGAGG	-1	3	3	0	-1.8	*	zzzz!<<*"!<<0~	
GATGCA/TGCATC	0	3	3	1	-1.5	*	!<<*"!!iQ)zzzz"9~	zz!<~
$$$
CTGAAAC/GTTTCAG	0	4	4	0	-1.8	0	zzz!!#7az!!!9k~	
CTGGAAC/GTTCCAG	0	9	9	2	-2.3	1	zz!!!'#z!/MHl"FqTq~	zzzz+:%~
TGGAACA/TGTTCCA	0	9	9	2	-2.3	2	zz!!!'#z!/MHl"FqTq~	zzzz!!iQ9~
TGTTGCA/TGCAACA	0	4	4	0	-2.1	3	z!!!!az!.]S2~	
CTGTTCCA/TGGAACAG	0	8	8	0	-3.4	4	zz!!!'#z!/MHl"FpIQ~	
TGGAAAGG/CCTTTCCA	0	3	3	0	-1.8	5	zz!<<*"!!E9%zz#Q~	
TTGCAAA/TTTGCAA	0	5	5	0	-2.4	6	!!#=c!!!!a"98E%!.Y~	
TTGCATA/TATGCAA	0	4	4	1	-1.8	7	"99PE&-)\1z"9~	z!"]~
CTGGGAC/GTCCCAG	0	5	5	0	-2.4	8	zzzz!/MHl!.Y~	
TGCAAAT/ATTTGCA	0	4	4	0	-2.4	9	"9?4;zz!.Y~	
AATTGCA/TGCAATT	0	4	4	0	-2.1	10	z&J+pBz!W~	
TGGAAAG/CTTTCCA	0	6	6	0	-2.8	11	!"],1z!<N6$!!E9Ezz#Q~	
CTTACCA/TGGTAAG	0	3	3	0	-1.8	12	!!iQ)z!!!!1zz!!i~	
TTTGGAA/TTCCAAA	0	4	4	1	-1.5	13	zz!$D7A!!!Q1!!!!"+9~	zzzzz!"]~
TTTCCAG/CTGGAAA	0	6	6	1	-2.1	14	zz!<N6$&ci+~	zJ,~
CTGGTAA/TTACCAG	0	3	3	0	-1.8	15	z!!*'"zJ,fQLz!!!9~	
TGGTGAG/CTCACCA	0	5	5	1	-1.8	16	+92BA!!!!#!!*'"!WW3#z!'g~	!"]~
TCTTGCA/TGCAAGA	0	3	3	0	-1.8	17	z!!!!%z"T~	
GGAAAGC/GCTTTCC	0	3	3	0	-1.8	18	zz!!3-#!!!!A!!*~	
GGAAACC/GGTTTCC	0	3	3	0	-1.8	19	zz!!%NL!WW3#z!$D~	
TTTCCATA/TATGGAAA	0	3	3	0	-1.8	20	!"],Azzz!!!!"~	
TCACCATA/TATGGTGA	0	3	3	0	-1.8	21	+92BAz!!!$"zz!'g~	
TTTTCCTA/TAGGAAAA	0	3	3	0	-1.8	22	!'gMa!!!9)z!!i~	
TTTTGCAA/TTGCAAAA	0	3	3	0	-1.8	23	!!#7a!!!!a"9~	
%%%
7 6 6 0 6 8 6 0 6 0 7 7 9 6 6 6 0 7 6 0 6 6 8 6 6 0 0 6 8 0 0 0 6 0 0 0 6 0 6 0 7 6 0 6 6 0 0 6 0 0 6 6 0 0 0 6 0 6 7 0 7 0 8 6 9 0 8 0 0 0 0 0 6 9 0 0 0 6 0 0 6 13 6 0 6 0 0 7 0 0 6 0 7 6 0 0 6 7 7 6 7 7 6 7 7 6 8 6 6 6 0 8 6 0 8 0 6 0 6 6 0 6 0 6 6 8 0 6 6 0 0 6 0 6 6 0 6 0 0 13 0 0 0 13 0 6 0 13 10 0 0 0 8 0 0 0 0 0 0 0 6 0 13 6 0 6 0 0 6 0 0 8 0 6 8 13 6 6 0 7 0 12 0 0 13 6 0 0 0 7 6 6 6 0 6 8 
6 0 0 0 6 0 0 0 0 0 0 0 6 0 0 6 0 6 6 0 0 0 0 0 6 0 0 6 0 6 0 0 0 0 6 0 0 0 0 7 0 0 0 0 6 0 0 0 0 6 6 0 0 6 0 0 6 0 0 6 0 0 0 6 6 0 0 0 0 0 0 0 6 0 0 0 0 0 0 0 0 6 6 0 6 0 0 0 0 0 0 6 6 0 0 0 0 7 6 0 0 0 0 6 6 0 6 0 0 0 0 0 0 7 0 0 0 6 0 0 0 0 0 0 0 0 0 0 0 0 0 0 0 8 0 0 6 6 6 9 0 0 0 0 0 6 0 0 0 0 0 0 0 0 0 0 7 6 0 0 0 0 0 0 0 0 0 0 0 0 0 6 6 6 0 0 6 0 0 0 0 0 6 0 0 6 6 6 0 0 6 7 0 6 0 0 
1.2961 1.4504 1.3654 1.2625 1.1827 1.2181 1.3034 1.1993 1.2130 1.1929 1.2825 1.3190 1.1473 1.2460 1.2545 1.1416 1.1761 1.1922 1.2905 1.1448 1.4232 1.3230 1.2947 1.1754 1.2994 1.2612 1.1249 1.1298 1.1757 1.1769 1.0057 1.2211 1.1668 0.9866 1.2825 1.0569 1.2151 0.9656 1.1456 0.9983 1.2650 1.0355 1.0411 1.1566 1.0902 1.0411 0.9815 0.8821 1.1129 0.7691 0.9121 0.9809 1.0286 0.9580 1.0180 0.9429 0.9550 1.0894 1.0146 1.2682 1.0336 1.0476 0.9580 0.9110 0.8633 1.0875 0.7598 0.9835 0.9494 0.9615 1.1772 0.9390 0.7233 0.9830 0.9871 1.0476 1.0975 0.9024 1.0124 0.9300 1.0080 1.1042 0.8675 0.8715 0.8152 0.8612 0.7578 0.8974 0.9729 1.0107 0.8457 0.9356 0.8803 0.7349 0.8166 0.9866 0.9487 0.8965 0.9804 0.8858 0.9487 1.0221 0.8644 1.1254 0.9206 0.8558 0.8849 0.9475 0.8623 0.8095 0.9221 0.9825 0.9462 0.8840 0.8991 0.8386 0.9820 0.9550 0.8110 0.9016 0.8503 0.8840 0.9598 0.9024 0.9314 0.9667 0.9121 0.7498 1.0100 0.9342 0.9257 0.8052 1.1775 0.8095 0.9113 0.8735 1.0171 0.9272 0.8982 1.0359 0.8180 0.8956 0.9257 0.8435 0.9751 1.0783 0.7425 1.0720 0.8220 0.9113 0.9074 0.9250 0.8664 1.1354 1.1772 0.9627 0.9788 1.0254 0.9065 0.9114 0.8849 0.9740 0.9410 0.8886 1.0133 0.8633 0.8445 0.9369 0.9449 0.9846 1.2829 0.9362 0.9243 0.8904 0.8982 0.9513 0.8774 0.7848 0.8651 0.8735 0.8480 0.9969 0.8781 0.8991 0.8654 0.7210 0.9493 1.0550 0.9328 0.8373 0.9624 1.2182 0.9597 0.8460 1.2750 1.1885 
