-300	7.044276271385102E-4
-299	6.818704861117835E-4
-298	6.70086658371566E-4
-297	6.798494572043673E-4
-296	7.219321958966969E-4
-295	8.002785302212433E-4
-294	8.915134858954125E-4
-293	9.654324311227896E-4
-292	9.989095479446218E-4
-291	9.971342737528067E-4
-290	9.723748597769029E-4
-289	9.374279897500235E-4
-288	9.072040774194964E-4
-287	8.97141969036203E-4
-286	9.155548279846746E-4
-285	9.422530861840443E-4
-284	9.499214926870948E-4
-283	9.213331814640552E-4
-282	8.796148261549391E-4
-281	8.579814853172053E-4
-280	8.799245390657361E-4
-279	9.30040653745105E-4
-278	9.832028172573086E-4
-277	0.0010178528853043692
-276	0.0010267081847884186
-275	0.0010060549104116147
-274	9.584421124143697E-4
-273	9.114702631901132E-4
-272	8.990026906705289E-4
-271	9.412661118594799E-4
-270	0.0010039408000495484
-269	0.0010390704176054958
-268	0.0010178366181151626
-267	9.879730200587043E-4
-266	0.0010163512331393557
-265	0.0011422203959686593
-264	0.0012943397627913939
-263	0.0013738461167606476
-262	0.001314493911312742
-261	0.0011805082810169426
-260	0.0010687320307257494
-259	0.0010505399695814187
-258	0.0010954349238852363
-257	0.001147451724228243
-256	0.0011660943929789165
-255	0.00117274371961548
-254	0.0012042496853935933
-253	0.0012818928803222595
-252	0.0013646763294238608
-251	0.0013960336664741232
-250	0.0013415809875607552
-249	0.0012556642380193957
-248	0.0012148118254976669
-247	0.001269929928920367
-246	0.001369435812321009
-245	0.0014361245110102836
-244	0.0014139081065714296
-243	0.0013311668656778863
-242	0.0012373981012756407
-241	0.0011728249570981104
-240	0.001140573900028434
-239	0.0011344972277371793
-238	0.0011518986276609058
-237	0.0012038873463001392
-236	0.0013050240199213965
-235	0.0014563943605681638
-234	0.0016051843833918078
-233	0.0016851051793206624
-232	0.0016528644517991736
-231	0.0015571563543362295
-230	0.0014696716529568295
-229	0.0014455506298800636
-228	0.001473731632101387
-227	0.0015266025228103457
-226	0.001578193255508198
-225	0.0016091021449430485
-224	0.0016015695961747133
-223	0.0015502095819634751
-222	0.001499130345871487
-221	0.0015048136991613686
-220	0.001598402264604298
-219	0.0017096819110056873
-218	0.0017430993186795078
-217	0.0016345937727822088
-216	0.001446074977840154
-215	0.0012709452432221864
-214	0.0011874567901459247
-213	0.001213261487224089
-212	0.001350861114918175
-211	0.0015882093406518578
-210	0.0018550673796975284
-209	0.0020666483342897555
-208	0.0021565613095483934
-207	0.002131999422134434
-206	0.0020185517915941526
-205	0.001850981030955258
-204	0.00170074372717119
-203	0.0016484699606768211
-202	0.0017417310181001562
-201	0.0018958630108417318
-200	0.0019931432564952154
-199	0.0019539047890439207
-198	0.0018507035080297476
-197	0.0017941510293842397
-196	0.001859059953588885
-195	0.0019770468193249426
-194	0.002043929149823615
-193	0.001991651041419724
-192	0.0018966628828625699
-191	0.0018715416360050724
-190	0.0019931295778272645
-189	0.002195330245817633
-188	0.0023763124925917766
-187	0.002454358320407243
-186	0.002428202330089376
-185	0.0023166922721054627
-184	0.0021464070889333116
-183	0.001974850491092789
-182	0.0018672573811142814
-181	0.0018677973281871426
-180	0.0019363785681366114
-179	0.002011844003446897
-178	0.0020505098765886912
-177	0.0020785857899786216
-176	0.002139754686019797
-175	0.0022618186795852753
-174	0.002409056575427902
-173	0.0025298663507704717
-172	0.0025861868603112015
-171	0.0025941204686499987
-170	0.002583310417862194
-169	0.002575638260028355
-168	0.002561938787249998
-167	0.002525285101633874
-166	0.0024544425668098593
-165	0.002360945592500327
-164	0.0022620208499507712
-163	0.0021739711152781093
-162	0.002109403584084949
-161	0.002080001556845318
-160	0.0020965377730538647
-159	0.0021661427282877238
-158	0.002295036357144652
-157	0.0024711219501512833
-156	0.0026090362215497767
-155	0.0026050992415111718
-154	0.0024060336029376964
-153	0.002160171989656334
-152	0.0020662496082252575
-151	0.002250405673505664
-150	0.002548395433570856
-149	0.002723378144797161
-148	0.0026122355007914856
-147	0.0023467389440830645
-146	0.002132382354431711
-145	0.002121863834858821
-144	0.0022566983814321104
-143	0.0024256052134808753
-142	0.0025389801353370525
-141	0.002593925291343151
-140	0.002609219410844321
-139	0.0026029627590437136
-138	0.002590541744576492
-137	0.002586664311935822
-136	0.0026076706923286804
-135	0.002676430263817296
-134	0.002817444691177709
-133	0.003034774473470917
-132	0.0032507154468977588
-131	0.0033671222819440295
-130	0.003326682555591835
-129	0.0032354154708085273
-128	0.0032401731370577664
-127	0.0034318635021781665
-126	0.0036776178675081567
-125	0.0037886233727611163
-124	0.003637484877520178
-123	0.0033424781208474825
-122	0.003083296561674918
-121	0.002994698548065364
-120	0.0030317019846056487
-119	0.00310438966501359
-118	0.0031421743689719526
-117	0.003151788820023299
-116	0.0031592957276751405
-115	0.0031828329712925946
-114	0.0032088391096712137
-113	0.0032158278714641583
-112	0.003190969627344941
-111	0.0031560613160684925
-110	0.003141556518410096
-109	0.0031665822503539887
-108	0.0032049592687202187
-107	0.003219181765537786
-106	0.0031866950340233425
-105	0.0031447487721441396
-104	0.0031455437790550798
-103	0.003218043088150614
-102	0.0032982586697833907
-101	0.003298964728545609
-100	0.00317361014483333
-99	0.0030383425022580753
-98	0.00304998406023523
-97	0.003303834911926612
-96	0.0036491064854797806
-95	0.003873488042788727
-94	0.0038322226568401237
-93	0.0036507686449913715
-92	0.003522138135692551
-91	0.003576790806772501
-90	0.0036949765335750864
-89	0.0036943927408229285
-88	0.0034569633481299706
-87	0.003121518254675441
-86	0.00289111385452989
-85	0.002910559367119196
-84	0.00309167531329056
-83	0.0032880350392465118
-82	0.0033816445618640614
-81	0.0033682405807181387
-80	0.0032719924660581526
-79	0.0031292319926505712
-78	0.003024940553330103
-77	0.0030562619454485127
-76	0.0032750726915682852
-75	0.003552180215094782
-74	0.0037131246646440845
-73	0.0036378272078215297
-72	0.0034237330881894856
-71	0.00322266856829958
-70	0.0031544645778828198
-69	0.0032109707153877526
-68	0.0033520412464423076
-67	0.0035337861471435245
-66	0.003697338235464892
-65	0.0037800860398490097
-64	0.003745874628986806
-63	0.0036643752325625383
-62	0.0036317156205087934
-61	0.0037129727953996204
-60	0.003849020690374922
-59	0.003949682471216064
-58	0.003945647408650108
-57	0.003851069193186908
-56	0.003700967620282018
-55	0.0035302181139416668
-54	0.003373118612374807
-53	0.003263822682341069
-52	0.0032326061844901452
-51	0.003294234155031981
-50	0.003459593924066583
-49	0.003714289644527468
-48	0.003942792760682188
-47	0.004004291539631807
-46	0.0038162962718919706
-45	0.003529605341636673
-44	0.003353339156454494
-43	0.003434649610563605
-42	0.0036728145447005524
-41	0.0039051432862314724
-40	0.004005323221249663
-39	0.003992553970757071
-38	0.003922413214482801
-37	0.003847689924192493
-36	0.0038100182397979307
-35	0.0038482435932474307
-34	0.00398004892437731
-33	0.0041384672045758925
-32	0.004235368913119502
-31	0.004205626731522378
-30	0.004076122150250442
-29	0.0038967388620075307
-28	0.0037252629242225228
-27	0.0036510898532244604
-26	0.0037715175300674286
-25	0.004137570236126303
-24	0.004615177854059141
-23	0.0050239966668447905
-22	0.005228219583956109
-21	0.005270186020841982
-20	0.005236772019445301
-19	0.005193281206700225
-18	0.0051187275495059815
-17	0.004970552599753067
-16	0.004738535998975548
-15	0.004541809747281758
-14	0.004531843934423601
-13	0.004793781637365907
-12	0.0051474578819252215
-11	0.0053463806811310174
-10	0.005225789145173835
-9	0.004947846772888498
-8	0.004756448160270897
-7	0.004820284012311875
-6	0.005007229469982101
-5	0.005109955783247203
-4	0.004976099206552534
-3	0.004673156012262376
-2	0.004323587477220739
-1	0.004031571047349711
0	0.0038281488448836908
1	0.003726079161135148
2	0.0037207382873667844
3	0.003737974514642224
4	0.00368625413397532
5	0.0035052565174935623
6	0.0032595133617789895
7	0.0030447694445272762
8	0.002934017671184143
9	0.002909243458195494
10	0.0029296803497572735
11	0.002954859080770209
12	0.0029454991489541327
13	0.002862617242733657
14	0.0026840511084808747
15	0.0024549227243578107
16	0.002237175126473973
17	0.0020828964882307456
18	0.0020047555321970325
19	0.0020055661182336146
20	0.0020784836108711535
21	0.0021780293933198304
22	0.0022490663534597073
23	0.002248405931043875
24	0.0021806537733175466
25	0.0020623640793989645
26	0.0019129846244897808
27	0.0017635374881252803
28	0.0016479383259241566
29	0.0015907210103482691
30	0.0015788922812321447
31	0.0015900770952534773
32	0.0016040778662607788
33	0.0016094068367858369
34	0.001596753706531258
35	0.0015603377580477985
36	0.001508496605278813
37	0.0014530974450158057
38	0.0014050289428056363
39	0.0013712656392165852
40	0.0013578035435722884
41	0.0013666448166028456
42	0.0013838162246642188
43	0.0013913506855188342
44	0.0013804972277092458
45	0.0013793693228985268
46	0.0014252965535298781
47	0.0015372750934875801
48	0.0016609674824202341
49	0.0017237028514175206
50	0.0016761296225990226
51	0.0015621733822039332
52	0.0014490790075013472
53	0.001388625147205049
54	0.0013707255358075844
55	0.0013698276792461891
56	0.0013638628795963922
57	0.0013446976234869018
58	0.0013076821936847188
59	0.0012528508979739387
60	0.0011989741442070298
61	0.0011695063652535525
62	0.0011771882116307863
63	0.0011919052044468813
64	0.0011728290824577056
65	0.001096864040372025
66	0.0010118440967101963
67	9.833357259454744E-4
68	0.0010544368312277528
69	0.0011783710304134796
70	0.0012858933700357416
71	0.0013231505317954871
72	0.001297855738065106
73	0.0012331138463848497
74	0.0011494981082698869
75	0.0010574553511350586
76	9.649007963701251E-4
77	8.833098476127989E-4
78	8.383986374926078E-4
79	8.594434808870328E-4
80	9.568073952700416E-4
81	0.001065200208501552
82	0.0011004184510379693
83	0.0010090076333885193
84	8.6050918627372E-4
85	7.552135204669103E-4
86	7.640722206218165E-4
87	8.406815669137151E-4
88	9.092990133982698E-4
89	9.116798832148232E-4
90	8.595709758374343E-4
91	7.822169598238411E-4
92	7.081124866817348E-4
93	6.627521397186224E-4
94	6.708804851919646E-4
95	7.442719790183172E-4
96	8.428206357506165E-4
97	9.134503596008945E-4
98	9.18841946494257E-4
99	8.847037592081065E-4
100	8.525010522329196E-4
101	8.533212837851634E-4
102	8.767407269852691E-4
103	9.019578586796583E-4
104	9.109714409666777E-4
105	8.969813769523726E-4
106	8.559878549947134E-4
107	7.895782088709005E-4
108	7.21688354035057E-4
109	6.818413513605362E-4
110	6.874156639247825E-4
111	7.072113636216029E-4
112	6.978839245488955E-4
113	6.33374112885203E-4
114	5.567638631316505E-4
115	5.284204018700074E-4
116	5.88428121050027E-4
117	6.957400740933968E-4
118	7.890264797897883E-4
119	8.203399848060313E-4
120	7.952629473175938E-4
121	7.327601533771024E-4
122	6.534955075551974E-4
123	5.849293884945725E-4
124	5.56221293355935E-4
125	5.83651829521415E-4
126	6.319860452588361E-4
127	6.531100990574457E-4
128	6.164647792436566E-4
129	5.617093934925469E-4
130	5.4605787931636E-4
131	6.072055492047635E-4
132	7.047732155571193E-4
133	7.788630657502134E-4
134	7.872668255593658E-4
135	7.585343743540361E-4
136	7.389051299022189E-4
137	7.593288720237062E-4
138	7.895968287454832E-4
139	7.842105901463331E-4
140	7.144123753096682E-4
141	6.184069193374195E-4
142	5.511395863361476E-4
143	5.503971323115864E-4
144	5.853318808661679E-4
145	6.079375475014977E-4
146	5.844491677654221E-4
147	5.380670573907504E-4
148	5.062328521565317E-4
149	5.159584722759165E-4
150	5.525369756984579E-4
151	5.908317048078098E-4
152	6.124831499831771E-4
153	6.262403935859726E-4
154	6.4762966597316E-4
155	6.855120531555752E-4
156	7.220880637595451E-4
157	7.328930620652685E-4
158	7.013674674114554E-4
159	6.425719193708577E-4
160	5.794721125747396E-4
161	5.319957793081137E-4
162	5.079188024709953E-4
163	5.119791026171498E-4
164	5.440493390601173E-4
165	5.845411261525379E-4
166	6.090008170068268E-4
167	5.99085162326361E-4
168	5.608925031783661E-4
169	5.066315782210301E-4
170	4.4976317735488224E-4
171	4.087562954498171E-4
172	4.0333197861807047E-4
173	4.4383956603667816E-4
174	5.031415691418758E-4
175	5.447287924346988E-4
176	5.428802996158083E-4
177	5.1502819118437E-4
178	4.893928268391757E-4
179	4.87321141787316E-4
180	5.026663732690803E-4
181	5.22408334033057E-4
182	5.351932938868497E-4
183	5.363333508741227E-4
184	5.228070600975553E-4
185	4.949448635412847E-4
186	4.664847507152801E-4
187	4.5451659801096873E-4
188	4.6788141578323734E-4
189	4.824247502408105E-4
190	4.6574328155587276E-4
191	4.003518698261472E-4
192	3.2843809485151343E-4
193	3.0710771635739017E-4
194	3.731221896508897E-4
195	4.8186575236589967E-4
196	5.683783377180018E-4
197	5.821595168929856E-4
198	5.305474129574746E-4
199	4.353397869483001E-4
200	3.183343999022941E-4
