DE Tye7_GEM_1_m0 5.98 10 k6_c108
1 11 75 16 6 C
2 62 27 14 5 A
3 9 20 13 65 T
4 6 87 0 15 C
5 79 26 0 3 A
6 24 68 13 3 C
XX

DE Tye7_GEM_1_m1 7.49 6 k6_c80
1 2 77 0 0 C
2 67 10 0 3 A
3 0 67 10 3 C
4 10 52 17 0 C
5 2 0 0 77 T
6 0 0 76 3 G
XX

DE Tye7_GEM_1_m2 5.57 0 k8_c95
1 8 12 15 60 T
2 1 1 2 90 T
3 0 22 2 71 T
4 2 21 1 71 T
5 0 31 1 63 T
6 2 0 1 91 T
XX

DE Tye7_GEM_1_m3 6.06 1 k6_c74
1 7 3 3 62 T
2 1 3 56 14 G
3 6 14 54 0 G
4 44 11 10 9 A
5 70 1 1 2 A
6 57 10 7 0 A
XX

DE Tye7_GEM_1_m4 8.30 -1 k8_c38
1 4 3 29 3 G
2 3 23 6 6 C
3 0 10 4 24 T
4 1 6 25 6 G
5 0 6 6 26 T
6 2 3 14 19 T
7 3 25 1 9 C
8 0 30 4 4 C
XX

DE Tye7_GEM_1_m5 8.77 13 k7_c31
1 5 25 0 0 C
2 1 3 6 21 T
3 0 0 30 0 G
4 0 30 0 0 C
5 0 30 0 0 C
6 23 4 4 0 A
7 0 28 0 2 C
XX

DE Tye7_GEM_1_m6 6.19 8 k5_c92
1 0 58 33 0 C
2 0 0 0 91 T
3 0 12 0 79 T
4 24 68 0 0 C
5 0 91 0 0 C
XX

DE Tye7_GEM_1_m7 9.99 9 k9_c17
1 16 0 0 0 A
2 0 0 2 14 T
3 0 16 0 0 C
4 14 0 2 1 A
5 0 13 2 1 C
6 0 13 0 3 C
7 0 16 0 0 C
8 0 14 2 0 C
9 13 0 2 2 A
XX

DE Tye7_GEM_1_m8 17.70 -14 k14_c7
1 0 6 0 1 C
2 0 1 0 6 T
3 0 5 0 2 C
4 0 0 0 6 T
5 0 6 0 0 C
6 0 6 0 0 C
7 1 0 0 5 T
8 0 6 0 0 C
9 6 0 0 0 A
10 6 0 0 0 A
11 1 5 0 0 C
12 0 6 0 0 C
13 0 0 0 6 T
14 0 0 6 0 G
XX

DE Tye7_GEM_1_m9 8.99 4 k10_c23
1 20 0 2 0 A
2 1 17 2 2 C
3 2 17 3 1 C
4 19 0 1 2 A
5 0 1 0 21 T
6 2 19 0 1 C
7 21 0 0 1 A
8 0 6 1 15 T
9 0 19 2 1 C
10 18 3 0 1 A
XX

DE Tye7_GEM_1_m10 10.15 -2 k10_c21
1 2 3 0 16 T
2 0 3 17 0 G
3 0 20 0 0 C
4 1 15 4 0 C
5 1 19 0 0 C
6 0 6 13 1 G
7 0 3 3 15 T
8 1 0 1 18 T
9 0 0 3 17 T
10 1 5 1 14 T
XX

