DE Gcn4_GEM_1_m0 8.30 4 k7_c648
1 31 0 4 612 T
2 5 1 557 84 G
3 612 0 36 0 A
4 59 584 5 0 C
5 34 36 39 539 T
6 116 472 35 25 C
7 502 35 13 98 A
XX

DE Gcn4_GEM_1_m1 7.53 10 k8_c215
1 89 28 75 24 A
2 148 9 43 15 A
3 193 3 15 4 A
4 169 7 34 5 A
5 132 6 73 5 A
6 193 1 17 3 A
7 185 3 23 4 A
8 187 3 20 5 A
XX

DE Gcn4_GEM_1_m2 8.44 26 k7_c59
1 11 11 5 32 T
2 6 15 9 29 T
3 0 0 58 0 G
4 0 0 58 0 G
5 0 58 0 0 C
6 0 0 58 0 G
7 0 58 0 0 C
XX

DE Gcn4_GEM_1_m3 7.51 0 k7_c143
1 129 0 13 0 A
2 14 117 0 12 C
3 0 137 5 0 C
4 14 118 10 0 C
5 0 50 88 5 G
6 13 9 105 16 G
7 102 38 0 3 A
XX

