-300	8.336957023981089E-4
-299	8.514072446186132E-4
-298	8.700347092030454E-4
-297	8.904940185153334E-4
-296	9.137010949194051E-4
-295	9.396678713385724E-4
-294	9.647903229336841E-4
-293	9.845604354249728E-4
-292	9.950934001054263E-4
-291	9.949972305590567E-4
-290	9.835031459426318E-4
-289	9.621941041366945E-4
-288	9.42060017916891E-4
-287	9.364425387826437E-4
-286	9.537328921698275E-4
-285	9.825205992601335E-4
-284	0.0010064447551717051
-283	0.001013730122776937
-282	0.0010109441359652275
-281	0.0010092398963802243
-280	0.001016958972346179
-279	0.0010311967989097568
-278	0.001046237277798227
-277	0.0010574563358906278
-276	0.001064598000673077
-275	0.0010684983247834627
-274	0.0010711612962736314
-273	0.001079262644851268
-272	0.0011006460356380147
-271	0.001139252304660147
-270	0.001183410971562464
-269	0.0012175487268943966
-268	0.0012299382779658065
-267	0.0012242363991282791
-266	0.0012079458814938308
-265	0.0011881427359150558
-264	0.001170195852206865
-263	0.001159047339924747
-262	0.0011579318247195436
-261	0.0011632539966235052
-260	0.001169711061764236
-259	0.0011741229561086977
-258	0.001181800534981292
-257	0.0012001773835457782
-256	0.0012335743522126023
-255	0.00127386135237895
-254	0.001309795560688692
-253	0.0013324092968766492
-252	0.001341835453041445
-251	0.0013404820643726524
-250	0.0013321944470124207
-249	0.0013265670409132032
-248	0.0013346315669800293
-247	0.001362870064118824
-246	0.0013995658432390968
-245	0.0014284525332512535
-244	0.0014384123592539133
-243	0.001438921931098553
-242	0.0014446064548248633
-241	0.0014657014088569514
-240	0.001494883361156589
-239	0.0015204391520699646
-238	0.0015344309422616268
-237	0.001544022173669571
-236	0.0015601516085501522
-235	0.0015890371457525606
-234	0.0016180132304973215
-233	0.0016296934445977943
-232	0.001614239038426478
-231	0.0015920019365924338
-230	0.0015908817322638617
-229	0.001628757976656966
-228	0.0016834300531799688
-227	0.0017226773032890956
-226	0.001725395706067388
-225	0.001714947791105158
-224	0.0017258127256195334
-223	0.0017813019817140222
-222	0.001860056251037655
-221	0.0019295485301258413
-220	0.0019634360755785415
-219	0.0019601131842539063
-218	0.0019241584130746375
-217	0.0018653645262373762
-216	0.0018143811170345237
-215	0.001807071986032423
-214	0.0018642964838265312
-213	0.001946896161128766
-212	0.0020007081186801607
-211	0.001989202401715186
-210	0.001946380833442068
-209	0.0019238781815624694
-208	0.0019585135748816204
-207	0.0020278435866190165
-206	0.0020946091510977193
-205	0.002130526373128352
-204	0.0021432120394718
-203	0.0021492581073765085
-202	0.0021599320968603767
-201	0.0021652037790191253
-200	0.0021497184877179274
-199	0.002106234980823003
-198	0.002059965712204752
-197	0.002044236559734624
-196	0.0020809554762195826
-195	0.002146358714208656
-194	0.0022052646011863903
-193	0.0022316228557029854
-192	0.0022359087605712618
-191	0.0022377289896696956
-190	0.0022511341933731106
-189	0.0022679509280417267
-188	0.0022744497265321123
-187	0.002263770615192643
-186	0.0022565315943389327
-185	0.0022802201577784014
-184	0.0023512497904458686
-183	0.0024417379417857404
-182	0.0025127280523698226
-181	0.0025365178929443203
-180	0.002530422554953049
-179	0.002523011460014226
-178	0.002534958515256764
-177	0.0025553555698523654
-176	0.0025653989584834324
-175	0.0025528125496840862
-174	0.002531430347395349
-173	0.0025216138894099665
-172	0.0025366044505129443
-171	0.002561162253458343
-170	0.0025729272579924833
-169	0.0025582591633135495
-168	0.0025383966264271775
-167	0.0025432980437908644
-166	0.0025919687308122398
-165	0.0026596016786994666
-164	0.0027104367976108386
-163	0.002718151248017167
-162	0.002694171191639335
-161	0.002659360040510741
-160	0.0026328944879330184
-159	0.002627204352280736
-158	0.0026530327331966974
-157	0.002713125290799941
-156	0.0027782379271144484
-155	0.0028111291046404416
-154	0.0027881719418002245
-153	0.0027401981807044476
-152	0.002711654219385847
-151	0.002733247706860105
-150	0.00278073129607468
-149	0.0028161188909599766
-148	0.002812738631724792
-147	0.0027891756036914988
-146	0.002775329128460864
-145	0.0027920513700783927
-144	0.0028240058623685443
-143	0.0028468089816005185
-142	0.002844442978273743
-141	0.002834353599808568
-140	0.0028423524678555735
-139	0.0028845077855591374
-138	0.0029379140820388317
-137	0.002969922467908026
-136	0.0029584104360378095
-135	0.0029233610083301575
-134	0.0028952835889447678
-133	0.0028960585245218396
-132	0.002913049931623586
-131	0.002924992869292721
-130	0.0029155474534078504
-129	0.002888074027191137
-128	0.0028508579907006314
-127	0.002814611617441781
-126	0.002799754674709618
-125	0.0028291338032465662
-124	0.0029114980287361435
-123	0.0029992059166262237
-122	0.0030305184173057735
-121	0.002966717553064943
-120	0.002861169633798622
-119	0.0027902620413028834
-118	0.002806970648588558
-117	0.002870625293525504
-116	0.002917144305198335
-115	0.0029009205211227443
-114	0.0028502448125387494
-113	0.002811882559117449
-112	0.00281885685276287
-111	0.0028492216343107674
-110	0.0028672885568298274
-109	0.0028486681648307965
-108	0.002814166568592671
-107	0.0027958887698365065
-106	0.002816691175069969
-105	0.0028624358099471592
-104	0.002909736104908784
-103	0.002937459810013115
-102	0.002933491953788676
-101	0.0028879718843815524
-100	0.0027988760868279906
-99	0.002695529593724881
-98	0.002615094574559272
-97	0.00258676821640061
-96	0.002607887776647922
-95	0.0026678255302826316
-94	0.0027529950756354123
-93	0.002837975304433927
-92	0.0028943864317550944
-91	0.0029027129404270544
-90	0.002878896384282857
-89	0.002847742584906777
-88	0.002827290929044811
-87	0.0028085150640898356
-86	0.0027756222025964524
-85	0.002720463907539462
-84	0.0026654691435744893
-83	0.0026407112257773634
-82	0.002665719509152796
-81	0.002717847508421033
-80	0.0027639047782312045
-79	0.002779285865449841
-78	0.002773725285813082
-77	0.0027655425472744655
-76	0.0027694862775515007
-75	0.002786021583417593
-74	0.002812042691410116
-73	0.002840629767885317
-72	0.0028496067384749246
-71	0.002812983468629539
-70	0.0027186949465271225
-69	0.002610376651255089
-68	0.0025455891846282146
-67	0.002563171076493717
-66	0.002627072568828581
-65	0.002682521831642232
-64	0.002689755546020481
-63	0.002669044437354675
-62	0.002655667742112548
-61	0.0026751126419624948
-60	0.002713698099375555
-59	0.0027479510220234293
-58	0.002759241020420125
-57	0.0027483085164488816
-56	0.0027207366348352435
-55	0.002681717808536625
-54	0.0026348817034379194
-53	0.0025834672936558894
-52	0.002532395001129224
-51	0.0024933110390843232
-50	0.0024795430685695128
-49	0.0025006887959488884
-48	0.002551426108849623
-47	0.0026227029402146563
-46	0.002703176101680669
-45	0.0027723379196592977
-44	0.0028073895992559183
-43	0.0027953907602327093
-42	0.002762834680979062
-41	0.0027460730545411666
-40	0.00276911017005351
-39	0.0028065607010037508
-38	0.002820691916967841
-37	0.0027873026233862395
-36	0.002736317769157437
-35	0.002711193839044428
-34	0.0027418388506513453
-33	0.0028039669529468588
-32	0.002859743827740775
-31	0.002883598111593256
-30	0.002899010260065902
-29	0.0029417236834706688
-28	0.003039677351013631
-27	0.003189592467477327
-26	0.003380385796538414
-25	0.003592570967536904
-24	0.0037730490724662527
-23	0.0038603180689832737
-22	0.0038318873823267336
-21	0.0038213123080632315
-20	0.004001159609341319
-19	0.004519384110869184
-18	0.0054254928835935565
-17	0.006744381060020798
-16	0.0084264185538363
-15	0.01012387440344156
-14	0.0114144924284171
-13	0.011990501980406283
-12	0.01200207453930379
-11	0.011713867117067145
-10	0.011334805584760554
-9	0.010850891249874966
-8	0.010192394279008005
-7	0.009325197544146827
-6	0.008357634738836705
-5	0.007433652262012424
-4	0.006681765051800084
-3	0.006168762203090973
-2	0.005946001349967682
-1	0.006025244738021892
0	0.006259873058881657
1	0.006463671615684133
2	0.006485547538497852
3	0.006314895265116914
4	0.005976231060266805
5	0.00549925335003539
6	0.0049343892059600675
7	0.0043372478609406155
8	0.0037580419073037835
9	0.003225397375084216
10	0.00276254365374353
11	0.00239006962637503
12	0.0021180021505987734
13	0.001953727577666507
14	0.0018904546808294373
15	0.0018646819213366309
16	0.0017987301824366143
17	0.0016409294693672102
18	0.0014436462753234167
19	0.001285256215489525
20	0.0012226844479786758
21	0.0012270543026194065
22	0.0012480386521691042
23	0.0012454555918148102
24	0.0012197041064621907
25	0.0011813284034465665
26	0.001139514827093256
27	0.0010980182696875695
28	0.0010592357605048153
29	0.0010263268053040905
30	0.0010055008157796455
31	0.0010037296801095196
32	0.0010236956450935639
33	0.0010509223920188758
34	0.0010666439607943657
35	0.0010579075446642268
36	0.001035012950213791
37	0.0010140731373636735
38	0.0010070279601391726
39	0.0010091248489843179
40	0.0010114381284478217
41	0.001006863275286041
42	9.955803750859135E-4
43	9.795906656420213E-4
44	9.626077722596649E-4
45	9.551948702870134E-4
46	9.696275225829534E-4
47	0.0010105138162023579
48	0.0010517919349840453
49	0.0010597325869628196
50	0.0010131424801920845
51	9.40972322799637E-4
52	8.847088229318741E-4
53	8.742866982764079E-4
54	8.934327046857159E-4
55	9.143216075534921E-4
56	9.165162436320275E-4
57	9.091317351080044E-4
58	9.086712755267035E-4
59	9.258455994897352E-4
60	9.481956058240351E-4
61	9.574697344128696E-4
62	9.416341815759897E-4
63	9.135261693790875E-4
64	8.922006763243403E-4
65	8.922996985410314E-4
66	9.108133026668693E-4
67	9.403185729666692E-4
68	9.722644096915737E-4
69	9.935869770380376E-4
70	9.900942551888427E-4
71	9.548877617342715E-4
72	9.102431638946066E-4
73	8.857296662976303E-4
74	8.996482159832726E-4
75	9.252267296400545E-4
76	9.244248663686443E-4
77	8.720422137792953E-4
78	7.942380735205996E-4
79	7.300116757507337E-4
80	7.077139073703695E-4
81	7.131022822501612E-4
82	7.212859710032576E-4
83	7.144124350647162E-4
84	7.027822991572272E-4
85	7.037344788253882E-4
86	7.277393827082393E-4
87	7.577933918225854E-4
88	7.700243802796738E-4
89	7.487067069566348E-4
90	7.10700669794137E-4
91	6.81013051498733E-4
92	6.788828692372746E-4
93	7.004780780178115E-4
94	7.361988673086937E-4
95	7.750388776274217E-4
96	8.003655536881055E-4
97	7.941397912540065E-4
98	7.47245963179279E-4
99	6.862623506816523E-4
100	6.466907120697487E-4
101	6.534251431674935E-4
102	6.889290898600248E-4
103	7.250583355477839E-4
104	7.392011209957605E-4
105	7.308755164271377E-4
106	7.051320494296478E-4
107	6.687528758814712E-4
108	6.354466648225824E-4
109	6.206537135834045E-4
110	6.329009402404168E-4
111	6.530617458543246E-4
112	6.550961522318896E-4
113	6.222642560023818E-4
114	5.750264530851061E-4
115	5.431432142218758E-4
116	5.47504140338939E-4
117	5.735153531002836E-4
118	5.977121043543315E-4
119	6.026822836362895E-4
120	5.952243312285023E-4
121	5.881893251000993E-4
122	5.914300189997859E-4
123	6.02805869794573E-4
124	6.17178010131048E-4
125	6.293520093250902E-4
126	6.339111833697461E-4
127	6.253832849273545E-4
128	6.018085487684876E-4
129	5.752771380966509E-4
130	5.61391698223584E-4
131	5.702446658111052E-4
132	5.898876429213501E-4
133	6.028620229665337E-4
134	5.961088613466372E-4
135	5.741678614127083E-4
136	5.459783885035618E-4
137	5.200043523627357E-4
138	5.028078403526631E-4
139	5.00475484240501E-4
140	5.1590018987232E-4
141	5.391999594098469E-4
142	5.572990690937225E-4
143	5.604342173941707E-4
144	5.520917916997488E-4
145	5.390706016285977E-4
146	5.276609263101671E-4
147	5.221189229191404E-4
148	5.261922181415099E-4
149	5.405621960929535E-4
150	5.53645270607891E-4
151	5.507916129504275E-4
152	5.231454069708266E-4
153	4.850268868639832E-4
154	4.5655029941095074E-4
155	4.519421846262039E-4
156	4.6187825545790384E-4
157	4.7114651808763354E-4
158	4.6874852736006036E-4
159	4.605400327721912E-4
160	4.5659033248411765E-4
161	4.630054482565793E-4
162	4.7003829625290815E-4
163	4.6397851623708453E-4
164	4.3719266251125586E-4
165	4.0635494753024073E-4
166	3.942164982870247E-4
167	4.1577768677496615E-4
168	4.550358649889125E-4
169	4.882376299240836E-4
170	4.969798693862202E-4
171	4.842606344231479E-4
172	4.584282668932132E-4
173	4.2746414980452297E-4
174	3.978818307642262E-4
175	3.758278985292323E-4
176	3.6581967710750784E-4
177	3.6585743151124896E-4
178	3.72312162003709E-4
179	3.816705513240525E-4
180	3.908820121150902E-4
181	3.970116394955438E-4
182	3.9815391308617535E-4
183	3.9652085051590654E-4
184	3.953538539156994E-4
185	3.964618341641423E-4
186	3.9592373713033036E-4
187	3.88386017430985E-4
188	3.7182456260097897E-4
189	3.5753299184778867E-4
190	3.6013435729704185E-4
191	3.8849613675697646E-4
192	4.2846351076627354E-4
193	4.601260855462245E-4
194	4.6864064746307224E-4
195	4.594327034628663E-4
196	4.429949406366075E-4
197	4.2793531204909045E-4
198	4.1532283466028455E-4
199	4.043417914039527E-4
200	3.9417646521385777E-4
