DE Gcn4_GEM_2_m0 7.31 5 k8_c1526
1 1032 62 385 47 A
2 0 0 0 1525 T
3 0 0 1525 0 G
4 1525 0 0 0 A
5 52 1168 306 0 C
6 64 5 121 1335 T
7 477 921 96 32 C
8 1061 101 58 307 A
XX

DE Gcn4_GEM_2_m1 6.57 0 k7_c503
1 0 30 96 376 T
2 0 376 0 126 C
3 376 126 0 0 A
4 126 0 0 376 T
5 39 314 0 150 C
6 286 56 54 106 A
7 102 47 58 296 T
XX

DE Gcn4_GEM_2_m2 6.92 -1 k8_c518
1 126 188 0 203 T
2 224 0 0 293 T
3 0 0 0 517 T
4 4 151 7 355 T
5 0 14 0 504 T
6 12 7 7 492 T
7 14 10 10 484 T
8 17 179 14 308 T
XX

DE Gcn4_GEM_2_m3 5.49 7 k5_c1486
1 773 368 188 156 A
2 1050 7 396 32 A
3 1485 0 0 0 A
4 0 0 0 1485 T
5 0 0 1485 0 G
XX

DE Gcn4_GEM_2_m4 10.88 -16 k9_c36
1 1 4 0 30 T
2 4 1 1 29 T
3 0 2 34 0 G
4 0 34 1 0 C
5 0 0 35 0 G
6 0 33 3 0 C
7 0 35 0 0 C
8 32 2 2 0 A
9 32 0 2 1 A
XX

DE Gcn4_GEM_2_m5 10.86 -9 k9_c20
1 0 19 0 0 C
2 0 2 0 18 T
3 18 0 0 1 A
4 0 19 0 0 C
5 0 19 0 0 C
6 0 0 19 0 G
7 18 0 0 1 A
8 2 0 0 18 T
9 0 0 2 18 T
XX

DE Gcn4_GEM_2_m6 19.49 17 k16_c14
1 13 0 0 0 A
2 13 0 0 0 A
3 0 13 0 0 C
4 0 13 0 0 C
5 0 0 0 13 T
6 0 0 0 13 T
7 12 0 1 0 A
8 0 0 0 13 T
9 0 0 13 0 G
10 12 0 1 0 A
11 0 0 0 13 T
12 0 0 0 13 T
13 12 1 0 0 A
14 13 0 0 0 A
15 0 0 13 0 G
16 13 0 0 0 A
XX

DE Gcn4_GEM_2_m7 17.91 -2 k13_c15
1 12 1 0 1 A
2 0 0 0 14 T
3 14 0 0 0 A
4 0 14 0 0 C
5 0 0 13 1 G
6 0 14 0 0 C
7 0 0 14 0 G
8 0 13 0 1 C
9 0 0 0 14 T
10 14 0 0 0 A
11 0 14 0 0 C
12 0 14 0 0 C
13 0 0 14 0 G
XX

DE Gcn4_GEM_2_m8 13.67 24 k11_c20
1 19 0 0 0 A
2 19 0 0 0 A
3 0 19 0 0 C
4 0 19 0 0 C
5 0 19 0 0 C
6 0 16 1 2 C
7 0 0 1 18 T
8 15 2 3 0 A
9 16 3 0 0 A
10 0 18 0 1 C
11 0 18 1 0 C
XX

