#Gcn4_GEM_2.m6
#KSM version: 1
#1975/1975
#2.32
#k-mer/r.c.                      	Offset	PosCt	wPosCt	NegCt	HgpLg10	CIDs	PosHits (base85 encoding)	NegHits (base85 encoding)
AACCCCTAACCTTATG/CATAAGGTTAGGGGTT	-6	13	13	0	-5.1	*	zzzzzzzz!!!!)zz!$hOEzzzzz!!!Q1zzz!!!!%zz!!!!Azz!!!9)zzzzzzzz!'gMaz5QCca!!%NLz!"],1zzzzz!!#7azzzzzzzzzzz!!i~	
AACCTTATGATTAAGA/TCTTAATCATAAGGTT	1	13	13	0	-5.1	*	zzzzzzzz!!!!)zz!$hOEzzzzz!!!Q1zzz!!!!%zz!!!!Azz!!!9)zzzzzzzz!'gMaz5QCca!!%NLz!"],1zzzzz!!#7azzzzzzzzzzz!!i~	
ACCCCTAACCTTATGA/TCATAAGGTTAGGGGT	-5	13	13	0	-5.1	*	zzzzzzzz!!!!)zz!$hOEzzzzz!!!Q1zzz!!!!%zz!!!!Azz!!!9)zzzzzzzz!'gMaz5QCca!!%NLz!"],1zzzzz!!#7azzzzzzzzzzz!!i~	
ACCTTATGATTAAGAG/CTCTTAATCATAAGGT	2	13	13	0	-5.1	*	zzzzzzzz!!!!)zz!$hOEzzzzz!!!Q1zzz!!!!%zz!!!!Azz!!!9)zzzzzzzz!'gMaz5QCca!!%NLz!"],1zzzzz!!#7azzzzzzzzzzz!!i~	
ATGATTAAGAGTCATA/TATGACTCTTAATCAT	7	13	13	0	-5.1	*	zzzzzzzz!!!!)zz!$hOEzzzzz!!!Q1zzz!!!!%zz!!!!Azz!!!9)zzzzzzzz!'gMaz5QCca!!%NLz!"],1zzzzz!!#7azzzzzzzzzzz!!i~	
CCCCTAACCTTATGAT/ATCATAAGGTTAGGGG	-4	13	13	0	-5.1	*	zzzzzzzz!!!!)zz!$hOEzzzzz!!!Q1zzz!!!!%zz!!!!Azz!!!9)zzzzzzzz!'gMaz5QCca!!%NLz!"],1zzzzz!!#7azzzzzzzzzzz!!i~	
CCCTAACCTTATGATT/AATCATAAGGTTAGGG	-3	13	13	0	-5.1	*	zzzzzzzz!!!!)zz!$hOEzzzzz!!!Q1zzz!!!!%zz!!!!Azz!!!9)zzzzzzzz!'gMaz5QCca!!%NLz!"],1zzzzz!!#7azzzzzzzzzzz!!i~	
CCTAACCTTATGATTA/TAATCATAAGGTTAGG	-2	13	13	0	-5.1	*	zzzzzzzz!!!!)zz!$hOEzzzzz!!!Q1zzz!!!!%zz!!!!Azz!!!9)zzzzzzzz!'gMaz5QCca!!%NLz!"],1zzzzz!!#7azzzzzzzzzzz!!i~	
CCTTATGATTAAGAGT/ACTCTTAATCATAAGG	3	13	13	0	-5.1	*	zzzzzzzz!!!!)zz!$hOEzzzzz!!!Q1zzz!!!!%zz!!!!Azz!!!9)zzzzzzzz!'gMaz5QCca!!%NLz!"],1zzzzz!!#7azzzzzzzzzzz!!i~	
CTAACCTTATGATTAA/TTAATCATAAGGTTAG	-1	13	13	0	-5.1	*	zzzzzzzz!!!!)zz!$hOEzzzzz!!!Q1zzz!!!!%zz!!!!Azz!!!9)zzzzzzzz!'gMaz5QCca!!%NLz!"],1zzzzz!!#7azzzzzzzzzzz!!i~	
CTTATGATTAAGAGTC/GACTCTTAATCATAAG	4	13	13	0	-5.1	*	zzzzzzzz!!!!)zz!$hOEzzzzz!!!Q1zzz!!!!%zz!!!!Azz!!!9)zzzzzzzz!'gMaz5QCca!!%NLz!"],1zzzzz!!#7azzzzzzzzzzz!!i~	
TAACCTTATGATTAAG/CTTAATCATAAGGTTA	0	13	13	0	-5.1	*	zzzzzzzz!!!!)zz!$hOEzzzzz!!!Q1zzz!!!!%zz!!!!Azz!!!9)zzzzzzzz!'gMaz5QCca!!%NLz!"],1zzzzz!!#7azzzzzzzzzzz!!i~	
TAAGAGTCATACGCGC/GCGCGTATGACTCTTA	12	13	13	0	-5.1	*	zzzzzzzz!!!!)zz!$hOEzzzzz!!!Q1zzz!!!!%zz!!!!Azz!!!9)zzzzzzzz!'gMaz5QCca!!%NLz!"],1zzzzz!!#7azzzzzzzzzzz!!i~	
TCGAACCCCTAACCTT/AAGGTTAGGGGTTCGA	-9	13	13	0	-5.1	*	zzzzzzzz!!!!)zz!$hOEzzzzz!!!Q1zzz!!!!%zz!!!!Azz!!!9)zzzzzzzz!'gMaz5QCca!!%NLz!"],1zzzzz!!#7azzzzzzzzzzz!!i~	
TTATGATTAAGAGTCA/TGACTCTTAATCATAA	5	13	13	0	-5.1	*	zzzzzzzz!!!!)zz!$hOEzzzzz!!!Q1zzz!!!!%zz!!!!Azz!!!9)zzzzzzzz!'gMaz5QCca!!%NLz!"],1zzzzz!!#7azzzzzzzzzzz!!i~	
$$$
%%%
0 0 0 0 0 0 0 0 0 0 0 0 0 0 0 0 0 0 0 0 0 0 0 0 0 0 0 0 0 0 0 0 0 0 0 0 0 0 0 0 0 0 0 0 0 0 0 0 0 0 0 0 0 0 0 0 0 0 0 0 0 0 0 0 0 0 0 0 0 0 0 0 0 0 0 0 0 0 0 0 0 0 0 0 0 0 0 0 0 0 0 0 0 0 0 0 0 0 0 0 0 0 0 0 0 0 0 0 0 0 0 0 0 0 0 0 0 0 0 0 0 0 0 0 0 0 0 0 0 0 0 0 0 0 0 0 0 0 0 0 0 0 0 0 0 0 0 0 0 0 0 0 0 0 0 0 0 0 0 0 0 0 0 0 0 0 0 0 0 0 0 0 0 0 0 0 0 0 0 0 0 0 0 0 0 0 0 0 0 0 0 0 0 0 0 0 0 0 0 0 0 0 0 0 0 0 0 0 0 0 0 0 0 0 0 0 0 0 0 0 0 0 0 0 0 0 0 0 0 0 0 0 0 0 0 0 0 0 0 0 0 0 0 0 0 0 0 0 0 0 0 0 0 0 0 0 0 0 0 0 0 0 0 0 0 0 0 0 0 0 0 0 0 0 0 0 0 0 0 0 0 0 0 37 0 0 0 0 0 0 0 0 0 0 0 0 0 0 0 0 0 0 0 0 0 0 0 0 0 0 0 0 0 0 0 0 0 0 0 0 0 0 0 0 0 0 0 0 0 0 0 0 0 0 0 0 0 0 0 0 0 0 0 0 0 0 0 0 0 0 0 0 0 0 0 0 0 0 0 0 0 0 37 0 0 37 0 0 0 0 0 0 0 0 0 0 0 0 0 0 0 0 0 0 0 0 0 0 0 0 0 0 0 0 0 0 0 0 0 0 0 0 0 0 0 0 0 0 0 0 0 0 0 0 0 0 0 0 0 0 0 0 0 0 0 0 0 0 0 0 0 0 0 0 0 0 0 0 0 0 0 0 0 0 0 0 0 0 0 0 0 0 0 0 0 0 0 0 0 0 0 0 0 0 0 0 0 0 0 0 0 0 0 0 0 0 0 0 0 0 0 0 0 0 0 0 0 0 0 0 0 0 0 0 0 0 0 0 0 0 0 0 0 0 0 0 0 0 0 0 0 0 0 0 0 0 0 0 0 0 0 0 0 0 0 0 0 0 0 0 0 0 0 0 0 0 0 0 0 0 0 0 0 0 0 0 0 0 0 0 0 0 0 0 0 0 0 0 0 0 0 0 0 0 37 0 0 0 0 0 0 0 0 0 0 0 0 0 0 0 0 0 0 0 0 0 0 0 0 0 0 0 0 0 0 0 0 0 0 0 0 0 0 0 0 0 0 0 0 0 0 0 0 0 0 0 0 0 0 0 0 0 0 0 0 0 0 0 0 0 0 0 0 0 0 0 0 0 0 0 0 0 0 0 0 0 0 0 0 0 0 0 0 0 0 0 0 0 0 0 0 0 0 0 0 0 0 0 0 0 0 0 0 0 0 0 0 0 0 0 0 0 0 0 0 0 0 0 0 0 0 0 0 0 0 0 0 0 37 0 0 0 0 0 0 0 0 0 0 0 0 0 0 0 0 0 0 0 0 0 0 0 0 0 0 0 0 0 0 0 0 0 0 0 0 0 0 0 0 0 0 0 0 0 0 0 0 0 0 0 0 0 0 0 0 0 0 0 0 0 0 0 0 0 0 0 0 0 0 0 0 0 0 0 0 0 0 0 0 0 0 0 0 0 0 0 0 0 0 0 0 0 0 0 0 0 0 37 0 0 0 0 0 0 0 0 0 0 0 0 0 0 0 0 0 0 0 0 0 0 0 0 0 0 0 0 0 0 0 0 0 0 0 0 0 0 0 0 0 0 0 0 0 0 0 0 0 0 0 0 0 0 0 0 0 0 0 0 0 0 0 0 0 0 0 0 0 0 0 0 0 0 0 0 0 0 0 0 0 0 0 0 0 37 0 0 0 0 0 0 0 0 0 0 0 0 0 0 0 0 0 0 0 0 0 0 0 0 0 0 0 0 0 0 0 0 0 0 0 0 0 0 0 0 0 0 0 0 0 0 0 0 0 0 0 0 0 0 0 0 0 0 0 0 0 0 0 0 0 0 0 0 0 0 0 0 0 0 0 0 0 0 0 0 0 0 0 0 0 0 0 0 0 0 0 0 0 0 0 0 0 0 0 0 0 0 0 0 0 0 0 0 0 0 0 0 0 0 0 0 0 0 0 0 0 0 0 0 0 0 0 0 0 0 0 0 0 0 0 0 0 0 0 0 0 0 0 0 0 0 0 0 0 0 0 0 0 0 0 0 0 0 0 0 0 0 0 0 0 0 0 0 0 0 0 0 0 0 0 0 0 0 0 0 0 0 0 0 0 0 0 0 0 0 0 0 0 0 0 0 0 0 0 0 0 0 0 0 0 0 0 0 0 0 0 0 0 0 0 0 0 0 0 0 0 0 0 0 0 0 0 0 0 0 0 0 0 0 0 0 0 0 0 0 0 0 0 0 0 0 0 0 0 0 0 0 0 0 0 0 0 0 0 0 0 0 0 0 0 0 0 0 0 0 0 0 0 0 0 0 0 0 0 0 0 0 37 0 0 0 0 0 0 0 0 0 0 0 0 0 0 0 0 0 0 0 0 0 0 0 0 0 0 0 0 0 0 0 0 0 0 0 0 0 0 0 0 0 0 0 0 0 0 0 0 0 0 0 0 0 0 0 37 0 0 0 0 0 0 0 0 0 0 0 0 0 0 0 0 0 0 0 0 0 0 0 0 0 0 0 0 0 0 0 0 0 0 0 0 0 0 0 0 0 0 0 0 0 0 0 0 37 0 0 0 0 0 0 0 0 0 0 0 0 0 0 0 0 0 0 0 0 0 0 0 0 0 0 0 0 0 0 0 0 0 0 0 0 0 0 0 0 0 0 0 0 0 0 0 0 0 0 0 0 37 0 0 0 0 0 0 0 0 0 0 0 0 0 0 0 0 0 0 0 0 0 0 0 0 0 0 0 0 0 0 0 0 0 0 0 0 0 0 0 0 0 0 0 0 0 0 0 0 0 0 0 0 0 0 0 0 0 0 0 0 0 0 0 0 0 0 0 0 0 0 0 0 0 0 0 0 0 0 0 0 0 0 0 0 0 0 0 0 0 0 0 0 0 0 0 0 0 0 0 0 0 0 0 0 0 0 0 0 0 0 0 0 0 0 0 0 0 0 0 0 0 0 0 0 0 0 0 0 0 0 0 0 0 0 0 0 0 0 0 0 0 0 0 0 0 0 0 0 0 0 0 0 0 0 0 0 0 0 0 0 0 0 0 0 0 0 0 0 0 0 0 0 0 0 0 0 0 0 0 0 0 0 0 0 0 0 0 0 0 0 0 0 0 0 0 0 0 0 0 0 0 37 0 0 0 0 0 0 0 0 0 0 0 0 0 0 0 0 0 0 0 0 0 0 0 0 0 0 0 0 0 0 0 0 0 0 0 0 0 0 0 0 0 0 0 0 0 0 0 0 0 0 0 0 0 0 0 0 0 0 0 0 0 0 0 0 0 0 0 0 0 0 0 0 0 0 0 0 0 0 0 0 0 0 0 0 0 0 0 0 0 0 0 0 0 0 0 0 0 0 0 0 0 0 0 0 0 0 0 0 0 0 0 0 0 0 0 0 0 0 0 0 0 0 0 0 0 0 0 0 0 0 0 0 0 0 0 0 0 0 0 0 0 0 0 0 0 0 0 0 0 0 0 0 0 0 0 0 0 0 0 0 0 0 0 0 0 0 0 0 0 0 0 0 0 0 0 0 0 0 0 0 0 0 0 0 0 0 0 0 0 0 0 0 0 0 0 0 0 0 0 0 0 0 0 0 0 0 0 0 0 0 0 0 0 0 0 0 0 0 0 0 0 0 0 0 0 0 0 0 0 0 0 0 0 0 0 0 0 0 0 0 0 0 0 0 0 0 0 0 0 0 0 0 0 0 0 0 0 0 0 0 0 0 0 0 0 0 0 0 0 0 0 0 0 0 0 0 0 0 0 0 0 0 0 0 0 0 0 0 0 0 0 0 0 0 0 0 0 0 0 0 0 0 0 0 0 0 0 0 0 0 0 0 0 0 0 0 0 0 0 0 0 0 0 0 0 0 0 0 0 0 0 0 0 0 0 0 0 0 0 0 0 0 0 0 0 0 0 0 0 0 0 0 0 0 0 0 0 0 0 0 0 0 0 0 0 0 0 0 0 0 0 0 37 0 0 0 0 0 0 0 0 0 0 0 0 0 0 0 0 0 0 0 0 0 0 0 0 0 0 0 0 0 0 0 0 0 0 0 0 0 0 0 0 0 0 0 0 0 0 0 0 0 0 0 0 0 0 0 0 0 0 0 0 0 0 0 0 0 0 0 0 0 0 0 0 0 0 0 
0 0 0 0 0 0 0 0 0 0 0 0 0 0 0 0 0 0 0 0 0 0 0 0 0 0 0 0 0 0 0 0 0 0 0 0 0 0 0 0 0 0 0 0 0 0 0 0 0 0 0 0 0 0 0 0 0 0 0 0 0 0 0 0 0 0 0 0 0 0 0 0 0 0 0 0 0 0 0 0 0 0 0 0 0 0 0 0 0 0 0 0 0 0 0 0 0 0 0 0 0 0 0 0 0 0 0 0 0 0 0 0 0 0 0 0 0 0 0 0 0 0 0 0 0 0 0 0 0 0 0 0 0 0 0 0 0 0 0 0 0 0 0 0 0 0 0 0 0 0 0 0 0 0 0 0 0 0 0 0 0 0 0 0 0 0 0 0 0 0 0 0 0 0 0 0 0 0 0 0 0 0 0 0 0 0 0 0 0 0 0 0 0 0 0 0 0 0 0 0 0 0 0 0 0 0 0 0 0 0 0 0 0 0 0 0 0 0 0 0 0 0 0 0 0 0 0 0 0 0 0 0 0 0 0 0 0 0 0 0 0 0 0 0 0 0 0 0 0 0 0 0 0 0 0 0 0 0 0 0 0 0 0 0 0 0 0 0 0 0 0 0 0 0 0 0 0 0 0 0 0 0 0 0 0 0 0 0 0 0 0 0 0 0 0 0 0 0 0 0 0 0 0 0 0 0 0 0 0 0 0 0 0 0 0 0 0 0 0 0 0 0 0 0 0 0 0 0 0 0 0 0 0 0 0 0 0 0 0 0 0 0 0 0 0 0 0 0 0 0 0 0 0 0 0 0 0 0 0 0 0 0 0 0 0 0 0 0 0 0 0 0 0 0 0 0 0 0 0 0 0 0 0 0 0 0 0 0 0 0 0 0 0 0 0 0 0 0 0 0 0 0 0 0 0 0 0 0 0 0 0 0 0 0 0 0 0 0 0 0 0 0 0 0 0 0 0 0 0 0 0 0 0 0 0 0 0 0 0 0 0 0 0 0 0 0 0 0 0 0 0 0 0 0 0 0 0 0 0 0 0 0 0 0 0 0 0 0 0 0 0 0 0 0 0 0 0 0 0 0 0 0 0 0 0 0 0 0 0 0 0 0 0 0 0 0 0 0 0 0 0 0 0 0 0 0 0 0 0 0 0 0 0 0 0 0 0 0 0 0 0 0 0 0 0 0 0 0 0 0 0 0 0 0 0 0 0 0 0 0 0 0 0 0 0 0 0 0 0 0 0 0 0 0 0 0 0 0 0 0 0 0 0 0 0 0 0 0 0 0 0 0 0 0 0 0 0 0 0 0 0 0 0 0 0 0 0 0 0 0 0 0 0 0 0 0 0 0 0 0 0 0 0 0 0 0 0 0 0 0 0 0 0 0 0 0 0 0 0 0 0 0 0 0 0 0 0 0 0 0 0 0 0 0 0 0 0 0 0 0 0 0 0 0 0 0 0 0 0 0 0 0 0 0 0 0 0 0 0 0 0 0 0 0 0 0 0 0 0 0 0 0 0 0 0 0 0 0 0 0 0 0 0 0 0 0 0 0 0 0 0 0 0 0 0 0 0 0 0 0 0 0 0 0 0 0 0 0 0 0 0 0 0 0 0 0 0 0 0 0 0 0 0 0 0 0 0 0 0 0 0 0 0 0 0 0 0 0 0 0 0 0 0 0 0 0 0 0 0 0 0 0 0 0 0 0 0 0 0 0 0 0 0 0 0 0 0 0 0 0 0 0 0 0 0 0 0 0 0 0 0 0 0 0 0 0 0 0 0 0 0 0 0 0 0 0 0 0 0 0 0 0 0 0 0 0 0 0 0 0 0 0 0 0 0 0 0 0 0 0 0 0 0 0 0 0 0 0 0 0 0 0 0 0 0 0 0 0 0 0 0 0 0 0 0 0 0 0 0 0 0 0 0 0 0 0 0 0 0 0 0 0 0 0 0 0 0 0 0 0 0 0 0 0 0 0 0 0 0 0 0 0 0 0 0 0 0 0 0 0 0 0 0 0 0 0 0 0 0 0 0 0 0 0 0 0 0 0 0 0 0 0 0 0 0 0 0 0 0 0 0 0 0 0 0 0 0 0 0 0 0 0 0 0 0 0 0 0 0 0 0 0 0 0 0 0 0 0 0 0 0 0 0 0 0 0 0 0 0 0 0 0 0 0 0 0 0 0 0 0 0 0 0 0 0 0 0 0 0 0 0 0 0 0 0 0 0 0 0 0 0 0 0 0 0 0 0 0 0 0 0 0 0 0 0 0 0 0 0 0 0 0 0 0 0 0 0 0 0 0 0 0 0 0 0 0 0 0 0 0 0 0 0 0 0 0 0 0 0 0 0 0 0 0 0 0 0 0 0 0 0 0 0 0 0 0 0 0 0 0 0 0 0 0 0 0 0 0 0 0 0 0 0 0 0 0 0 0 0 0 0 0 0 0 0 0 0 0 0 0 0 0 0 0 0 0 0 0 0 0 0 0 0 0 0 0 0 0 0 0 0 0 0 0 0 0 0 0 0 0 0 0 0 0 0 0 0 0 0 0 0 0 0 0 0 0 0 0 0 0 0 0 0 0 0 0 0 0 0 0 0 0 0 0 0 0 0 0 0 0 0 0 0 0 0 0 0 0 0 0 0 0 0 0 0 0 0 0 0 0 0 0 0 0 0 0 0 0 0 0 0 0 0 0 0 0 0 0 0 0 0 0 0 0 0 0 0 0 0 0 0 0 0 0 0 0 0 0 0 0 0 0 0 0 0 0 0 0 0 0 0 0 0 0 0 0 0 0 0 0 0 0 0 0 0 0 0 0 0 0 0 0 0 0 0 0 0 0 0 0 0 0 0 0 0 0 0 0 0 0 0 0 0 0 0 0 0 0 0 0 0 0 0 0 0 0 0 0 0 0 0 0 0 0 0 0 0 0 0 0 0 0 0 0 0 0 0 0 0 0 0 0 0 0 0 0 0 0 0 0 0 0 0 0 0 0 0 0 0 0 0 0 0 0 0 0 0 0 0 0 0 0 0 0 0 0 0 0 0 0 0 0 0 0 0 0 0 0 0 0 0 0 0 0 0 0 0 0 0 0 0 0 0 0 0 0 0 0 0 0 0 0 0 0 0 0 0 0 0 0 0 0 0 0 0 0 0 0 0 0 0 0 0 0 0 0 0 0 0 0 0 0 0 0 0 0 0 0 0 0 0 0 0 0 0 0 0 0 0 0 0 0 0 0 0 0 0 0 0 0 0 0 0 0 0 0 0 0 0 0 0 0 0 0 0 0 0 0 0 0 0 0 0 0 0 0 0 0 0 0 0 0 0 0 0 0 0 0 0 0 0 0 0 0 0 0 0 0 0 0 0 0 0 0 0 0 0 0 0 0 0 0 0 0 0 0 0 0 0 0 0 0 0 0 0 0 0 0 0 0 0 0 0 0 0 0 0 0 0 0 0 0 0 0 0 0 0 0 0 0 0 0 0 0 0 0 0 0 0 0 0 0 0 0 0 0 0 0 0 0 0 0 0 0 0 0 0 0 0 0 0 0 0 0 0 0 0 0 0 0 0 0 0 0 0 0 0 0 0 0 0 0 0 0 0 0 0 0 0 0 0 0 0 0 0 0 0 0 0 0 0 0 0 0 0 0 0 0 0 0 0 0 0 0 0 0 0 0 0 0 0 0 0 0 0 0 0 0 0 0 0 0 0 0 0 0 0 0 0 0 0 0 0 0 0 0 0 0 0 0 0 0 0 0 0 0 0 0 0 0 0 0 0 0 0 0 0 0 0 0 0 0 0 0 0 0 0 0 0 0 0 0 0 0 0 0 0 0 0 0 0 0 0 0 0 0 0 0 0 0 0 0 0 0 0 0 0 0 0 0 0 0 0 0 0 0 0 0 0 0 0 0 0 0 0 0 0 0 0 0 0 0 0 0 0 0 0 0 0 0 0 0 0 0 0 0 0 0 0 0 0 0 0 0 0 0 0 0 0 0 0 0 0 0 0 0 0 0 0 0 0 0 0 0 0 0 0 0 0 0 0 0 0 0 0 0 0 0 0 0 0 0 0 0 0 0 0 0 0 0 0 0 0 0 0 0 0 0 0 0 0 0 0 0 0 0 0 0 0 0 0 0 0 0 0 0 0 0 0 0 0 0 0 0 0 0 0 0 0 0 0 0 0 0 0 0 0 0 0 0 0 0 0 0 0 0 0 0 0 0 0 0 0 0 0 0 0 0 0 0 0 0 0 0 0 0 0 0 0 0 0 0 0 0 0 0 0 0 0 0 0 0 0 0 0 0 0 0 0 0 0 0 0 0 0 0 0 0 0 0 0 0 0 0 0 0 0 0 0 0 0 0 0 0 0 0 0 0 0 0 0 0 0 0 0 0 0 0 0 0 0 0 0 0 0 0 0 0 0 0 0 0 0 0 0 0 0 0 0 0 0 0 0 0 0 
1.6346 1.5908 1.5269 1.5917 1.5438 1.6595 1.5745 1.5160 1.5693 1.5266 1.5385 1.3746 1.4497 1.4861 1.4746 1.4840 1.3263 1.0989 0.9925 1.3857 1.3182 0.9463 1.3971 1.4344 0.9335 1.4376 0.9651 1.4595 1.4886 1.2447 0.8717 1.3490 1.4298 1.5093 1.3583 1.3958 1.3703 0.8795 0.9296 1.3281 1.1396 1.0938 1.1249 0.9559 0.8623 1.2593 0.8706 1.4127 1.3019 1.3668 0.8911 1.2027 0.8694 1.0538 0.8587 1.2635 0.9098 0.8671 0.9398 0.8587 0.9193 1.3114 1.3910 0.8817 0.8683 1.3944 1.0616 1.3535 0.9790 1.2508 1.3064 1.2710 0.9077 1.0472 1.2645 1.1065 1.4148 1.0414 1.1986 1.4712 1.1468 1.1616 0.8611 0.9856 0.9814 1.3824 1.0124 1.2664 0.8717 1.2746 0.8623 0.9560 0.8762 0.8578 1.1442 0.8871 1.0078 0.8659 1.2251 0.8659 0.8740 0.8806 0.8611 0.8599 0.9095 0.8690 1.0036 0.8717 1.2701 0.8599 1.3308 0.8599 0.8587 1.2228 0.9531 1.3519 1.5277 0.8587 1.0842 1.1041 0.8683 0.8784 1.3852 0.8891 0.9249 0.9500 0.8623 0.8922 0.9510 1.3653 1.1436 0.9891 0.8817 1.1430 0.8795 0.9436 0.8828 1.0955 0.8574 1.1225 0.8574 0.9095 0.8701 0.8599 0.8574 0.8647 0.8880 0.8741 0.9319 0.8817 0.9066 0.9752 1.0881 1.5315 1.2569 0.8740 1.2261 1.0941 1.0237 1.0897 0.9149 0.9495 0.9113 0.8855 1.2074 1.3846 0.8609 1.2839 0.9451 0.8659 0.9167 1.4070 1.1198 0.8683 0.8838 0.8599 0.8740 0.8717 1.4492 0.8574 1.2282 0.8715 1.3353 0.8659 0.8849 1.3507 1.0967 1.0538 0.8828 0.8647 0.8795 0.8647 0.9123 0.8795 1.0492 1.4666 0.8635 0.8911 1.2032 0.8574 0.8788 0.8942 1.0570 0.9481 1.0612 0.9077 0.8891 1.4364 0.9086 0.8706 1.1454 0.9820 0.8795 1.1461 1.3346 1.0159 1.0413 0.8635 0.9443 0.8806 0.9413 0.8924 1.0986 0.9095 0.9560 1.0828 1.3526 0.9348 0.9517 0.8806 0.9158 0.9560 1.0901 0.8942 0.8662 1.0362 1.0786 0.9219 0.9832 0.8849 0.8584 1.3714 0.8587 0.8795 0.9017 0.8806 0.8605 0.8942 0.8891 0.9242 0.8683 0.9294 0.9303 0.8623 0.9002 1.2391 0.8611 0.8590 0.9914 1.0047 0.9948 0.8691 1.0538 0.8700 0.8647 0.8717 0.9129 0.9359 0.9141 0.9086 0.8860 0.8842 0.8839 0.8623 1.0184 0.9948 0.8849 0.8860 0.8671 0.8576 0.9420 0.8787 0.9384 1.1352 0.9451 0.9481 0.9367 1.1640 0.8574 0.8587 1.2511 0.9676 0.9560 0.9351 0.9382 1.1728 0.8647 1.1736 0.9404 0.8942 0.9311 0.9297 0.8599 0.9053 0.8587 1.0945 1.1459 1.2310 1.2180 0.9332 0.8717 0.8966 0.8787 1.0009 1.2026 0.9814 0.9510 0.8635 1.0775 0.9236 0.8659 0.9814 0.8609 0.8671 0.8838 1.0766 1.1503 0.9011 0.9335 0.8611 0.8706 1.0766 1.0100 0.8991 0.9708 0.8648 1.3447 0.8828 0.9432 0.8587 0.8587 0.8599 0.8870 0.8751 1.0509 0.8659 1.0075 1.0180 0.8587 0.9219 0.9261 0.9001 0.9574 1.0681 0.8701 0.8751 0.8955 0.8970 0.9398 1.3622 1.3304 1.0639 0.9937 0.9404 0.8849 1.0691 0.8849 0.9086 0.9820 0.8936 0.9718 0.9759 0.8828 1.0218 1.0625 0.8590 0.8650 1.3736 0.8587 0.9272 0.9714 1.0129 1.2184 0.9193 0.8635 1.0034 0.9608 1.2263 1.3349 0.8984 0.8751 1.0564 0.9319 0.8758 0.8634 0.9226 0.9726 1.1249 0.9536 0.9327 0.8762 0.8679 0.9053 0.8729 1.0865 1.1899 0.9675 0.8899 0.8601 0.8587 0.9814 1.1673 0.8849 0.9431 0.9567 1.0665 1.1875 0.8709 0.8740 1.0412 1.0412 0.8650 0.9390 0.9472 0.8985 1.3364 0.8659 0.9176 0.9261 0.9665 0.8891 0.8729 0.9299 0.8989 1.0713 0.8623 0.9319 1.1360 0.9908 0.9149 0.9132 0.8587 0.8732 1.0386 0.9558 0.8756 1.0733 0.8922 0.8991 0.8740 1.0232 1.0265 0.8718 0.8671 0.9304 0.9001 1.1606 1.0114 0.9020 1.1281 1.0018 1.4232 0.9680 0.9675 0.8814 0.8611 0.8880 0.8587 1.0117 0.9608 1.0821 0.9405 0.8817 0.8740 0.8969 0.9885 0.9132 1.0848 0.8659 0.9167 0.8635 0.9123 0.9325 0.9140 0.8860 0.8597 1.0972 0.8580 0.8659 0.8574 0.8762 0.9954 1.1097 0.8976 0.8751 0.9343 0.9848 0.8706 0.8860 0.8991 0.8785 1.2880 0.8635 0.9601 0.9756 1.3646 1.0578 1.1512 1.3258 0.9814 0.8672 0.9959 0.8616 1.0129 0.9156 1.0435 1.0147 0.9219 1.2288 0.9589 0.8992 1.4542 1.0682 0.8762 0.8729 0.8922 0.9030 0.8784 0.9118 0.8972 0.9428 0.8599 0.9553 1.0818 1.1268 1.1262 0.8952 0.8729 0.8751 0.8708 0.8614 0.8659 0.9164 1.0961 0.9175 0.9431 1.4304 1.0776 0.8762 1.0078 0.8729 1.0413 0.8674 0.9032 0.8891 0.9457 0.8869 0.8932 1.0149 0.9367 1.0925 0.8639 1.1642 1.3530 1.0998 1.0025 1.0316 0.9123 0.9958 0.8659 0.8587 0.8729 1.0804 0.9787 0.9219 1.2751 1.1535 0.9331 1.2863 0.8870 0.8683 0.9675 1.0957 0.9628 0.9628 0.8576 0.8949 0.9278 0.8607 0.8911 0.8981 0.9594 0.8980 0.9489 1.3312 1.0619 0.8908 0.8791 1.3592 1.0882 0.8717 0.8694 0.9451 0.9202 1.0174 1.0567 0.8795 1.0247 0.9988 1.0057 0.9969 0.9077 0.8694 0.8671 0.8695 1.1022 1.3372 0.9143 1.0521 0.8880 0.9253 0.8790 1.2082 1.2695 1.0119 0.9802 1.0068 0.8764 0.9838 0.8725 0.8574 1.1471 0.9714 0.8625 0.9242 0.8665 0.9377 0.9709 1.1875 0.8611 0.9753 1.2997 0.8574 1.0315 0.8922 1.0027 1.3063 0.8683 1.0296 0.9371 0.9695 0.9655 0.8740 0.9594 1.0293 0.8795 0.9948 1.0535 0.8694 0.8706 1.2213 0.8849 0.8587 0.9007 0.9132 0.9695 1.2394 0.8659 0.8866 0.9445 0.9688 0.8574 1.0184 1.1217 1.2054 0.8633 1.0949 0.8628 1.3807 0.8582 0.9086 1.1057 0.9660 0.9379 0.9193 0.9790 0.8812 0.9740 0.8599 1.0396 1.0986 0.8707 0.9011 0.9015 0.8994 0.8849 0.9689 0.9176 1.0777 0.8671 1.0329 1.0493 0.9104 1.2727 0.8636 1.0958 0.8860 0.8679 0.9540 1.0438 1.0705 1.0261 0.8816 1.0460 0.8762 0.9783 1.0316 0.8806 0.8890 0.9140 0.9581 0.9198 0.9510 1.0134 0.9580 0.9386 0.9668 0.8587 0.9595 1.1694 0.9113 0.8939 0.9129 0.8856 0.9335 1.0825 1.0343 1.0217 1.0155 0.9974 0.9815 0.8982 1.0040 0.9261 1.0051 0.8620 0.9628 0.8574 1.0066 0.9316 0.9158 0.9249 0.8623 0.9759 1.1820 1.0279 0.9581 1.2304 0.9065 0.9245 1.0043 0.8806 0.8816 0.9451 0.8729 1.1355 0.8633 0.8751 0.9270 0.8635 0.8806 1.1346 0.9367 1.2602 0.8821 1.1093 0.8735 1.1505 0.8587 0.8932 1.1698 1.1315 0.9419 0.8762 0.8795 0.8751 0.8826 1.0975 1.1958 0.8901 0.8934 1.1262 0.9706 0.9123 0.9646 1.2187 0.8721 0.9632 1.2870 0.9147 0.8635 0.8971 0.8630 0.9294 0.9662 0.8715 0.9123 0.8668 0.9986 0.9425 0.8665 1.0958 0.8972 1.0025 0.9531 0.9418 1.1991 1.0874 0.8860 1.0263 0.8663 0.8849 1.0904 0.8817 1.2862 1.4174 0.9612 0.8881 0.8706 0.9001 0.8580 0.8608 1.0485 0.9006 0.9377 0.9830 0.8605 0.9495 1.3147 0.8694 0.9634 1.0509 0.9616 1.0627 1.2722 0.9167 1.2258 0.8684 1.1059 0.8671 1.0198 1.0918 0.8683 0.8619 0.8659 1.1151 0.9167 0.8973 1.0675 0.9077 0.9820 1.1728 0.8817 0.8660 0.8901 0.8860 0.8870 0.9443 0.9512 1.2849 0.8740 0.9110 0.9485 1.0986 0.8952 0.8849 1.0255 1.0050 0.8671 0.9193 1.2304 0.8762 1.2599 1.1123 0.9202 0.9993 1.1541 1.0104 1.0175 0.9808 1.0321 0.8891 0.8599 0.8587 0.9231 0.9963 0.9072 1.1617 0.9405 0.8689 1.1037 0.9802 0.9272 1.1947 0.8694 0.8901 0.8706 0.8814 0.9981 0.8882 1.1458 1.0080 0.9281 0.9097 0.8903 1.0611 0.8780 1.3311 0.9538 0.9039 1.0495 1.3054 0.9749 0.9553 0.9147 0.8607 1.0672 1.0884 0.9740 0.9832 1.2638 1.2436 1.0457 0.9231 0.9796 1.0528 0.9015 0.8635 0.8688 0.8952 1.2289 0.9080 1.0472 0.9686 1.0422 0.8762 0.9044 0.9351 0.8663 1.0398 0.9303 0.8838 0.9497 0.8587 0.8999 0.9086 1.1433 0.8606 0.9553 0.8844 0.9628 0.8816 1.3307 1.3779 0.9581 0.9674 1.1198 1.1792 0.8942 0.9126 0.9123 1.0210 0.9096 0.9438 0.8837 0.9382 0.9030 0.9367 0.9531 0.8975 1.2190 1.2842 0.8773 0.9405 0.8729 0.9739 1.0275 1.0468 1.0619 0.8746 1.2799 1.0481 0.8952 0.8717 1.0661 1.1780 0.9095 0.9926 1.0209 0.8980 0.8587 1.0138 1.2721 1.2793 0.9253 1.0204 1.0050 1.1608 1.2411 0.9113 1.1097 0.9635 1.0554 0.9729 0.8838 0.8769 1.0067 1.0729 1.0418 1.0169 0.8816 0.8829 0.9008 1.3214 0.8764 1.1145 1.0229 1.3212 0.9228 0.9538 0.8922 1.1633 1.0538 0.8773 0.9097 0.9330 0.9390 0.9230 0.8962 0.9113 1.1128 1.0312 0.8694 0.9562 0.9740 0.9263 0.9202 1.0643 0.9784 1.0204 0.9966 0.8880 0.9224 0.9655 1.0663 0.9993 1.0332 0.9638 0.8903 0.9662 0.8892 0.9628 0.8870 0.8751 1.0711 1.1619 0.8599 0.8806 0.9765 0.9385 1.1240 1.0789 0.9832 0.9699 1.0617 0.9553 0.8838 0.9219 0.9278 0.8889 0.9856 0.9026 1.0528 0.9353 1.2355 0.8640 1.1176 0.8694 0.9741 1.1179 1.1633 0.9740 1.0901 1.0164 1.0964 0.9253 0.9518 0.9622 0.8817 0.9768 0.9067 0.8623 1.2232 0.9477 1.0236 0.9677 0.8683 0.8736 0.8574 0.9413 0.9844 0.9627 1.0215 0.8756 0.9123 0.9928 0.9039 1.0893 0.8621 0.9158 1.0831 0.9970 0.8717 0.9095 1.0971 1.1317 1.0204 1.1982 0.9107 0.9502 1.1249 1.1190 1.1430 0.9908 1.0542 0.9335 0.9730 0.8750 0.8992 0.9655 1.2131 0.8735 0.9009 0.8731 0.8578 1.0053 0.8697 0.9247 0.9541 0.9581 0.8601 0.9049 0.9451 0.8677 1.0083 0.9620 0.8729 0.9335 0.8960 0.8795 0.9878 0.9030 0.8859 0.8829 0.8901 0.8784 1.1281 0.9628 0.8748 0.8751 0.9846 1.1792 0.8618 1.0339 0.9675 1.1897 1.3025 1.0694 0.9512 0.9880 0.8773 0.8785 1.1365 0.8647 0.9016 0.9130 1.0302 1.0435 0.9194 1.2533 0.9113 0.9175 0.9155 1.1088 1.0144 0.8762 0.9095 0.9398 0.9351 1.1506 0.9236 1.0509 1.0270 1.1085 0.8773 0.9584 1.0499 0.9399 0.8824 0.9772 0.9593 1.1309 1.0028 0.8870 0.9349 1.1639 1.0913 0.9103 1.2308 0.8661 1.0357 1.2019 0.9326 0.9484 0.9193 1.0184 1.1265 0.9204 0.9428 1.0366 0.8838 0.8912 0.8824 1.0735 0.9601 1.0642 0.9645 0.9400 0.9040 1.0091 1.0539 1.0424 1.0897 0.9473 0.9437 0.8882 1.3323 1.1831 1.0784 1.1313 0.9647 1.1001 1.0035 0.9072 0.8958 0.8717 1.1583 1.0391 1.0881 0.8684 0.9346 1.0854 0.9564 0.8737 0.9277 0.9176 0.8891 1.2129 1.0620 0.9604 1.2002 1.0548 1.1866 0.9843 0.9096 0.9048 0.8623 0.9821 0.9663 1.0324 0.9876 0.9876 1.1332 0.8574 1.1519 0.9253 1.1761 1.0683 1.2463 1.0289 1.1334 0.8652 1.1661 0.8954 1.1462 1.0460 1.0381 0.8779 0.9908 0.9303 0.9327 0.8645 0.8645 0.8922 1.0063 1.2387 1.0114 1.0352 0.9056 1.3643 1.3713 0.9727 1.0660 1.1437 1.0300 1.0557 0.9733 0.8660 1.0447 0.9515 1.2498 1.1597 1.1786 0.9246 1.0513 0.8920 0.9001 0.9507 0.9036 0.8762 0.9149 0.9219 1.3012 1.1423 1.0250 0.9311 0.8635 0.9181 1.0639 0.9285 1.1026 1.0467 0.9093 0.9185 1.0460 0.9765 0.8930 1.1257 1.0109 1.1067 0.8706 0.9667 0.9695 1.1782 0.9228 1.0164 0.8943 1.2831 0.8680 0.9158 1.0409 1.2965 0.9670 0.9540 0.9714 1.0036 0.8997 0.9193 1.1371 0.8922 1.0877 0.8738 0.8699 0.9481 1.0874 1.0109 0.8892 0.9292 0.8681 1.0564 0.8627 1.0208 0.8671 1.0873 1.0585 0.8786 0.8784 1.1873 1.1585 0.9011 0.9416 0.8671 1.2351 1.3154 0.9630 1.1442 0.8694 0.9601 0.9001 0.9339 0.8606 0.9733 0.8818 1.0526 0.9820 0.9669 0.8801 1.2127 1.0496 1.3898 1.0917 1.1511 1.1423 0.8714 0.9245 0.9886 0.9189 0.9343 1.0289 0.9158 0.8742 1.2313 0.9135 1.0405 0.9862 0.9965 1.0154 0.9611 1.1332 1.1164 1.2058 0.8860 0.8635 1.0160 0.9455 1.0065 0.9771 1.0020 1.0730 0.9959 0.8762 0.8574 0.9140 0.8935 0.9167 0.9451 0.9208 0.8611 1.4112 1.0270 0.9937 1.1727 0.8578 0.9708 1.2059 0.9020 1.1175 1.1282 0.8757 0.8647 1.0998 0.9367 0.8671 0.8954 1.0046 1.0334 0.9098 1.2393 1.2117 1.1705 0.8930 0.9361 0.8623 1.0054 1.0121 1.1260 0.8613 1.0431 0.8661 0.9712 0.9462 1.1430 1.0392 0.8972 1.0697 0.9574 0.9914 1.0983 1.2521 0.9113 0.9054 1.1613 0.9267 0.9974 0.8880 0.8745 0.9608 1.2298 0.9049 0.8860 0.9684 0.9219 0.8817 0.9965 1.0680 0.8612 1.1033 1.1698 1.1559 1.1535 1.1521 1.0044 1.0640 1.2869 0.9145 0.9826 1.0361 0.9944 1.0308 1.3124 0.8810 0.8759 0.9493 1.1679 0.9490 1.2369 1.0170 1.0124 0.9176 0.9412 0.8644 0.9976 1.3452 0.9808 1.0419 0.8717 1.1372 1.0036 0.9321 1.0390 1.1665 0.9343 0.9588 0.9269 0.8775 0.9228 0.9711 0.9261 1.0321 0.9990 0.8838 1.1869 0.9575 1.0361 1.1117 1.0626 1.0222 0.8708 0.8750 1.2153 0.8748 0.9297 0.9175 0.8729 1.1666 1.4078 0.8870 1.1124 0.8623 0.8800 0.8694 0.9185 1.1165 0.8863 0.9197 0.8981 0.8880 1.0028 0.9359 1.0845 0.9587 0.9612 0.9649 0.8703 0.9472 1.0251 0.9374 1.1837 0.8760 1.0321 1.1191 0.8638 1.0656 0.8717 1.0468 1.3148 1.0646 0.8630 0.9026 1.1572 1.0144 0.8911 0.9193 0.9077 0.9764 1.2898 0.9918 0.9293 0.8981 0.9227 0.9723 1.0242 0.9948 1.0627 0.9316 0.9176 1.0544 0.8817 0.9008 0.9538 0.9741 0.8922 1.1065 0.9920 0.8754 1.1524 0.9473 1.1775 0.8794 0.8906 0.8860 1.0081 0.8916 1.0660 0.9849 1.0186 1.0533 1.0138 1.1056 0.8986 1.1238 0.9317 0.9778 0.9444 0.9457 1.0193 0.8776 0.9675 1.0695 1.0729 1.2102 0.8891 0.8764 0.9219 0.9642 1.2234 0.9787 1.0580 0.8972 1.0130 1.0068 1.0010 1.1463 1.0774 0.9583 0.9020 0.9318 1.0293 1.0671 0.9138 0.9168 0.8812 1.0085 0.9105 1.0293 1.0715 1.0460 0.9176 1.1372 0.9077 1.2917 1.0452 0.8687 0.9240 0.8603 1.0689 0.9916 0.9915 1.1167 0.9132 0.9847 1.3021 0.8742 1.0037 1.1723 1.0755 0.8892 0.8738 1.0286 0.9664 0.8972 0.9538 1.1357 1.0706 0.9985 0.8889 1.1983 1.0560 1.0213 1.0220 0.9920 0.9374 0.9630 0.9668 0.9635 0.8604 0.9396 0.8680 0.8901 1.0526 0.9477 0.8860 0.9701 0.9320 0.9416 0.9113 1.0038 0.9421 0.9330 0.9986 0.9924 0.9056 1.0524 0.9777 0.9978 0.9222 0.9844 1.0191 1.1750 0.9605 0.9135 0.8861 1.0390 0.8922 1.1555 0.9277 1.0065 0.8641 1.3531 0.9510 1.2223 0.8706 1.1213 0.9862 0.9847 1.0399 1.2517 0.8893 0.9293 0.8629 0.8983 1.0532 0.9736 1.0581 1.0099 0.8639 0.8685 0.8574 0.9612 0.9809 1.0748 1.0506 0.9665 1.0960 0.9773 1.2079 1.0904 0.9464 0.8591 0.8804 1.0837 0.8635 1.0716 1.3910 1.0458 1.1062 0.9076 1.1524 0.9723 1.0219 0.9169 0.9215 0.8623 0.9852 0.9850 0.9299 0.9109 0.8773 0.9235 0.9742 0.8822 0.9527 1.0466 1.0797 0.9862 0.9665 1.0884 0.9657 1.1652 1.1545 0.9267 0.8611 0.9406 1.0998 0.9598 0.8738 1.0482 0.9769 1.0868 1.1536 1.0524 1.0472 0.8810 1.0633 1.0109 0.9432 0.9981 0.8970 1.1225 1.1004 1.1667 0.9037 1.2071 0.9576 0.8843 0.9443 1.1617 1.0787 0.8737 1.0110 0.9458 1.1706 0.8915 1.0446 1.0185 0.9718 1.0852 1.0041 0.9228 1.0513 0.9026 1.1007 0.9382 0.8638 1.1212 1.1353 0.9185 0.8981 0.9272 0.8786 1.0635 0.8795 1.0044 0.9954 0.9926 1.0183 0.9080 0.9733 1.0776 0.8611 1.0566 0.8717 0.9601 0.8599 1.1679 1.0217 0.9109 1.1198 0.9498 0.8637 0.9706 0.9756 0.9458 0.9365 0.9408 1.1828 0.9561 0.9265 0.8812 0.8647 0.9582 1.0988 1.1734 0.9198 1.5014 1.1837 0.8738 0.8870 1.0481 0.9299 0.9991 0.9532 0.9220 0.8720 1.0041 0.8781 0.9090 1.2897 0.9422 1.1651 0.9459 1.0556 1.0085 0.9813 0.9106 0.9610 0.9245 0.9992 1.0406 0.8652 1.0534 1.1967 1.3865 1.2861 1.3273 1.3611 1.2963 1.0527 0.8952 1.0397 0.9702 1.1004 1.0417 0.8577 1.1128 1.1914 0.9913 0.9644 1.3525 0.8926 1.1639 0.9192 0.8826 0.9114 1.1172 0.8957 0.9103 1.1730 0.9405 1.1634 1.1557 0.8765 1.0081 0.9752 0.8861 1.0635 1.1318 0.9534 1.1573 1.1814 1.3592 1.2215 1.0753 0.9251 0.8922 0.9191 1.1749 0.9092 1.0506 0.9110 0.9426 0.8661 0.9560 1.0215 0.9880 
