-300	6.996679900592908E-4
-299	9.82580958443823E-4
-298	9.664307892834632E-4
-297	9.565148407408105E-4
-296	9.56028830031111E-4
-295	9.659281116022073E-4
-294	9.850680791053516E-4
-293	0.0010055987935696674
-292	0.001015947037106858
-291	0.0010062812132848376
-290	9.796181536055656E-4
-289	9.560562964164762E-4
-288	9.571417416965917E-4
-287	9.896173022265176E-4
-286	0.0010347757169672418
-285	0.001069981234283239
-284	0.001084031126711571
-283	0.0010833851143472921
-282	0.0010777841964691782
-281	0.0010742691520643373
-280	0.0010790774572567564
-279	0.0010965217500033706
-278	0.0011213789452726509
-277	0.0011386426474241929
-276	0.001136046482880633
-275	0.001121520477917577
-274	0.001113082407829855
-273	0.0011246204335645057
-272	0.0011484588065129538
-271	0.0011727649512849431
-270	0.0011894285849740505
-269	0.0012031447792927427
-268	0.0012189322396004515
-267	0.0012409988438149952
-266	0.0012716206157404565
-265	0.0013059977543190954
-264	0.0013347405104851876
-263	0.0013421610587251338
-262	0.001329857042520056
-261	0.001308240860773778
-260	0.001297234970071241
-259	0.0012980206788080764
-258	0.0013050221456861945
-257	0.0013118339611897822
-256	0.001325615037899602
-255	0.0013536500068758663
-254	0.0013878508072903588
-253	0.001411839690173417
-252	0.001413814643988951
-251	0.001404581391633955
-250	0.0013989544715568372
-249	0.0014068435182592637
-248	0.0014219129600527374
-247	0.0014398474874617426
-246	0.0014606187731020094
-245	0.0014914987329489138
-244	0.0015289817800898536
-243	0.0015633849061946236
-242	0.001579078195091567
-241	0.0015788951655956996
-240	0.0015749401840442546
-239	0.0015882556879560467
-238	0.0016163743345310804
-237	0.001645725304739285
-236	0.0016526464176136542
-235	0.0016366849954337172
-234	0.0016083939491438528
-233	0.001590858393067433
-232	0.001595137799994141
-231	0.0016243567587958046
-230	0.0016661603839642953
-229	0.0017046643817257082
-228	0.0017273904640713806
-227	0.0017379774647128437
-226	0.0017548044590806077
-225	0.0017963826437168034
-224	0.0018643243158330252
-223	0.001933508203800112
-222	0.0019737755219943467
-221	0.00196771877099071
-220	0.001934462930044807
-219	0.0019034088901724127
-218	0.0019006928886897013
-217	0.0019186325002356812
-216	0.0019394483710922009
-215	0.0019466823024747433
-214	0.001948604643681666
-213	0.001959031339866372
-212	0.001983850799022896
-211	0.0020116503800799443
-210	0.0020289704098446345
-209	0.0020326847623627206
-208	0.002030430323356372
-207	0.0020316160888243628
-206	0.002043406969399208
-205	0.0020701283795663424
-204	0.0021127157286264164
-203	0.0021600992827111023
-202	0.0021949249138258397
-201	0.0022041898130703676
-200	0.002196369518709645
-199	0.0021874507379189808
-198	0.0021896807444622057
-197	0.0022003863633508302
-196	0.002221870454235464
-195	0.0022585918214876213
-194	0.0023092616894144114
-193	0.00235208637856049
-192	0.0023646900785496724
-191	0.0023479427936357457
-190	0.0023281577154195972
-189	0.0023303609364204087
-188	0.0023513489889480234
-187	0.0023728335854588576
-186	0.0023824622307852023
-185	0.0023977827564102823
-184	0.00243479769557862
-183	0.002497432711839364
-182	0.002553363870383934
-181	0.0025703403687976916
-180	0.0025290028817032085
-179	0.002456049807028317
-178	0.0024055804082971713
-177	0.002425290907572778
-176	0.002510867865903772
-175	0.0026095505612785336
-174	0.002667891041296119
-173	0.002674135378431592
-172	0.0026518347292773087
-171	0.0026270205252872394
-170	0.002608748942694527
-169	0.002600497325518007
-168	0.0026058498961540736
-167	0.002627938936261716
-166	0.0026611457152504302
-165	0.002697276694451762
-164	0.0027284487197356978
-163	0.0027520901880347588
-162	0.002768699663748654
-161	0.0027839496129209986
-160	0.002799091415874844
-159	0.002811329566010479
-158	0.002810748253197615
-157	0.002796795512498969
-156	0.0027756854300100306
-155	0.0027652765833278813
-154	0.0027730904348670085
-153	0.0027957211958507377
-152	0.0028055575106010183
-151	0.0027890815714697536
-150	0.00275039328228827
-149	0.0027344678019509505
-148	0.002766095396434231
-147	0.0028474728072377022
-146	0.0029293119063283895
-145	0.0029736731279608568
-144	0.0029605558186022183
-143	0.0029153798878522696
-142	0.0028730429333359547
-141	0.0028628617354057744
-140	0.002888800397205151
-139	0.00292961476109578
-138	0.0029588163198445315
-137	0.002957544468892532
-136	0.00294063509238241
-135	0.002933122771280804
-134	0.0029563197378954615
-133	0.0029908264296701235
-132	0.0030063009538033297
-131	0.002981952729028654
-130	0.002940206543100757
-129	0.0029124387625186496
-128	0.00291293154931435
-127	0.002916626731035966
-126	0.0028937869292786945
-125	0.002842516462251912
-124	0.0028022073904467562
-123	0.0028149245167842464
-122	0.0028861383735733675
-121	0.0029721605467396602
-120	0.0030231095732959896
-119	0.003015462177708959
-118	0.0029639820530284874
-117	0.0028925037531075007
-116	0.002825781056346296
-115	0.002782971414169006
-114	0.002776916434423915
-113	0.002799307939494903
-112	0.002828671731094002
-111	0.0028475162032961373
-110	0.0028616144675225816
-109	0.002878545321913565
-108	0.0028993096068235086
-107	0.0029075249039233497
-106	0.0028999031564668153
-105	0.0028816318485610426
-104	0.0028681725229622113
-103	0.002858710549236156
-102	0.0028450345478828244
-101	0.0028155163253143047
-100	0.0027804329161691815
-99	0.002757805207070839
-98	0.002764183061329419
-97	0.0027851121962239878
-96	0.0027989844585833363
-95	0.0027946486572908154
-94	0.0027875439453910584
-93	0.0027947894076142616
-92	0.002813044294008001
-91	0.002827833955196449
-90	0.002826466584025593
-89	0.002808676456013413
-88	0.002773083781027528
-87	0.002720194162327093
-86	0.002664576655518394
-85	0.002631890879449801
-84	0.002641942684386967
-83	0.0026811086896484457
-82	0.002720153920126386
-81	0.002735795886680707
-80	0.002735434704090542
-79	0.0027308964665367927
-78	0.00272815457319294
-77	0.0027183812145046924
-76	0.0027083554848057996
-75	0.002711797130826701
-74	0.002741687434951792
-73	0.002781172860510912
-72	0.0028055270642482998
-71	0.002796887960067277
-70	0.0027643417774193394
-69	0.0027228553018382277
-68	0.002682907337040636
-67	0.0026497454232749696
-66	0.002629606093989452
-65	0.0026324429926269832
-64	0.002651806232555814
-63	0.00267447571273651
-62	0.002684370719146227
-61	0.0026861900716504883
-60	0.002690504914213556
-59	0.002704982137701281
-58	0.0027235655076416265
-57	0.0027369628917590554
-56	0.002739008807366391
-55	0.00273259458892932
-54	0.002723502022766249
-53	0.002717629935475624
-52	0.0027110891560082895
-51	0.002698892427669986
-50	0.0026841154263114887
-49	0.0026792878117698734
-48	0.0026944020399548596
-47	0.00272137286345267
-46	0.0027476152838659686
-45	0.002764488737657738
-44	0.002777132324295953
-43	0.0027867159717529654
-42	0.002789806232053375
-41	0.002776527407881069
-40	0.002750629094785854
-39	0.002723610601047012
-38	0.002716660542152895
-37	0.002734422492290379
-36	0.0027725278599524572
-35	0.002812833697131677
-34	0.002841412642812056
-33	0.0028488203622812997
-32	0.002839531999951967
-31	0.0028370919266470602
-30	0.002867297004930578
-29	0.0029402149237790446
-28	0.0030315667282210554
-27	0.0031126184496116996
-26	0.0031771622631213124
-25	0.0032542627220795415
-24	0.0033771963449008595
-23	0.003560549320871407
-22	0.00379953041531357
-21	0.004081203714959645
-20	0.00438162801745378
-19	0.004696191776212174
-18	0.005069375357143445
-17	0.005714340004938589
-16	0.006870915704207934
-15	0.008655152835270408
-14	0.010658466842567257
-13	0.012168421572295073
-12	0.012576404021676006
-11	0.011976111814329525
-10	0.011022366356979996
-9	0.010363001168703279
-8	0.010100309394439013
-7	0.00980142550333162
-6	0.009005684404231842
-5	0.00767434951172774
-4	0.006278297338716919
-3	0.00535224148001357
-2	0.0051510579528472045
-1	0.0054692401228610375
0	0.005984890529374178
1	0.006375041988183374
2	0.006496617787096746
3	0.006285503394355698
4	0.005807349219680436
5	0.005183064343775198
6	0.0045300896628920765
7	0.003920996626684313
8	0.003392171407649123
9	0.0029710823442547643
10	0.002667329005134242
11	0.002452931727988743
12	0.002289103475467448
13	0.0021369194624755654
14	0.00198656638483046
15	0.001838615162068965
16	0.0017016849425261116
17	0.0015774081053303456
18	0.0014655719145515226
19	0.001368801499820967
20	0.0012927548732701822
21	0.001241066395148377
22	0.0012068011745768822
23	0.0011803957588392073
24	0.0011553323357967485
25	0.0011362427208072808
26	0.001126727634322367
27	0.0011265167127375297
28	0.0011248981215987055
29	0.0011121863967728384
30	0.0010825814134921559
31	0.001043143956554428
32	0.001008645310673946
33	9.924196824911886E-4
34	9.946477199231291E-4
35	0.0010024330972004344
36	0.001002692331299284
37	9.93404435696087E-4
38	9.804514326637924E-4
39	9.691501471133837E-4
40	9.581845186505993E-4
41	9.48734444775558E-4
42	9.436434877252517E-4
43	9.458807181614849E-4
44	9.505789862749788E-4
45	9.51398320974805E-4
46	9.454749628809161E-4
47	9.344719283723924E-4
48	9.206009056763301E-4
49	9.048398552911102E-4
50	8.896326404056172E-4
51	8.775107060710547E-4
52	8.688718857367455E-4
53	8.613631770004277E-4
54	8.525697101527581E-4
55	8.427150074201059E-4
56	8.346344365734494E-4
57	8.32055731512282E-4
58	8.381540086814234E-4
59	8.4831741302198E-4
60	8.542931499039575E-4
61	8.454956265582484E-4
62	8.260268826656111E-4
63	8.063017225979212E-4
64	8.01651928009877E-4
65	8.134690472593091E-4
66	8.37524478011315E-4
67	8.641519917101837E-4
68	8.855592048376568E-4
69	8.941966191638006E-4
70	8.830751499324819E-4
71	8.567370933285231E-4
72	8.253196998193197E-4
73	8.052558178876148E-4
74	7.99801484128971E-4
75	8.060887228682089E-4
76	8.143765478915453E-4
77	8.202892693278595E-4
78	8.217588607169206E-4
79	8.181986675421265E-4
80	8.086667678072885E-4
81	7.930416768720226E-4
82	7.755690489465207E-4
83	7.627540914442228E-4
84	7.590983191357955E-4
85	7.594764861811369E-4
86	7.54982767901082E-4
87	7.400512472485856E-4
88	7.230653655880574E-4
89	7.126118287024296E-4
90	7.126397242940515E-4
91	7.141096764526074E-4
92	7.124564252885021E-4
93	7.07406845186291E-4
94	7.054992946526913E-4
95	7.070209822663462E-4
96	7.090922712744165E-4
97	7.061383028272157E-4
98	6.974899258254657E-4
99	6.845592957291178E-4
100	6.709501123027173E-4
101	6.601307072392145E-4
102	6.554988076994136E-4
103	6.588228150544868E-4
104	6.636798789083038E-4
105	6.610852944805968E-4
106	6.439042847886253E-4
107	6.196939185222099E-4
108	5.998392728495126E-4
109	5.927417627923507E-4
110	5.943654825047252E-4
111	5.97825862356732E-4
112	5.982281181351748E-4
113	5.946009427273618E-4
114	5.869673612678843E-4
115	5.768646686493191E-4
116	5.706763780722413E-4
117	5.754408038396372E-4
118	5.930041605516508E-4
119	6.124928509348861E-4
120	6.206134647562938E-4
121	6.102994604034936E-4
122	5.900018173502702E-4
123	5.714772859874207E-4
124	5.624318571432357E-4
125	5.606251353647867E-4
126	5.615632772168787E-4
127	5.620820346880315E-4
128	5.624024756332696E-4
129	5.636275091256487E-4
130	5.664762795757815E-4
131	5.69116922516336E-4
132	5.687461496930472E-4
133	5.622480102167253E-4
134	5.500069886131301E-4
135	5.344503531971301E-4
136	5.218027056808191E-4
137	5.171506288232915E-4
138	5.229247377121131E-4
139	5.331961454649451E-4
140	5.400880631835272E-4
141	5.38142677846905E-4
142	5.310363566659129E-4
143	5.232654435251788E-4
144	5.171307282110978E-4
145	5.090980530863458E-4
146	4.993725087556139E-4
147	4.907033013584201E-4
148	4.885815348266034E-4
149	4.920961116306667E-4
150	4.974740409970853E-4
151	4.985933128983833E-4
152	4.945135353140111E-4
153	4.867072523020262E-4
154	4.793654971372327E-4
155	4.7443471006396794E-4
156	4.7296361645322334E-4
157	4.753270836091108E-4
158	4.80973408329795E-4
159	4.8827522399581927E-4
160	4.929315501734169E-4
161	4.930494784789902E-4
162	4.884830757009005E-4
163	4.8212717472664396E-4
164	4.751409472758718E-4
165	4.6787052904864523E-4
166	4.60899089084717E-4
167	4.5797005930592414E-4
168	4.627357613149535E-4
169	4.731376226775256E-4
170	4.780441677873876E-4
171	4.666652923146256E-4
172	4.409720695370339E-4
173	4.182789953672313E-4
174	4.157436966514563E-4
175	4.337710921450845E-4
176	4.567208171673306E-4
177	4.6864076591043846E-4
178	4.667606177071309E-4
179	4.582848837028338E-4
180	4.50508288096768E-4
181	4.4400374572636813E-4
182	4.3782128028533836E-4
183	4.3236430590810676E-4
184	4.317713805659847E-4
185	4.3545102575381033E-4
186	4.398508555788663E-4
187	4.379125917480458E-4
188	4.303127074372421E-4
189	4.2135886921245124E-4
190	4.1823498238490305E-4
191	4.196069046716082E-4
192	4.208612785058787E-4
193	4.1630108176234315E-4
194	4.0813443421426924E-4
195	4.012392487336383E-4
196	4.0117378977640037E-4
197	4.088750638069169E-4
198	4.2359692789883816E-4
199	4.4297141050972366E-4
200	6.905267712703731E-4
