Position	IP	CondAna_Present	CondAna_IP	CondAna_Control	CondAna_Fold	CondAna_Expectd	CondAna_Q_-lg10	CondAna_P_-lg10	CondAna_P_poiss	CondAna_IPvsEMP	CondAna_Noise	CondEth_Present	CondEth_IP	CondEth_Control	CondEth_Fold	CondEth_Expectd	CondEth_Q_-lg10	CondEth_P_-lg10	CondEth_P_poiss	CondEth_IPvsEMP	CondEth_Noise	CondGlu_Present	CondGlu_IP	CondGlu_Control	CondGlu_Fold	CondGlu_Expectd	CondGlu_Q_-lg10	CondGlu_P_-lg10	CondGlu_P_poiss	CondGlu_IPvsEMP	CondGlu_Noise	CondNit_Present	CondNit_IP	CondNit_Control	CondNit_Fold	CondNit_Expectd	CondNit_Q_-lg10	CondNit_P_-lg10	CondNit_P_poiss	CondNit_IPvsEMP	CondNit_Noise	KmerGroup	MotifId	KG_score	Strand
1:60495	  293.5	1	   81.4	NaN	NaN	    8.7	  46.67	NaN	  49.50	  -0.80	   0.00	1	   35.1	NaN	NaN	    5.2	  16.03	NaN	  18.15	  -0.79	   0.00	1	  165.3	NaN	NaN	    7.5	 153.73	NaN	 155.85	  -0.81	   0.00	0	   11.7	NaN	NaN	    3.4	   1.26	NaN	   3.61	  -0.70	   0.00	--------	-1	0.00	*
1:60681	   74.5	0	    8.6	NaN	NaN	    8.8	   0.13	NaN	   0.28	  -0.64	   0.00	0	    1.9	NaN	NaN	    4.6	  -0.01	NaN	   0.03	  -0.21	   0.00	1	   62.7	NaN	NaN	    7.6	  33.48	NaN	  35.16	  -0.80	   0.00	0	    1.3	NaN	NaN	    3.3	  -0.07	NaN	   0.08	   0.09	   0.00	TATTTTTTCTC_10/3	0	1.69	+
10:321034	   91.0	1	   22.0	NaN	NaN	    8.5	   2.58	NaN	   4.12	  -0.69	   0.53	0	    3.0	NaN	NaN	    3.3	   0.03	NaN	   0.20	  -0.47	   0.53	1	   66.0	NaN	NaN	    6.3	  41.04	NaN	  42.78	  -0.63	   0.53	0	    0.0	NaN	NaN	    2.6	  -0.04	NaN	  -0.00	  -4.00	   0.53	TTGTTGC_4/0	0	1.47	+
10:374670	   38.9	0	   11.0	NaN	NaN	    9.5	   0.19	NaN	   0.45	  -0.43	   0.00	0	    8.8	NaN	NaN	    3.3	   0.89	NaN	   2.18	  -0.70	   0.00	1	   17.1	NaN	NaN	    7.4	   2.01	NaN	   3.14	  -0.82	   0.00	0	    2.0	NaN	NaN	    2.1	  -0.05	NaN	   0.20	  -3.39	   0.00	TTTTTTC_5/1	0	1.43	+
10:398291	   28.5	0	    8.0	NaN	NaN	    7.6	   0.13	NaN	   0.31	  -0.80	   0.00	0	    3.0	NaN	NaN	    4.5	  -0.01	NaN	   0.08	  -2.01	   0.00	1	   15.5	NaN	NaN	    6.2	   2.02	NaN	   3.14	  -0.65	   0.00	0	    2.0	NaN	NaN	    3.1	  -0.06	NaN	   0.09	  -0.58	   0.00	TTTTTTCT_6/1	0	1.55	+
10:445058	   68.0	1	   31.8	NaN	NaN	    8.5	   7.57	NaN	   9.25	  -1.11	   0.00	0	    3.4	NaN	NaN	    4.6	   0.03	NaN	   0.17	  -1.12	   0.00	1	   32.8	NaN	NaN	    8.5	   8.41	NaN	   9.84	  -0.75	   0.00	0	    0.0	NaN	NaN	    2.1	  -0.07	NaN	   0.06	  -1.14	   0.00	TTGTTGC_4/0	0	1.47	+
10:445068	  108.3	0	   13.4	NaN	NaN	    8.4	   0.53	NaN	   1.34	  -1.14	   0.00	0	   11.6	NaN	NaN	    4.6	   1.11	NaN	   2.54	  -0.92	   0.00	1	   77.4	NaN	NaN	    8.5	  44.48	NaN	  46.26	  -0.79	   0.00	0	    5.9	NaN	NaN	    2.1	   0.33	NaN	   1.71	  -1.10	   0.00	TTTTGCG_3/0	0	1.35	+
11:171085	  285.0	1	   59.0	NaN	NaN	   10.1	  23.10	NaN	  25.22	  -0.86	   0.21	1	   19.0	NaN	NaN	    4.7	   4.47	NaN	   6.18	  -0.73	   0.21	1	  198.0	NaN	NaN	   10.1	 173.41	NaN	 175.63	  -0.77	   0.21	0	    9.0	NaN	NaN	    2.8	   0.82	NaN	   2.57	  -0.75	   0.21	--------	-1	0.00	*
11:172516	   41.0	0	   15.0	NaN	NaN	   10.3	   0.42	NaN	   1.00	  -0.84	   0.00	0	    4.0	NaN	NaN	    4.0	   0.04	NaN	   0.25	  -0.86	   0.00	1	   22.0	NaN	NaN	   10.0	   2.02	NaN	   3.17	  -0.75	   0.00	0	    0.0	NaN	NaN	    2.7	  -0.03	NaN	  -0.00	  -4.00	   0.00	TTCTGCC_3/0	0	1.35	+
11:333882	  408.3	1	   73.9	NaN	NaN	    9.2	  37.69	NaN	  40.22	  -0.87	   0.00	1	   52.9	NaN	NaN	    4.6	  33.54	NaN	  36.37	  -1.03	   0.00	1	  274.0	NaN	NaN	    8.1	 304.04	NaN	 306.86	  -0.74	   0.00	0	    7.5	NaN	NaN	    2.2	   0.93	NaN	   2.76	  -0.64	   0.00	--------	-1	0.00	*
12:213720	  221.0	1	   40.0	NaN	NaN	   10.9	   9.20	NaN	  11.02	  -0.66	   0.00	1	   28.0	NaN	NaN	    4.1	  12.12	NaN	  14.10	  -0.92	   0.00	1	  145.0	NaN	NaN	    8.6	 118.05	NaN	 120.03	  -0.80	   0.00	0	    8.0	NaN	NaN	    4.1	   0.19	NaN	   1.26	  -0.74	   0.00	--------	-1	0.00	*
12:349846	   44.0	0	   11.0	NaN	NaN	    8.2	   0.28	NaN	   0.68	  -0.62	   0.48	0	    3.0	NaN	NaN	    4.9	  -0.00	NaN	   0.06	  -0.74	   0.48	1	   29.0	NaN	NaN	    6.8	   8.23	NaN	   9.64	  -0.74	   0.48	0	    1.0	NaN	NaN	    2.7	  -0.04	NaN	   0.03	  -4.00	   0.48	TTTTGCG_3/0	0	1.35	+
12:664026	   29.0	0	    7.0	NaN	NaN	    7.6	   0.08	NaN	   0.19	  -0.81	   0.00	0	    4.0	NaN	NaN	    3.4	   0.06	NaN	   0.36	  -0.81	   0.00	1	   17.0	NaN	NaN	    6.3	   2.33	NaN	   3.53	  -0.75	   0.00	0	    1.0	NaN	NaN	    2.2	  -0.05	NaN	   0.05	  -4.00	   0.00	TTTTCTC_5/1	0	1.43	+
12:687571	   36.0	0	    5.0	NaN	NaN	    8.2	   0.02	NaN	   0.04	  -0.74	   0.00	0	    3.0	NaN	NaN	    3.4	   0.03	NaN	   0.18	  -1.29	   0.00	1	   23.0	NaN	NaN	    6.7	   4.86	NaN	   6.19	  -0.69	   0.00	0	    5.0	NaN	NaN	    2.8	   0.08	NaN	   0.80	  -0.57	   0.00	TTTTTCTC_7/2	0	1.51	+
13:652347	   27.7	0	    5.5	NaN	NaN	    8.4	   0.03	NaN	   0.07	  -0.10	   0.00	0	    0.0	NaN	NaN	    3.5	  -0.01	NaN	   0.01	  -0.67	   0.00	1	   18.3	NaN	NaN	    7.5	   2.33	NaN	   3.54	  -0.30	   0.00	0	    3.8	NaN	NaN	    3.9	  -0.04	NaN	   0.26	  -0.49	   0.00	ATTTTTTT_7/1	0	1.67	+
13:652608	  201.3	1	   44.5	NaN	NaN	    8.8	  15.42	NaN	  17.34	  -0.73	   0.00	1	   29.0	NaN	NaN	    3.4	  15.04	NaN	  17.09	  -0.63	   0.00	1	  123.7	NaN	NaN	    7.1	 102.63	NaN	 104.46	  -0.83	   0.00	0	    4.2	NaN	NaN	    3.9	  -0.01	NaN	   0.45	  -1.03	   0.00	TTTTTTC_5/1	0	1.43	+
15:154961	   89.3	1	   37.9	NaN	NaN	   10.8	   8.27	NaN	  10.01	  -0.61	   0.44	0	    4.0	NaN	NaN	    3.5	   0.14	NaN	   0.56	   0.91	   0.44	1	   40.0	NaN	NaN	    8.8	  13.09	NaN	  14.59	  -1.00	   0.44	0	    7.4	NaN	NaN	    2.6	   0.55	NaN	   2.23	  -0.92	   0.44	TTTTCTC_5/1	0	1.43	+
15:155229	  122.7	1	   49.1	NaN	NaN	   10.6	  15.87	NaN	  17.85	  -1.09	   0.44	1	   13.0	NaN	NaN	    3.5	   2.42	NaN	   4.10	  -0.81	   0.44	1	   48.0	NaN	NaN	    8.8	  18.15	NaN	  19.67	  -1.00	   0.44	1	   12.6	NaN	NaN	    2.6	   2.54	NaN	   5.36	  -0.97	   0.44	--------	-1	0.00	*
15:155807	   55.0	0	   13.0	NaN	NaN	   11.8	   0.18	NaN	   0.40	  -0.74	   0.79	0	   11.0	NaN	NaN	    3.7	   1.37	NaN	   2.84	  -0.73	   0.79	1	   30.0	NaN	NaN	    9.0	   6.26	NaN	   7.60	  -0.53	   0.79	0	    1.0	NaN	NaN	    2.5	  -0.04	NaN	   0.04	  -4.00	   0.79	GTTTTTTGCG_8/2	0	1.62	+
15:210562	   87.4	1	   27.4	NaN	NaN	    7.9	   5.98	NaN	   7.60	  -0.92	   0.00	0	    9.6	NaN	NaN	    3.6	   0.98	NaN	   2.36	  -1.08	   0.00	1	   47.6	NaN	NaN	    6.3	  23.93	NaN	  25.50	  -0.92	   0.00	0	    2.8	NaN	NaN	    2.3	   0.02	NaN	   0.39	  -0.85	   0.00	--------	-1	0.00	*
15:665443	   37.0	0	    5.0	NaN	NaN	    7.9	   0.02	NaN	   0.05	  -1.69	   0.00	0	    8.0	NaN	NaN	    3.7	   0.52	NaN	   1.46	  -0.63	   0.00	1	   23.0	NaN	NaN	    7.2	   4.32	NaN	   5.63	  -0.53	   0.00	0	    1.0	NaN	NaN	    2.2	  -0.04	NaN	   0.05	  -4.00	   0.00	TTTTTTGC_5/1	0	1.43	+
15:981806	   87.5	1	   32.4	NaN	NaN	   11.5	   5.18	NaN	   6.78	  -0.61	   0.00	0	    3.5	NaN	NaN	    5.9	  -0.01	NaN	   0.08	  -1.55	   0.00	1	   42.9	NaN	NaN	   11.5	  10.60	NaN	  12.07	  -0.80	   0.00	0	    8.7	NaN	NaN	    2.5	   0.95	NaN	   2.99	  -0.58	   0.00	--------	-1	0.00	*
16:138486	   26.4	0	    1.3	NaN	NaN	    7.7	  -0.00	NaN	   0.00	  -2.21	   0.00	0	    6.2	NaN	NaN	    3.5	   0.37	NaN	   1.21	  -0.68	   0.00	1	   16.9	NaN	NaN	    6.7	   2.07	NaN	   3.23	  -0.70	   0.00	0	    2.0	NaN	NaN	    2.1	  -0.07	NaN	   0.21	  -3.42	   0.00	ATTCTTC_3/0	0	1.35	+
16:420304	   96.5	1	   35.2	NaN	NaN	    8.4	   9.94	NaN	  11.81	  -0.79	   0.00	0	    5.4	NaN	NaN	    3.9	   0.18	NaN	   0.69	  -1.10	   0.00	1	   56.0	NaN	NaN	    6.6	  30.04	NaN	  31.66	  -0.92	   0.00	0	    0.0	NaN	NaN	    2.3	  -0.04	NaN	   0.05	  -1.50	   0.00	--------	-1	0.00	*
16:580592	   37.0	0	    8.0	NaN	NaN	    9.2	   0.07	NaN	   0.16	  -1.30	   0.00	1	   13.0	NaN	NaN	    3.6	   2.30	NaN	   3.95	  -0.73	   0.00	0	   14.0	NaN	NaN	    8.9	   0.55	NaN	   1.17	  -0.71	   0.00	0	    2.0	NaN	NaN	    2.6	  -0.05	NaN	   0.14	  -2.95	   0.00	TAATTTT_4/0	0	1.47	+
16:848051	   24.4	0	    3.0	NaN	NaN	    7.7	   0.00	NaN	   0.01	  -1.60	   0.00	1	   12.0	NaN	NaN	    3.4	   2.07	NaN	   3.66	  -0.64	   0.00	0	    7.0	NaN	NaN	    6.3	   0.16	NaN	   0.36	  -0.47	   0.00	0	    2.5	NaN	NaN	    2.1	  -0.02	NaN	   0.46	  -1.28	   0.00	TTTTTTG_4/0	0	1.47	+
16:862877	   28.2	0	    5.3	NaN	NaN	    7.9	   0.05	NaN	   0.10	  -0.93	   0.00	0	    3.7	NaN	NaN	    4.2	   0.04	NaN	   0.21	  -0.75	   0.00	1	   19.2	NaN	NaN	    7.4	   2.79	NaN	   4.05	  -0.75	   0.00	0	    0.0	NaN	NaN	    2.1	  -0.07	NaN	   0.06	  -1.15	   0.00	TTTTTTC_5/1	0	1.43	+
2:467042	   30.0	0	   10.0	NaN	NaN	    8.2	   0.22	NaN	   0.51	  -1.09	   0.00	0	    0.0	NaN	NaN	    3.4	  -0.00	NaN	  -0.00	  -4.00	   0.00	1	   17.0	NaN	NaN	    6.2	   2.36	NaN	   3.59	  -0.65	   0.00	0	    3.0	NaN	NaN	    2.1	  -0.01	NaN	   0.46	  -0.86	   0.00	CATTTTTTT_7/1	0	1.67	+
2:601934	  118.5	0	   21.3	NaN	NaN	   11.2	   1.15	NaN	   2.54	  -1.38	   0.00	1	   26.6	NaN	NaN	    4.4	  10.53	NaN	  12.45	  -1.01	   0.00	1	   66.1	NaN	NaN	   10.2	  29.80	NaN	  31.39	  -0.87	   0.00	0	    4.5	NaN	NaN	    2.9	   0.10	NaN	   0.78	  -1.41	   0.00	TAATTTTTTG_12/1	0	2.31	+
2:602035	   61.4	1	   24.4	NaN	NaN	   10.5	   2.45	NaN	   3.97	  -0.94	   0.00	0	   10.5	NaN	NaN	    4.4	   0.90	NaN	   2.23	  -1.07	   0.00	0	   19.3	NaN	NaN	   10.0	   1.35	NaN	   2.44	  -0.46	   0.00	0	    7.2	NaN	NaN	    3.1	   0.39	NaN	   1.88	  -0.79	   0.00	--------	-1	0.00	*
2:602921	   73.0	0	   22.0	NaN	NaN	   11.7	   0.99	NaN	   2.32	  -0.66	   0.55	0	   13.0	NaN	NaN	    4.4	   1.58	NaN	   3.15	  -0.50	   0.55	1	   36.0	NaN	NaN	    9.5	   8.89	NaN	  10.34	  -0.66	   0.55	0	    2.0	NaN	NaN	    2.7	  -0.05	NaN	   0.12	  -0.53	   0.55	TATTTTC_3/0	0	1.35	+
3:50174	   45.0	0	   10.0	NaN	NaN	    7.9	   0.23	NaN	   0.56	  -0.52	   0.41	0	    8.0	NaN	NaN	    3.1	   0.65	NaN	   1.82	  -0.63	   0.41	1	   27.0	NaN	NaN	    6.6	   7.36	NaN	   8.72	  -0.68	   0.41	0	    0.0	NaN	NaN	    2.2	  -0.04	NaN	  -0.00	  -4.00	   0.41	TTTTTTC_5/1	0	1.43	+
3:90416	   27.8	1	   20.8	NaN	NaN	    7.2	   3.12	NaN	   4.68	  -1.17	   0.00	0	    2.7	NaN	NaN	    3.1	   0.03	NaN	   0.22	  -1.18	   0.00	0	    4.2	NaN	NaN	    5.8	   0.07	NaN	   0.17	  -1.41	   0.00	0	    0.0	NaN	NaN	    1.8	  -0.07	NaN	   0.08	  -1.31	   0.00	TTGTCTCTTG_6/1	0	1.55	+
3:142536	  332.0	1	   74.0	NaN	NaN	    9.6	  36.77	NaN	  39.11	  -0.78	   0.00	1	   37.0	NaN	NaN	    5.2	  16.58	NaN	  18.93	  -0.61	   0.00	1	  214.0	NaN	NaN	    7.1	 225.87	NaN	 228.21	  -0.73	   0.00	0	    7.0	NaN	NaN	    2.9	   0.37	NaN	   1.56	  -1.27	   0.00	--------	-1	0.00	*
4:366200	   40.0	0	   13.0	NaN	NaN	    7.8	   0.51	NaN	   1.27	  -0.91	   0.00	0	    5.0	NaN	NaN	    3.5	   0.14	NaN	   0.57	  -0.88	   0.00	1	   21.0	NaN	NaN	    6.2	   4.28	NaN	   5.57	  -0.87	   0.00	0	    1.0	NaN	NaN	    2.2	  -0.04	NaN	   0.05	  -4.00	   0.00	TTTTTTG_4/0	0	1.47	+
4:464924	   32.0	0	    7.0	NaN	NaN	    8.6	   0.06	NaN	   0.12	  -0.91	   0.00	0	    5.0	NaN	NaN	    3.3	   0.15	NaN	   0.61	  -0.73	   0.00	1	   18.0	NaN	NaN	    6.5	   2.56	NaN	   3.80	  -0.64	   0.00	0	    2.0	NaN	NaN	    2.1	  -0.05	NaN	   0.20	  -2.60	   0.00	TAATTTTTTT_11/1	0	2.18	+
4:542971	  207.5	1	   44.3	NaN	NaN	    8.1	  16.57	NaN	  18.62	  -0.81	   0.00	1	   32.4	NaN	NaN	    4.1	  16.35	NaN	  18.58	  -0.86	   0.00	1	  126.9	NaN	NaN	    7.0	 107.61	NaN	 109.48	  -0.89	   0.00	0	    4.0	NaN	NaN	    2.5	   0.05	NaN	   0.60	  -0.71	   0.00	--------	-1	0.00	*
4:934654	   24.4	0	    4.2	NaN	NaN	    8.5	   0.01	NaN	   0.03	  -0.66	   0.00	0	    0.0	NaN	NaN	    3.3	  -0.00	NaN	  -0.00	  -4.00	   0.00	1	   16.2	NaN	NaN	    6.5	   2.22	NaN	   3.40	  -0.79	   0.00	0	    4.0	NaN	NaN	    3.3	   0.01	NaN	   0.38	  -0.87	   0.00	TTTTTTC_5/1	0	1.43	+
4:1130214	   38.0	0	    9.0	NaN	NaN	    7.7	   0.19	NaN	   0.43	  -0.96	   0.00	1	   12.0	NaN	NaN	    3.3	   2.09	NaN	   3.71	  -0.96	   0.00	0	   14.0	NaN	NaN	    6.2	   1.23	NaN	   2.29	  -1.21	   0.00	0	    3.0	NaN	NaN	    2.1	  -0.00	NaN	   0.44	  -1.03	   0.00	TATTTTTTCT_7/2	0	1.51	+
5:197367	   29.0	0	    7.0	NaN	NaN	    7.7	   0.08	NaN	   0.19	  -0.45	   0.00	0	    5.0	NaN	NaN	    4.8	   0.05	NaN	   0.28	  -0.85	   0.00	1	   17.0	NaN	NaN	    6.4	   2.24	NaN	   3.43	  -0.77	   0.00	0	    0.0	NaN	NaN	    4.1	  -0.03	NaN	  -0.00	  -4.00	   0.00	TATTTTC_3/0	0	1.35	+
5:539147	   74.4	0	   17.4	NaN	NaN	    9.6	   0.83	NaN	   2.01	  -0.67	   0.00	1	   18.9	NaN	NaN	    4.7	   4.56	NaN	   6.30	  -0.64	   0.00	1	   32.1	NaN	NaN	    9.2	   7.65	NaN	   9.03	  -0.57	   0.00	0	    6.0	NaN	NaN	    2.5	   0.25	NaN	   1.35	  -0.63	   0.00	TTTTGCG_3/0	0	1.35	+
5:539287	   92.6	0	   14.6	NaN	NaN	    9.6	   0.49	NaN	   1.19	  -1.01	   0.00	0	   11.1	NaN	NaN	    4.8	   1.01	NaN	   2.40	  -0.47	   0.00	1	   66.9	NaN	NaN	    9.2	  32.42	NaN	  34.07	  -0.76	   0.00	0	    0.0	NaN	NaN	    2.7	  -0.04	NaN	   0.03	  -0.71	   0.00	TTTTTCTC_7/2	0	1.51	+
6:107318	   39.0	0	   11.0	NaN	NaN	   10.0	   0.17	NaN	   0.38	  -0.78	   0.00	0	    9.0	NaN	NaN	    4.4	   0.49	NaN	   1.46	  -0.39	   0.00	1	   19.0	NaN	NaN	    8.1	   2.01	NaN	   3.15	  -0.60	   0.00	0	    0.0	NaN	NaN	    2.9	  -0.03	NaN	  -0.00	  -4.00	   0.00	TTTTCTC_5/1	0	1.43	+
6:257429	   32.0	0	    7.0	NaN	NaN	   12.5	   0.00	NaN	   0.02	  -0.74	   0.00	0	    0.0	NaN	NaN	    4.7	  -0.00	NaN	  -0.00	  -4.00	   0.00	1	   20.0	NaN	NaN	    6.2	   3.83	NaN	   5.11	  -0.78	   0.00	0	    5.0	NaN	NaN	    2.4	   0.18	NaN	   1.03	  -0.57	   0.00	CATTTTTT_5/1	0	1.43	+
7:701346	   42.0	0	   16.0	NaN	NaN	    8.3	   0.82	NaN	   1.93	  -0.42	   0.00	0	    6.0	NaN	NaN	    3.3	   0.22	NaN	   0.92	  -0.56	   0.00	1	   20.0	NaN	NaN	    8.1	   2.33	NaN	   3.56	  -0.73	   0.00	0	    0.0	NaN	NaN	    2.0	  -0.04	NaN	  -0.00	  -4.00	   0.00	TTTTTTC_5/1	0	1.43	+
7:910431	  305.0	1	   35.0	NaN	NaN	    9.8	   8.26	NaN	  10.04	  -0.88	   0.00	1	   32.9	NaN	NaN	    4.0	  16.44	NaN	  18.96	  -0.96	   0.00	1	  229.0	NaN	NaN	    7.8	 240.95	NaN	 243.47	  -0.72	   0.00	0	    8.0	NaN	NaN	    2.1	   0.88	NaN	   2.85	  -0.95	   0.00	GTTTTTTGC_6/2	0	1.40	+
7:910537	   48.0	0	   15.0	NaN	NaN	    9.6	   0.50	NaN	   1.20	  -0.64	   0.00	0	    9.1	NaN	NaN	    4.2	   0.78	NaN	   1.98	  -0.58	   0.00	1	   24.0	NaN	NaN	    7.8	   4.32	NaN	   5.64	  -0.51	   0.00	0	    0.0	NaN	NaN	    2.1	  -0.07	NaN	   0.06	  -0.66	   0.00	TTTTTTCT_6/1	0	1.55	+
7:1000608	   61.8	0	   14.6	NaN	NaN	    9.1	   0.54	NaN	   1.35	  -1.18	   0.00	0	   10.9	NaN	NaN	    3.6	   1.44	NaN	   2.92	  -1.03	   0.00	1	   36.3	NaN	NaN	    8.1	  11.49	NaN	  12.97	  -0.97	   0.00	0	    0.0	NaN	NaN	    3.2	  -0.03	NaN	   0.02	  -0.63	   0.00	CATTTTTT_5/1	0	1.43	+
7:1000842	   76.2	0	   17.4	NaN	NaN	    8.8	   1.02	NaN	   2.38	  -0.87	   0.00	0	    2.1	NaN	NaN	    3.7	   0.03	NaN	   0.14	  -0.20	   0.00	1	   49.7	NaN	NaN	    8.2	  20.74	NaN	  22.28	  -0.95	   0.00	0	    7.0	NaN	NaN	    3.3	   0.22	NaN	   1.31	  -0.64	   0.00	TAATTTTTT_9/1	0	1.92	+
7:1026850	  213.0	1	   31.0	NaN	NaN	    7.5	   8.16	NaN	   9.87	  -0.68	   0.38	1	   20.0	NaN	NaN	    3.7	   6.74	NaN	   8.57	  -0.66	   0.38	1	  160.0	NaN	NaN	   11.1	 120.41	NaN	 122.45	  -0.88	   0.38	0	    2.0	NaN	NaN	    2.9	  -0.05	NaN	   0.11	  -0.86	   0.38	--------	-1	0.00	*
8:451276	  237.0	1	   66.0	NaN	NaN	   10.9	  26.74	NaN	  28.96	  -0.73	   0.00	1	   24.0	NaN	NaN	    4.1	   8.92	NaN	  10.79	  -0.67	   0.00	1	  141.0	NaN	NaN	    8.4	 114.79	NaN	 116.71	  -0.69	   0.00	0	    6.0	NaN	NaN	    3.2	   0.16	NaN	   0.99	  -0.62	   0.00	TTTTTTCT_6/1	0	1.55	+
9:187081	   24.8	0	    5.6	NaN	NaN	    7.5	   0.06	NaN	   0.12	  -0.55	   0.00	0	    1.4	NaN	NaN	    3.3	  -0.01	NaN	   0.08	  -0.32	   0.00	1	   15.8	NaN	NaN	    6.0	   2.14	NaN	   3.31	  -0.67	   0.00	0	    2.0	NaN	NaN	    2.0	  -0.07	NaN	   0.22	  -0.89	   0.00	TATTTTC_3/0	0	1.35	+
9:237541	   47.0	0	    8.0	NaN	NaN	    8.1	   0.11	NaN	   0.26	  -0.79	   0.00	0	   11.0	NaN	NaN	    4.4	   0.92	NaN	   2.27	  -0.70	   0.00	1	   28.0	NaN	NaN	    6.6	   7.96	NaN	   9.35	  -0.66	   0.00	0	    0.0	NaN	NaN	    2.0	  -0.04	NaN	  -0.00	  -4.00	   0.00	--------	-1	0.00	*
9:242714	  115.8	1	   29.4	NaN	NaN	    8.5	   6.48	NaN	   8.13	  -0.72	   0.00	1	   19.0	NaN	NaN	    3.6	   6.29	NaN	   8.08	  -0.61	   0.00	1	   57.4	NaN	NaN	    6.0	  34.21	NaN	  35.92	  -0.73	   0.00	0	   10.0	NaN	NaN	    2.4	   1.14	NaN	   3.67	  -0.71	   0.00	TCTCTTG_3/0	0	1.35	+
9:242964	   34.2	0	    8.6	NaN	NaN	    9.1	   0.11	NaN	   0.25	  -1.18	   0.00	0	    6.0	NaN	NaN	    3.8	   0.26	NaN	   1.04	  -0.96	   0.00	1	   19.6	NaN	NaN	    6.4	   3.59	NaN	   4.85	  -0.88	   0.00	0	    0.0	NaN	NaN	    2.5	  -0.04	NaN	   0.04	  -0.99	   0.00	TTTTCTC_5/1	0	1.43	+
mit:57010	   48.0	1	   26.0	NaN	NaN	   11.8	   2.13	NaN	   3.63	  -0.72	   0.00	0	    8.0	NaN	NaN	    4.6	   0.26	NaN	   1.02	  -0.42	   0.00	0	   14.0	NaN	NaN	   12.6	   0.19	NaN	   0.42	  -0.51	   0.00	0	    0.0	NaN	NaN	    1.4	  -0.01	NaN	  -0.00	  -4.00	   0.00	ATTCTTC_3/0	0	1.35	+
