#Ino4_GEM_1.m3
#KSM version: 1
#573/573
#3.56
#k-mer/r.c.      	Offset	PosCt	wPosCt	NegCt	HgpLg10	CIDs	PosHits (base85 encoding)	NegHits (base85 encoding)
AAAAAGAA/TTCTTTTT	1	38	38	10	-5.5	*	!!!-&!"]bDJ7&A-#RCD3!'gMa!!!!&!!3-#!!%NL!!!!)!<=5B!'gMb!!!!"!WW3#!$D7A#_3Ht!X&l2!!!!b!<~	!$D7Bz!!!!Azzzz!!%NLzz#QP,1z!'gMa!$D7Az#QOo~
GTGAAAAA/TTTTTCAC	-1	36	36	4	-8.8	*	U]<Z1#Qau+J4'M_z&-Mt5z!!!!%z!!#7c!<=5Bz!X+#RzzJH>k&!!,=b+92C-+:J5Q~	z!!!'#zzz+92BAzzzzz&-)\1zzzz!!!$~
$$$
%%%
0 0 8 0 0 8 0 8 0 0 0 0 0 0 0 0 0 0 8 0 0 0 8 0 8 0 0 0 0 0 0 8 0 0 0 8 0 0 0 0 0 8 0 0 8 0 0 0 0 8 0 0 8 0 0 0 8 0 0 0 0 0 0 0 0 0 0 0 0 0 0 8 0 0 8 0 0 8 8 0 0 0 8 0 0 0 0 0 0 0 0 0 0 8 0 8 0 0 0 8 0 0 0 0 0 0 0 8 0 0 0 0 0 0 0 0 0 0 0 0 0 8 0 0 0 0 0 0 0 0 0 0 8 0 0 0 0 0 8 0 0 0 8 0 0 0 0 0 0 0 0 0 0 0 0 0 0 0 0 0 0 0 0 0 0 0 0 0 0 0 0 0 0 0 0 0 0 0 0 0 0 0 0 0 8 0 8 0 0 0 0 0 0 0 0 0 0 0 0 0 0 8 0 0 0 0 0 0 0 0 0 0 0 0 0 0 0 0 8 0 0 0 0 0 0 0 0 0 0 0 0 0 0 0 0 0 0 0 0 0 0 0 0 0 0 0 0 8 0 0 0 0 0 0 0 0 0 0 0 0 0 0 0 0 0 0 0 0 0 0 0 0 0 0 0 0 0 0 8 0 0 8 0 8 0 0 0 0 8 0 0 0 0 0 0 0 0 0 0 0 0 0 0 0 0 0 0 0 0 8 0 0 0 0 0 0 0 0 0 0 0 0 0 0 0 0 0 0 0 0 0 0 0 0 8 0 0 0 0 0 0 0 0 0 8 0 0 0 0 0 0 0 0 8 0 0 0 0 0 0 0 0 8 0 0 0 0 0 0 0 0 0 0 0 0 8 8 0 0 0 0 0 0 0 0 8 0 0 0 0 0 0 0 0 0 0 0 0 0 0 0 0 0 0 0 0 0 0 0 0 0 0 0 0 0 0 0 0 0 0 0 0 0 0 0 0 0 0 0 8 0 0 0 0 0 0 0 0 0 0 0 0 0 0 0 0 0 0 8 0 0 8 0 0 0 8 0 8 0 0 0 0 0 8 8 0 0 0 8 0 0 0 0 0 0 0 8 0 0 8 0 8 0 0 0 0 0 0 8 0 8 0 0 0 0 0 8 8 0 8 0 0 8 0 0 0 0 0 0 0 0 0 0 0 0 0 0 8 0 0 0 0 0 0 0 0 0 0 0 0 0 0 0 0 0 0 8 0 0 0 0 0 8 0 8 0 0 0 0 8 0 0 0 0 8 8 0 0 0 0 0 0 0 0 0 0 0 0 0 0 8 0 0 
0 0 0 0 0 0 0 0 0 0 0 0 0 8 0 0 0 0 0 0 0 0 0 0 8 0 0 0 0 0 0 0 0 0 0 0 0 0 0 0 0 0 0 0 0 0 0 0 0 8 0 0 0 0 0 0 0 0 0 0 0 0 0 0 0 0 0 0 0 0 0 0 0 0 0 0 0 0 0 0 0 0 0 0 0 0 0 0 0 0 0 0 0 8 0 0 0 0 0 0 0 0 0 0 0 0 0 0 0 0 0 0 0 0 0 0 0 0 0 0 0 0 0 0 0 0 0 0 0 0 0 0 0 0 0 0 0 0 0 0 0 0 0 0 0 0 0 0 0 0 0 0 0 0 0 0 0 0 0 0 0 0 0 0 0 8 0 0 0 0 0 0 0 0 0 0 0 0 0 0 0 0 0 0 0 0 0 0 0 0 0 0 0 0 0 0 0 0 0 0 0 0 0 0 0 0 0 0 0 0 0 0 0 0 0 0 0 0 0 0 0 0 0 0 0 0 0 0 0 0 0 0 0 0 0 0 0 0 0 0 0 0 0 0 0 0 0 8 0 0 0 0 0 0 0 0 0 0 0 0 0 0 0 0 0 0 0 0 0 0 0 0 0 0 0 0 0 0 0 0 0 0 0 0 0 0 0 0 0 0 0 0 0 0 0 0 0 0 0 0 0 0 0 0 0 0 0 0 0 0 0 0 0 0 0 0 0 0 0 0 0 0 0 8 0 0 0 0 0 0 0 0 0 0 0 0 0 0 0 8 0 0 0 0 0 0 0 0 0 0 0 0 0 0 0 0 8 0 0 0 0 0 0 0 0 0 0 0 0 0 0 0 0 0 0 0 0 0 0 0 0 0 0 0 0 0 0 0 0 0 0 0 0 0 0 0 0 0 8 0 0 0 0 0 0 0 0 0 0 0 0 0 0 0 0 0 0 0 0 0 0 0 0 0 0 0 0 0 0 8 0 0 0 0 0 0 0 0 0 0 0 0 0 0 0 0 0 0 0 0 0 0 0 0 0 0 0 0 0 0 0 0 0 0 0 0 0 0 0 0 0 0 0 0 0 0 0 0 0 0 0 0 0 8 0 0 0 0 0 0 0 0 0 0 0 0 0 8 0 0 0 0 0 0 0 0 0 0 0 0 0 0 0 0 0 0 0 0 0 0 0 0 0 0 0 0 0 0 8 0 0 0 0 0 0 0 0 0 0 0 0 0 0 0 0 0 0 0 0 0 0 0 0 0 0 0 0 0 0 0 0 0 0 0 0 0 0 0 0 0 0 0 0 
1.5779 1.5476 1.2695 1.5671 1.5527 1.5767 1.4612 1.4848 1.4318 1.1037 1.5298 1.3812 1.4442 1.3410 1.1625 1.3008 1.4002 1.2816 1.3555 1.2990 1.3322 1.3531 1.2822 1.3482 1.3104 1.2985 1.2686 1.2710 1.3792 1.2447 1.3206 1.2520 1.1189 1.0510 1.2405 1.1165 1.3114 1.1020 1.1551 1.0410 1.2140 1.2775 1.1054 1.0036 1.2822 1.2683 1.1643 1.1212 1.2254 1.2012 0.9286 1.0102 1.1903 1.2741 1.1295 1.1425 1.2196 1.2022 1.2246 1.2163 1.1601 0.9622 1.1975 1.0795 1.0876 1.1205 1.1470 1.1618 1.1762 1.2066 1.0304 1.1212 1.1523 1.1782 1.2104 1.1469 1.0410 1.1463 1.1340 1.1565 1.0094 1.1033 1.1362 1.0824 1.2362 1.0549 1.2495 1.2481 1.0750 1.2741 1.0963 1.1603 1.0899 1.1892 1.0294 1.1765 1.1037 0.9977 1.1267 1.1802 1.0029 1.0452 1.0985 1.1664 1.0694 1.1281 1.1654 0.9446 1.1311 1.1236 1.1341 1.1922 0.9240 1.0422 1.1397 1.0510 0.9060 0.8980 0.9286 0.9721 1.1562 0.9990 0.9865 1.1046 0.9882 1.0891 1.0824 1.1129 1.1695 1.1322 0.9921 1.1593 1.0239 0.9898 1.0772 0.9695 0.9134 1.0089 1.0021 1.1428 1.0588 0.9960 1.2144 1.0469 0.9686 1.1337 1.1674 0.9622 0.9047 1.1600 1.0668 1.0323 1.1329 1.1296 1.0179 1.0913 1.0709 1.1640 1.1125 1.1773 1.0940 0.9906 1.0292 1.0355 1.0366 1.0843 1.1063 0.9791 1.0904 1.0668 1.1161 1.0890 1.0192 1.0263 1.1362 1.1201 1.0051 1.0653 1.1033 0.9832 1.0301 1.0043 0.9739 1.1552 0.7665 0.9146 0.9824 1.0398 0.9565 1.0328 0.9991 1.0130 0.9824 0.9730 0.9507 0.9507 0.9158 1.0544 0.8712 0.9251 1.0519 1.0065 0.9594 0.9789 1.0922 0.9263 0.9584 1.1532 0.9194 0.9252 0.9158 1.0862 0.9194 1.0386 0.9953 1.0949 0.9240 1.1935 0.9921 0.8982 1.2684 1.0434 0.9415 0.9937 1.0158 0.9526 0.8887 0.9906 0.9594 1.0404 1.0185 1.0890 0.9405 0.8618 1.1425 1.0246 0.8618 0.9034 1.0392 0.9827 1.0036 0.7665 0.9556 1.0206 1.0213 0.9286 0.9713 1.0647 0.9384 1.0800 1.0689 0.9436 0.9308 1.0972 1.0233 0.9286 1.0192 1.1141 0.9252 0.9882 0.9576 0.9507 0.9405 0.8787 0.8727 0.9446 1.3981 1.0750 0.9034 0.9426 0.9187 1.0298 0.9631 0.9435 1.0707 1.0151 0.9659 1.0962 0.9960 0.8569 1.1322 1.4283 1.0592 0.9252 1.0725 0.9436 1.0998 0.9487 0.9047 0.9898 1.0684 0.9097 0.9556 1.0434 0.7965 0.9892 0.7988 1.0317 0.8740 0.9349 1.0285 1.0647 1.0527 0.9640 0.8484 1.0192 1.1344 0.9756 0.8033 1.0398 0.8929 0.8873 1.0404 0.9182 0.8859 0.9594 1.0177 1.0266 0.8802 0.8802 0.9352 0.9286 0.8449 0.8697 0.8340 1.0927 0.9144 0.9873 1.0572 0.9622 0.8552 0.8377 0.9146 0.9756 0.9217 0.9613 0.9631 0.8982 1.0355 0.9937 1.0158 0.9704 0.9456 0.9565 0.9686 0.9526 0.8887 0.9072 0.9394 0.9613 0.8915 0.8666 0.8467 0.9507 0.9394 0.9097 1.0058 0.9363 0.8929 0.9182 0.8484 0.7603 0.9730 0.9405 0.9764 0.9446 0.9887 0.9556 0.9953 0.9206 0.8302 0.8243 0.9584 0.9034 0.8681 0.9430 0.9477 0.8787 0.8816 1.0199 0.9536 0.8956 1.0206 0.8501 1.1270 0.9373 0.8666 0.8965 1.0458 0.8712 0.9146 0.8681 1.0158 0.8816 0.8467 1.0469 0.8787 0.8650 0.9021 0.8413 0.8845 0.9517 1.0213 0.9072 0.8518 0.8697 0.9034 0.8873 0.9134 0.7338 0.9695 0.9034 1.1329 0.9650 0.7346 0.7965 0.8896 0.8413 0.7934 0.8697 0.9782 0.8666 0.8743 0.8120 0.9297 0.9937 0.9085 0.9739 0.9021 0.9603 1.1736 0.8942 0.9125 0.9857 1.1115 0.7965 0.8831 0.9110 0.8915 0.9865 0.8077 0.8299 0.9275 0.8901 0.9603 0.9603 0.8585 0.8681 0.9097 0.9857 0.9385 0.8358 0.8787 0.8682 0.9546 0.9047 0.9034 0.9877 0.8845 0.9158 0.9713 0.8033 0.9739 0.8743 1.0116 0.9405 0.9405 0.8743 0.9834 0.8743 0.9960 0.9341 0.8873 0.9060 0.8395 0.7919 0.8831 0.9556 0.9517 0.8787 0.8618 0.9182 0.9640 0.7771 0.8248 0.9252 0.9352 0.7665 0.9182 0.8727 0.8634 0.8449 0.8203 0.7931 0.9732 0.9330 0.9405 0.9319 0.7553 0.9182 1.1278 0.8099 0.8859 0.9034 0.8467 0.9581 0.9890 0.8857 0.7582 0.8449 0.7942 0.8302 0.8011 0.7882 0.9263 0.7464 1.0416 0.8552 0.9622 0.8223 0.9229 0.8802 0.8405 0.8618 0.7524 0.8431 0.8758 0.9477 0.9446 0.8467 0.8552 0.8831 0.8413 0.8481 0.9456 1.3764 0.8223 0.8011 0.8535 0.8552 1.0206 0.8758 0.8282 0.7890 0.8358 0.8655 0.8282 0.8816 0.8203 0.8302 1.1133 0.9229 0.7871 0.7871 0.8011 0.9640 0.8518 0.8859 0.7895 0.8263 0.9328 0.7345 0.7771 0.9748 0.7433 0.8467 0.7871 0.8802 1.0247 0.7324 0.7796 0.8536 0.8141 
