DE Hap1_GEM_1_m0 6.48 5 k8_c185
1 36 6 8 136 T
2 0 0 0 184 T
3 83 0 0 101 T
4 0 43 0 141 T
5 0 166 0 18 C
6 14 19 134 18 G
XX

DE Hap1_GEM_1_m1 7.90 4 k8_c79
1 5 19 47 8 G
2 3 12 61 4 G
3 2 3 72 1 G
4 1 8 27 43 T
5 2 16 39 22 G
6 5 25 26 23 G
7 4 10 43 22 G
8 8 9 44 18 G
XX

DE Hap1_GEM_1_m2 7.76 4 k6_c88
1 0 86 0 1 C
2 12 60 1 15 C
3 11 76 0 0 C
4 0 82 1 5 C
5 0 0 86 1 G
6 10 68 9 0 C
XX

DE Hap1_GEM_1_m3 8.40 10 k8_c60
1 4 9 31 16 G
2 2 28 24 6 C
3 3 30 16 11 C
4 2 49 4 5 C
5 4 50 2 4 C
6 3 19 31 7 G
7 4 40 12 5 C
8 6 20 28 6 G
XX

DE Hap1_GEM_1_m4 6.84 11 k6_c105
1 0 3 7 95 T
2 0 0 11 94 T
3 0 104 0 0 C
4 0 90 10 5 C
5 0 7 93 5 G
6 9 17 15 63 T
XX

DE Hap1_GEM_1_m5 7.45 1 k7_c58
1 8 1 46 3 G
2 0 2 11 45 T
3 0 0 6 51 T
4 0 32 12 13 C
5 0 56 0 2 C
6 0 21 7 29 T
7 0 7 4 47 T
XX

DE Hap1_GEM_1_m6 8.78 8 k7_c67
1 0 49 1 16 C
2 0 23 13 30 T
3 0 0 54 12 G
4 0 39 26 2 C
5 0 56 6 5 C
6 0 66 0 0 C
7 0 66 0 0 C
XX

DE Hap1_GEM_1_m7 5.89 5 k5_c115
1 0 105 6 4 C
2 18 10 87 0 G
3 4 59 32 20 C
4 105 10 0 0 A
5 3 3 0 108 T
XX

DE Hap1_GEM_1_m8 8.92 16 k11_c95
1 2 73 20 0 C
2 0 0 94 0 G
3 19 28 42 6 G
4 28 22 8 37 T
5 28 6 24 37 T
6 1 0 0 93 T
7 5 4 16 70 T
8 25 12 18 40 T
9 7 51 6 32 C
10 0 93 1 0 C
11 0 10 85 0 G
XX

DE Hap1_GEM_1_m9 9.72 9 k11_c17
1 4 0 0 12 T
2 0 0 0 16 T
3 0 0 2 15 T
4 0 0 2 14 T
5 0 0 4 12 T
6 0 3 13 0 G
7 0 14 2 0 C
8 0 9 2 6 C
9 12 4 0 0 A
10 0 3 13 0 G
11 0 13 3 0 C
XX

