DE Hap1_GEM_2_m0 6.97 4 k8_c739
1 0 0 0 738 T
2 410 23 44 261 A
3 33 128 0 578 T
4 0 738 0 0 C
5 0 52 687 0 G
6 54 127 485 73 G
XX

DE Hap1_GEM_2_m1 7.22 7 k9_c833
1 134 183 69 447 T
2 128 93 94 519 T
3 0 0 0 832 T
4 0 0 0 832 T
5 233 13 0 587 T
6 0 171 0 661 T
7 7 807 0 19 C
XX

DE Hap1_GEM_2_m2 6.27 11 k8_c315
1 132 28 121 34 A
2 198 26 62 29 A
3 240 18 37 20 A
4 187 26 21 81 A
5 100 6 4 205 T
6 71 7 8 229 T
7 79 1 1 235 T
8 47 94 11 163 T
XX

DE Hap1_GEM_2_m3 7.87 1 k7_c244
1 10 5 220 9 G
2 207 15 14 8 A
3 30 7 0 207 T
4 243 0 0 0 A
5 27 0 11 206 T
6 23 18 2 201 T
7 10 12 16 206 T
XX

DE Hap1_GEM_2_m4 7.97 1 k7_c203
1 0 202 0 0 C
2 0 0 202 0 G
3 0 0 202 0 G
4 23 23 23 135 T
5 18 18 16 151 T
6 12 0 6 186 T
7 8 3 17 176 T
XX

DE Hap1_GEM_2_m5 6.74 8 k6_c289
1 0 288 0 0 C
2 198 0 0 91 A
3 0 31 5 252 T
4 0 277 4 8 C
5 3 4 5 277 T
6 18 27 27 218 T
XX

DE Hap1_GEM_2_m6 10.13 4 k9_c39
1 0 0 0 38 T
2 33 0 2 4 A
3 0 2 1 36 T
4 19 20 0 0 C
5 31 3 2 3 A
6 5 29 3 2 C
7 37 1 0 0 A
8 2 0 1 36 T
9 0 37 0 1 C
XX

DE Hap1_GEM_2_m7 17.24 0 k14_c15
1 0 0 14 0 G
2 0 1 0 13 T
3 0 0 14 0 G
4 0 0 0 14 T
5 0 0 14 0 G
6 0 0 14 0 G
7 0 0 14 0 G
8 0 0 0 14 T
9 0 0 14 0 G
10 0 0 0 14 T
11 0 0 14 0 G
12 0 0 14 0 G
13 0 0 0 14 T
14 0 1 13 0 G
XX

