-300	6.852813760044014E-4
-299	6.681451023110703E-4
-298	6.621645431120897E-4
-297	6.784954129018106E-4
-296	7.282934261745832E-4
-295	8.143919814270652E-4
-294	9.063352131651412E-4
-293	9.653449398970033E-4
-292	9.623173561926599E-4
-291	9.068461608693918E-4
-290	8.181994288062964E-4
-289	7.182207505909715E-4
-288	6.390557796450146E-4
-287	6.154256850985234E-4
-286	6.707714726528667E-4
-285	7.834134942944992E-4
-284	9.203919385811467E-4
-283	0.001048327548593367
-282	0.0011321632855030444
-281	0.0011364226650048942
-280	0.0010470914957030147
-279	9.360047578390342E-4
-278	8.964597245639627E-4
-277	9.917690225389893E-4
-276	0.0011653066924660184
-275	0.0013304621285571323
-274	0.0014168496153069562
-273	0.0014189829983402848
-272	0.0013476010135644557
-271	0.0012211326303326925
-270	0.0010887677517817695
-269	0.0010073865144943483
-268	0.0010162164379625418
-267	0.0010838745733162726
-266	0.0011613253545949157
-265	0.0012099909978320197
-264	0.0012331248470378302
-263	0.0012444380282167682
-262	0.0012569036840948662
-261	0.0012805430242846128
-260	0.0013246392751201086
-259	0.0013863704150679243
-258	0.001414493431124509
-257	0.0013456600624187813
-256	0.0011494630855583708
-255	9.27259427065752E-4
-254	8.133470509421102E-4
-253	8.984355071734477E-4
-252	0.0010988806896850328
-251	0.0012874500783869502
-250	0.00136709859742575
-249	0.0013615309478938436
-248	0.0013246392751201088
-247	0.0013000382617575047
-246	0.001290232739755326
-245	0.0012874500783869502
-244	0.0012856527785660152
-243	0.0012857438677672049
-242	0.0012903615051054619
-241	0.0012995040091669165
-240	0.0013026103364224462
-239	0.001286479602814113
-238	0.001245681268959801
-237	0.0012058661741806821
-236	0.0012004555024737488
-235	0.00124667000126677
-234	0.0012969286717106204
-233	0.0012874500783869502
-232	0.0011813961661685103
-231	0.0010497024010924514
-230	9.902476294870244E-4
-229	0.0010654052560781985
-228	0.0011955269191828166
-227	0.0012654588155154407
-226	0.0012005884018886845
-225	0.0010884681755073747
-224	0.0010571918936743906
-223	0.0011917499211977851
-222	0.0014047190529063067
-221	0.0015655726911338777
-220	0.0015786134265010382
-219	0.0014874606027748026
-218	0.0013705627520088028
-217	0.0012929808579585677
-216	0.0012662257111872221
-215	0.0012884205539597875
-214	0.0013500705763668049
-213	0.001411208759800894
-212	0.0014242500334801943
-211	0.00136206449955084
-210	0.0012793429518709475
-209	0.0012512313572266287
-208	0.0013268595886593334
-207	0.0014512931442318656
-206	0.0015435814282623679
-205	0.0015463867221983613
-204	0.0014968228160048783
-203	0.0014556163767763296
-202	0.001473354112241151
-201	0.001560062892663884
-200	0.0017156296289430962
-199	0.0019217931828814795
-198	0.002087700219898228
-197	0.0021043493563166625
-196	0.001908700592707226
-195	0.001621559466628861
-194	0.0014096928998876357
-193	0.0013934793619350073
-192	0.0015077435128040008
-191	0.0016409215601730321
-190	0.001705649573085754
-189	0.0017113630660467677
-188	0.001691697414925912
-187	0.001676649540033436
-186	0.001681662539441233
-185	0.0017185410556616078
-184	0.0017905457316153245
-183	0.0018667612118569874
-182	0.0019077281413496599
-181	0.0018902538887838971
-180	0.00185621271776022
-179	0.0018637456156066403
-178	0.0019482357727929516
-177	0.00205403519235608
-176	0.0021027380804747348
-175	0.0020401449746672404
-174	0.001908881737810393
-173	0.0017757805641206018
-172	0.001694022243565252
-171	0.0016621819491156222
-170	0.0016651834494939629
-169	0.001691470901853155
-168	0.0017435700170685972
-167	0.001827526894446319
-166	0.001942454451325155
-165	0.0020597328771751714
-164	0.0021438091794992423
-163	0.0021757484693066325
-162	0.0022030882716321796
-161	0.002289984215017112
-160	0.002467966849660305
-159	0.00263806641239122
-158	0.002668688061696962
-157	0.002477726206011889
-156	0.002181032253559359
-155	0.0019439468625099812
-154	0.0018832148286595496
-153	0.0019211974983045972
-152	0.001931660355366844
-151	0.0018312597532419933
-150	0.0017082155232216955
-149	0.0016936383660715866
-148	0.001871874106080377
-147	0.0021402090616290796
-146	0.0023491646746217807
-145	0.002392231348438426
-144	0.0023347753323623953
-143	0.0022851318371529257
-142	0.0023166453939137267
-141	0.0023626978151263934
-140	0.0023216802336169943
-139	0.002138047761398309
-138	0.0019405114272299673
-137	0.001903846239058311
-136	0.0021404731334252283
-135	0.0025133967612547916
-134	0.0028232677020666205
-133	0.002930834695010231
-132	0.002937239117754734
-131	0.003003720507599137
-130	0.003230610585686652
-129	0.003474609808537316
-128	0.003531510816515368
-127	0.0032737972313316944
-126	0.0028807166000837693
-125	0.0026082074512157097
-124	0.002635059029525385
-123	0.0028314634452256634
-122	0.0029904635248831626
-121	0.002959414593455256
-120	0.0028029219694623467
-119	0.002639903469815592
-118	0.0025658986762856304
-117	0.00258293423008102
-116	0.0026696585372697995
-115	0.0027988603012058396
-114	0.0029198894143863444
-113	0.00297623606659435
-112	0.0029361809742484085
-111	0.0028671669603091243
-110	0.0028614273743726164
-109	0.0029787636552288865
-108	0.003149249598443465
-107	0.003270527088775764
-106	0.0032728413935752916
-105	0.0032168513105519407
-104	0.0031958190200056997
-103	0.003265273699431277
-102	0.003329812515102259
-101	0.0032562996304869524
-100	0.002977596261675491
-99	0.0026905518352453306
-98	0.002658012830395753
-97	0.0030417980280418107
-96	0.003599615415961639
-95	0.003988145283649138
-94	0.003960687419808924
-93	0.003657019609988466
-92	0.0033135391389459467
-91	0.0031175486821023784
-90	0.0030599724775301038
-89	0.0030826401539642964
-88	0.0031337016597046494
-87	0.0031865882213089405
-86	0.003221051384899468
-85	0.0032269066715026485
-84	0.0032342255017613723
-83	0.003283143271222648
-82	0.0033915094315678804
-81	0.0034880296590160563
-80	0.0034791236859205606
-79	0.003306919559625544
-78	0.0030563785874382385
-77	0.002848170391656642
-76	0.0027676153644573165
-75	0.0027586369775310774
-74	0.002729809472447305
-73	0.0026191088599502458
-72	0.0024821182274836185
-71	0.0024038224316660097
-70	0.002453880536528902
-69	0.002640648435755362
-68	0.0029571562304413525
-67	0.0033626736029526037
-66	0.0036814285607339125
-65	0.0037038886924998433
-64	0.003318066479103949
-63	0.0028021539699557407
-62	0.002531888106603718
-61	0.002755434292484981
-60	0.0032106717785910207
-59	0.0035079082778019305
-58	0.0033766415970627158
-57	0.0030231299195780416
-56	0.002772821522617487
-55	0.002857952584921558
-54	0.003137910891114474
-53	0.0033788721272913847
-52	0.0034079363066238854
-51	0.003295900750589371
-50	0.0031744871077416838
-49	0.0031474398274323463
-48	0.0032065945622036006
-47	0.003315809765395367
-46	0.00343805321399046
-45	0.003532729979543266
-44	0.0035583544572510644
-43	0.0034925004507549264
-42	0.0033889793974710824
-41	0.003320662143259554
-40	0.0033487690249275445
-39	0.0034879183430709887
-38	0.003741077889233002
-37	0.004077864543408682
-36	0.004334491539401046
-35	0.00431382119946509
-34	0.003899496394951004
-33	0.0032982821935897567
-32	0.0027977242122075086
-31	0.002626672206925967
-30	0.0027791924910490367
-29	0.0031906555171761697
-28	0.003774780553828366
-27	0.004358682133212817
-26	0.00474782360345826
-25	0.00479695525352336
-24	0.004557975135686501
-23	0.004132068243055989
-22	0.0036360164568920057
-21	0.0032489892110622153
-20	0.003165752827586149
-19	0.003546858523881708
-18	0.004415997098960265
-17	0.005762644247231559
-16	0.007498637202895838
-15	0.0092252593593154
-14	0.010466155649643054
-13	0.010862474543554762
-12	0.010525378656819148
-11	0.009683534141727986
-10	0.008553547961310814
-9	0.007303790321548215
-8	0.006090572239158529
-7	0.00506390537990871
-6	0.004348604005760175
-5	0.004063183027722949
-4	0.004245852563488252
-3	0.00461360355747207
-2	0.004803122160771579
-1	0.004580201370556707
0	0.004227061568288395
1	0.004155029981500336
2	0.004631771896607246
3	0.0053503048355479305
4	0.005859984379142222
5	0.00582247503624969
6	0.005348677027888832
7	0.004661799503117896
8	0.003958641441255246
9	0.0033303611426597803
10	0.0028417067379505278
11	0.0025338470950937737
12	0.0023536340314448457
13	0.0022243401017063296
14	0.002090824336786389
15	0.0019842916724154966
16	0.0019575335205297023
17	0.0020415630267432306
18	0.0021802802713830082
19	0.0022958070684541356
20	0.0023265154459116903
21	0.0022757782875106546
22	0.002163218690955987
23	0.002007146488059835
24	0.0018206184470631122
25	0.0016153780703139203
26	0.0014100315267323524
27	0.0012506356515264601
28	0.001190109946476286
29	0.0012567210341931383
30	0.0013801240206133955
31	0.0014653211325047016
32	0.0014523372968826592
33	0.0014212882417546995
34	0.0014873123953762113
35	0.0017161911963636495
36	0.0019762781247777334
37	0.002086569671040249
38	0.0019255670394085083
39	0.0016097902894819359
40	0.0013152641946954833
41	0.0011808938088661305
42	0.0011971053073389784
43	0.0013172051458411578
44	0.0014893171424175886
45	0.001640834564384356
46	0.0016939680413753332
47	0.0016019599400779471
48	0.0014421795753938335
49	0.0013230279992781809
50	0.0013235200435354074
51	0.0014051256593668549
52	0.0014999285778230951
53	0.0015532214639325265
54	0.0015631327186348529
55	0.0015409996768476028
56	0.0015008457637660662
57	0.0014674387656965731
58	0.0014682325592232132
59	0.0015178912083039882
60	0.0015799195263925484
61	0.0016050325143164572
62	0.0015621261737283508
63	0.001492820509581166
64	0.0014569165276529133
65	0.001492130807791351
66	0.0015478422261232345
67	0.0015513452328450657
68	0.0014586963901671577
69	0.0013410007083550664
70	0.0012981253096881597
71	0.0013932321781592448
72	0.001542662744614896
73	0.0016260533016151297
74	0.001558799713398424
75	0.0013993361309171154
76	0.001241856276802003
77	0.0011599932208188099
78	0.0011451374212729539
79	0.0011681186836047764
80	0.001204843051957905
81	0.001251521525289113
82	0.0013094413412584598
83	0.001373174450018113
84	0.0014104316516886735
85	0.0013822084588828495
86	0.0012696678362535683
87	0.001134642556614633
88	0.0010591328448200652
89	0.001098784331081123
90	0.0012038242670380083
91	0.0012981253096881597
92	0.0013204297828535293
93	0.0012689586776541268
94	0.0011568026520344759
95	0.001007275356458466
96	8.845824114674518E-4
97	8.631524301221528E-4
98	9.851295467783782E-4
99	0.0011635199809722956
100	0.0012790454735351615
101	0.0012487074290409314
102	0.0011346259070343547
103	0.001035200630802881
104	0.0010170271568340247
105	0.0010194843744155667
106	9.501470060353542E-4
107	7.561060003188767E-4
108	5.425172104421932E-4
109	4.540527157190047E-4
110	5.885723514299997E-4
111	8.56686976723817E-4
112	0.0011221952067160825
113	0.0012746351286455763
114	0.0013065027182436924
115	0.0012360334233649797
116	0.0010908710366889607
117	9.362927301950574E-4
118	8.469840206876665E-4
119	8.738800948859566E-4
120	9.729148191681868E-4
121	0.0010762717298273888
122	0.0011282081549119922
123	0.0011212765894920225
124	0.0010601033203929025
125	9.550490596592E-4
126	8.39412220212059E-4
127	7.522256401917675E-4
128	7.21574443086326E-4
129	7.317528937745872E-4
130	7.561075424831163E-4
131	7.726350227160517E-4
132	7.779323010878247E-4
133	7.732464274904399E-4
134	7.606883911263111E-4
135	7.458249384394914E-4
136	7.350867551844439E-4
137	7.336496313406024E-4
138	7.416697737872874E-4
139	7.580484936287907E-4
140	7.805726297136815E-4
141	8.025711318676394E-4
142	8.162584776606219E-4
143	8.147231358918939E-4
144	7.945495402779531E-4
145	7.531961157646046E-4
146	6.95142043651922E-4
147	6.529495306570503E-4
148	6.662015398514033E-4
149	7.550225741481311E-4
150	8.617032958273335E-4
151	9.090759070108465E-4
152	8.460605642182767E-4
153	7.259292415603115E-4
154	6.280418675454073E-4
155	6.090057403581239E-4
156	6.344176368874321E-4
157	6.471217036984053E-4
158	6.061352220217757E-4
159	5.351680117509116E-4
160	4.7410302744483983E-4
161	4.526003190687487E-4
162	4.5942831821247146E-4
163	4.731325518720026E-4
164	4.7885477292686625E-4
165	4.881216377907063E-4
166	5.190560287606964E-4
167	5.813683624312806E-4
168	6.511191925859861E-4
169	6.959566073056108E-4
170	6.958136590647956E-4
171	6.79763257913556E-4
172	6.891632782957503E-4
173	7.472824493693267E-4
174	8.050329191485938E-4
175	7.952376903619495E-4
176	6.757323165969307E-4
177	5.044025548776332E-4
178	3.6414671308729167E-4
179	3.183181061888558E-4
180	3.52090077464136E-4
181	4.3109097727465776E-4
182	5.238459927560641E-4
183	6.104676581404683E-4
184	6.739653444341011E-4
185	7.008382334426096E-4
186	6.915447501693056E-4
187	6.500331304169171E-4
188	5.848239064485791E-4
189	5.227267963690542E-4
190	4.951238147435122E-4
191	5.18768682754575E-4
192	5.519019480546742E-4
193	5.381358649136944E-4
194	4.4195291661291915E-4
195	3.1131650247923055E-4
196	2.1506025085091027E-4
197	2.0624494405804068E-4
198	2.7483998039790845E-4
199	3.9504191215960095E-4
200	5.41047291632206E-4
