-300	7.214812595134542E-4
-299	9.46217748313123E-4
-298	9.56910527968849E-4
-297	9.66290513856766E-4
-296	9.760881990709981E-4
-295	9.889200971597031E-4
-294	0.0010059782542231398
-293	0.0010224414024370674
-292	0.0010341246067003744
-291	0.0010386636508935279
-290	0.00103751526435976
-289	0.0010286678183866853
-288	0.0010094338976224413
-287	9.805044218596272E-4
-286	9.485260733756206E-4
-285	9.230767307401575E-4
-284	9.195144010354956E-4
-283	9.52794375803247E-4
-282	0.0010291926814065965
-281	0.0011190675981475452
-280	0.0011719044090846681
-279	0.0011456584424728998
-278	0.0010534556054463309
-277	9.544791997977639E-4
-276	9.093540716800217E-4
-275	9.385049227333168E-4
-274	0.001008991710902802
-273	0.0010770179214660204
-272	0.0011117103401612983
-271	0.0011234772143166173
-270	0.001133432863777237
-269	0.0011567788715611486
-268	0.0011766773315159532
-267	0.0011702447124488859
-266	0.0011317398046875914
-265	0.0010924298403925299
-264	0.0010883678036509498
-263	0.0011301981059918288
-262	0.0011860360356200875
-261	0.0012181381786627856
-260	0.0012124928496520554
-259	0.001193187887170279
-258	0.0011911412811389192
-257	0.0012209339474745326
-256	0.001258012603783743
-255	0.001267852564376759
-254	0.0012275185409571382
-253	0.0011698041650132376
-252	0.0011414072119392338
-251	0.0011733081796362164
-250	0.0012363825791914787
-249	0.0012901030499550116
-248	0.0013144977681094497
-247	0.001318157463465467
-246	0.001310656033130779
-245	0.0012864236889579574
-244	0.0012582630700028873
-243	0.001248262653175333
-242	0.0012788464719038347
-241	0.0013231266119522426
-240	0.0013414587017135382
-239	0.0013102167340632257
-238	0.0012636116731923584
-237	0.0012461768000234087
-236	0.0012756827198997876
-235	0.0013233441056570694
-234	0.0013574048791342088
-233	0.0013790563637119503
-232	0.001406379699435214
-231	0.0014480604705273332
-230	0.001471152679548711
-229	0.0014517292048467512
-228	0.0013856240951394313
-227	0.0013220669765428904
-226	0.0013051593140182003
-225	0.0013600831358630834
-224	0.0014542681584176268
-223	0.0015340181781232207
-222	0.0015536212228287008
-221	0.0015161097625368285
-220	0.0014729791971172
-219	0.0014808636196524747
-218	0.0015624307727800228
-217	0.0016725098764735723
-216	0.0017498167456509888
-215	0.0017491433624561977
-214	0.0016938997135660268
-213	0.001628393477107879
-212	0.001599914127946683
-211	0.00161260880704434
-210	0.0016537882115927563
-209	0.0016955493516691556
-208	0.0017261300130923078
-207	0.0017466826578440041
-206	0.0017807656362384646
-205	0.0018276174995551656
-204	0.0018681498801426401
-203	0.0018573405533705398
-202	0.0018016505661857256
-201	0.0017334312495255557
-200	0.001711304140300434
-199	0.001742484282743211
-198	0.0018072840007029305
-197	0.0018490281651556387
-196	0.00183473646465922
-195	0.0017548077680983535
-194	0.001655847183638709
-193	0.0015903637948683632
-192	0.001596198241908569
-191	0.0016591252108901164
-190	0.001744091886392947
-189	0.0018163204350605622
-188	0.0018540067769554876
-187	0.001851873062649995
-186	0.0018158799068601784
-185	0.0017784461510659292
-184	0.001762377750264951
-183	0.0017787896754524915
-182	0.0018175395423247762
-181	0.0018939105327262025
-180	0.0020279658295674053
-179	0.002208976172424875
-178	0.002354302131436695
-177	0.0023761507444084017
-176	0.00226029046876777
-175	0.002107190191000208
-174	0.0020315704239616135
-173	0.0020768951179078324
-172	0.0021730678737454778
-171	0.002231427705688805
-170	0.0022085505881318953
-169	0.0021374443017766233
-168	0.0020659396849136364
-167	0.0020243661005181477
-166	0.0020111914115233743
-165	0.002018542499179729
-164	0.002043711455681598
-163	0.0020898214173887203
-162	0.0021591902512115915
-161	0.0022439843353666365
-160	0.0023260021007500816
-159	0.0023845768007078
-158	0.002403282069278364
-157	0.0023883104259397195
-156	0.002357343349506622
-155	0.0023438398827928574
-154	0.0023582700956209647
-153	0.002394229089529549
-152	0.0024118166422669816
-151	0.002382542304715731
-150	0.002297491623976563
-149	0.0022061496045983663
-148	0.00217709355397471
-147	0.0022630021325790142
-146	0.0024392934638611226
-145	0.002628792980909431
-144	0.002753819394937498
-143	0.0027783995524325073
-142	0.0027078834446765303
-141	0.002563857449342739
-140	0.0024012781409496354
-139	0.0022886215294364246
-138	0.002279555701411899
-137	0.002358583516194589
-136	0.002476373318735688
-135	0.0025904207579483286
-134	0.0026933832583762494
-133	0.0027499829574774656
-132	0.0027167936923200567
-131	0.002584641884208538
-130	0.0024566858732687235
-129	0.002449762623654623
-128	0.002594064100808258
-127	0.0027830980059494947
-126	0.002895356506381182
-125	0.0028941740143466326
-124	0.002847394872429637
-123	0.0028369228962153337
-122	0.0028942489558395463
-121	0.0029715175210420423
-120	0.0030045242231659273
-119	0.0029526104403958153
-118	0.002847560458097423
-117	0.0027406590771238432
-116	0.002678579426949193
-115	0.0026632661011039434
-114	0.0026832320503371826
-113	0.002722417467434445
-112	0.0027736436826521775
-111	0.0028310512097182456
-110	0.002883894381162343
-109	0.0029221923604974167
-108	0.002941304515011429
-107	0.002955217685612217
-106	0.0029802710561930745
-105	0.0030243714607817497
-104	0.0030629001620297116
-103	0.0030584032833883995
-102	0.0029823195731087447
-101	0.0028568827418155216
-100	0.0027553019922126874
-99	0.0027546076538567652
-98	0.0028816311659289446
-97	0.0030581985092634875
-96	0.0031783486423627855
-95	0.0031584935052608727
-94	0.0030515193560840255
-93	0.002954662697504717
-92	0.0029671748807508637
-91	0.0030546372739165373
-90	0.003136357812482521
-89	0.003119708958698598
-88	0.0030217279899990438
-87	0.0029014750532248778
-86	0.002846214705452473
-85	0.002876280837567371
-84	0.0029796125420659745
-83	0.0031017772383353645
-82	0.0032088505541637154
-81	0.0032798464479904896
-80	0.0033114438476183725
-79	0.003301311105247252
-78	0.0032529787885269596
-77	0.0031944324833644033
-76	0.0031498373451712574
-75	0.0031333305474950846
-74	0.0031356731203842085
-73	0.0031648045076135855
-72	0.0032361940074594362
-71	0.0033591100440576766
-70	0.0034971595258698764
-69	0.0035989679594086977
-68	0.0036145441371501813
-67	0.003547705836100415
-66	0.003427003676289505
-65	0.0033176117449637155
-64	0.003274058005030472
-63	0.0033326840776147157
-62	0.003466772564320603
-61	0.0035909571508349046
-60	0.00362058071751724
-59	0.003537568192757707
-58	0.0034079981328267867
-57	0.003304647150536092
-56	0.0032490078682736734
-55	0.0032269985621074097
-54	0.003224955991579475
-53	0.003249294766873233
-52	0.003289450253765189
-51	0.0033300609957182172
-50	0.0033647108155260247
-49	0.0034067221597415386
-48	0.0034703698780646527
-47	0.0035526105818088896
-46	0.003636851097243748
-45	0.003701515757461525
-44	0.0037201014560864776
-43	0.00368425182473905
-42	0.003602976827226654
-41	0.003528003870396109
-40	0.0034989495419002316
-39	0.0035347025235836433
-38	0.0035997719588405416
-37	0.0036609067045709235
-36	0.0036976174907218653
-35	0.0037215121240480793
-34	0.00374449701530227
-33	0.003771211399843322
-32	0.0037884900484123603
-31	0.003790054843371079
-30	0.0037823216122292455
-29	0.0038005528457524967
-28	0.003850341421608772
-27	0.0039129025759515575
-26	0.003925715814937517
-25	0.0038694572318061357
-24	0.003752693429592382
-23	0.0036334740883399008
-22	0.003565945627522842
-21	0.003596484572430919
-20	0.0037419720909368623
-19	0.003952760214725379
-18	0.00416207989930498
-17	0.004336172522082625
-16	0.004593516103366797
-15	0.005081673460626472
-14	0.005842977909028793
-13	0.006638508946833865
-12	0.007152016157677904
-11	0.007097914256611575
-10	0.006453441438375289
-9	0.0053282891618846645
-8	0.004080359421268184
-7	0.003094226176222152
-6	0.0026685255435366906
-5	0.002758417825072307
-4	0.0030927050336222845
-3	0.003400101669112469
-2	0.0035886177384086343
-1	0.003722800627808568
0	0.003889442267839862
1	0.004130094166895901
2	0.0044185319921743035
3	0.004703057989348768
4	0.0048938958752506095
5	0.004905193631551488
6	0.004676099725631974
7	0.004249050368490449
8	0.0037584010481665517
9	0.0033445311926768866
10	0.00307586087476211
11	0.0029070030109518
12	0.002768850320016439
13	0.0026169625582916104
14	0.0024781013291912952
15	0.0023917867907618405
16	0.002369399178308714
17	0.0023785210674368987
18	0.0023845753019101235
19	0.0023867312508995603
20	0.0024044896467637954
21	0.0024476239925213905
22	0.0024750074685110477
23	0.002435399331794654
24	0.002299650806912476
25	0.002126195571890896
26	0.0020028622360976954
27	0.001995132870741092
28	0.002065193484159111
29	0.0021272411774819165
30	0.0021093602769591633
31	0.0020269424250544633
32	0.0019476405863336386
33	0.001934069262134457
34	0.0019843932352691246
35	0.002036293335063272
36	0.0020238660638281425
37	0.0019309355300973663
38	0.0018165150770892212
39	0.0017512178885552628
40	0.001767802266611755
41	0.0018246387113508207
42	0.0018658137333858074
43	0.0018568806811930015
44	0.0018038237704207693
45	0.0017216430654371133
46	0.0016275835964523735
47	0.0015528891570770794
48	0.0015278764890891937
49	0.0015552606129824954
50	0.0015950055293609726
51	0.001608640670824553
52	0.0016052261163789644
53	0.0016170606924390495
54	0.0016626410863916563
55	0.0016971537798034723
56	0.0016750008596111224
57	0.0015715181353176996
58	0.0014309462512272476
59	0.0013193119796504856
60	0.0012930791733375012
61	0.0013537368025176538
62	0.0014445577779726262
63	0.0015028072263644759
64	0.001500565689597985
65	0.0014614027770732277
66	0.001414115311121219
67	0.0013642027752869986
68	0.0013167079587460028
69	0.0012842937304084192
70	0.001291818185948146
71	0.0013200896933802107
72	0.001334493917426087
73	0.0013021637214343012
74	0.0012401671752657092
75	0.0011794032840433829
76	0.0011472728208274884
77	0.0011477132289155804
78	0.0011777675048388943
79	0.0012297562663481872
80	0.0012901722305795585
81	0.0013438980954420014
82	0.0013749703315125528
83	0.001369601564768847
84	0.001318404702048559
85	0.0012325027031021114
86	0.0011486053753646409
87	0.0011020496382531286
88	0.0010955050651857946
89	0.0011034025036842587
90	0.0011028634222595632
91	0.0011006360003577246
92	0.0011013283887356643
93	0.001099785581463798
94	0.0010703574736903544
95	0.0010136740894810367
96	9.464748719365035E-4
97	9.10154375846722E-4
98	9.28701931826663E-4
99	0.001008988891656218
100	0.0011138154967079918
101	0.001192191220862346
102	0.0012020014730665894
103	0.0011446587664150788
104	0.0010514530450244706
105	9.576964931513347E-4
106	8.909196179484743E-4
107	8.631752359971043E-4
108	8.770624212430806E-4
109	9.126148597703506E-4
110	9.472817405630414E-4
111	9.632079517220284E-4
112	9.588063528389947E-4
113	9.393536021802507E-4
114	9.122724101911577E-4
115	8.889761868460546E-4
116	8.758375807571273E-4
117	8.745824520241929E-4
118	8.76706123083905E-4
119	8.783298484282182E-4
120	8.807844455061338E-4
121	8.955081593928242E-4
122	9.249597671968E-4
123	9.630227581013408E-4
124	9.855450933253644E-4
125	9.788366416159885E-4
126	9.400503998904736E-4
127	8.921812449020073E-4
128	8.588278082725085E-4
129	8.5684678279661E-4
130	8.794571831883247E-4
131	9.030295338874916E-4
132	9.044139057773632E-4
133	8.79320049313343E-4
134	8.479469535721584E-4
135	8.313884729538949E-4
136	8.297702105593032E-4
137	8.250190593545546E-4
138	8.030769655574173E-4
139	7.803568031578267E-4
140	7.831027692214165E-4
141	8.279537563779651E-4
142	8.900698969507412E-4
143	9.316302131054427E-4
144	9.242680334729854E-4
145	8.818178774949048E-4
146	8.346587505531573E-4
147	8.089323329840632E-4
148	8.063150462270515E-4
149	8.181589047695835E-4
150	8.337878539575297E-4
151	8.394052814426092E-4
152	8.223210123128041E-4
153	7.769877135118075E-4
154	7.261128989120709E-4
155	7.058271497046378E-4
156	7.422006900370846E-4
157	8.087829242322007E-4
158	8.453827553112305E-4
159	8.031336467686137E-4
160	7.074121645830807E-4
161	6.282576921912065E-4
162	6.246050536907235E-4
163	6.778900684410522E-4
164	7.305290942780878E-4
165	7.342545270423566E-4
166	7.024680854459509E-4
167	6.769293682619696E-4
168	6.910934402692084E-4
169	7.282002767157091E-4
170	7.469597020134931E-4
171	7.146099196336089E-4
172	6.49429405733293E-4
173	5.980265275158127E-4
174	6.01405620838156E-4
175	6.558910315991437E-4
176	7.254269075570421E-4
177	7.718374481549938E-4
178	7.756388178215245E-4
179	7.390734630494974E-4
180	6.728005294417318E-4
181	6.03749602258281E-4
182	5.658947020107704E-4
183	5.860682014939625E-4
184	6.526324003434782E-4
185	7.191013226603636E-4
186	7.387846117319126E-4
187	7.000986734459494E-4
188	6.34029647319538E-4
189	5.787291127522101E-4
190	5.585231064397203E-4
191	5.701260679421138E-4
192	6.018517135537693E-4
193	6.362100909996391E-4
194	6.618865768728971E-4
195	6.718316129282506E-4
196	6.680581807670464E-4
197	6.55358427996484E-4
198	6.380871424767196E-4
199	6.183019066325967E-4
200	7.05982372811179E-4
