Position	IP	CondAna_Present	CondAna_IP	CondAna_Control	CondAna_Fold	CondAna_Expectd	CondAna_Q_-lg10	CondAna_P_-lg10	CondAna_P_poiss	CondAna_IPvsEMP	CondAna_Noise	CondEth_Present	CondEth_IP	CondEth_Control	CondEth_Fold	CondEth_Expectd	CondEth_Q_-lg10	CondEth_P_-lg10	CondEth_P_poiss	CondEth_IPvsEMP	CondEth_Noise	CondGlu_Present	CondGlu_IP	CondGlu_Control	CondGlu_Fold	CondGlu_Expectd	CondGlu_Q_-lg10	CondGlu_P_-lg10	CondGlu_P_poiss	CondGlu_IPvsEMP	CondGlu_Noise	CondNit_Present	CondNit_IP	CondNit_Control	CondNit_Fold	CondNit_Expectd	CondNit_Q_-lg10	CondNit_P_-lg10	CondNit_P_poiss	CondNit_IPvsEMP	CondNit_Noise	KmerGroup	MotifId	KG_score	Strand
10:432850	   60.0	0	    9.0	NaN	NaN	   16.0	  -0.08	NaN	   0.01	  -0.81	   0.00	1	   26.0	NaN	NaN	   10.2	   3.27	NaN	   4.64	  -0.68	   0.00	0	   17.0	NaN	NaN	   23.7	  -0.07	NaN	   0.03	  -0.87	   0.00	0	    8.0	NaN	NaN	    7.0	  -0.07	NaN	   0.39	  -0.37	   0.00	TTTTTTTC_15/5	0	2.01	+
10:456287	  109.6	0	   15.7	NaN	NaN	   10.7	   0.11	NaN	   1.12	  -0.71	   0.00	1	   29.3	NaN	NaN	   12.6	   3.27	NaN	   4.64	  -0.71	   0.00	1	   53.8	NaN	NaN	   25.4	   4.79	NaN	   6.26	  -0.68	   0.00	0	   10.7	NaN	NaN	    6.6	   0.02	NaN	   1.14	  -0.71	   0.00	TTTATTAT_15/9	0	1.48	+
10:456390	  247.8	0	    2.6	NaN	NaN	   10.4	  -0.07	NaN	   0.00	  -1.12	   0.00	1	  115.5	NaN	NaN	   12.6	  66.08	NaN	  68.22	  -0.91	   0.00	1	  126.1	NaN	NaN	   25.4	  44.13	NaN	  46.06	  -1.00	   0.00	0	    3.5	NaN	NaN	    6.6	  -0.10	NaN	   0.05	  -0.93	   0.00	TTTTNTTNC_13/3	0	2.12	+
10:456455	  126.2	0	   16.3	NaN	NaN	   10.2	   0.20	NaN	   1.49	  -0.85	   0.00	0	   11.2	NaN	NaN	   12.6	  -0.05	NaN	   0.22	  -0.61	   0.00	1	   96.4	NaN	NaN	   25.4	  24.95	NaN	  26.72	  -0.85	   0.00	0	    2.3	NaN	NaN	    6.6	  -0.08	NaN	   0.02	  -0.63	   0.00	TTTTNTTNC_13/3	0	2.12	+
11:223237	  468.5	0	   26.2	NaN	NaN	   15.2	   0.71	NaN	   2.41	  -0.65	   0.09	1	  170.9	NaN	NaN	   12.6	 124.11	NaN	 126.38	  -0.72	   0.09	1	  264.4	NaN	NaN	   31.4	 143.65	NaN	 145.79	  -0.67	   0.09	0	    7.0	NaN	NaN	    8.8	  -0.11	NaN	   0.11	  -0.48	   0.09	TTCTTA_4/1	0	1.34	+
11:223317	  633.5	1	   64.8	NaN	NaN	   14.3	  19.74	NaN	  22.09	  -0.90	   0.09	1	  291.1	NaN	NaN	   12.1	 280.79	NaN	 283.36	  -0.73	   0.09	1	  273.6	NaN	NaN	   31.0	 153.08	NaN	 155.28	  -0.65	   0.09	0	    4.0	NaN	NaN	    8.9	  -0.09	NaN	   0.03	  -0.94	   0.09	GCTTTT_3/0	0	1.36	+
11:390853	   62.0	0	   13.7	NaN	NaN	   10.6	   0.02	NaN	   0.74	  -1.18	   0.00	1	   31.2	NaN	NaN	    9.8	   6.22	NaN	   7.76	  -0.96	   0.00	0	   17.1	NaN	NaN	   22.9	  -0.05	NaN	   0.06	  -1.12	   0.00	0	    0.0	NaN	NaN	    7.1	  -0.04	NaN	   0.00	  -0.68	   0.00	TATTAT_7/3	0	1.40	+
11:582110	   99.0	0	   10.0	NaN	NaN	   12.0	  -0.06	NaN	   0.12	  -0.83	   0.00	0	   18.9	NaN	NaN	   10.9	   0.61	NaN	   1.78	  -0.67	   0.00	1	   62.0	NaN	NaN	   25.8	   7.81	NaN	   9.34	  -0.77	   0.00	0	    8.0	NaN	NaN	    9.3	  -0.11	NaN	   0.15	  -0.81	   0.00	TTTTNTT_12/3	0	1.99	+
11:631536	  110.2	0	   13.2	NaN	NaN	   11.6	  -0.02	NaN	   0.56	  -1.12	   0.00	1	   51.3	NaN	NaN	   11.9	  15.40	NaN	  17.17	  -0.89	   0.00	0	   42.7	NaN	NaN	   25.4	   1.70	NaN	   3.04	  -0.85	   0.00	0	    3.1	NaN	NaN	    8.6	  -0.07	NaN	   0.01	  -0.66	   0.00	TNTTATT_12/3	0	1.99	+
12:69191	   91.9	0	   10.3	NaN	NaN	   10.9	  -0.04	NaN	   0.27	  -0.84	   0.00	1	   28.7	NaN	NaN	    9.5	   5.10	NaN	   6.58	  -0.96	   0.00	1	   50.9	NaN	NaN	   23.9	   4.55	NaN	   6.01	  -1.02	   0.00	0	    2.0	NaN	NaN	    6.8	  -0.06	NaN	   0.00	  -1.02	   0.00	GCTTTT_3/0	0	1.36	+
12:426958	   55.8	0	   11.1	NaN	NaN	   10.3	  -0.02	NaN	   0.47	  -1.40	   0.00	1	   28.8	NaN	NaN	    9.5	   5.09	NaN	   6.58	  -1.26	   0.00	0	   15.9	NaN	NaN	   22.9	  -0.07	NaN	   0.02	  -1.61	   0.00	0	    0.0	NaN	NaN	    6.8	  -0.04	NaN	   0.00	  -0.27	   0.00	TTTTAT_10/5	0	1.46	+
12:427602	   55.5	0	   13.0	NaN	NaN	   10.3	  -0.01	NaN	   0.63	  -0.91	   0.00	1	   22.5	NaN	NaN	    9.5	   2.52	NaN	   3.86	  -0.74	   0.00	0	   17.8	NaN	NaN	   22.2	  -0.05	NaN	   0.07	  -0.66	   0.00	0	    2.3	NaN	NaN	    6.8	  -0.08	NaN	   0.02	  -0.81	   0.00	TTTTATT_18/6	0	2.21	+
12:787575	  105.9	0	    7.0	NaN	NaN	   10.3	  -0.07	NaN	   0.05	  -0.79	   0.00	1	   67.7	NaN	NaN	   10.7	  29.22	NaN	  31.15	  -0.89	   0.00	0	   31.2	NaN	NaN	   23.2	   0.23	NaN	   1.32	  -0.85	   0.00	0	    0.0	NaN	NaN	    7.2	  -0.04	NaN	   0.00	  -1.33	   0.00	TTTTAT_10/5	0	1.46	+
12:799104	  481.0	1	   42.0	NaN	NaN	   10.3	  10.72	NaN	  12.99	  -0.81	   0.22	1	  166.0	NaN	NaN	   12.2	 120.85	NaN	 123.05	  -0.81	   0.22	1	  259.0	NaN	NaN	   26.0	 156.60	NaN	 158.86	  -0.77	   0.22	0	   14.0	NaN	NaN	    7.4	   0.21	NaN	   1.69	  -0.52	   0.22	TCTATT_4/1	0	1.34	+
12:966093	  120.6	0	   14.0	NaN	NaN	   10.3	   0.07	NaN	   1.00	  -0.88	   0.00	1	   26.1	NaN	NaN	    9.5	   4.20	NaN	   5.61	  -1.03	   0.00	1	   77.5	NaN	NaN	   24.9	  15.34	NaN	  17.00	  -0.97	   0.00	0	    3.0	NaN	NaN	    7.0	  -0.07	NaN	   0.01	  -0.55	   0.00	TTTGTC_4/0	0	1.49	+
13:250828	  108.6	0	   15.1	NaN	NaN	   12.2	   0.02	NaN	   0.78	  -1.02	   0.00	1	   29.7	NaN	NaN	    9.8	   5.25	NaN	   6.75	  -1.12	   0.00	1	   52.1	NaN	NaN	   23.5	   5.44	NaN	   6.93	  -0.78	   0.00	0	   11.8	NaN	NaN	    6.9	   0.05	NaN	   1.30	  -0.66	   0.00	TTTATT_12/7	0	1.42	+
13:330098	  121.0	0	   19.0	NaN	NaN	   10.6	   0.38	NaN	   1.91	  -0.55	   0.00	1	   36.0	NaN	NaN	   11.9	   6.28	NaN	   7.85	  -0.81	   0.00	1	   64.0	NaN	NaN	   23.4	   9.84	NaN	  11.42	  -0.79	   0.00	0	    2.0	NaN	NaN	    8.0	  -0.05	NaN	   0.00	  -0.73	   0.00	TCTTTA_4/1	0	1.34	+
13:381630	   84.0	0	    8.0	NaN	NaN	   10.6	  -0.07	NaN	   0.08	  -0.92	   0.00	1	   35.0	NaN	NaN	   10.0	   7.62	NaN	   9.25	  -0.80	   0.00	0	   34.0	NaN	NaN	   23.2	   0.48	NaN	   1.68	  -0.77	   0.00	0	    7.0	NaN	NaN	    6.9	  -0.11	NaN	   0.27	  -0.88	   0.00	TNTTATT_12/3	0	1.99	+
13:455170	  875.4	1	   67.9	NaN	NaN	   13.9	  22.21	NaN	  24.65	  -0.92	   0.00	1	  266.9	NaN	NaN	   12.4	 244.27	NaN	 246.71	  -0.81	   0.00	1	  513.8	NaN	NaN	   26.6	 999.00	NaN	 999.00	  -0.73	   0.00	1	   26.8	NaN	NaN	    6.9	   5.48	NaN	   8.22	  -0.81	   0.00	--------	-1	0.00	*
13:829009	  219.0	1	   42.6	NaN	NaN	   14.2	   7.05	NaN	   9.26	  -0.97	   0.00	1	   28.8	NaN	NaN	   10.7	   4.17	NaN	   5.57	  -1.07	   0.00	1	  147.6	NaN	NaN	   27.2	  55.93	NaN	  57.94	  -0.92	   0.00	0	    0.0	NaN	NaN	    7.7	  -0.04	NaN	   0.00	  -1.27	   0.00	TTATTCA_8/2	0	1.66	+
14:188163	  159.6	0	   21.3	NaN	NaN	   12.5	   0.47	NaN	   2.02	  -0.88	   0.00	1	   39.3	NaN	NaN	    9.5	  11.04	NaN	  12.79	  -1.10	   0.00	1	   94.5	NaN	NaN	   21.9	  28.37	NaN	  30.18	  -0.92	   0.00	0	    4.6	NaN	NaN	    6.7	  -0.11	NaN	   0.10	  -0.60	   0.00	TTTTNTT_12/3	0	1.99	+
14:395598	   56.7	0	    0.0	NaN	NaN	   10.3	  -0.06	NaN	   0.00	  -1.52	   0.00	1	   24.7	NaN	NaN	    9.8	   3.09	NaN	   4.44	  -0.65	   0.00	0	   32.0	NaN	NaN	   21.9	   0.57	NaN	   1.80	  -0.69	   0.00	0	    0.0	NaN	NaN	    7.9	  -0.03	NaN	   0.00	  -0.88	   0.00	TTTTATT_18/6	0	2.21	+
14:416882	  125.9	0	    9.4	NaN	NaN	   10.7	  -0.05	NaN	   0.21	  -0.28	   0.00	1	   53.0	NaN	NaN	   11.4	  16.79	NaN	  18.63	  -0.45	   0.00	1	   61.6	NaN	NaN	   25.0	   7.93	NaN	   9.49	  -0.48	   0.00	0	    1.9	NaN	NaN	    6.7	  -0.06	NaN	   0.00	  -0.70	   0.00	ACAATTTTTTCAG_16/3	0	2.54	+
14:416997	  844.1	1	   68.6	NaN	NaN	   11.5	  27.47	NaN	  30.04	  -1.17	   0.00	1	  334.0	NaN	NaN	   11.5	 999.00	NaN	 999.00	  -0.78	   0.00	1	  423.4	NaN	NaN	   24.4	 999.00	NaN	 999.00	  -0.80	   0.00	0	   18.1	NaN	NaN	    6.8	   1.70	NaN	   4.05	  -0.81	   0.00	GCTGTT_4/0	0	1.49	+
14:481104	   53.7	0	    3.8	NaN	NaN	   11.9	  -0.07	NaN	   0.00	  -0.74	   0.00	1	   22.3	NaN	NaN	    9.5	   2.50	NaN	   3.83	  -0.96	   0.00	0	   23.2	NaN	NaN	   22.0	  -0.00	NaN	   0.44	  -1.39	   0.00	0	    4.5	NaN	NaN	    6.9	  -0.10	NaN	   0.09	  -1.06	   0.00	GTTCTT_4/0	0	1.49	+
15:226253	  166.4	0	   15.0	NaN	NaN	   11.0	   0.01	NaN	   0.85	  -0.76	   0.00	1	   49.6	NaN	NaN	   10.9	  15.49	NaN	  17.28	  -0.99	   0.00	1	   93.2	NaN	NaN	   24.1	  24.84	NaN	  26.59	  -1.01	   0.00	0	    8.7	NaN	NaN	    7.9	  -0.07	NaN	   0.40	  -0.69	   0.00	TTTTNTTNC_13/3	0	2.12	+
15:392006	   76.1	1	   26.9	NaN	NaN	   11.2	   2.42	NaN	   4.36	  -0.89	   0.00	0	    8.4	NaN	NaN	   11.9	  -0.07	NaN	   0.08	  -0.56	   0.00	0	   32.6	NaN	NaN	   24.7	   0.18	NaN	   1.19	  -0.71	   0.00	0	    8.3	NaN	NaN	    7.9	  -0.08	NaN	   0.41	  -0.41	   0.00	TTTTNTT_12/3	0	1.99	+
15:756609	  277.3	1	   27.4	NaN	NaN	   10.4	   3.30	NaN	   5.30	  -0.79	   0.00	1	   64.4	NaN	NaN	   11.2	  25.68	NaN	  27.58	  -0.85	   0.00	1	  175.6	NaN	NaN	   26.1	  80.24	NaN	  82.33	  -0.75	   0.00	0	    9.8	NaN	NaN	    7.5	  -0.08	NaN	   0.65	  -0.79	   0.00	TTTCAG_6/1	0	1.58	+
15:826531	  202.6	1	   24.7	NaN	NaN	   10.4	   2.17	NaN	   4.04	  -0.85	   0.00	1	   60.0	NaN	NaN	    9.9	  24.62	NaN	  26.49	  -0.78	   0.00	1	  105.0	NaN	NaN	   24.5	  31.60	NaN	  33.47	  -0.78	   0.00	0	   12.9	NaN	NaN	    8.1	   0.01	NaN	   1.17	  -0.62	   0.00	TTTTTC_6/2	0	1.43	+
15:1037686	  968.2	1	  110.3	NaN	NaN	   11.0	  66.39	NaN	  69.43	  -0.92	   0.00	1	  325.3	NaN	NaN	   12.5	 999.00	NaN	 999.00	  -0.87	   0.00	1	  483.5	NaN	NaN	   26.1	 999.00	NaN	 999.00	  -0.78	   0.00	1	   49.2	NaN	NaN	    8.9	  17.79	NaN	  20.83	  -0.96	   0.00	--------	-1	0.00	*
16:223419	  135.1	0	   19.5	NaN	NaN	   10.9	   0.49	NaN	   2.06	  -0.90	   0.00	1	   30.3	NaN	NaN	    9.4	   6.18	NaN	   7.70	  -0.91	   0.00	1	   83.1	NaN	NaN	   22.1	  21.43	NaN	  23.15	  -0.90	   0.00	0	    2.3	NaN	NaN	    8.6	  -0.06	NaN	   0.00	  -1.18	   0.00	TATTAT_7/3	0	1.40	+
16:255171	  151.1	1	   29.0	NaN	NaN	   10.8	   3.46	NaN	   5.50	  -0.76	   0.00	1	   34.6	NaN	NaN	   11.4	   6.22	NaN	   7.77	  -0.76	   0.00	1	   63.3	NaN	NaN	   22.1	  10.86	NaN	  12.45	  -0.79	   0.00	0	   24.2	NaN	NaN	    9.9	   1.92	NaN	   4.37	  -0.75	   0.00	TTCTTA_4/1	0	1.34	+
16:255340	  115.9	0	   20.0	NaN	NaN	   10.9	   0.70	NaN	   2.37	  -0.81	   0.00	1	   37.4	NaN	NaN	   11.6	   7.51	NaN	   9.13	  -1.28	   0.00	1	   54.7	NaN	NaN	   22.1	   7.02	NaN	   8.52	  -0.99	   0.00	0	    3.8	NaN	NaN	    9.9	  -0.06	NaN	   0.00	  -0.50	   0.00	TTTTNTT_12/3	0	1.99	+
16:511390	   70.2	0	    7.8	NaN	NaN	   10.2	  -0.06	NaN	   0.10	  -0.82	   0.00	1	   32.5	NaN	NaN	   12.0	   4.87	NaN	   6.34	  -0.89	   0.00	0	   26.9	NaN	NaN	   24.9	   0.00	NaN	   0.44	  -0.95	   0.00	0	    3.0	NaN	NaN	    6.8	  -0.08	NaN	   0.02	  -0.74	   0.00	TTTATTAT_15/9	0	1.48	+
2:165452	  277.9	0	   19.6	NaN	NaN	   14.4	   0.07	NaN	   1.03	  -1.15	   0.00	1	   90.9	NaN	NaN	   12.2	  44.58	NaN	  46.62	  -0.98	   0.00	1	  163.1	NaN	NaN	   24.4	  74.63	NaN	  76.67	  -0.78	   0.00	0	    4.2	NaN	NaN	    6.7	  -0.10	NaN	   0.10	  -1.01	   0.00	ATTCCAT_6/1	0	1.58	+
2:291247	   78.5	0	   15.5	NaN	NaN	   10.5	   0.12	NaN	   1.16	  -0.90	   0.00	0	   19.7	NaN	NaN	    9.4	   1.47	NaN	   2.77	  -1.06	   0.00	1	   40.8	NaN	NaN	   22.4	   2.22	NaN	   3.59	  -1.22	   0.00	0	    2.4	NaN	NaN	    6.7	  -0.08	NaN	   0.02	  -1.07	   0.00	TTTGTC_4/0	0	1.49	+
2:365682	  473.2	1	   32.0	NaN	NaN	   13.6	   3.26	NaN	   5.23	  -0.93	   0.00	1	  107.7	NaN	NaN	   11.1	  64.09	NaN	  66.18	  -0.98	   0.00	1	  324.1	NaN	NaN	   30.5	 205.24	NaN	 207.58	  -0.78	   0.00	0	    9.4	NaN	NaN	    8.1	  -0.07	NaN	   0.53	  -0.59	   0.00	ATTCCA_5/1	0	1.46	+
3:96368	   70.9	0	    7.0	NaN	NaN	    9.2	  -0.07	NaN	   0.09	  -0.67	   0.00	1	   25.0	NaN	NaN	    8.3	   4.26	NaN	   5.69	  -1.04	   0.00	0	   33.9	NaN	NaN	   19.6	   1.39	NaN	   2.69	  -0.94	   0.00	0	    5.0	NaN	NaN	    6.0	  -0.11	NaN	   0.15	  -0.80	   0.00	TATTATT_10/3	0	1.74	+
4:1469632	   96.9	0	    9.5	NaN	NaN	   10.9	  -0.06	NaN	   0.19	  -0.59	   0.00	1	   36.1	NaN	NaN	   10.5	   8.08	NaN	   9.75	  -0.94	   0.00	1	   48.4	NaN	NaN	   23.9	   3.92	NaN	   5.35	  -0.90	   0.00	0	    3.0	NaN	NaN	    6.8	  -0.08	NaN	   0.01	  -0.83	   0.00	TTTTTC_6/2	0	1.43	+
5:141682	  148.4	0	   17.8	NaN	NaN	   13.0	   0.06	NaN	   0.97	  -0.67	   0.00	1	   43.9	NaN	NaN	   12.4	   9.84	NaN	  11.54	  -0.82	   0.00	1	   78.8	NaN	NaN	   25.9	  14.87	NaN	  16.52	  -0.71	   0.00	0	    8.0	NaN	NaN	    7.5	  -0.10	NaN	   0.32	  -0.68	   0.00	TATTCA_4/0	0	1.49	+
5:304018	  213.5	1	   34.4	NaN	NaN	   13.0	   4.38	NaN	   6.47	  -0.89	   0.00	1	   36.6	NaN	NaN	   10.6	   8.02	NaN	   9.67	  -1.02	   0.00	1	  138.1	NaN	NaN	   25.5	  52.64	NaN	  54.61	  -0.83	   0.00	0	    4.4	NaN	NaN	    7.4	  -0.10	NaN	   0.06	  -1.52	   0.00	TTTTNTT_12/3	0	1.99	+
5:343395	  114.9	0	   13.0	NaN	NaN	   13.2	  -0.05	NaN	   0.25	  -0.84	   0.00	1	   28.0	NaN	NaN	   10.0	   4.24	NaN	   5.67	  -0.88	   0.00	1	   71.0	NaN	NaN	   24.7	  11.94	NaN	  13.56	  -0.87	   0.00	0	    3.0	NaN	NaN	    9.1	  -0.06	NaN	   0.00	  -1.37	   0.00	TTTTTTCC_9/2	0	1.78	+
6:96275	  218.7	1	   27.6	NaN	NaN	   12.0	   2.36	NaN	   4.26	  -0.99	   0.00	1	   84.8	NaN	NaN	   10.5	  44.32	NaN	  46.32	  -0.78	   0.00	1	   97.4	NaN	NaN	   22.1	  29.93	NaN	  31.77	  -0.85	   0.00	0	    8.8	NaN	NaN	    6.7	  -0.07	NaN	   0.63	  -0.80	   0.00	TTTTNTT_12/3	0	1.99	+
6:107446	  111.2	0	   13.3	NaN	NaN	   11.8	  -0.02	NaN	   0.53	  -0.96	   0.00	0	   19.0	NaN	NaN	   12.8	   0.24	NaN	   1.20	  -0.97	   0.00	1	   78.9	NaN	NaN	   23.7	  16.92	NaN	  18.61	  -0.93	   0.00	0	    0.0	NaN	NaN	    9.8	  -0.03	NaN	   0.00	  -4.00	   0.00	TTTTTTTCC_15/5	0	2.01	+
6:227531	  133.2	0	   14.0	NaN	NaN	   10.4	   0.01	NaN	   0.78	  -1.08	   0.00	1	   39.5	NaN	NaN	   13.1	   7.12	NaN	   8.72	  -0.76	   0.00	1	   75.7	NaN	NaN	   22.1	  16.96	NaN	  18.67	  -0.80	   0.00	0	    4.0	NaN	NaN	    6.7	  -0.10	NaN	   0.04	  -1.16	   0.00	TATTANT_6/0	0	1.77	+
7:215911	   75.8	0	   16.4	NaN	NaN	   10.9	   0.15	NaN	   1.27	  -0.91	   0.00	0	   15.0	NaN	NaN	    9.3	   0.29	NaN	   1.27	  -0.93	   0.00	1	   44.5	NaN	NaN	   22.4	   3.36	NaN	   4.76	  -0.78	   0.00	0	    0.0	NaN	NaN	    6.5	  -0.04	NaN	   0.00	  -4.00	   0.00	TTTTTC_6/2	0	1.43	+
7:289709	  140.5	0	    5.0	NaN	NaN	   12.2	  -0.08	NaN	   0.00	  -2.09	   0.00	1	   78.9	NaN	NaN	    9.9	  40.76	NaN	  42.72	  -0.87	   0.00	1	   56.6	NaN	NaN	   23.2	   7.13	NaN	   8.64	  -0.86	   0.00	0	    0.0	NaN	NaN	    7.8	  -0.03	NaN	   0.00	  -4.00	   0.00	AATACTTTTATT_18/6	0	2.21	+
7:290268	  157.5	0	   12.7	NaN	NaN	   12.7	  -0.03	NaN	   0.30	  -0.71	   0.00	1	   34.8	NaN	NaN	   10.6	   6.96	NaN	   8.54	  -1.05	   0.00	1	  108.1	NaN	NaN	   22.2	  37.21	NaN	  39.11	  -0.89	   0.00	0	    2.0	NaN	NaN	    7.5	  -0.06	NaN	   0.00	  -0.91	   0.00	GCTGTTNNTTTTTCAG_16/3	0	2.54	+
7:496757	  869.8	1	  133.8	NaN	NaN	   27.4	  44.78	NaN	  47.52	  -0.72	   0.00	1	  270.3	NaN	NaN	   24.0	 177.36	NaN	 179.71	  -0.76	   0.00	1	  429.6	NaN	NaN	   51.7	 230.44	NaN	 232.89	  -0.71	   0.00	0	   36.1	NaN	NaN	   17.5	   1.93	NaN	   4.50	  -0.67	   0.00	TTTATT_12/7	0	1.42	+
7:501501	  111.0	0	   14.2	NaN	NaN	   17.2	  -0.06	NaN	   0.13	  -0.77	   0.00	1	   41.1	NaN	NaN	   12.2	   8.98	NaN	  10.66	  -1.01	   0.00	1	   55.7	NaN	NaN	   26.3	   5.00	NaN	   6.47	  -0.91	   0.00	0	    0.0	NaN	NaN	    8.6	  -0.03	NaN	   0.00	  -1.05	   0.00	TTTTTTCC_9/2	0	1.78	+
7:648798	   61.7	0	    4.8	NaN	NaN	   12.7	  -0.07	NaN	   0.00	  -0.80	   0.00	1	   28.5	NaN	NaN	   11.2	   3.77	NaN	   5.16	  -0.68	   0.00	0	   26.3	NaN	NaN	   24.8	  -0.01	NaN	   0.45	  -0.69	   0.00	0	    2.0	NaN	NaN	    7.1	  -0.06	NaN	   0.00	  -0.72	   0.00	TTTGTC_4/0	0	1.49	+
7:809004	  109.7	0	   18.5	NaN	NaN	   12.5	   0.14	NaN	   1.29	  -0.73	   0.00	1	   42.9	NaN	NaN	   11.7	  10.07	NaN	  11.79	  -0.85	   0.00	0	   44.9	NaN	NaN	   27.8	   1.46	NaN	   2.77	  -0.73	   0.00	0	    3.3	NaN	NaN	    7.0	  -0.09	NaN	   0.04	  -0.99	   0.00	TTTTTTTC_15/5	0	2.01	+
7:841293	  100.0	0	    9.0	NaN	NaN	   10.3	  -0.06	NaN	   0.16	  -1.05	   0.00	1	   28.0	NaN	NaN	    9.3	   4.75	NaN	   6.20	  -1.08	   0.00	1	   57.0	NaN	NaN	   22.0	   7.89	NaN	   9.43	  -1.06	   0.00	0	    6.0	NaN	NaN	    6.5	  -0.11	NaN	   0.20	  -1.43	   0.00	TATTATT_10/3	0	1.74	+
8:431	   88.0	0	   13.0	NaN	NaN	    9.9	  -0.00	NaN	   0.70	  -0.60	   0.00	1	   21.0	NaN	NaN	    9.0	   2.03	NaN	   3.36	  -0.64	   0.00	1	   41.0	NaN	NaN	   21.5	   2.55	NaN	   3.93	  -0.67	   0.00	0	   13.0	NaN	NaN	    6.5	   0.23	NaN	   1.78	  -0.65	   0.00	TTTATT_12/7	0	1.42	+
8:517630	  137.5	0	   23.5	NaN	NaN	   14.9	   0.30	NaN	   1.74	  -0.68	   0.00	1	   29.7	NaN	NaN	   12.2	   3.56	NaN	   4.95	  -0.83	   0.00	1	   72.7	NaN	NaN	   31.0	   8.44	NaN	  10.01	  -0.79	   0.00	0	   11.7	NaN	NaN	    9.1	  -0.08	NaN	   0.68	  -1.01	   0.00	TATTATT_10/3	0	1.74	+
8:517795	  219.5	1	   43.5	NaN	NaN	   14.9	   6.97	NaN	   9.11	  -1.06	   0.00	1	   54.3	NaN	NaN	   12.3	  16.67	NaN	  18.49	  -0.84	   0.00	1	  108.3	NaN	NaN	   31.0	  25.27	NaN	  27.06	  -0.85	   0.00	0	   13.3	NaN	NaN	    8.8	  -0.00	NaN	   1.19	  -0.69	   0.00	TTTATTC_16/8	0	1.69	+
9:133612	  114.3	0	    7.0	NaN	NaN	   12.3	  -0.08	NaN	   0.02	  -1.28	   0.00	1	   35.7	NaN	NaN	   12.6	   5.76	NaN	   7.28	  -0.88	   0.00	1	   68.7	NaN	NaN	   21.4	  13.89	NaN	  15.52	  -1.02	   0.00	0	    3.0	NaN	NaN	   10.4	  -0.05	NaN	   0.00	  -1.82	   0.00	TTTTTC_6/2	0	1.43	+
9:237538	   68.8	0	   10.3	NaN	NaN	   10.3	  -0.04	NaN	   0.34	  -0.90	   0.00	1	   25.3	NaN	NaN	   11.1	   2.69	NaN	   4.04	  -0.74	   0.00	0	   29.3	NaN	NaN	   23.4	   0.08	NaN	   0.97	  -0.89	   0.00	0	    4.0	NaN	NaN	    6.6	  -0.11	NaN	   0.10	  -1.04	   0.00	GTTATG_3/0	0	1.36	+
9:246984	  103.0	0	   15.0	NaN	NaN	   11.6	   0.01	NaN	   0.72	  -0.74	   0.00	1	   27.0	NaN	NaN	    8.8	   4.74	NaN	   6.18	  -0.77	   0.00	1	   51.0	NaN	NaN	   24.2	   4.39	NaN	   5.84	  -0.75	   0.00	0	   10.0	NaN	NaN	    7.0	  -0.03	NaN	   0.78	  -0.62	   0.00	TATTANT_6/0	0	1.77	+
mit:31059	  185.5	0	   58.9	NaN	NaN	   63.8	  -0.06	NaN	   0.13	  -0.82	   0.00	0	   23.6	NaN	NaN	   26.4	  -0.07	NaN	   0.15	  -0.96	   0.00	1	   86.0	NaN	NaN	   52.7	   3.38	NaN	   4.80	  -0.68	   0.00	0	   17.0	NaN	NaN	   21.1	  -0.10	NaN	   0.07	  -0.76	   0.00	TTTATTATT_17/9	0	1.66	+
mit:53530	  192.1	0	   60.7	NaN	NaN	   63.8	  -0.06	NaN	   0.18	  -0.66	   0.00	0	   32.9	NaN	NaN	   19.6	   1.18	NaN	   2.46	  -0.77	   0.00	1	   82.5	NaN	NaN	   50.0	   3.49	NaN	   4.91	  -0.62	   0.00	0	   16.0	NaN	NaN	    7.5	   0.35	NaN	   2.31	  -0.77	   0.00	TTTATTATT_17/9	0	1.66	+
plasmid-2-micron:5531	 3447.0	0	  643.0	NaN	NaN	  698.9	  -0.08	NaN	   0.01	  -0.45	   0.94	0	  628.0	NaN	NaN	  595.7	   0.16	NaN	   1.01	  -0.44	   0.94	1	 1654.0	NaN	NaN	 1495.2	   3.16	NaN	   4.55	  -0.37	   0.94	0	  522.0	NaN	NaN	  450.6	   0.99	NaN	   3.26	  -0.46	   0.94	TTTTNTT_12/3	0	1.99	+
